time R11 R12 R13 R21 R22 R23 R31 R32 R33
0.000000000000000000e+00 1.000000000000000000e+00 -0.000000000000000000e+00 0.000000000000000000e+00 0.000000000000000000e+00 1.000000000000000000e+00 -0.000000000000000000e+00 0.000000000000000000e+00 0.000000000000000000e+00 1.000000000000000000e+00
5.040000000000002811e-03 9.999999203965483918e-01 -3.990073891596773530e-04 0.000000000000000000e+00 3.990073891596773530e-04 9.999999203965483918e-01 -0.000000000000000000e+00 0.000000000000000000e+00 0.000000000000000000e+00 1.000000000000000000e+00
1.013600000000001305e-02 9.999986978048553965e-01 -1.613811820872654941e-03 0.000000000000000000e+00 1.613811820872654941e-03 9.999986978048553965e-01 -0.000000000000000000e+00 0.000000000000000000e+00 0.000000000000000000e+00 1.000000000000000000e+00
1.513600000000002617e-02 9.999935247913689373e-01 -3.598662992525689976e-03 0.000000000000000000e+00 3.598662992525689976e-03 9.999935247913689373e-01 -0.000000000000000000e+00 0.000000000000000000e+00 0.000000000000000000e+00 1.000000000000000000e+00
2.013600000000000112e-02 9.999797184519607640e-01 -6.368884104553549849e-03 0.000000000000000000e+00 6.368884104553549849e-03 9.999797184519607640e-01 -0.000000000000000000e+00 0.000000000000000000e+00 0.000000000000000000e+00 1.000000000000000000e+00
2.513599999999997087e-02 9.999507517430075154e-01 -9.924418803860003691e-03 0.000000000000000000e+00 9.924418803860003691e-03 9.999507517430075154e-01 -0.000000000000000000e+00 0.000000000000000000e+00 0.000000000000000000e+00 1.000000000000000000e+00
3.013599999999994061e-02 9.998982475624252908e-01 -1.426515059826695929e-02 0.000000000000000000e+00 1.426515059826695929e-02 9.998982475624252908e-01 -0.000000000000000000e+00 0.000000000000000000e+00 0.000000000000000000e+00 1.000000000000000000e+00
3.513599999999991036e-02 9.998119794051801845e-01 -1.939086996232788560e-02 0.000000000000000000e+00 1.939086996232788560e-02 9.998119794051801845e-01 -0.000000000000000000e+00 0.000000000000000000e+00 0.000000000000000000e+00 1.000000000000000000e+00
4.013599999999988011e-02 9.996798725335743763e-01 -2.530123418446088637e-02 0.000000000000000000e+00 2.530123418446088637e-02 9.996798725335743763e-01 -0.000000000000000000e+00 0.000000000000000000e+00 0.000000000000000000e+00 1.000000000000000000e+00
4.513599999999984985e-02 9.994880058830112324e-01 -3.199571996380342481e-02 0.000000000000000000e+00 3.199571996380342481e-02 9.994880058830112324e-01 -0.000000000000000000e+00 0.000000000000000000e+00 0.000000000000000000e+00 1.000000000000000000e+00
5.013599999999981960e-02 9.992206149637465895e-01 -3.947356877041211659e-02 0.000000000000000000e+00 3.947356877041211659e-02 9.992206149637465895e-01 -0.000000000000000000e+00 0.000000000000000000e+00 0.000000000000000000e+00 1.000000000000000000e+00
5.513599999999978934e-02 9.988600960588162048e-01 -4.773372498949323556e-02 0.000000000000000000e+00 4.773372498949323556e-02 9.988600960588162048e-01 -0.000000000000000000e+00 0.000000000000000000e+00 0.000000000000000000e+00 1.000000000000000000e+00
6.013599999999975909e-02 9.983870120578367535e-01 -5.677476687953151441e-02 0.000000000000000000e+00 5.677476687953151441e-02 9.983870120578367535e-01 -0.000000000000000000e+00 0.000000000000000000e+00 0.000000000000000000e+00 1.000000000000000000e+00
6.513599999999981904e-02 9.977801003056190332e-01 -6.659483038576506642e-02 0.000000000000000000e+00 6.659483038576506642e-02 9.977801003056190332e-01 -0.000000000000000000e+00 0.000000000000000000e+00 0.000000000000000000e+00 1.000000000000000000e+00
7.013599999999996226e-02 9.970162828834232549e-01 -7.719152586470608146e-02 0.000000000000000000e+00 7.719152586470608146e-02 9.970162828834232549e-01 -0.000000000000000000e+00 0.000000000000000000e+00 0.000000000000000000e+00 1.000000000000000000e+00
7.513600000000010548e-02 9.960706797790803702e-01 -8.856184779260607709e-02 0.000000000000000000e+00 8.856184779260607709e-02 9.960706797790803702e-01 -0.000000000000000000e+00 0.000000000000000000e+00 0.000000000000000000e+00 1.000000000000000000e+00
8.013600000000024870e-02 9.949166254399801623e-01 -1.007020775511711513e-01 0.000000000000000000e+00 1.007020775511711513e-01 9.949166254399801623e-01 -0.000000000000000000e+00 0.000000000000000000e+00 0.000000000000000000e+00 1.000000000000000000e+00
8.513600000000039192e-02 9.935256892398880435e-01 -1.136076794077109930e-01 0.000000000000000000e+00 1.136076794077109930e-01 9.935256892398880435e-01 -0.000000000000000000e+00 0.000000000000000000e+00 0.000000000000000000e+00 1.000000000000000000e+00
9.007200000000036011e-02 9.918907415767082014e-01 -1.270934961924007345e-01 0.000000000000000000e+00 1.270934961924007345e-01 9.918907415767082014e-01 -0.000000000000000000e+00 0.000000000000000000e+00 0.000000000000000000e+00 1.000000000000000000e+00
9.505600000000048733e-02 9.899446146182535600e-01 -1.414555053305354415e-01 0.000000000000000000e+00 1.414555053305354415e-01 9.899446146182535600e-01 -0.000000000000000000e+00 0.000000000000000000e+00 0.000000000000000000e+00 1.000000000000000000e+00
1.000560000000006305e-01 9.876607962072161406e-01 -1.566082744791219561e-01 0.000000000000000000e+00 1.566082744791219561e-01 9.876607962072161406e-01 -0.000000000000000000e+00 0.000000000000000000e+00 0.000000000000000000e+00 1.000000000000000000e+00
1.050560000000007738e-01 9.850098773215157921e-01 -1.724979465937276912e-01 0.000000000000000000e+00 1.724979465937276912e-01 9.850098773215157921e-01 -0.000000000000000000e+00 0.000000000000000000e+00 0.000000000000000000e+00 1.000000000000000000e+00
1.100560000000009170e-01 9.819551124357759342e-01 -1.891141379200479977e-01 0.000000000000000000e+00 1.891141379200479977e-01 9.819551124357759342e-01 -0.000000000000000000e+00 0.000000000000000000e+00 0.000000000000000000e+00 1.000000000000000000e+00
1.150560000000010602e-01 9.784582290464631793e-01 -2.064448934007791780e-01 0.000000000000000000e+00 2.064448934007791780e-01 9.784582290464631793e-01 -0.000000000000000000e+00 0.000000000000000000e+00 0.000000000000000000e+00 1.000000000000000000e+00
1.200560000000012034e-01 9.744794930844610237e-01 -2.244765412194609788e-01 0.000000000000000000e+00 2.244765412194609788e-01 9.744794930844610237e-01 -0.000000000000000000e+00 0.000000000000000000e+00 0.000000000000000000e+00 1.000000000000000000e+00
1.250560000000013328e-01 9.699777836269776188e-01 -2.431935428215485917e-01 0.000000000000000000e+00 2.431935428215485917e-01 9.699777836269776188e-01 -0.000000000000000000e+00 0.000000000000000000e+00 0.000000000000000000e+00 1.000000000000000000e+00
1.300560000000014760e-01 9.649106776905389538e-01 -2.625783389367552512e-01 0.000000000000000000e+00 2.625783389367552512e-01 9.649106776905389538e-01 -0.000000000000000000e+00 0.000000000000000000e+00 0.000000000000000000e+00 1.000000000000000000e+00
1.351619200000013232e-01 9.591073911530425544e-01 -2.830424212650907712e-01 0.000000000000000000e+00 2.830424212650907712e-01 9.591073911530425544e-01 -0.000000000000000000e+00 0.000000000000000000e+00 0.000000000000000000e+00 1.000000000000000000e+00
1.400992000000013948e-01 9.528469882919553546e-01 -3.034511771322538909e-01 0.000000000000000000e+00 3.034511771322538909e-01 9.528469882919553546e-01 -0.000000000000000000e+00 0.000000000000000000e+00 0.000000000000000000e+00 1.000000000000000000e+00
1.450992000000015381e-01 9.458113951916229389e-01 -3.247164990044019706e-01 0.000000000000000000e+00 3.247164990044019706e-01 9.458113951916229389e-01 -0.000000000000000000e+00 0.000000000000000000e+00 0.000000000000000000e+00 1.000000000000000000e+00
1.500192000000015180e-01 9.381600141441319707e-01 -3.462019466454259176e-01 0.000000000000000000e+00 3.462019466454259176e-01 9.381600141441319707e-01 -0.000000000000000000e+00 0.000000000000000000e+00 0.000000000000000000e+00 1.000000000000000000e+00
1.550956800000013736e-01 9.294600147921781019e-01 -3.689228657897531405e-01 0.000000000000000000e+00 3.689228657897531405e-01 9.294600147921781019e-01 -0.000000000000000000e+00 0.000000000000000000e+00 0.000000000000000000e+00 1.000000000000000000e+00
1.601702400000013793e-01 9.198964258483474099e-01 -3.921614026283513077e-01 0.000000000000000000e+00 3.921614026283513077e-01 9.198964258483474099e-01 -0.000000000000000000e+00 0.000000000000000000e+00 0.000000000000000000e+00 1.000000000000000000e+00
1.651702400000015225e-01 9.095766466064731937e-01 -4.155361884940022010e-01 0.000000000000000000e+00 4.155361884940022010e-01 9.095766466064731937e-01 -0.000000000000000000e+00 0.000000000000000000e+00 0.000000000000000000e+00 1.000000000000000000e+00
1.701702400000016657e-01 8.983182404325609216e-01 -4.393453526625124561e-01 0.000000000000000000e+00 4.393453526625124561e-01 8.983182404325609216e-01 -0.000000000000000000e+00 0.000000000000000000e+00 0.000000000000000000e+00 1.000000000000000000e+00
1.751702400000018089e-01 8.860729408421292863e-01 -4.635458375472487624e-01 0.000000000000000000e+00 4.635458375472487624e-01 8.860729408421292863e-01 -0.000000000000000000e+00 0.000000000000000000e+00 0.000000000000000000e+00 1.000000000000000000e+00
1.801702400000019522e-01 8.727927598761604511e-01 -4.880909733930292593e-01 0.000000000000000000e+00 4.880909733930292593e-01 8.727927598761604511e-01 -0.000000000000000000e+00 0.000000000000000000e+00 0.000000000000000000e+00 1.000000000000000000e+00
1.851702400000020954e-01 8.584302346875627432e-01 -5.129303385200139065e-01 0.000000000000000000e+00 5.129303385200139065e-01 8.584302346875627432e-01 -0.000000000000000000e+00 0.000000000000000000e+00 0.000000000000000000e+00 1.000000000000000000e+00
1.901702400000022386e-01 8.429386925788783236e-01 -5.380096286809477046e-01 0.000000000000000000e+00 5.380096286809477046e-01 8.429386925788783236e-01 -0.000000000000000000e+00 0.000000000000000000e+00 0.000000000000000000e+00 1.000000000000000000e+00
1.951702400000023818e-01 8.262725348266098946e-01 -5.632705373008684013e-01 0.000000000000000000e+00 5.632705373008684013e-01 8.262725348266098946e-01 -0.000000000000000000e+00 0.000000000000000000e+00 0.000000000000000000e+00 1.000000000000000000e+00
2.001702400000025250e-01 8.083878074948398496e-01 -5.886502804668369837e-01 0.000000000000000000e+00 5.886502804668369837e-01 8.083878074948398496e-01 -0.000000000000000000e+00 0.000000000000000000e+00 0.000000000000000000e+00 1.000000000000000000e+00
2.051302400000026560e-01 7.896531925083259962e-01 -6.135534496369561275e-01 0.000000000000000000e+00 6.135534496369561275e-01 7.896531925083259962e-01 -0.000000000000000000e+00 0.000000000000000000e+00 0.000000000000000000e+00 1.000000000000000000e+00
2.100710400000026234e-01 7.702286470601764634e-01 -6.377678505913026985e-01 0.000000000000000000e+00 6.377678505913026985e-01 7.702286470601764634e-01 -0.000000000000000000e+00 0.000000000000000000e+00 0.000000000000000000e+00 1.000000000000000000e+00
2.150369103814142868e-01 7.499576814730541940e-01 -6.614858093712678855e-01 0.000000000000000000e+00 6.614858093712678855e-01 7.499576814730541940e-01 -0.000000000000000000e+00 0.000000000000000000e+00 0.000000000000000000e+00 1.000000000000000000e+00
2.201202773067592877e-01 7.284510902141606570e-01 -6.850978099262914345e-01 0.000000000000000000e+00 6.850978099262914345e-01 7.284510902141606570e-01 -0.000000000000000000e+00 0.000000000000000000e+00 0.000000000000000000e+00 1.000000000000000000e+00
2.250966339000023964e-01 7.066773177685506946e-01 -7.075359839269287354e-01 0.000000000000000000e+00 7.075359839269287354e-01 7.066773177685506946e-01 -0.000000000000000000e+00 0.000000000000000000e+00 0.000000000000000000e+00 1.000000000000000000e+00
2.300966339000025396e-01 6.841043728410891589e-01 -7.293841286041944372e-01 0.000000000000000000e+00 7.293841286041944372e-01 6.841043728410891589e-01 -0.000000000000000000e+00 0.000000000000000000e+00 0.000000000000000000e+00 1.000000000000000000e+00
2.350966339000026828e-01 6.608562994905554655e-01 -7.505124592061409583e-01 0.000000000000000000e+00 7.505124592061409583e-01 6.608562994905554655e-01 -0.000000000000000000e+00 0.000000000000000000e+00 0.000000000000000000e+00 1.000000000000000000e+00
2.401686339000025927e-01 6.366072285917800944e-01 -7.711881978510131130e-01 0.000000000000000000e+00 7.711881978510131130e-01 6.366072285917800944e-01 -0.000000000000000000e+00 0.000000000000000000e+00 0.000000000000000000e+00 1.000000000000000000e+00
2.450886339000026559e-01 6.124669187625814137e-01 -7.904962197388862855e-01 0.000000000000000000e+00 7.904962197388862855e-01 6.124669187625814137e-01 -0.000000000000000000e+00 0.000000000000000000e+00 0.000000000000000000e+00 1.000000000000000000e+00
2.500726339000025056e-01 5.874159781859378260e-01 -8.092851589964182857e-01 0.000000000000000000e+00 8.092851589964182857e-01 5.874159781859378260e-01 -0.000000000000000000e+00 0.000000000000000000e+00 0.000000000000000000e+00 1.000000000000000000e+00
2.551903939000023658e-01 5.610935558156342484e-01 -8.277523914928712756e-01 0.000000000000000000e+00 8.277523914928712756e-01 5.610935558156342484e-01 -0.000000000000000000e+00 0.000000000000000000e+00 0.000000000000000000e+00 1.000000000000000000e+00
2.601903939000018151e-01 5.348163590711382254e-01 -8.449683201575615143e-01 0.000000000000000000e+00 8.449683201575615143e-01 5.348163590711382254e-01 -0.000000000000000000e+00 0.000000000000000000e+00 0.000000000000000000e+00 1.000000000000000000e+00
2.651423939000017160e-01 5.082711171921461268e-01 -8.611971153157955694e-01 0.000000000000000000e+00 8.611971153157955694e-01 5.082711171921461268e-01 -0.000000000000000000e+00 0.000000000000000000e+00 0.000000000000000000e+00 1.000000000000000000e+00
2.700047939000015940e-01 4.817272786829210895e-01 -8.763211905304739702e-01 0.000000000000000000e+00 8.763211905304739702e-01 4.817272786829210895e-01 -0.000000000000000000e+00 0.000000000000000000e+00 0.000000000000000000e+00 1.000000000000000000e+00
2.751439939000014379e-01 4.531841844807975028e-01 -8.914169029901071184e-01 0.000000000000000000e+00 8.914169029901071184e-01 4.531841844807975028e-01 -0.000000000000000000e+00 0.000000000000000000e+00 0.000000000000000000e+00 1.000000000000000000e+00
2.800643139000011939e-01 4.254136196817804305e-01 -9.049990343581839625e-01 0.000000000000000000e+00 9.049990343581839625e-01 4.254136196817804305e-01 -0.000000000000000000e+00 0.000000000000000000e+00 0.000000000000000000e+00 1.000000000000000000e+00
2.850341555342652544e-01 3.969509262536844996e-01 -9.178398346914029560e-01 0.000000000000000000e+00 9.178398346914029560e-01 3.969509262536844996e-01 -0.000000000000000000e+00 0.000000000000000000e+00 0.000000000000000000e+00 1.000000000000000000e+00
2.900564736305612512e-01 3.677946129414940146e-01 -9.299070505653865837e-01 0.000000000000000000e+00 9.299070505653865837e-01 3.677946129414940146e-01 -0.000000000000000000e+00 0.000000000000000000e+00 0.000000000000000000e+00 1.000000000000000000e+00
2.951709715050918614e-01 3.377269879152687837e-01 -9.412441137312254069e-01 0.000000000000000000e+00 9.412441137312254069e-01 3.377269879152687837e-01 -0.000000000000000000e+00 0.000000000000000000e+00 0.000000000000000000e+00 1.000000000000000000e+00
3.001709715050913108e-01 3.079951479437544881e-01 -9.513879276315760913e-01 0.000000000000000000e+00 9.513879276315760913e-01 3.079951479437544881e-01 -0.000000000000000000e+00 0.000000000000000000e+00 0.000000000000000000e+00 1.000000000000000000e+00
3.051709715050907601e-01 2.779593539459250806e-01 -9.605928365098108657e-01 0.000000000000000000e+00 9.605928365098108657e-01 2.779593539459250806e-01 -0.000000000000000000e+00 0.000000000000000000e+00 0.000000000000000000e+00 1.000000000000000000e+00
3.101709715050902094e-01 2.476492476241901330e-01 -9.688497562321893852e-01 0.000000000000000000e+00 9.688497562321893852e-01 2.476492476241901330e-01 -0.000000000000000000e+00 0.000000000000000000e+00 0.000000000000000000e+00 1.000000000000000000e+00
3.151709715050896587e-01 2.170947413941061999e-01 -9.761505382158155442e-01 0.000000000000000000e+00 9.761505382158155442e-01 2.170947413941061999e-01 -0.000000000000000000e+00 0.000000000000000000e+00 0.000000000000000000e+00 1.000000000000000000e+00
3.201709715050891081e-01 1.863259888644324958e-01 -9.824879774703054736e-01 0.000000000000000000e+00 9.824879774703054736e-01 1.863259888644324958e-01 -0.000000000000000000e+00 0.000000000000000000e+00 0.000000000000000000e+00 1.000000000000000000e+00
3.251709715050885574e-01 1.553733550791584483e-01 -9.878558197082434322e-01 0.000000000000000000e+00 9.878558197082434322e-01 1.553733550791584483e-01 -0.000000000000000000e+00 0.000000000000000000e+00 0.000000000000000000e+00 1.000000000000000000e+00
3.300461715050883038e-01 1.250454117295678735e-01 -9.921510192533103956e-01 0.000000000000000000e+00 9.921510192533103956e-01 1.250454117295678735e-01 -0.000000000000000000e+00 0.000000000000000000e+00 0.000000000000000000e+00 1.000000000000000000e+00
3.351501715050880792e-01 9.316890370365220331e-02 -9.956503178238127472e-01 0.000000000000000000e+00 9.956503178238127472e-01 9.316890370365220331e-02 -0.000000000000000000e+00 0.000000000000000000e+00 0.000000000000000000e+00 1.000000000000000000e+00
3.401501715050875285e-01 6.184879821466110483e-02 -9.980855304829353569e-01 0.000000000000000000e+00 9.980855304829353569e-01 6.184879821466110483e-02 -0.000000000000000000e+00 0.000000000000000000e+00 0.000000000000000000e+00 1.000000000000000000e+00
3.451501715050869779e-01 3.046765542892804907e-02 -9.995357532237977294e-01 0.000000000000000000e+00 9.995357532237977294e-01 3.046765542892804907e-02 -0.000000000000000000e+00 0.000000000000000000e+00 0.000000000000000000e+00 1.000000000000000000e+00
3.501501715050864272e-01 -9.435552543082822248e-04 -9.999995548516418253e-01 0.000000000000000000e+00 9.999995548516418253e-01 -9.435552543082822248e-04 -0.000000000000000000e+00 0.000000000000000000e+00 0.000000000000000000e+00 1.000000000000000000e+00
3.550701715050864626e-01 -3.185143902275543171e-02 -9.994926141959130650e-01 0.000000000000000000e+00 9.994926141959130650e-01 -3.185143902275543171e-02 -0.000000000000000000e+00 0.000000000000000000e+00 0.000000000000000000e+00 1.000000000000000000e+00
3.600701715050859120e-01 -6.323054396520629006e-02 -9.979989470484746938e-01 0.000000000000000000e+00 9.979989470484746938e-01 -6.323054396520629006e-02 -0.000000000000000000e+00 0.000000000000000000e+00 0.000000000000000000e+00 1.000000000000000000e+00
3.650701715050853613e-01 -9.454724799467958962e-02 -9.955203754301729102e-01 0.000000000000000000e+00 9.955203754301729102e-01 -9.454724799467958962e-02 -0.000000000000000000e+00 0.000000000000000000e+00 0.000000000000000000e+00 1.000000000000000000e+00
3.700701715050848106e-01 -1.257706453052093165e-01 -9.920593453919533955e-01 0.000000000000000000e+00 9.920593453919533955e-01 -1.257706453052093165e-01 -0.000000000000000000e+00 0.000000000000000000e+00 0.000000000000000000e+00 1.000000000000000000e+00
3.750701715050842600e-01 -1.568699221732972882e-01 -9.876192725526085070e-01 0.000000000000000000e+00 9.876192725526085070e-01 -1.568699221732972882e-01 -0.000000000000000000e+00 0.000000000000000000e+00 0.000000000000000000e+00 1.000000000000000000e+00
3.800701715050837093e-01 -1.878143873673354669e-01 -9.822045387279743078e-01 0.000000000000000000e+00 9.822045387279743078e-01 -1.878143873673354669e-01 -0.000000000000000000e+00 0.000000000000000000e+00 0.000000000000000000e+00 1.000000000000000000e+00
3.850701715050831586e-01 -2.185735024361474543e-01 -9.758204876066067790e-01 0.000000000000000000e+00 9.758204876066067790e-01 -2.185735024361474543e-01 -0.000000000000000000e+00 0.000000000000000000e+00 0.000000000000000000e+00 1.000000000000000000e+00
3.900449555598058393e-01 -2.489634672235613300e-01 -9.685128765215375024e-01 0.000000000000000000e+00 9.685128765215375024e-01 -2.489634672235613300e-01 -0.000000000000000000e+00 0.000000000000000000e+00 0.000000000000000000e+00 1.000000000000000000e+00
3.950132813688410072e-01 -2.790712409050818410e-01 -9.602704007203898273e-01 0.000000000000000000e+00 9.602704007203898273e-01 -2.790712409050818410e-01 -0.000000000000000000e+00 0.000000000000000000e+00 0.000000000000000000e+00 1.000000000000000000e+00
4.000870624358490724e-01 -3.095372040060370700e-01 -9.508873326194462461e-01 0.000000000000000000e+00 9.508873326194462461e-01 -3.095372040060370700e-01 -0.000000000000000000e+00 0.000000000000000000e+00 0.000000000000000000e+00 1.000000000000000000e+00
4.051506112224976808e-01 -3.396281410542149604e-01 -9.405597938483539755e-01 0.000000000000000000e+00 9.405597938483539755e-01 -3.396281410542149604e-01 -0.000000000000000000e+00 0.000000000000000000e+00 0.000000000000000000e+00 1.000000000000000000e+00
4.100306112224971766e-01 -3.683033753493178963e-01 -9.297056650931516675e-01 0.000000000000000000e+00 9.297056650931516675e-01 -3.683033753493178963e-01 -0.000000000000000000e+00 0.000000000000000000e+00 0.000000000000000000e+00 1.000000000000000000e+00
4.150706112224971656e-01 -3.975550256683474393e-01 -9.175783353838731227e-01 0.000000000000000000e+00 9.175783353838731227e-01 -3.975550256683474393e-01 -0.000000000000000000e+00 0.000000000000000000e+00 0.000000000000000000e+00 1.000000000000000000e+00
4.201746112224972740e-01 -4.267717341500342765e-01 -9.043593793014877980e-01 0.000000000000000000e+00 9.043593793014877980e-01 -4.267717341500342765e-01 -0.000000000000000000e+00 0.000000000000000000e+00 0.000000000000000000e+00 1.000000000000000000e+00
4.251746112224967233e-01 -4.549677626449008527e-01 -8.905079084173778137e-01 0.000000000000000000e+00 8.905079084173778137e-01 -4.549677626449008527e-01 -0.000000000000000000e+00 0.000000000000000000e+00 0.000000000000000000e+00 1.000000000000000000e+00
4.301746112224961727e-01 -4.827147928869603422e-01 -8.757776137399829741e-01 0.000000000000000000e+00 8.757776137399829741e-01 -4.827147928869603422e-01 -0.000000000000000000e+00 0.000000000000000000e+00 0.000000000000000000e+00 1.000000000000000000e+00
4.350661547744959501e-01 -5.093991501261998511e-01 -8.605303631195735381e-01 0.000000000000000000e+00 8.605303631195735381e-01 -5.093991501261998511e-01 -0.000000000000000000e+00 0.000000000000000000e+00 0.000000000000000000e+00 1.000000000000000000e+00
4.400933804400323224e-01 -5.363220923823300845e-01 -8.440133963525930927e-01 0.000000000000000000e+00 8.440133963525930927e-01 -5.363220923823300845e-01 -0.000000000000000000e+00 0.000000000000000000e+00 0.000000000000000000e+00 1.000000000000000000e+00
4.450804487823037947e-01 -5.625013742550895035e-01 -8.267963497507325732e-01 0.000000000000000000e+00 8.267963497507325732e-01 -5.625013742550895035e-01 -0.000000000000000000e+00 0.000000000000000000e+00 0.000000000000000000e+00 1.000000000000000000e+00
4.500804487823032440e-01 -5.881941147313947127e-01 -8.087197805144565876e-01 0.000000000000000000e+00 8.087197805144565876e-01 -5.881941147313947127e-01 -0.000000000000000000e+00 0.000000000000000000e+00 0.000000000000000000e+00 1.000000000000000000e+00
4.550804487823026934e-01 -6.133063786299962628e-01 -7.898451024927354291e-01 0.000000000000000000e+00 7.898451024927354291e-01 -6.133063786299962628e-01 -0.000000000000000000e+00 0.000000000000000000e+00 0.000000000000000000e+00 1.000000000000000000e+00
4.600804487823021427e-01 -6.378133831782668572e-01 -7.701909427140086750e-01 0.000000000000000000e+00 7.701909427140086750e-01 -6.378133831782668572e-01 -0.000000000000000000e+00 0.000000000000000000e+00 0.000000000000000000e+00 1.000000000000000000e+00
4.650494087823019429e-01 -6.615447013348919603e-01 -7.499057328329532535e-01 0.000000000000000000e+00 7.499057328329532535e-01 -6.615447013348919603e-01 -0.000000000000000000e+00 0.000000000000000000e+00 0.000000000000000000e+00 1.000000000000000000e+00
4.701396487823016335e-01 -6.851864679629834365e-01 -7.283676984328805171e-01 0.000000000000000000e+00 7.283676984328805171e-01 -6.851864679629834365e-01 -0.000000000000000000e+00 0.000000000000000000e+00 0.000000000000000000e+00 1.000000000000000000e+00
4.751396487823010828e-01 -7.077269520985898232e-01 -7.064860658733762566e-01 0.000000000000000000e+00 7.064860658733762566e-01 -7.077269520985898232e-01 -0.000000000000000000e+00 0.000000000000000000e+00 0.000000000000000000e+00 1.000000000000000000e+00
4.801396487823005321e-01 -7.295689951773850490e-01 -6.839072168619517722e-01 0.000000000000000000e+00 6.839072168619517722e-01 -7.295689951773850490e-01 -0.000000000000000000e+00 0.000000000000000000e+00 0.000000000000000000e+00 1.000000000000000000e+00
4.850196487823005831e-01 -7.501927074532465101e-01 -6.612192538666488151e-01 0.000000000000000000e+00 6.612192538666488151e-01 -7.501927074532465101e-01 -0.000000000000000000e+00 0.000000000000000000e+00 0.000000000000000000e+00 1.000000000000000000e+00
4.900036487823001274e-01 -7.705278561399653281e-01 -6.374063248135752868e-01 0.000000000000000000e+00 6.374063248135752868e-01 -7.705278561399653281e-01 -0.000000000000000000e+00 0.000000000000000000e+00 0.000000000000000000e+00 1.000000000000000000e+00
4.950036487822995768e-01 -7.901690636600300355e-01 -6.128889384175826294e-01 0.000000000000000000e+00 6.128889384175826294e-01 -7.901690636600300355e-01 -0.000000000000000000e+00 0.000000000000000000e+00 0.000000000000000000e+00 1.000000000000000000e+00
5.000036487822990816e-01 -8.090304697125302313e-01 -5.877667046343495461e-01 0.000000000000000000e+00 5.877667046343495461e-01 -8.090304697125302313e-01 -0.000000000000000000e+00 0.000000000000000000e+00 0.000000000000000000e+00 1.000000000000000000e+00
5.050322345614982611e-01 -8.271943992734893669e-01 -5.619158529624974641e-01 0.000000000000000000e+00 5.619158529624974641e-01 -8.271943992734893669e-01 -0.000000000000000000e+00 0.000000000000000000e+00 0.000000000000000000e+00 1.000000000000000000e+00
5.100820369910606944e-01 -8.446040071835089202e-01 -5.353915119326776439e-01 0.000000000000000000e+00 5.353915119326776439e-01 -8.446040071835089202e-01 -0.000000000000000000e+00 0.000000000000000000e+00 0.000000000000000000e+00 1.000000000000000000e+00
5.150654806133586616e-01 -8.609513874431393710e-01 -5.086872403154347744e-01 0.000000000000000000e+00 5.086872403154347744e-01 -8.609513874431393710e-01 -0.000000000000000000e+00 0.000000000000000000e+00 0.000000000000000000e+00 1.000000000000000000e+00
5.200654806133581110e-01 -8.765048122570607836e-01 -4.813930972606627057e-01 0.000000000000000000e+00 4.813930972606627057e-01 -8.765048122570607836e-01 -0.000000000000000000e+00 0.000000000000000000e+00 0.000000000000000000e+00 1.000000000000000000e+00
5.250654806133575603e-01 -8.911932326429931051e-01 -4.536238773381877643e-01 0.000000000000000000e+00 4.536238773381877643e-01 -8.911932326429931051e-01 -0.000000000000000000e+00 0.000000000000000000e+00 0.000000000000000000e+00 1.000000000000000000e+00
5.300654806133570096e-01 -9.050021529033702716e-01 -4.254069854154541308e-01 0.000000000000000000e+00 4.254069854154541308e-01 -9.050021529033702716e-01 -0.000000000000000000e+00 0.000000000000000000e+00 0.000000000000000000e+00 1.000000000000000000e+00
5.350654806133564589e-01 -9.179179453010657408e-01 -3.967702681581237734e-01 0.000000000000000000e+00 3.967702681581237734e-01 -9.179179453010657408e-01 -0.000000000000000000e+00 0.000000000000000000e+00 0.000000000000000000e+00 1.000000000000000000e+00
5.400654806133559083e-01 -9.299278635083261246e-01 -3.677419865487759898e-01 0.000000000000000000e+00 3.677419865487759898e-01 -9.299278635083261246e-01 -0.000000000000000000e+00 0.000000000000000000e+00 0.000000000000000000e+00 1.000000000000000000e+00
5.450654806133553576e-01 -9.410200551858551865e-01 -3.383507879967326826e-01 0.000000000000000000e+00 3.383507879967326826e-01 -9.410200551858551865e-01 -0.000000000000000000e+00 0.000000000000000000e+00 0.000000000000000000e+00 1.000000000000000000e+00
5.500654806133548069e-01 -9.511835736796442342e-01 -3.086256780665228017e-01 0.000000000000000000e+00 3.086256780665228017e-01 -9.511835736796442342e-01 -0.000000000000000000e+00 0.000000000000000000e+00 0.000000000000000000e+00 1.000000000000000000e+00
5.550654806133542563e-01 -9.604083888239960398e-01 -2.785959918528905788e-01 0.000000000000000000e+00 2.785959918528905788e-01 -9.604083888239960398e-01 -0.000000000000000000e+00 0.000000000000000000e+00 0.000000000000000000e+00 1.000000000000000000e+00
5.601054806133539676e-01 -9.687477686719658809e-01 -2.480478999973348142e-01 0.000000000000000000e+00 2.480478999973348142e-01 -9.687477686719658809e-01 -0.000000000000000000e+00 0.000000000000000000e+00 0.000000000000000000e+00 1.000000000000000000e+00
5.651454806133537900e-01 -9.761157549342267536e-01 -2.172510827802357769e-01 0.000000000000000000e+00 2.172510827802357769e-01 -9.761157549342267536e-01 -0.000000000000000000e+00 0.000000000000000000e+00 0.000000000000000000e+00 1.000000000000000000e+00
5.701454806133532394e-01 -9.824581221537800335e-01 -1.864833456748036244e-01 0.000000000000000000e+00 1.864833456748036244e-01 -9.824581221537800335e-01 -0.000000000000000000e+00 0.000000000000000000e+00 0.000000000000000000e+00 1.000000000000000000e+00
5.751454806133526887e-01 -9.878309218203743525e-01 -1.555315720215972031e-01 0.000000000000000000e+00 1.555315720215972031e-01 -9.878309218203743525e-01 -0.000000000000000000e+00 0.000000000000000000e+00 0.000000000000000000e+00 1.000000000000000000e+00
5.801454806133521380e-01 -9.922288516294045513e-01 -1.244263074843602185e-01 0.000000000000000000e+00 1.244263074843602185e-01 -9.922288516294045513e-01 -0.000000000000000000e+00 0.000000000000000000e+00 0.000000000000000000e+00 1.000000000000000000e+00
5.851454806133515874e-01 -9.956475713551180551e-01 -9.319824920380588573e-02 0.000000000000000000e+00 9.319824920380588573e-02 -9.956475713551180551e-01 -0.000000000000000000e+00 0.000000000000000000e+00 0.000000000000000000e+00 1.000000000000000000e+00
5.901454806133510367e-01 -9.980837071338924948e-01 -6.187821550324841546e-02 0.000000000000000000e+00 6.187821550324841546e-02 -9.980837071338924948e-01 -0.000000000000000000e+00 0.000000000000000000e+00 0.000000000000000000e+00 1.000000000000000000e+00
5.950654806133510721e-01 -9.995193990000773576e-01 -3.099953261783956748e-02 0.000000000000000000e+00 3.099953261783956748e-02 -9.995193990000773576e-01 -0.000000000000000000e+00 0.000000000000000000e+00 0.000000000000000000e+00 1.000000000000000000e+00
6.000654806133505215e-01 -9.999999153639836935e-01 4.114268161015955370e-04 0.000000000000000000e+00 -4.114268161015955370e-04 -9.999999153639836935e-01 -0.000000000000000000e+00 0.000000000000000000e+00 -0.000000000000000000e+00 1.000000000000000000e+00
6.050654806133499708e-01 -9.994935525428796375e-01 3.182198022144697852e-02 0.000000000000000000e+00 -3.182198022144697852e-02 -9.994935525428796375e-01 -0.000000000000000000e+00 0.000000000000000000e+00 -0.000000000000000000e+00 1.000000000000000000e+00
6.100654806133494201e-01 -9.980008102557345051e-01 6.320112917422848753e-02 0.000000000000000000e+00 -6.320112917422848753e-02 -9.980008102557345051e-01 -0.000000000000000000e+00 0.000000000000000000e+00 -0.000000000000000000e+00 1.000000000000000000e+00
6.150654806133488695e-01 -9.955231616589652610e-01 9.451790624287939591e-02 0.000000000000000000e+00 -9.451790624287939591e-02 -9.955231616589652610e-01 -0.000000000000000000e+00 0.000000000000000000e+00 -0.000000000000000000e+00 1.000000000000000000e+00
6.200181206133488221e-01 -9.921004250473087760e-01 1.254461901412281810e-01 0.000000000000000000e+00 -1.254461901412281810e-01 -9.921004250473087760e-01 -0.000000000000000000e+00 0.000000000000000000e+00 -0.000000000000000000e+00 1.000000000000000000e+00
6.250770006133485879e-01 -9.876125405821123415e-01 1.569122993424853785e-01 0.000000000000000000e+00 -1.569122993424853785e-01 -9.876125405821123415e-01 -0.000000000000000000e+00 0.000000000000000000e+00 -0.000000000000000000e+00 1.000000000000000000e+00
6.300770006133487033e-01 -9.821964789802464235e-01 1.878565321696492318e-01 0.000000000000000000e+00 -1.878565321696492318e-01 -9.821964789802464235e-01 -0.000000000000000000e+00 0.000000000000000000e+00 -0.000000000000000000e+00 1.000000000000000000e+00
6.351970006133480506e-01 -9.756459985740744134e-01 2.193510553117936912e-01 0.000000000000000000e+00 -2.193510553117936912e-01 -9.756459985740744134e-01 -0.000000000000000000e+00 0.000000000000000000e+00 -0.000000000000000000e+00 1.000000000000000000e+00
6.401970006133475000e-01 -9.682745930174316840e-01 2.498886002140307816e-01 0.000000000000000000e+00 -2.498886002140307816e-01 -9.682745930174316840e-01 -0.000000000000000000e+00 0.000000000000000000e+00 -0.000000000000000000e+00 1.000000000000000000e+00
6.451970006133469493e-01 -9.599476173386888300e-01 2.801795352372734582e-01 0.000000000000000000e+00 -2.801795352372734582e-01 -9.599476173386888300e-01 -0.000000000000000000e+00 0.000000000000000000e+00 -0.000000000000000000e+00 1.000000000000000000e+00
6.501970006133463986e-01 -9.506732892575131544e-01 3.101939668857221499e-01 0.000000000000000000e+00 -3.101939668857221499e-01 -9.506732892575131544e-01 -0.000000000000000000e+00 0.000000000000000000e+00 -0.000000000000000000e+00 1.000000000000000000e+00
6.550770006133463941e-01 -9.407167743481196220e-01 3.391930872822573884e-01 0.000000000000000000e+00 -3.391930872822573884e-01 -9.407167743481196220e-01 -0.000000000000000000e+00 0.000000000000000000e+00 -0.000000000000000000e+00 1.000000000000000000e+00
6.601090006133458754e-01 -9.295241500031464765e-01 3.687612433010384883e-01 0.000000000000000000e+00 -3.687612433010384883e-01 -9.295241500031464765e-01 -0.000000000000000000e+00 0.000000000000000000e+00 -0.000000000000000000e+00 1.000000000000000000e+00
6.651090006133453247e-01 -9.174824153758467382e-01 3.977763410210594097e-01 0.000000000000000000e+00 -3.977763410210594097e-01 -9.174824153758467382e-01 -0.000000000000000000e+00 0.000000000000000000e+00 -0.000000000000000000e+00 1.000000000000000000e+00
6.701090006133447741e-01 -9.045352363735655876e-01 4.263988815166119273e-01 0.000000000000000000e+00 -4.263988815166119273e-01 -9.045352363735655876e-01 -0.000000000000000000e+00 0.000000000000000000e+00 -0.000000000000000000e+00 1.000000000000000000e+00
6.750458457624415320e-01 -8.908757118911185824e-01 4.542471419420187617e-01 0.000000000000000000e+00 -4.542471419420187617e-01 -8.908757118911185824e-01 -0.000000000000000000e+00 0.000000000000000000e+00 -0.000000000000000000e+00 1.000000000000000000e+00
6.801117844991332317e-01 -8.759680981026535251e-01 4.823690403689068762e-01 0.000000000000000000e+00 -4.823690403689068762e-01 -8.759680981026535251e-01 -0.000000000000000000e+00 0.000000000000000000e+00 -0.000000000000000000e+00 1.000000000000000000e+00
6.850447705558680989e-01 -8.605987987352738955e-01 5.092835238012354271e-01 0.000000000000000000e+00 -5.092835238012354271e-01 -8.605987987352738955e-01 -0.000000000000000000e+00 0.000000000000000000e+00 -0.000000000000000000e+00 1.000000000000000000e+00
6.900302238461174520e-01 -8.442261556843494441e-01 5.359871248998664406e-01 0.000000000000000000e+00 -5.359871248998664406e-01 -8.442261556843494441e-01 -0.000000000000000000e+00 0.000000000000000000e+00 -0.000000000000000000e+00 1.000000000000000000e+00
6.950302238461169013e-01 -8.269738185896420291e-01 5.622404319926360694e-01 0.000000000000000000e+00 -5.622404319926360694e-01 -8.269738185896420291e-01 -0.000000000000000000e+00 0.000000000000000000e+00 -0.000000000000000000e+00 1.000000000000000000e+00
7.000302238461163506e-01 -8.089053581777463364e-01 5.879388756591386045e-01 0.000000000000000000e+00 -5.879388756591386045e-01 -8.089053581777463364e-01 -0.000000000000000000e+00 0.000000000000000000e+00 -0.000000000000000000e+00 1.000000000000000000e+00
7.050302238461158000e-01 -7.900386058376567266e-01 6.130570946380865527e-01 0.000000000000000000e+00 -6.130570946380865527e-01 -7.900386058376567266e-01 -0.000000000000000000e+00 0.000000000000000000e+00 -0.000000000000000000e+00 1.000000000000000000e+00
7.100302238461152493e-01 -7.703921807761218155e-01 6.375703002799071317e-01 0.000000000000000000e+00 -6.375703002799071317e-01 -7.703921807761218155e-01 -0.000000000000000000e+00 0.000000000000000000e+00 -0.000000000000000000e+00 1.000000000000000000e+00
7.150302238461146986e-01 -7.499854716427367674e-01 6.614543010101464615e-01 0.000000000000000000e+00 -6.614543010101464615e-01 -7.499854716427367674e-01 -0.000000000000000000e+00 0.000000000000000000e+00 -0.000000000000000000e+00 1.000000000000000000e+00
7.200186398461148052e-01 -7.288884499030465758e-01 6.846324762950807274e-01 0.000000000000000000e+00 -6.846324762950807274e-01 -7.288884499030465758e-01 -0.000000000000000000e+00 0.000000000000000000e+00 -0.000000000000000000e+00 1.000000000000000000e+00
7.251077406461157171e-01 -7.066279401227764101e-01 7.075852982064018137e-01 0.000000000000000000e+00 -7.075852982064018137e-01 -7.066279401227764101e-01 -0.000000000000000000e+00 0.000000000000000000e+00 -0.000000000000000000e+00 1.000000000000000000e+00
7.300485406461161286e-01 -6.843247460440768926e-01 7.291773734501841853e-01 0.000000000000000000e+00 -7.291773734501841853e-01 -6.843247460440768926e-01 -0.000000000000000000e+00 0.000000000000000000e+00 -0.000000000000000000e+00 1.000000000000000000e+00
7.351269406461159450e-01 -6.607133727494197695e-01 7.506382877725376046e-01 0.000000000000000000e+00 -7.506382877725376046e-01 -6.607133727494197695e-01 -0.000000000000000000e+00 0.000000000000000000e+00 -0.000000000000000000e+00 1.000000000000000000e+00
7.400090104819468939e-01 -6.373803664837885963e-01 7.705493289991183214e-01 0.000000000000000000e+00 -7.705493289991183214e-01 -6.373803664837885963e-01 -0.000000000000000000e+00 0.000000000000000000e+00 -0.000000000000000000e+00 1.000000000000000000e+00
7.450410921297631051e-01 -6.127030235258229540e-01 7.903132321822247119e-01 0.000000000000000000e+00 -7.903132321822247119e-01 -6.127030235258229540e-01 -0.000000000000000000e+00 0.000000000000000000e+00 -0.000000000000000000e+00 1.000000000000000000e+00
7.500941340068516539e-01 -5.873066471777164121e-01 8.093645051402176271e-01 0.000000000000000000e+00 -8.093645051402176271e-01 -5.873066471777164121e-01 -0.000000000000000000e+00 0.000000000000000000e+00 -0.000000000000000000e+00 1.000000000000000000e+00
7.550329379942641861e-01 -5.619121969245104431e-01 8.271968828202087565e-01 0.000000000000000000e+00 -8.271968828202087565e-01 -5.619121969245104431e-01 -0.000000000000000000e+00 0.000000000000000000e+00 -0.000000000000000000e+00 1.000000000000000000e+00
7.600196381177690697e-01 -5.357226093340786699e-01 8.443940347067155905e-01 0.000000000000000000e+00 -8.443940347067155905e-01 -5.357226093340786699e-01 -0.000000000000000000e+00 0.000000000000000000e+00 -0.000000000000000000e+00 1.000000000000000000e+00
7.650832601828811974e-01 -5.085910582560151383e-01 8.610082087076907920e-01 0.000000000000000000e+00 -8.610082087076907920e-01 -5.085910582560151383e-01 -0.000000000000000000e+00 0.000000000000000000e+00 -0.000000000000000000e+00 1.000000000000000000e+00
7.700352882331517046e-01 -4.815593653466683777e-01 8.764134741358748926e-01 0.000000000000000000e+00 -8.764134741358748926e-01 -4.815593653466683777e-01 -0.000000000000000000e+00 0.000000000000000000e+00 -0.000000000000000000e+00 1.000000000000000000e+00
7.750520144591325211e-01 -4.536992798789051262e-01 8.911548481814833833e-01 0.000000000000000000e+00 -8.911548481814833833e-01 -4.536992798789051262e-01 -0.000000000000000000e+00 0.000000000000000000e+00 -0.000000000000000000e+00 1.000000000000000000e+00
7.800520144591319704e-01 -4.254835564346418075e-01 9.049661558333155220e-01 0.000000000000000000e+00 -9.049661558333155220e-01 -4.254835564346418075e-01 -0.000000000000000000e+00 0.000000000000000000e+00 -0.000000000000000000e+00 1.000000000000000000e+00
7.850520144591314198e-01 -3.968479320894307549e-01 9.178843711472280953e-01 0.000000000000000000e+00 -9.178843711472280953e-01 -3.968479320894307549e-01 -0.000000000000000000e+00 0.000000000000000000e+00 -0.000000000000000000e+00 1.000000000000000000e+00
7.900759632591314308e-01 -3.676807366048900350e-01 9.299520825987139805e-01 0.000000000000000000e+00 -9.299520825987139805e-01 -3.676807366048900350e-01 -0.000000000000000000e+00 0.000000000000000000e+00 -0.000000000000000000e+00 1.000000000000000000e+00
7.951376464591313198e-01 -3.379240652049093629e-01 9.411733773090844579e-01 0.000000000000000000e+00 -9.411733773090844579e-01 -3.379240652049093629e-01 -0.000000000000000000e+00 0.000000000000000000e+00 -0.000000000000000000e+00 1.000000000000000000e+00
8.001376464591307691e-01 -3.081943498723637154e-01 9.513234164608539434e-01 0.000000000000000000e+00 -9.513234164608539434e-01 -3.081943498723637154e-01 -0.000000000000000000e+00 0.000000000000000000e+00 -0.000000000000000000e+00 1.000000000000000000e+00
8.051376464591302184e-01 -2.781604839252488914e-01 9.605346142552446675e-01 0.000000000000000000e+00 -9.605346142552446675e-01 -2.781604839252488914e-01 -0.000000000000000000e+00 0.000000000000000000e+00 -0.000000000000000000e+00 1.000000000000000000e+00
8.101376464591296678e-01 -2.478521071632220907e-01 9.687978803521151150e-01 0.000000000000000000e+00 -9.687978803521151150e-01 -2.478521071632220907e-01 -0.000000000000000000e+00 0.000000000000000000e+00 -0.000000000000000000e+00 1.000000000000000000e+00
8.151376464591291171e-01 -2.172991302949728309e-01 9.761050599054635901e-01 0.000000000000000000e+00 -9.761050599054635901e-01 -2.172991302949728309e-01 -0.000000000000000000e+00 0.000000000000000000e+00 -0.000000000000000000e+00 1.000000000000000000e+00
8.201376464591285664e-01 -1.865317054199635283e-01 9.824489416112778262e-01 0.000000000000000000e+00 -9.824489416112778262e-01 -1.865317054199635283e-01 -0.000000000000000000e+00 0.000000000000000000e+00 -0.000000000000000000e+00 1.000000000000000000e+00
8.251376464591283488e-01 -1.555801962719504383e-01 9.878232648242202263e-01 0.000000000000000000e+00 -9.878232648242202263e-01 -1.555801962719504383e-01 -0.000000000000000000e+00 0.000000000000000000e+00 -0.000000000000000000e+00 1.000000000000000000e+00
8.301296464591281232e-01 -1.245250226503816088e-01 9.922164676792668558e-01 0.000000000000000000e+00 -9.922164676792668558e-01 -1.245250226503816088e-01 -0.000000000000000000e+00 0.000000000000000000e+00 -0.000000000000000000e+00 1.000000000000000000e+00
8.351296464591275726e-01 -9.329730464912652788e-02 9.956382942340094022e-01 0.000000000000000000e+00 -9.956382942340094022e-01 -9.329730464912652788e-02 -0.000000000000000000e+00 0.000000000000000000e+00 -0.000000000000000000e+00 1.000000000000000000e+00
8.400896464591274260e-01 -6.222835575893739812e-02 9.980619378272769238e-01 0.000000000000000000e+00 -9.980619378272769238e-01 -6.222835575893739812e-02 -0.000000000000000000e+00 0.000000000000000000e+00 -0.000000000000000000e+00 1.000000000000000000e+00
8.450811344591275809e-01 -3.090122372426977806e-02 9.995224431559018852e-01 0.000000000000000000e+00 -9.995224431559018852e-01 -3.090122372426977806e-02 -0.000000000000000000e+00 0.000000000000000000e+00 -0.000000000000000000e+00 1.000000000000000000e+00
8.500959174351282455e-01 6.026669826168341111e-04 9.999998183962374165e-01 0.000000000000000000e+00 -9.999998183962374165e-01 6.026669826168341111e-04 -0.000000000000000000e+00 -0.000000000000000000e+00 0.000000000000000000e+00 1.000000000000000000e+00
8.551359174351287340e-01 3.226432055703064294e-02 9.994793712823659693e-01 0.000000000000000000e+00 -9.994793712823659693e-01 3.226432055703064294e-02 -0.000000000000000000e+00 -0.000000000000000000e+00 0.000000000000000000e+00 1.000000000000000000e+00
8.600527174351284554e-01 6.312109587907122066e-02 9.980058753609746258e-01 0.000000000000000000e+00 -9.980058753609746258e-01 6.312109587907122066e-02 -0.000000000000000000e+00 -0.000000000000000000e+00 0.000000000000000000e+00 1.000000000000000000e+00
8.651887174351288179e-01 9.528873111414269681e-02 9.954496761377022995e-01 0.000000000000000000e+00 -9.954496761377022995e-01 9.528873111414269681e-02 -0.000000000000000000e+00 -0.000000000000000000e+00 0.000000000000000000e+00 1.000000000000000000e+00
8.700927174351288373e-01 1.259111794240005966e-01 9.920415187360137610e-01 0.000000000000000000e+00 -9.920415187360137610e-01 1.259111794240005966e-01 -0.000000000000000000e+00 -0.000000000000000000e+00 0.000000000000000000e+00 1.000000000000000000e+00
8.751807174351289298e-01 1.575558654285875992e-01 9.875100755278645170e-01 0.000000000000000000e+00 -9.875100755278645170e-01 1.575558654285875992e-01 -0.000000000000000000e+00 -0.000000000000000000e+00 0.000000000000000000e+00 1.000000000000000000e+00
8.801647174351283631e-01 1.883978324055322062e-01 9.820927943656327930e-01 0.000000000000000000e+00 -9.820927943656327930e-01 1.883978324055322062e-01 -0.000000000000000000e+00 -0.000000000000000000e+00 0.000000000000000000e+00 1.000000000000000000e+00
8.851647174351278125e-01 2.191531496041941030e-01 9.756904719318324481e-01 0.000000000000000000e+00 -9.756904719318324481e-01 2.191531496041941030e-01 -0.000000000000000000e+00 -0.000000000000000000e+00 0.000000000000000000e+00 1.000000000000000000e+00
8.901647174351272618e-01 2.496921891028779927e-01 9.683252607987735683e-01 0.000000000000000000e+00 -9.683252607987735683e-01 2.496921891028779927e-01 -0.000000000000000000e+00 -0.000000000000000000e+00 0.000000000000000000e+00 1.000000000000000000e+00
8.950287174351273523e-01 2.791643739762081911e-01 9.602433297359955766e-01 0.000000000000000000e+00 -9.602433297359955766e-01 2.791643739762081911e-01 -0.000000000000000000e+00 -0.000000000000000000e+00 0.000000000000000000e+00 1.000000000000000000e+00
9.000127174351267856e-01 3.090929885117832954e-01 9.510318209465205008e-01 0.000000000000000000e+00 -9.510318209465205008e-01 3.090929885117832954e-01 -0.000000000000000000e+00 -0.000000000000000000e+00 0.000000000000000000e+00 1.000000000000000000e+00
9.051167174351272271e-01 3.394278308500285890e-01 9.406321000499846541e-01 0.000000000000000000e+00 -9.406321000499846541e-01 3.394278308500285890e-01 -0.000000000000000000e+00 -0.000000000000000000e+00 0.000000000000000000e+00 1.000000000000000000e+00
9.101087174351264464e-01 3.687595894341735292e-01 9.295248061242580295e-01 0.000000000000000000e+00 -9.295248061242580295e-01 3.687595894341735292e-01 -0.000000000000000000e+00 -0.000000000000000000e+00 0.000000000000000000e+00 1.000000000000000000e+00
9.151007174351258877e-01 3.977285903452165150e-01 9.175031163009783608e-01 0.000000000000000000e+00 -9.175031163009783608e-01 3.977285903452165150e-01 -0.000000000000000000e+00 -0.000000000000000000e+00 0.000000000000000000e+00 1.000000000000000000e+00
9.201007174351253370e-01 4.263518046346178036e-01 9.045574269690146441e-01 0.000000000000000000e+00 -9.045574269690146441e-01 4.263518046346178036e-01 -0.000000000000000000e+00 -0.000000000000000000e+00 0.000000000000000000e+00 1.000000000000000000e+00
9.251007174351247864e-01 4.545542611669212696e-01 8.907190486651748174e-01 0.000000000000000000e+00 -8.907190486651748174e-01 4.545542611669212696e-01 -0.000000000000000000e+00 -0.000000000000000000e+00 0.000000000000000000e+00 1.000000000000000000e+00
9.301007174351242357e-01 4.823081275224539999e-01 8.760016381981166056e-01 0.000000000000000000e+00 -8.760016381981166056e-01 4.823081275224539999e-01 -0.000000000000000000e+00 -0.000000000000000000e+00 0.000000000000000000e+00 1.000000000000000000e+00
9.351007174351236850e-01 5.095860139858889859e-01 8.604197198751161180e-01 0.000000000000000000e+00 -8.604197198751161180e-01 5.095860139858889859e-01 -0.000000000000000000e+00 -0.000000000000000000e+00 0.000000000000000000e+00 1.000000000000000000e+00
9.401007174351231344e-01 5.363610005765842015e-01 8.439886711683310949e-01 0.000000000000000000e+00 -8.439886711683310949e-01 5.363610005765842015e-01 -0.000000000000000000e+00 -0.000000000000000000e+00 0.000000000000000000e+00 1.000000000000000000e+00
9.451007174351225837e-01 5.626066636153588263e-01 8.267247075390903310e-01 0.000000000000000000e+00 -8.267247075390903310e-01 5.626066636153588263e-01 -0.000000000000000000e+00 -0.000000000000000000e+00 0.000000000000000000e+00 1.000000000000000000e+00
9.501007174351220330e-01 5.882971018014715447e-01 8.086448664351916227e-01 0.000000000000000000e+00 -8.086448664351916227e-01 5.882971018014715447e-01 -0.000000000000000000e+00 -0.000000000000000000e+00 0.000000000000000000e+00 1.000000000000000000e+00
9.551007174351214823e-01 6.134069617740756097e-01 7.897669904770000526e-01 0.000000000000000000e+00 -7.897669904770000526e-01 6.134069617740756097e-01 -0.000000000000000000e+00 -0.000000000000000000e+00 0.000000000000000000e+00 1.000000000000000000e+00
9.601007174351209317e-01 6.379114631329286800e-01 7.701097098489320114e-01 0.000000000000000000e+00 -7.701097098489320114e-01 6.379114631329286800e-01 -0.000000000000000000e+00 -0.000000000000000000e+00 0.000000000000000000e+00 1.000000000000000000e+00
9.650911174351208821e-01 6.617412013081261923e-01 7.497323405664704232e-01 0.000000000000000000e+00 -7.497323405664704232e-01 6.617412013081261923e-01 -0.000000000000000000e+00 -0.000000000000000000e+00 0.000000000000000000e+00 1.000000000000000000e+00
9.700095174351206495e-01 6.845906968890170807e-01 7.289276903321824097e-01 0.000000000000000000e+00 -7.289276903321824097e-01 6.845906968890170807e-01 -0.000000000000000000e+00 -0.000000000000000000e+00 0.000000000000000000e+00 1.000000000000000000e+00
9.750095174351200988e-01 7.071490647723193135e-01 7.070644950721498567e-01 0.000000000000000000e+00 -7.070644950721498567e-01 7.071490647723193135e-01 -0.000000000000000000e+00 -0.000000000000000000e+00 0.000000000000000000e+00 1.000000000000000000e+00
9.800095174351195482e-01 7.290095619038319263e-01 6.845035125204128601e-01 0.000000000000000000e+00 -6.845035125204128601e-01 7.290095619038319263e-01 -0.000000000000000000e+00 -0.000000000000000000e+00 0.000000000000000000e+00 1.000000000000000000e+00
9.850095174351189975e-01 7.501506146121368346e-01 6.612670076429290056e-01 0.000000000000000000e+00 -6.612670076429290056e-01 7.501506146121368346e-01 -0.000000000000000000e+00 -0.000000000000000000e+00 0.000000000000000000e+00 1.000000000000000000e+00
9.900095174351184468e-01 7.705513592306013626e-01 6.373779120646343443e-01 0.000000000000000000e+00 -6.373779120646343443e-01 7.705513592306013626e-01 -0.000000000000000000e+00 -0.000000000000000000e+00 0.000000000000000000e+00 1.000000000000000000e+00
9.950095174351178962e-01 7.901916626872980132e-01 6.128598014387006687e-01 0.000000000000000000e+00 -6.128598014387006687e-01 7.901916626872980132e-01 -0.000000000000000000e+00 -0.000000000000000000e+00 0.000000000000000000e+00 1.000000000000000000e+00
1.000000000000000000e+00 8.090169943749474513e-01 5.877852522924732481e-01 0.000000000000000000e+00 -5.877852522924732481e-01 8.090169943749474513e-01 -0.000000000000000000e+00 -0.000000000000000000e+00 0.000000000000000000e+00 1.000000000000000000e+00
