time R11 R12 R13 R21 R22 R23 R31 R32 R33
0.000000000000000000e+00 1.000000000000000000e+00 -0.000000000000000000e+00 0.000000000000000000e+00 0.000000000000000000e+00 1.000000000000000000e+00 -0.000000000000000000e+00 0.000000000000000000e+00 0.000000000000000000e+00 1.000000000000000000e+00
5.040000000000002811e-03 9.999999203965483918e-01 -3.990073891596773530e-04 0.000000000000000000e+00 3.990073891596773530e-04 9.999999203965483918e-01 -0.000000000000000000e+00 0.000000000000000000e+00 0.000000000000000000e+00 1.000000000000000000e+00
1.013600000000001305e-02 9.999986978048553965e-01 -1.613811820872654941e-03 0.000000000000000000e+00 1.613811820872654941e-03 9.999986978048553965e-01 -0.000000000000000000e+00 0.000000000000000000e+00 0.000000000000000000e+00 1.000000000000000000e+00
1.513600000000002617e-02 9.999935247913689373e-01 -3.598662992525689976e-03 0.000000000000000000e+00 3.598662992525689976e-03 9.999935247913689373e-01 -0.000000000000000000e+00 0.000000000000000000e+00 0.000000000000000000e+00 1.000000000000000000e+00
2.013600000000000112e-02 9.999797184519607640e-01 -6.368884104553549849e-03 0.000000000000000000e+00 6.368884104553549849e-03 9.999797184519607640e-01 -0.000000000000000000e+00 0.000000000000000000e+00 0.000000000000000000e+00 1.000000000000000000e+00
2.513599999999997087e-02 9.999507517430075154e-01 -9.924418803860003691e-03 0.000000000000000000e+00 9.924418803860003691e-03 9.999507517430075154e-01 -0.000000000000000000e+00 0.000000000000000000e+00 0.000000000000000000e+00 1.000000000000000000e+00
3.013599999999994061e-02 9.998982475624252908e-01 -1.426515059826695929e-02 0.000000000000000000e+00 1.426515059826695929e-02 9.998982475624252908e-01 -0.000000000000000000e+00 0.000000000000000000e+00 0.000000000000000000e+00 1.000000000000000000e+00
3.513599999999991036e-02 9.998119794051801845e-01 -1.939086996232788560e-02 0.000000000000000000e+00 1.939086996232788560e-02 9.998119794051801845e-01 -0.000000000000000000e+00 0.000000000000000000e+00 0.000000000000000000e+00 1.000000000000000000e+00
4.013599999999988011e-02 9.996798725335743763e-01 -2.530123418446088637e-02 0.000000000000000000e+00 2.530123418446088637e-02 9.996798725335743763e-01 -0.000000000000000000e+00 0.000000000000000000e+00 0.000000000000000000e+00 1.000000000000000000e+00
4.513599999999984985e-02 9.994880058830112324e-01 -3.199571996380342481e-02 0.000000000000000000e+00 3.199571996380342481e-02 9.994880058830112324e-01 -0.000000000000000000e+00 0.000000000000000000e+00 0.000000000000000000e+00 1.000000000000000000e+00
5.013599999999981960e-02 9.992206149637465895e-01 -3.947356877041211659e-02 0.000000000000000000e+00 3.947356877041211659e-02 9.992206149637465895e-01 -0.000000000000000000e+00 0.000000000000000000e+00 0.000000000000000000e+00 1.000000000000000000e+00
5.513599999999978934e-02 9.988600960588162048e-01 -4.773372498949323556e-02 0.000000000000000000e+00 4.773372498949323556e-02 9.988600960588162048e-01 -0.000000000000000000e+00 0.000000000000000000e+00 0.000000000000000000e+00 1.000000000000000000e+00
6.013599999999975909e-02 9.983870120578367535e-01 -5.677476687953151441e-02 0.000000000000000000e+00 5.677476687953151441e-02 9.983870120578367535e-01 -0.000000000000000000e+00 0.000000000000000000e+00 0.000000000000000000e+00 1.000000000000000000e+00
6.513599999999981904e-02 9.977801003056190332e-01 -6.659483038576506642e-02 0.000000000000000000e+00 6.659483038576506642e-02 9.977801003056190332e-01 -0.000000000000000000e+00 0.000000000000000000e+00 0.000000000000000000e+00 1.000000000000000000e+00
7.013599999999996226e-02 9.970162828834232549e-01 -7.719152586470608146e-02 0.000000000000000000e+00 7.719152586470608146e-02 9.970162828834232549e-01 -0.000000000000000000e+00 0.000000000000000000e+00 0.000000000000000000e+00 1.000000000000000000e+00
7.513600000000010548e-02 9.960706797790803702e-01 -8.856184779260607709e-02 0.000000000000000000e+00 8.856184779260607709e-02 9.960706797790803702e-01 -0.000000000000000000e+00 0.000000000000000000e+00 0.000000000000000000e+00 1.000000000000000000e+00
8.013600000000024870e-02 9.949166254399801623e-01 -1.007020775511711513e-01 0.000000000000000000e+00 1.007020775511711513e-01 9.949166254399801623e-01 -0.000000000000000000e+00 0.000000000000000000e+00 0.000000000000000000e+00 1.000000000000000000e+00
8.513600000000039192e-02 9.935256892398880435e-01 -1.136076794077109930e-01 0.000000000000000000e+00 1.136076794077109930e-01 9.935256892398880435e-01 -0.000000000000000000e+00 0.000000000000000000e+00 0.000000000000000000e+00 1.000000000000000000e+00
9.007200000000036011e-02 9.918907415767082014e-01 -1.270934961924007345e-01 0.000000000000000000e+00 1.270934961924007345e-01 9.918907415767082014e-01 -0.000000000000000000e+00 0.000000000000000000e+00 0.000000000000000000e+00 1.000000000000000000e+00
9.505600000000048733e-02 9.899446146182535600e-01 -1.414555053305354415e-01 0.000000000000000000e+00 1.414555053305354415e-01 9.899446146182535600e-01 -0.000000000000000000e+00 0.000000000000000000e+00 0.000000000000000000e+00 1.000000000000000000e+00
1.000560000000006305e-01 9.876607962072161406e-01 -1.566082744791219561e-01 0.000000000000000000e+00 1.566082744791219561e-01 9.876607962072161406e-01 -0.000000000000000000e+00 0.000000000000000000e+00 0.000000000000000000e+00 1.000000000000000000e+00
1.050560000000007738e-01 9.850098773215157921e-01 -1.724979465937276912e-01 0.000000000000000000e+00 1.724979465937276912e-01 9.850098773215157921e-01 -0.000000000000000000e+00 0.000000000000000000e+00 0.000000000000000000e+00 1.000000000000000000e+00
1.100560000000009170e-01 9.819551124357759342e-01 -1.891141379200479977e-01 0.000000000000000000e+00 1.891141379200479977e-01 9.819551124357759342e-01 -0.000000000000000000e+00 0.000000000000000000e+00 0.000000000000000000e+00 1.000000000000000000e+00
1.150560000000010602e-01 9.784582290464631793e-01 -2.064448934007791780e-01 0.000000000000000000e+00 2.064448934007791780e-01 9.784582290464631793e-01 -0.000000000000000000e+00 0.000000000000000000e+00 0.000000000000000000e+00 1.000000000000000000e+00
1.200560000000012034e-01 9.744794930844610237e-01 -2.244765412194609788e-01 0.000000000000000000e+00 2.244765412194609788e-01 9.744794930844610237e-01 -0.000000000000000000e+00 0.000000000000000000e+00 0.000000000000000000e+00 1.000000000000000000e+00
1.250560000000013328e-01 9.699777836269776188e-01 -2.431935428215485917e-01 0.000000000000000000e+00 2.431935428215485917e-01 9.699777836269776188e-01 -0.000000000000000000e+00 0.000000000000000000e+00 0.000000000000000000e+00 1.000000000000000000e+00
1.300560000000014760e-01 9.649106776905389538e-01 -2.625783389367552512e-01 0.000000000000000000e+00 2.625783389367552512e-01 9.649106776905389538e-01 -0.000000000000000000e+00 0.000000000000000000e+00 0.000000000000000000e+00 1.000000000000000000e+00
1.351465600000013312e-01 9.591258487136009592e-01 -2.829798691239626129e-01 0.000000000000000000e+00 2.829798691239626129e-01 9.591258487136009592e-01 -0.000000000000000000e+00 0.000000000000000000e+00 0.000000000000000000e+00 1.000000000000000000e+00
1.400995200000014207e-01 9.528465609005453141e-01 -3.034525191525088150e-01 0.000000000000000000e+00 3.034525191525088150e-01 9.528465609005453141e-01 -0.000000000000000000e+00 0.000000000000000000e+00 0.000000000000000000e+00 1.000000000000000000e+00
1.450995200000015639e-01 9.458109215273522441e-01 -3.247178786571213172e-01 0.000000000000000000e+00 3.247178786571213172e-01 9.458109215273522441e-01 -0.000000000000000000e+00 0.000000000000000000e+00 0.000000000000000000e+00 1.000000000000000000e+00
1.500995200000017071e-01 9.380288579178741593e-01 -3.465571550455835426e-01 0.000000000000000000e+00 3.465571550455835426e-01 9.380288579178741593e-01 -0.000000000000000000e+00 0.000000000000000000e+00 0.000000000000000000e+00 1.000000000000000000e+00
1.550995200000018504e-01 9.294531118857843888e-01 -3.689402564180703781e-01 0.000000000000000000e+00 3.689402564180703781e-01 9.294531118857843888e-01 -0.000000000000000000e+00 0.000000000000000000e+00 0.000000000000000000e+00 1.000000000000000000e+00
1.600995200000019936e-01 9.200358896962390620e-01 -3.918340996784858699e-01 0.000000000000000000e+00 3.918340996784858699e-01 9.200358896962390620e-01 -0.000000000000000000e+00 0.000000000000000000e+00 0.000000000000000000e+00 1.000000000000000000e+00
1.650995200000021368e-01 9.097290397260359152e-01 -4.152024497508950973e-01 0.000000000000000000e+00 4.152024497508950973e-01 9.097290397260359152e-01 -0.000000000000000000e+00 0.000000000000000000e+00 0.000000000000000000e+00 1.000000000000000000e+00
1.700675200000021370e-01 8.985592973506104642e-01 -4.388521267406335080e-01 0.000000000000000000e+00 4.388521267406335080e-01 8.985592973506104642e-01 -0.000000000000000000e+00 0.000000000000000000e+00 0.000000000000000000e+00 1.000000000000000000e+00
1.750195200000022322e-01 8.864569508760500316e-01 -4.628110567429608024e-01 0.000000000000000000e+00 4.628110567429608024e-01 8.864569508760500316e-01 -0.000000000000000000e+00 0.000000000000000000e+00 0.000000000000000000e+00 1.000000000000000000e+00
1.800195200000023754e-01 8.732086624426855792e-01 -4.873465213121520589e-01 0.000000000000000000e+00 4.873465213121520589e-01 8.732086624426855792e-01 -0.000000000000000000e+00 0.000000000000000000e+00 0.000000000000000000e+00 1.000000000000000000e+00
1.850995200000023488e-01 8.586411408373622045e-01 -5.125772051715850042e-01 0.000000000000000000e+00 5.125772051715850042e-01 8.586411408373622045e-01 -0.000000000000000000e+00 0.000000000000000000e+00 0.000000000000000000e+00 1.000000000000000000e+00
1.900115200000024318e-01 8.434482700179566361e-01 -5.372104018014878246e-01 0.000000000000000000e+00 5.372104018014878246e-01 8.434482700179566361e-01 -0.000000000000000000e+00 0.000000000000000000e+00 0.000000000000000000e+00 1.000000000000000000e+00
1.951715200000024020e-01 8.262681140924643675e-01 -5.632770221073127859e-01 0.000000000000000000e+00 5.632770221073127859e-01 8.262681140924643675e-01 -0.000000000000000000e+00 0.000000000000000000e+00 0.000000000000000000e+00 1.000000000000000000e+00
2.001715200000025452e-01 8.083830732622404591e-01 -5.886567818883047254e-01 0.000000000000000000e+00 5.886567818883047254e-01 8.083830732622404591e-01 -0.000000000000000000e+00 0.000000000000000000e+00 0.000000000000000000e+00 1.000000000000000000e+00
2.051715200000026884e-01 7.894940286586209499e-01 -6.137582412582179847e-01 0.000000000000000000e+00 6.137582412582179847e-01 7.894940286586209499e-01 -0.000000000000000000e+00 0.000000000000000000e+00 0.000000000000000000e+00 1.000000000000000000e+00
2.101235200000026448e-01 7.700183066215899874e-01 -6.380217923140395486e-01 0.000000000000000000e+00 6.380217923140395486e-01 7.700183066215899874e-01 -0.000000000000000000e+00 0.000000000000000000e+00 0.000000000000000000e+00 1.000000000000000000e+00
2.150462976070788568e-01 7.499186646253306332e-01 -6.615300419834015955e-01 0.000000000000000000e+00 6.615300419834015955e-01 7.499186646253306332e-01 -0.000000000000000000e+00 0.000000000000000000e+00 0.000000000000000000e+00 1.000000000000000000e+00
2.200681303184248427e-01 7.286755228521993866e-01 -6.848590967462387935e-01 0.000000000000000000e+00 6.848590967462387935e-01 7.286755228521993866e-01 -0.000000000000000000e+00 0.000000000000000000e+00 0.000000000000000000e+00 1.000000000000000000e+00
2.250796751768220638e-01 7.067527051121104131e-01 -7.074606800499336767e-01 0.000000000000000000e+00 7.074606800499336767e-01 7.067527051121104131e-01 -0.000000000000000000e+00 0.000000000000000000e+00 0.000000000000000000e+00 1.000000000000000000e+00
2.300796751768222070e-01 6.841820883374838402e-01 -7.293112298588031450e-01 0.000000000000000000e+00 7.293112298588031450e-01 6.841820883374838402e-01 -0.000000000000000000e+00 0.000000000000000000e+00 0.000000000000000000e+00 1.000000000000000000e+00
2.350796751768223503e-01 6.609362664439722979e-01 -7.504420375346136929e-01 0.000000000000000000e+00 7.504420375346136929e-01 6.609362664439722979e-01 -0.000000000000000000e+00 0.000000000000000000e+00 0.000000000000000000e+00 1.000000000000000000e+00
2.400076751768224770e-01 6.373868313467533353e-01 -7.705439813701392415e-01 0.000000000000000000e+00 7.705439813701392415e-01 6.373868313467533353e-01 -0.000000000000000000e+00 0.000000000000000000e+00 0.000000000000000000e+00 1.000000000000000000e+00
2.450924751768223109e-01 6.124478395989889634e-01 -7.905110016758345459e-01 0.000000000000000000e+00 7.905110016758345459e-01 6.124478395989889634e-01 -0.000000000000000000e+00 0.000000000000000000e+00 0.000000000000000000e+00 1.000000000000000000e+00
2.500924751768224263e-01 5.873150829387585592e-01 -8.093583837538468329e-01 0.000000000000000000e+00 8.093583837538468329e-01 5.873150829387585592e-01 -0.000000000000000000e+00 0.000000000000000000e+00 0.000000000000000000e+00 1.000000000000000000e+00
2.550924751768218757e-01 5.616027171990802813e-01 -8.274070268221135338e-01 0.000000000000000000e+00 8.274070268221135338e-01 5.616027171990802813e-01 -0.000000000000000000e+00 0.000000000000000000e+00 0.000000000000000000e+00 1.000000000000000000e+00
2.600924751768213250e-01 5.353361173806447937e-01 -8.446391190489679346e-01 0.000000000000000000e+00 8.446391190489679346e-01 5.353361173806447937e-01 -0.000000000000000000e+00 0.000000000000000000e+00 0.000000000000000000e+00 1.000000000000000000e+00
2.650924751768213850e-01 5.085412054462634668e-01 -8.610376544398397058e-01 0.000000000000000000e+00 8.610376544398397058e-01 5.085412054462634668e-01 -0.000000000000000000e+00 0.000000000000000000e+00 0.000000000000000000e+00 1.000000000000000000e+00
2.700124751768210318e-01 4.816849843324793601e-01 -8.763444390584212984e-01 0.000000000000000000e+00 8.763444390584212984e-01 4.816849843324793601e-01 -0.000000000000000000e+00 0.000000000000000000e+00 0.000000000000000000e+00 1.000000000000000000e+00
2.750779521746953282e-01 4.535540410359185648e-01 -8.912287763868423918e-01 0.000000000000000000e+00 8.912287763868423918e-01 4.535540410359185648e-01 -0.000000000000000000e+00 0.000000000000000000e+00 0.000000000000000000e+00 1.000000000000000000e+00
2.800370887927987607e-01 4.255684229478608471e-01 -9.049262496964438629e-01 0.000000000000000000e+00 9.049262496964438629e-01 4.255684229478608471e-01 -0.000000000000000000e+00 0.000000000000000000e+00 0.000000000000000000e+00 1.000000000000000000e+00
2.851592039729912154e-01 3.962296547387942347e-01 -9.181514366952631123e-01 0.000000000000000000e+00 9.181514366952631123e-01 3.962296547387942347e-01 -0.000000000000000000e+00 0.000000000000000000e+00 0.000000000000000000e+00 1.000000000000000000e+00
2.901592039729906647e-01 3.671943057476043659e-01 -9.301442586107462329e-01 0.000000000000000000e+00 9.301442586107462329e-01 3.671943057476043659e-01 -0.000000000000000000e+00 0.000000000000000000e+00 0.000000000000000000e+00 1.000000000000000000e+00
2.951592039729901140e-01 3.377965803085479224e-01 -9.412191404406580197e-01 0.000000000000000000e+00 9.412191404406580197e-01 3.377965803085479224e-01 -0.000000000000000000e+00 0.000000000000000000e+00 0.000000000000000000e+00 1.000000000000000000e+00
3.001592039729895633e-01 3.080654904274020001e-01 -9.513651526137187897e-01 0.000000000000000000e+00 9.513651526137187897e-01 3.080654904274020001e-01 -0.000000000000000000e+00 0.000000000000000000e+00 0.000000000000000000e+00 1.000000000000000000e+00
3.051592039729890127e-01 2.780303771004016267e-01 -9.605722822408570005e-01 0.000000000000000000e+00 9.605722822408570005e-01 2.780303771004016267e-01 -0.000000000000000000e+00 0.000000000000000000e+00 0.000000000000000000e+00 1.000000000000000000e+00
3.101592039729884620e-01 2.477208813582179037e-01 -9.688314429967207486e-01 0.000000000000000000e+00 9.688314429967207486e-01 2.477208813582179037e-01 -0.000000000000000000e+00 0.000000000000000000e+00 0.000000000000000000e+00 1.000000000000000000e+00
3.151592039729879113e-01 2.171669150138376692e-01 -9.761344840867844930e-01 0.000000000000000000e+00 9.761344840867844930e-01 2.171669150138376692e-01 -0.000000000000000000e+00 0.000000000000000000e+00 0.000000000000000000e+00 1.000000000000000000e+00
3.201592039729873607e-01 1.863986311432182241e-01 -9.824741982911990856e-01 0.000000000000000000e+00 9.824741982911990856e-01 1.863986311432182241e-01 -0.000000000000000000e+00 0.000000000000000000e+00 0.000000000000000000e+00 1.000000000000000000e+00
3.251592039729868100e-01 1.554463943278403537e-01 -9.878443290774480134e-01 0.000000000000000000e+00 9.878443290774480134e-01 1.554463943278403537e-01 -0.000000000000000000e+00 0.000000000000000000e+00 0.000000000000000000e+00 1.000000000000000000e+00
3.301592039729862593e-01 1.243407506885315789e-01 -9.922395767747889117e-01 0.000000000000000000e+00 9.922395767747889117e-01 1.243407506885315789e-01 -0.000000000000000000e+00 0.000000000000000000e+00 0.000000000000000000e+00 1.000000000000000000e+00
3.351592039729857087e-01 9.311239774013356507e-02 -9.956556038043893331e-01 0.000000000000000000e+00 9.956556038043893331e-01 9.311239774013356507e-02 -0.000000000000000000e+00 0.000000000000000000e+00 0.000000000000000000e+00 1.000000000000000000e+00
3.401592039729851580e-01 6.179215409676205861e-02 -9.980890389599929025e-01 0.000000000000000000e+00 9.980890389599929025e-01 6.179215409676205861e-02 -0.000000000000000000e+00 0.000000000000000000e+00 0.000000000000000000e+00 1.000000000000000000e+00
3.451592039729846073e-01 3.041092905755467951e-02 -9.995374807348931245e-01 0.000000000000000000e+00 9.995374807348931245e-01 3.041092905755467951e-02 -0.000000000000000000e+00 0.000000000000000000e+00 0.000000000000000000e+00 1.000000000000000000e+00
3.501592039729840566e-01 -1.000307897076976480e-03 -9.999994996919303603e-01 0.000000000000000000e+00 9.999994996919303603e-01 -1.000307897076976480e-03 -0.000000000000000000e+00 0.000000000000000000e+00 0.000000000000000000e+00 1.000000000000000000e+00
3.550952039729839971e-01 -3.200864245914773060e-02 -9.994875921230451654e-01 0.000000000000000000e+00 9.994875921230451654e-01 -3.200864245914773060e-02 -0.000000000000000000e+00 0.000000000000000000e+00 0.000000000000000000e+00 1.000000000000000000e+00
3.600712039729835889e-01 -6.323701816979562795e-02 -9.979985368391042222e-01 0.000000000000000000e+00 9.979985368391042222e-01 -6.323701816979562795e-02 -0.000000000000000000e+00 0.000000000000000000e+00 0.000000000000000000e+00 1.000000000000000000e+00
3.650712039729830383e-01 -9.455370611965208116e-02 -9.955197620635354294e-01 0.000000000000000000e+00 9.955197620635354294e-01 -9.455370611965208116e-02 -0.000000000000000000e+00 0.000000000000000000e+00 0.000000000000000000e+00 1.000000000000000000e+00
3.700712039729824876e-01 -1.257770809771757425e-01 -9.920585294733677006e-01 0.000000000000000000e+00 9.920585294733677006e-01 -1.257770809771757425e-01 -0.000000000000000000e+00 0.000000000000000000e+00 0.000000000000000000e+00 1.000000000000000000e+00
3.750152039729823805e-01 -1.565288175807555138e-01 -9.876733920010047907e-01 0.000000000000000000e+00 9.876733920010047907e-01 -1.565288175807555138e-01 -0.000000000000000000e+00 0.000000000000000000e+00 0.000000000000000000e+00 1.000000000000000000e+00
3.800507763034784436e-01 -1.876946909470718905e-01 -9.822274191806514843e-01 0.000000000000000000e+00 9.822274191806514843e-01 -1.876946909470718905e-01 -0.000000000000000000e+00 0.000000000000000000e+00 0.000000000000000000e+00 1.000000000000000000e+00
3.850501981224140335e-01 -2.184510386940702598e-01 -9.758479101240531417e-01 0.000000000000000000e+00 9.758479101240531417e-01 -2.184510386940702598e-01 -0.000000000000000000e+00 0.000000000000000000e+00 0.000000000000000000e+00 1.000000000000000000e+00
3.901460287317845554e-01 -2.495784821885870530e-01 -9.683545741248096306e-01 0.000000000000000000e+00 9.683545741248096306e-01 -2.495784821885870530e-01 -0.000000000000000000e+00 0.000000000000000000e+00 0.000000000000000000e+00 1.000000000000000000e+00
3.951460287317840048e-01 -2.798720825036494220e-01 -9.600373000228016318e-01 0.000000000000000000e+00 9.600373000228016318e-01 -2.798720825036494220e-01 -0.000000000000000000e+00 0.000000000000000000e+00 0.000000000000000000e+00 1.000000000000000000e+00
4.001460287317834541e-01 -3.098894828626462816e-01 -9.507725850123791567e-01 0.000000000000000000e+00 9.507725850123791567e-01 -3.098894828626462816e-01 -0.000000000000000000e+00 0.000000000000000000e+00 0.000000000000000000e+00 1.000000000000000000e+00
4.051460287317829034e-01 -3.396010597154685007e-01 -9.405695722487150690e-01 0.000000000000000000e+00 9.405695722487150690e-01 -3.396010597154685007e-01 -0.000000000000000000e+00 0.000000000000000000e+00 0.000000000000000000e+00 1.000000000000000000e+00
4.101460287317823528e-01 -3.689774913228852649e-01 -9.294383308735820748e-01 0.000000000000000000e+00 9.294383308735820748e-01 -3.689774913228852649e-01 -0.000000000000000000e+00 0.000000000000000000e+00 0.000000000000000000e+00 1.000000000000000000e+00
4.151460287317818021e-01 -3.979897866935579454e-01 -9.173898460783267428e-01 0.000000000000000000e+00 9.173898460783267428e-01 -3.979897866935579454e-01 -0.000000000000000000e+00 0.000000000000000000e+00 0.000000000000000000e+00 1.000000000000000000e+00
4.201460287317812514e-01 -4.266093141946534217e-01 -9.044360082628108977e-01 0.000000000000000000e+00 9.044360082628108977e-01 -4.266093141946534217e-01 -0.000000000000000000e+00 0.000000000000000000e+00 0.000000000000000000e+00 1.000000000000000000e+00
4.251460287317807007e-01 -4.548078298078059856e-01 -8.905896013010221601e-01 0.000000000000000000e+00 8.905896013010221601e-01 -4.548078298078059856e-01 -0.000000000000000000e+00 0.000000000000000000e+00 0.000000000000000000e+00 1.000000000000000000e+00
4.301460287317801501e-01 -4.825575050025530111e-01 -8.758642899249351466e-01 0.000000000000000000e+00 8.758642899249351466e-01 -4.825575050025530111e-01 -0.000000000000000000e+00 0.000000000000000000e+00 0.000000000000000000e+00 1.000000000000000000e+00
4.350942792738603515e-01 -5.095512077325665690e-01 -8.604403330262260230e-01 0.000000000000000000e+00 8.604403330262260230e-01 -5.095512077325665690e-01 -0.000000000000000000e+00 0.000000000000000000e+00 0.000000000000000000e+00 1.000000000000000000e+00
4.400700096236946912e-01 -5.361981489979422699e-01 -8.440921424887098956e-01 0.000000000000000000e+00 8.440921424887098956e-01 -5.361981489979422699e-01 -0.000000000000000000e+00 0.000000000000000000e+00 0.000000000000000000e+00 1.000000000000000000e+00
4.450214571018022980e-01 -5.621948788754619342e-01 -8.270047872692181112e-01 0.000000000000000000e+00 8.270047872692181112e-01 -5.621948788754619342e-01 -0.000000000000000000e+00 0.000000000000000000e+00 0.000000000000000000e+00 1.000000000000000000e+00
4.500214571018017473e-01 -5.878943177694115896e-01 -8.089377424341369638e-01 0.000000000000000000e+00 8.089377424341369638e-01 -5.878943177694115896e-01 -0.000000000000000000e+00 0.000000000000000000e+00 0.000000000000000000e+00 1.000000000000000000e+00
4.550214571018011966e-01 -6.130135759490635827e-01 -7.900723737115110668e-01 0.000000000000000000e+00 7.900723737115110668e-01 -6.130135759490635827e-01 -0.000000000000000000e+00 0.000000000000000000e+00 0.000000000000000000e+00 1.000000000000000000e+00
4.600054571018008520e-01 -6.374504087180724587e-01 -7.704913863406667174e-01 0.000000000000000000e+00 7.704913863406667174e-01 -6.374504087180724587e-01 -0.000000000000000000e+00 0.000000000000000000e+00 0.000000000000000000e+00 1.000000000000000000e+00
4.651414571018006594e-01 -6.619783036349767835e-01 -7.495229986575185910e-01 0.000000000000000000e+00 7.495229986575185910e-01 -6.619783036349767835e-01 -0.000000000000000000e+00 0.000000000000000000e+00 0.000000000000000000e+00 1.000000000000000000e+00
4.701414571018001087e-01 -6.851947436372823885e-01 -7.283599132927613962e-01 0.000000000000000000e+00 7.283599132927613962e-01 -6.851947436372823885e-01 -0.000000000000000000e+00 0.000000000000000000e+00 0.000000000000000000e+00 1.000000000000000000e+00
4.751414571017995581e-01 -7.077349791521824196e-01 -7.064780246295422339e-01 0.000000000000000000e+00 7.064780246295422339e-01 -7.077349791521824196e-01 -0.000000000000000000e+00 0.000000000000000000e+00 0.000000000000000000e+00 1.000000000000000000e+00
4.801414571017990074e-01 -7.295767656885389085e-01 -6.838989274501392490e-01 0.000000000000000000e+00 6.838989274501392490e-01 -7.295767656885389085e-01 -0.000000000000000000e+00 0.000000000000000000e+00 0.000000000000000000e+00 1.000000000000000000e+00
4.851414571017984567e-01 -7.506985480400309996e-01 -6.606449045974617240e-01 0.000000000000000000e+00 6.606449045974617240e-01 -7.506985480400309996e-01 -0.000000000000000000e+00 0.000000000000000000e+00 0.000000000000000000e+00 1.000000000000000000e+00
4.901414571017979060e-01 -7.710794815575418015e-01 -6.367389049845721960e-01 0.000000000000000000e+00 6.367389049845721960e-01 -7.710794815575418015e-01 -0.000000000000000000e+00 0.000000000000000000e+00 0.000000000000000000e+00 1.000000000000000000e+00
4.951414571017973554e-01 -7.906994527203100587e-01 -6.122045209468827132e-01 0.000000000000000000e+00 6.122045209468827132e-01 -7.906994527203100587e-01 -0.000000000000000000e+00 0.000000000000000000e+00 0.000000000000000000e+00 1.000000000000000000e+00
5.001414571017968047e-01 -8.095390989855447694e-01 -5.870659649593666929e-01 0.000000000000000000e+00 5.870659649593666929e-01 -8.095390989855447694e-01 -0.000000000000000000e+00 0.000000000000000000e+00 0.000000000000000000e+00 1.000000000000000000e+00
5.051414571017962540e-01 -8.275798278969213051e-01 -5.613480457417683311e-01 0.000000000000000000e+00 5.613480457417683311e-01 -8.275798278969213051e-01 -0.000000000000000000e+00 0.000000000000000000e+00 0.000000000000000000e+00 1.000000000000000000e+00
5.100614571017962895e-01 -8.445347701143739449e-01 -5.355007208845398159e-01 0.000000000000000000e+00 5.355007208845398159e-01 -8.445347701143739449e-01 -0.000000000000000000e+00 0.000000000000000000e+00 0.000000000000000000e+00 1.000000000000000000e+00
5.151734571017956288e-01 -8.612963011610171860e-01 -5.081030226305981445e-01 0.000000000000000000e+00 5.081030226305981445e-01 -8.612963011610171860e-01 -0.000000000000000000e+00 0.000000000000000000e+00 0.000000000000000000e+00 1.000000000000000000e+00
5.201734571017950781e-01 -8.768312050598922047e-01 -4.807983338502917481e-01 0.000000000000000000e+00 4.807983338502917481e-01 -8.768312050598922047e-01 -0.000000000000000000e+00 0.000000000000000000e+00 0.000000000000000000e+00 1.000000000000000000e+00
5.250358571017947895e-01 -8.911087841880580562e-01 -4.537897472870899840e-01 0.000000000000000000e+00 4.537897472870899840e-01 -8.911087841880580562e-01 -0.000000000000000000e+00 0.000000000000000000e+00 0.000000000000000000e+00 1.000000000000000000e+00
5.300012971017946661e-01 -9.048305225077903913e-01 -4.257719172729440005e-01 0.000000000000000000e+00 4.257719172729440005e-01 -9.048305225077903913e-01 -0.000000000000000000e+00 0.000000000000000000e+00 0.000000000000000000e+00 1.000000000000000000e+00
5.350012971017941155e-01 -9.177578623813809067e-01 -3.971404109847773700e-01 0.000000000000000000e+00 3.971404109847773700e-01 -9.177578623813809067e-01 -0.000000000000000000e+00 0.000000000000000000e+00 0.000000000000000000e+00 1.000000000000000000e+00
5.400012971017935648e-01 -9.297794860470511846e-01 -3.681169750583113132e-01 0.000000000000000000e+00 3.681169750583113132e-01 -9.297794860470511846e-01 -0.000000000000000000e+00 0.000000000000000000e+00 0.000000000000000000e+00 1.000000000000000000e+00
5.451212971017935782e-01 -9.411386587415637717e-01 -3.380207464374490045e-01 0.000000000000000000e+00 3.380207464374490045e-01 -9.411386587415637717e-01 -0.000000000000000000e+00 0.000000000000000000e+00 0.000000000000000000e+00 1.000000000000000000e+00
5.500412971017935027e-01 -9.511366671863630273e-01 -3.087702063567946964e-01 0.000000000000000000e+00 3.087702063567946964e-01 -9.511366671863630273e-01 -0.000000000000000000e+00 0.000000000000000000e+00 0.000000000000000000e+00 1.000000000000000000e+00
5.550412971017930630e-01 -9.603660452195440511e-01 -2.787419221957349591e-01 0.000000000000000000e+00 2.787419221957349591e-01 -9.603660452195440511e-01 -0.000000000000000000e+00 0.000000000000000000e+00 0.000000000000000000e+00 1.000000000000000000e+00
5.600412971017925123e-01 -9.686476579124907449e-01 -2.484385534103886461e-01 0.000000000000000000e+00 2.484385534103886461e-01 -9.686476579124907449e-01 -0.000000000000000000e+00 0.000000000000000000e+00 0.000000000000000000e+00 1.000000000000000000e+00
5.650412971017919617e-01 -9.759733323133270577e-01 -2.178900057671767920e-01 0.000000000000000000e+00 2.178900057671767920e-01 -9.759733323133270577e-01 -0.000000000000000000e+00 0.000000000000000000e+00 0.000000000000000000e+00 1.000000000000000000e+00
5.700412971017914110e-01 -9.823358388658586238e-01 -1.871264269944515612e-01 0.000000000000000000e+00 1.871264269944515612e-01 -9.823358388658586238e-01 -0.000000000000000000e+00 0.000000000000000000e+00 0.000000000000000000e+00 1.000000000000000000e+00
5.750412971017908603e-01 -9.877288985442730374e-01 -1.561781770303301564e-01 0.000000000000000000e+00 1.561781770303301564e-01 -9.877288985442730374e-01 -0.000000000000000000e+00 0.000000000000000000e+00 0.000000000000000000e+00 1.000000000000000000e+00
5.800412971017903097e-01 -9.921471890497792767e-01 -1.250757980611001130e-01 0.000000000000000000e+00 1.250757980611001130e-01 -9.921471890497792767e-01 -0.000000000000000000e+00 0.000000000000000000e+00 0.000000000000000000e+00 1.000000000000000000e+00
5.850412971017897590e-01 -9.955863500630758312e-01 -9.384998437976746488e-02 0.000000000000000000e+00 9.384998437976746488e-02 -9.955863500630758312e-01 -0.000000000000000000e+00 0.000000000000000000e+00 0.000000000000000000e+00 1.000000000000000000e+00
5.900412971017892083e-01 -9.980429875474569057e-01 -6.253155209449835772e-02 0.000000000000000000e+00 6.253155209449835772e-02 -9.980429875474569057e-01 -0.000000000000000000e+00 0.000000000000000000e+00 0.000000000000000000e+00 1.000000000000000000e+00
5.950412971017886576e-01 -9.995146770983189821e-01 -3.115140871683733104e-02 0.000000000000000000e+00 3.115140871683733104e-02 -9.995146770983189821e-01 -0.000000000000000000e+00 0.000000000000000000e+00 0.000000000000000000e+00 1.000000000000000000e+00
6.000412971017881070e-01 -9.999999663357542756e-01 2.594773402720527045e-04 0.000000000000000000e+00 -2.594773402720527045e-04 -9.999999663357542756e-01 -0.000000000000000000e+00 0.000000000000000000e+00 -0.000000000000000000e+00 1.000000000000000000e+00
6.051612971017881204e-01 -9.994742135397666205e-01 3.242370227264816662e-02 0.000000000000000000e+00 -3.242370227264816662e-02 -9.994742135397666205e-01 -0.000000000000000000e+00 0.000000000000000000e+00 -0.000000000000000000e+00 1.000000000000000000e+00
6.101612971017875697e-01 -9.979625802488698572e-01 6.380194685915320518e-02 0.000000000000000000e+00 -6.380194685915320518e-02 -9.979625802488698572e-01 -0.000000000000000000e+00 0.000000000000000000e+00 -0.000000000000000000e+00 1.000000000000000000e+00
6.151612971017870191e-01 -9.954660783767499410e-01 9.511722662701022069e-02 0.000000000000000000e+00 -9.511722662701022069e-02 -9.954660783767499410e-01 -0.000000000000000000e+00 0.000000000000000000e+00 -0.000000000000000000e+00 1.000000000000000000e+00
6.201372971017873326e-01 -9.920062118082477731e-01 1.261890475986314764e-01 0.000000000000000000e+00 -1.261890475986314764e-01 -9.920062118082477731e-01 -0.000000000000000000e+00 0.000000000000000000e+00 -0.000000000000000000e+00 1.000000000000000000e+00
6.251212971017867659e-01 -9.875688300216065585e-01 1.571871685913169836e-01 0.000000000000000000e+00 -1.571871685913169836e-01 -9.875688300216065585e-01 -0.000000000000000000e+00 0.000000000000000000e+00 -0.000000000000000000e+00 1.000000000000000000e+00
6.301212971017862152e-01 -9.821441561365115147e-01 1.881298928052100861e-01 0.000000000000000000e+00 -1.881298928052100861e-01 -9.821441561365115147e-01 -0.000000000000000000e+00 0.000000000000000000e+00 -0.000000000000000000e+00 1.000000000000000000e+00
6.351212971017856646e-01 -9.757502245450111467e-01 2.188869555281012513e-01 0.000000000000000000e+00 -2.188869555281012513e-01 -9.757502245450111467e-01 -0.000000000000000000e+00 0.000000000000000000e+00 -0.000000000000000000e+00 1.000000000000000000e+00
6.401212971017851139e-01 -9.683933452856368085e-01 2.494280032524290869e-01 0.000000000000000000e+00 -2.494280032524290869e-01 -9.683933452856368085e-01 -0.000000000000000000e+00 0.000000000000000000e+00 -0.000000000000000000e+00 1.000000000000000000e+00
6.451212971017845632e-01 -9.600807787100111845e-01 2.797228956513546083e-01 0.000000000000000000e+00 -2.797228956513546083e-01 -9.600807787100111845e-01 -0.000000000000000000e+00 0.000000000000000000e+00 -0.000000000000000000e+00 1.000000000000000000e+00
6.500012971017845587e-01 -9.510539977964254099e-01 3.090247454095498281e-01 0.000000000000000000e+00 -3.090247454095498281e-01 -9.510539977964254099e-01 -0.000000000000000000e+00 0.000000000000000000e+00 -0.000000000000000000e+00 1.000000000000000000e+00
6.550332971017840400e-01 -9.408098803731692605e-01 3.389347562470136910e-01 0.000000000000000000e+00 -3.389347562470136910e-01 -9.408098803731692605e-01 -0.000000000000000000e+00 0.000000000000000000e+00 -0.000000000000000000e+00 1.000000000000000000e+00
6.601772971017841884e-01 -9.293658217874229965e-01 3.691600862679874084e-01 0.000000000000000000e+00 -3.691600862679874084e-01 -9.293658217874229965e-01 -0.000000000000000000e+00 0.000000000000000000e+00 -0.000000000000000000e+00 1.000000000000000000e+00
6.651132971017835738e-01 -9.174716768174046022e-01 3.978011088947086549e-01 0.000000000000000000e+00 -3.978011088947086549e-01 -9.174716768174046022e-01 -0.000000000000000000e+00 0.000000000000000000e+00 -0.000000000000000000e+00 1.000000000000000000e+00
6.701132971017830231e-01 -9.045237251362416853e-01 4.264232998625385740e-01 0.000000000000000000e+00 -4.264232998625385740e-01 -9.045237251362416853e-01 -0.000000000000000000e+00 0.000000000000000000e+00 -0.000000000000000000e+00 1.000000000000000000e+00
6.751132971017824724e-01 -8.906831177428420343e-01 4.546246625161135535e-01 0.000000000000000000e+00 -4.546246625161135535e-01 -8.906831177428420343e-01 -0.000000000000000000e+00 0.000000000000000000e+00 -0.000000000000000000e+00 1.000000000000000000e+00
6.801132971017819218e-01 -8.759635136457066817e-01 4.823773655152854833e-01 0.000000000000000000e+00 -4.823773655152854833e-01 -8.759635136457066817e-01 -0.000000000000000000e+00 0.000000000000000000e+00 -0.000000000000000000e+00 1.000000000000000000e+00
6.851132971017813711e-01 -8.603794393169599264e-01 5.096540202928194763e-01 0.000000000000000000e+00 -5.096540202928194763e-01 -8.603794393169599264e-01 -0.000000000000000000e+00 0.000000000000000000e+00 -0.000000000000000000e+00 1.000000000000000000e+00
6.901132971017808204e-01 -8.439462743564760672e-01 5.364277080836000744e-01 0.000000000000000000e+00 -5.364277080836000744e-01 -8.439462743564760672e-01 -0.000000000000000000e+00 0.000000000000000000e+00 -0.000000000000000000e+00 1.000000000000000000e+00
6.951132971017802697e-01 -8.266802363140710597e-01 5.626720064902039908e-01 0.000000000000000000e+00 -5.626720064902039908e-01 -8.266802363140710597e-01 -0.000000000000000000e+00 0.000000000000000000e+00 -0.000000000000000000e+00 1.000000000000000000e+00
7.001132971017797191e-01 -8.085983646847386686e-01 5.883610155586167512e-01 0.000000000000000000e+00 -5.883610155586167512e-01 -8.085983646847386686e-01 -0.000000000000000000e+00 0.000000000000000000e+00 -0.000000000000000000e+00 1.000000000000000000e+00
7.051132971017791684e-01 -7.897185040927257038e-01 6.134693833383599859e-01 0.000000000000000000e+00 -6.134693833383599859e-01 -7.897185040927257038e-01 -0.000000000000000000e+00 0.000000000000000000e+00 -0.000000000000000000e+00 1.000000000000000000e+00
7.101132971017786177e-01 -7.700592866810445081e-01 6.379723309018041633e-01 0.000000000000000000e+00 -6.379723309018041633e-01 -7.700592866810445081e-01 -0.000000000000000000e+00 0.000000000000000000e+00 -0.000000000000000000e+00 1.000000000000000000e+00
7.151132971017780671e-01 -7.496401137237929113e-01 6.618456767979817856e-01 0.000000000000000000e+00 -6.618456767979817856e-01 -7.496401137237929113e-01 -0.000000000000000000e+00 0.000000000000000000e+00 -0.000000000000000000e+00 1.000000000000000000e+00
7.201132971017775164e-01 -7.284811364794444577e-01 6.850658609167565860e-01 0.000000000000000000e+00 -6.850658609167565860e-01 -7.284811364794444577e-01 -0.000000000000000000e+00 0.000000000000000000e+00 -0.000000000000000000e+00 1.000000000000000000e+00
7.251292971017778699e-01 -7.065320960206258327e-01 7.076809996691315607e-01 0.000000000000000000e+00 -7.076809996691315607e-01 -7.065320960206258327e-01 -0.000000000000000000e+00 0.000000000000000000e+00 -0.000000000000000000e+00 1.000000000000000000e+00
7.300828971017770952e-01 -6.841673240560970370e-01 7.293250802583983727e-01 0.000000000000000000e+00 -7.293250802583983727e-01 -6.841673240560970370e-01 -0.000000000000000000e+00 0.000000000000000000e+00 -0.000000000000000000e+00 1.000000000000000000e+00
7.350093529097770917e-01 -6.612677831056807953e-01 7.501499310314562186e-01 0.000000000000000000e+00 -7.501499310314562186e-01 -6.612677831056807953e-01 -0.000000000000000000e+00 0.000000000000000000e+00 -0.000000000000000000e+00 1.000000000000000000e+00
7.400453810594005422e-01 -6.372042615381144914e-01 7.706949650008532160e-01 0.000000000000000000e+00 -7.706949650008532160e-01 -6.372042615381144914e-01 -0.000000000000000000e+00 0.000000000000000000e+00 -0.000000000000000000e+00 1.000000000000000000e+00
7.451203824541919873e-01 -6.123092167718491297e-01 7.906183801659589783e-01 0.000000000000000000e+00 -7.906183801659589783e-01 -6.123092167718491297e-01 -0.000000000000000000e+00 0.000000000000000000e+00 -0.000000000000000000e+00 1.000000000000000000e+00
7.501979904290175805e-01 -5.867783720551547066e-01 8.097475792420145702e-01 0.000000000000000000e+00 -8.097475792420145702e-01 -5.867783720551547066e-01 -0.000000000000000000e+00 0.000000000000000000e+00 -0.000000000000000000e+00 1.000000000000000000e+00
7.551979904290170298e-01 -5.610540462241857540e-01 8.277791717695421880e-01 0.000000000000000000e+00 -8.277791717695421880e-01 -5.610540462241857540e-01 -0.000000000000000000e+00 0.000000000000000000e+00 -0.000000000000000000e+00 1.000000000000000000e+00
7.601979904290164791e-01 -5.347760277864694878e-01 8.449938461935240230e-01 0.000000000000000000e+00 -8.449938461935240230e-01 -5.347760277864694878e-01 -0.000000000000000000e+00 0.000000000000000000e+00 -0.000000000000000000e+00 1.000000000000000000e+00
7.651979904290159284e-01 -5.079702499736205024e-01 8.613746137086566446e-01 0.000000000000000000e+00 -8.613746137086566446e-01 -5.079702499736205024e-01 -0.000000000000000000e+00 0.000000000000000000e+00 -0.000000000000000000e+00 1.000000000000000000e+00
7.701979904290153778e-01 -4.806631668520390810e-01 8.769053084750761951e-01 0.000000000000000000e+00 -8.769053084750761951e-01 -4.806631668520390810e-01 -0.000000000000000000e+00 0.000000000000000000e+00 -0.000000000000000000e+00 1.000000000000000000e+00
7.751979904290148271e-01 -4.528817272159414431e-01 8.915706035720925016e-01 0.000000000000000000e+00 -8.915706035720925016e-01 -4.528817272159414431e-01 -0.000000000000000000e+00 0.000000000000000000e+00 -0.000000000000000000e+00 1.000000000000000000e+00
7.801979904290142764e-01 -4.246533479921561494e-01 9.053560261240063411e-01 0.000000000000000000e+00 -9.053560261240063411e-01 -4.246533479921561494e-01 -0.000000000000000000e+00 0.000000000000000000e+00 -0.000000000000000000e+00 1.000000000000000000e+00
7.851579904290137968e-01 -3.962366555600787543e-01 9.181484154484846893e-01 0.000000000000000000e+00 -9.181484154484846893e-01 -3.962366555600787543e-01 -0.000000000000000000e+00 0.000000000000000000e+00 -0.000000000000000000e+00 1.000000000000000000e+00
7.900779904290141653e-01 -3.676688916972526977e-01 9.299567657037146606e-01 0.000000000000000000e+00 -9.299567657037146606e-01 -3.676688916972526977e-01 -0.000000000000000000e+00 0.000000000000000000e+00 -0.000000000000000000e+00 1.000000000000000000e+00
7.951819904290141627e-01 -3.376618210665695008e-01 9.412674936456735253e-01 0.000000000000000000e+00 -9.412674936456735253e-01 -3.376618210665695008e-01 -0.000000000000000000e+00 0.000000000000000000e+00 -0.000000000000000000e+00 1.000000000000000000e+00
8.001819904290136121e-01 -3.079292788701007977e-01 9.514092490692636073e-01 0.000000000000000000e+00 -9.514092490692636073e-01 -3.079292788701007977e-01 -0.000000000000000000e+00 0.000000000000000000e+00 -0.000000000000000000e+00 1.000000000000000000e+00
8.051819904290130614e-01 -2.778928476521405622e-01 9.606120784290526071e-01 0.000000000000000000e+00 -9.606120784290526071e-01 -2.778928476521405622e-01 -0.000000000000000000e+00 0.000000000000000000e+00 -0.000000000000000000e+00 1.000000000000000000e+00
8.101019904290130969e-01 -2.480691440676349169e-01 9.687423288788155062e-01 0.000000000000000000e+00 -9.687423288788155062e-01 -2.480691440676349169e-01 -0.000000000000000000e+00 0.000000000000000000e+00 -0.000000000000000000e+00 1.000000000000000000e+00
8.151019904290125462e-01 -2.175178050187191736e-01 9.760563531373783741e-01 0.000000000000000000e+00 -9.760563531373783741e-01 -2.175178050187191736e-01 -0.000000000000000000e+00 0.000000000000000000e+00 -0.000000000000000000e+00 1.000000000000000000e+00
8.201019904290119955e-01 -1.867518021574928189e-01 9.824071276161063793e-01 0.000000000000000000e+00 -9.824071276161063793e-01 -1.867518021574928189e-01 -0.000000000000000000e+00 0.000000000000000000e+00 -0.000000000000000000e+00 1.000000000000000000e+00
8.251019904290114448e-01 -1.558014978143553719e-01 9.877883848673274514e-01 0.000000000000000000e+00 -9.877883848673274514e-01 -1.558014978143553719e-01 -0.000000000000000000e+00 0.000000000000000000e+00 -0.000000000000000000e+00 1.000000000000000000e+00
8.301531904290114783e-01 -1.243782415894431476e-01 9.922348779493279647e-01 0.000000000000000000e+00 -9.922348779493279647e-01 -1.243782415894431476e-01 -0.000000000000000000e+00 0.000000000000000000e+00 -0.000000000000000000e+00 1.000000000000000000e+00
8.351938304290112969e-01 -9.289577628452343194e-02 9.956758381865533636e-01 0.000000000000000000e+00 -9.956758381865533636e-01 -9.289577628452343194e-02 -0.000000000000000000e+00 0.000000000000000000e+00 -0.000000000000000000e+00 1.000000000000000000e+00
8.400418304290115934e-01 -6.252820765831568206e-02 9.980431970846946887e-01 0.000000000000000000e+00 -9.980431970846946887e-01 -6.252820765831568206e-02 -0.000000000000000000e+00 0.000000000000000000e+00 -0.000000000000000000e+00 1.000000000000000000e+00
8.450937958690111218e-01 -3.082170763357154272e-02 9.995248983084669137e-01 0.000000000000000000e+00 -9.995248983084669137e-01 -3.082170763357154272e-02 -0.000000000000000000e+00 0.000000000000000000e+00 -0.000000000000000000e+00 1.000000000000000000e+00
8.500126071647559067e-01 7.921315227528553623e-05 9.999999968626380742e-01 0.000000000000000000e+00 -9.999999968626380742e-01 7.921315227528553623e-05 -0.000000000000000000e+00 -0.000000000000000000e+00 0.000000000000000000e+00 1.000000000000000000e+00
8.550535673303988338e-01 3.174716467726381580e-02 9.994959317250646791e-01 0.000000000000000000e+00 -9.994959317250646791e-01 3.174716467726381580e-02 -0.000000000000000000e+00 -0.000000000000000000e+00 0.000000000000000000e+00 1.000000000000000000e+00
8.600882654337240751e-01 6.334400356818693789e-02 9.979917520761149019e-01 0.000000000000000000e+00 -9.979917520761149019e-01 6.334400356818693789e-02 -0.000000000000000000e+00 -0.000000000000000000e+00 0.000000000000000000e+00 1.000000000000000000e+00
8.651726128284700224e-01 9.518800283775309679e-02 9.954593131392963645e-01 0.000000000000000000e+00 -9.954593131392963645e-01 9.518800283775309679e-02 -0.000000000000000000e+00 -0.000000000000000000e+00 0.000000000000000000e+00 1.000000000000000000e+00
8.701646128284694637e-01 1.263593035397287401e-01 9.919845394001634009e-01 0.000000000000000000e+00 -9.919845394001634009e-01 1.263593035397287401e-01 -0.000000000000000000e+00 -0.000000000000000000e+00 0.000000000000000000e+00 1.000000000000000000e+00
8.751646128284689130e-01 1.574559402275274855e-01 9.875260132710759198e-01 0.000000000000000000e+00 -9.875260132710759198e-01 1.574559402275274855e-01 -0.000000000000000000e+00 -0.000000000000000000e+00 0.000000000000000000e+00 1.000000000000000000e+00
8.801646128284683623e-01 1.883971869122068321e-01 9.820929181923506723e-01 0.000000000000000000e+00 -9.820929181923506723e-01 1.883971869122068321e-01 -0.000000000000000000e+00 -0.000000000000000000e+00 0.000000000000000000e+00 1.000000000000000000e+00
8.851326128284687789e-01 2.189563296523158731e-01 9.757346594772509096e-01 0.000000000000000000e+00 -9.757346594772509096e-01 2.189563296523158731e-01 -0.000000000000000000e+00 -0.000000000000000000e+00 0.000000000000000000e+00 1.000000000000000000e+00
8.900324528284681014e-01 2.488873830108583596e-01 9.685324313506525895e-01 0.000000000000000000e+00 -9.685324313506525895e-01 2.488873830108583596e-01 -0.000000000000000000e+00 -0.000000000000000000e+00 0.000000000000000000e+00 1.000000000000000000e+00
8.951972528284680708e-01 2.801810564796791136e-01 9.599471733329554279e-01 0.000000000000000000e+00 -9.599471733329554279e-01 2.801810564796791136e-01 -0.000000000000000000e+00 -0.000000000000000000e+00 0.000000000000000000e+00 1.000000000000000000e+00
9.001172528284681063e-01 3.097175739954224349e-01 9.508285988328233351e-01 0.000000000000000000e+00 -9.508285988328233351e-01 3.097175739954224349e-01 -0.000000000000000000e+00 -0.000000000000000000e+00 0.000000000000000000e+00 1.000000000000000000e+00
9.051172528284675556e-01 3.394309951115122570e-01 9.406309582177319051e-01 0.000000000000000000e+00 -9.406309582177319051e-01 3.394309951115122570e-01 -0.000000000000000000e+00 -0.000000000000000000e+00 0.000000000000000000e+00 1.000000000000000000e+00
9.101172528284673380e-01 3.688094388154309899e-01 9.295050284106303184e-01 0.000000000000000000e+00 -9.295050284106303184e-01 3.688094388154309899e-01 -0.000000000000000000e+00 -0.000000000000000000e+00 0.000000000000000000e+00 1.000000000000000000e+00
9.151604528284671414e-01 3.980729274331893386e-01 9.173537727860341384e-01 0.000000000000000000e+00 -9.173537727860341384e-01 3.980729274331893386e-01 -0.000000000000000000e+00 -0.000000000000000000e+00 0.000000000000000000e+00 1.000000000000000000e+00
9.201604528284665907e-01 4.266912808198553009e-01 9.043973412567681835e-01 0.000000000000000000e+00 -9.043973412567681835e-01 4.266912808198553009e-01 -0.000000000000000000e+00 -0.000000000000000000e+00 0.000000000000000000e+00 1.000000000000000000e+00
9.251604528284660400e-01 4.548885414274155825e-01 8.905483787408958740e-01 0.000000000000000000e+00 -8.905483787408958740e-01 4.548885414274155825e-01 -0.000000000000000000e+00 -0.000000000000000000e+00 0.000000000000000000e+00 1.000000000000000000e+00
9.301604528284654894e-01 4.826368819639454966e-01 8.758205524924157492e-01 0.000000000000000000e+00 -8.758205524924157492e-01 4.826368819639454966e-01 -0.000000000000000000e+00 -0.000000000000000000e+00 0.000000000000000000e+00 1.000000000000000000e+00
9.351604528284649387e-01 5.099089181674339999e-01 8.602283970977224747e-01 0.000000000000000000e+00 -8.602283970977224747e-01 5.099089181674339999e-01 -0.000000000000000000e+00 -0.000000000000000000e+00 0.000000000000000000e+00 1.000000000000000000e+00
9.401604528284643880e-01 5.366777358307418533e-01 8.437873001317265365e-01 0.000000000000000000e+00 -8.437873001317265365e-01 5.366777358307418533e-01 -0.000000000000000000e+00 -0.000000000000000000e+00 0.000000000000000000e+00 1.000000000000000000e+00
9.451604528284638373e-01 5.629169173626724643e-01 8.265134869721765254e-01 0.000000000000000000e+00 -8.265134869721765254e-01 5.629169173626724643e-01 -0.000000000000000000e+00 -0.000000000000000000e+00 0.000000000000000000e+00 1.000000000000000000e+00
9.501604528284632867e-01 5.886005678589492085e-01 8.084240047871676937e-01 0.000000000000000000e+00 -8.084240047871676937e-01 5.886005678589492085e-01 -0.000000000000000000e+00 -0.000000000000000000e+00 0.000000000000000000e+00 1.000000000000000000e+00
9.551604528284627360e-01 6.137033406573577654e-01 7.895367057116464693e-01 0.000000000000000000e+00 -7.895367057116464693e-01 6.137033406573577654e-01 -0.000000000000000000e+00 -0.000000000000000000e+00 0.000000000000000000e+00 1.000000000000000000e+00
9.601604528284621853e-01 6.382004623518392483e-01 7.698702292295102056e-01 0.000000000000000000e+00 -7.698702292295102056e-01 6.382004623518392483e-01 -0.000000000000000000e+00 -0.000000000000000000e+00 0.000000000000000000e+00 1.000000000000000000e+00
9.651604528284616347e-01 6.620677572408552036e-01 7.494439837786838199e-01 0.000000000000000000e+00 -7.494439837786838199e-01 6.620677572408552036e-01 -0.000000000000000000e+00 -0.000000000000000000e+00 0.000000000000000000e+00 1.000000000000000000e+00
9.701604528284610840e-01 6.852816711858835674e-01 7.282781275973366775e-01 0.000000000000000000e+00 -7.282781275973366775e-01 6.852816711858835674e-01 -0.000000000000000000e+00 -0.000000000000000000e+00 0.000000000000000000e+00 1.000000000000000000e+00
9.751604528284605333e-01 7.078192948565110720e-01 7.063935488301343879e-01 0.000000000000000000e+00 -7.063935488301343879e-01 7.078192948565110720e-01 -0.000000000000000000e+00 -0.000000000000000000e+00 0.000000000000000000e+00 1.000000000000000000e+00
9.801604528284599827e-01 7.296583863391739033e-01 6.838118449141642463e-01 0.000000000000000000e+00 -6.838118449141642463e-01 7.296583863391739033e-01 -0.000000000000000000e+00 -0.000000000000000000e+00 0.000000000000000000e+00 1.000000000000000000e+00
9.851604528284594320e-01 7.507773930872445600e-01 6.605553012648684996e-01 0.000000000000000000e+00 -6.605553012648684996e-01 7.507773930872445600e-01 -0.000000000000000000e+00 -0.000000000000000000e+00 0.000000000000000000e+00 1.000000000000000000e+00
9.901604528284588813e-01 7.711554731907920290e-01 6.366468692830317133e-01 0.000000000000000000e+00 -6.366468692830317133e-01 7.711554731907920290e-01 -0.000000000000000000e+00 -0.000000000000000000e+00 0.000000000000000000e+00 1.000000000000000000e+00
9.951604528284583306e-01 7.907725159450282870e-01 6.121101437045215476e-01 0.000000000000000000e+00 -6.121101437045215476e-01 7.907725159450282870e-01 -0.000000000000000000e+00 -0.000000000000000000e+00 0.000000000000000000e+00 1.000000000000000000e+00
1.000000000000000000e+00 8.090169943749474513e-01 5.877852522924732481e-01 0.000000000000000000e+00 -5.877852522924732481e-01 8.090169943749474513e-01 -0.000000000000000000e+00 -0.000000000000000000e+00 0.000000000000000000e+00 1.000000000000000000e+00
