time R11 R12 R13 R21 R22 R23 R31 R32 R33
0.000000000000000000e+00 1.000000000000000000e+00 -0.000000000000000000e+00 0.000000000000000000e+00 0.000000000000000000e+00 1.000000000000000000e+00 -0.000000000000000000e+00 0.000000000000000000e+00 0.000000000000000000e+00 1.000000000000000000e+00
5.040000000000002811e-03 9.999999908184984410e-01 1.355101583484544746e-04 0.000000000000000000e+00 -1.355101583484544746e-04 9.999999908184984410e-01 -0.000000000000000000e+00 -0.000000000000000000e+00 0.000000000000000000e+00 1.000000000000000000e+00
1.013600000000001305e-02 9.999999914309890547e-01 1.309122678912512383e-04 0.000000000000000000e+00 -1.309122678912512383e-04 9.999999914309890547e-01 -0.000000000000000000e+00 -0.000000000000000000e+00 0.000000000000000000e+00 1.000000000000000000e+00
1.513600000000002617e-02 9.999999936330637995e-01 1.128444599358683411e-04 0.000000000000000000e+00 -1.128444599358683411e-04 9.999999936330637995e-01 -0.000000000000000000e+00 -0.000000000000000000e+00 0.000000000000000000e+00 1.000000000000000000e+00
2.013600000000000112e-02 9.999999961312789898e-01 8.796273046065456477e-05 0.000000000000000000e+00 -8.796273046065456477e-05 9.999999961312789898e-01 -0.000000000000000000e+00 -0.000000000000000000e+00 0.000000000000000000e+00 1.000000000000000000e+00
2.513599999999997087e-02 9.999999984085672367e-01 5.641688738319616337e-05 0.000000000000000000e+00 -5.641688738319616337e-05 9.999999984085672367e-01 -0.000000000000000000e+00 -0.000000000000000000e+00 0.000000000000000000e+00 1.000000000000000000e+00
3.013599999999994061e-02 9.999999998373001464e-01 1.803883314860381713e-05 0.000000000000000000e+00 -1.803883314860381713e-05 9.999999998373001464e-01 -0.000000000000000000e+00 -0.000000000000000000e+00 0.000000000000000000e+00 1.000000000000000000e+00
3.513599999999991036e-02 9.999999996234156807e-01 -2.744391610383605160e-05 0.000000000000000000e+00 2.744391610383605160e-05 9.999999996234156807e-01 -0.000000000000000000e+00 0.000000000000000000e+00 0.000000000000000000e+00 1.000000000000000000e+00
4.013599999999988011e-02 9.999999968036403786e-01 -7.995448060426653533e-05 0.000000000000000000e+00 7.995448060426653533e-05 9.999999968036403786e-01 -0.000000000000000000e+00 0.000000000000000000e+00 0.000000000000000000e+00 1.000000000000000000e+00
4.513599999999984985e-02 9.999999903047981364e-01 -1.392494289763856173e-04 0.000000000000000000e+00 1.392494289763856173e-04 9.999999903047981364e-01 -0.000000000000000000e+00 0.000000000000000000e+00 0.000000000000000000e+00 1.000000000000000000e+00
5.013599999999981960e-02 9.999999788902875775e-01 -2.054736579613537653e-04 0.000000000000000000e+00 2.054736579613537653e-04 9.999999788902875775e-01 -0.000000000000000000e+00 0.000000000000000000e+00 0.000000000000000000e+00 1.000000000000000000e+00
5.513599999999978934e-02 9.999999613138280674e-01 -2.781588433429808740e-04 0.000000000000000000e+00 2.781588433429808740e-04 9.999999613138280674e-01 -0.000000000000000000e+00 0.000000000000000000e+00 0.000000000000000000e+00 1.000000000000000000e+00
6.013599999999975909e-02 9.999999360588380792e-01 -3.576063753472900376e-04 0.000000000000000000e+00 3.576063753472900376e-04 9.999999360588380792e-01 -0.000000000000000000e+00 0.000000000000000000e+00 0.000000000000000000e+00 1.000000000000000000e+00
6.513599999999981904e-02 9.999999014130711572e-01 -4.440426192194531262e-04 0.000000000000000000e+00 4.440426192194531262e-04 9.999999014130711572e-01 -0.000000000000000000e+00 0.000000000000000000e+00 0.000000000000000000e+00 1.000000000000000000e+00
7.013599999999996226e-02 9.999998554845764831e-01 -5.376158721413725437e-04 0.000000000000000000e+00 5.376158721413725437e-04 9.999998554845764831e-01 -0.000000000000000000e+00 0.000000000000000000e+00 0.000000000000000000e+00 1.000000000000000000e+00
7.513600000000010548e-02 9.999997962001474505e-01 -6.384353243688479932e-04 0.000000000000000000e+00 6.384353243688479932e-04 9.999997962001474505e-01 -0.000000000000000000e+00 0.000000000000000000e+00 0.000000000000000000e+00 1.000000000000000000e+00
8.013600000000024870e-02 9.999997216982511317e-01 -7.460585901713454602e-04 0.000000000000000000e+00 7.460585901713454602e-04 9.999997216982511317e-01 -0.000000000000000000e+00 0.000000000000000000e+00 0.000000000000000000e+00 1.000000000000000000e+00
8.513600000000039192e-02 9.999996291125035075e-01 -8.612635225273893285e-04 0.000000000000000000e+00 8.612635225273893285e-04 9.999996291125035075e-01 -0.000000000000000000e+00 0.000000000000000000e+00 0.000000000000000000e+00 1.000000000000000000e+00
9.007200000000036011e-02 9.999995191632862213e-01 -9.806493746241482130e-04 0.000000000000000000e+00 9.806493746241482130e-04 9.999995191632862213e-01 -0.000000000000000000e+00 0.000000000000000000e+00 0.000000000000000000e+00 1.000000000000000000e+00
9.505600000000048733e-02 9.999993869064205398e-01 -1.107333185117326474e-03 0.000000000000000000e+00 1.107333185117326474e-03 9.999993869064205398e-01 -0.000000000000000000e+00 0.000000000000000000e+00 0.000000000000000000e+00 1.000000000000000000e+00
1.000560000000006305e-01 9.999992292713488773e-01 -1.241554150284048625e-03 0.000000000000000000e+00 1.241554150284048625e-03 9.999992292713488773e-01 -0.000000000000000000e+00 0.000000000000000000e+00 0.000000000000000000e+00 1.000000000000000000e+00
1.050560000000007738e-01 9.999990437102073138e-01 -1.382960111761160141e-03 0.000000000000000000e+00 1.382960111761160141e-03 9.999990437102073138e-01 -0.000000000000000000e+00 0.000000000000000000e+00 0.000000000000000000e+00 1.000000000000000000e+00
1.100560000000009170e-01 9.999988271185145106e-01 -1.531587932515763662e-03 0.000000000000000000e+00 1.531587932515763662e-03 9.999988271185145106e-01 -0.000000000000000000e+00 0.000000000000000000e+00 0.000000000000000000e+00 1.000000000000000000e+00
1.150560000000010602e-01 9.999985746216001337e-01 -1.688417829818847533e-03 0.000000000000000000e+00 1.688417829818847533e-03 9.999985746216001337e-01 -0.000000000000000000e+00 0.000000000000000000e+00 0.000000000000000000e+00 1.000000000000000000e+00
1.200560000000012034e-01 9.999982819989039484e-01 -1.853644852858055223e-03 0.000000000000000000e+00 1.853644852858055223e-03 9.999982819989039484e-01 -0.000000000000000000e+00 0.000000000000000000e+00 0.000000000000000000e+00 1.000000000000000000e+00
1.250560000000013328e-01 9.999979465543910040e-01 -2.026545583368986186e-03 0.000000000000000000e+00 2.026545583368986186e-03 9.999979465543910040e-01 -0.000000000000000000e+00 0.000000000000000000e+00 0.000000000000000000e+00 1.000000000000000000e+00
1.300560000000014760e-01 9.999975559123898128e-01 -2.210920452372737693e-03 0.000000000000000000e+00 2.210920452372737693e-03 9.999975559123898128e-01 -0.000000000000000000e+00 0.000000000000000000e+00 0.000000000000000000e+00 1.000000000000000000e+00
1.351465600000013312e-01 9.999970296270112025e-01 -2.437362745723947212e-03 0.000000000000000000e+00 2.437362745723947212e-03 9.999970296270112025e-01 -0.000000000000000000e+00 0.000000000000000000e+00 0.000000000000000000e+00 1.000000000000000000e+00
1.400995200000014207e-01 9.999963539736117513e-01 -2.700377655661850233e-03 0.000000000000000000e+00 2.700377655661850233e-03 9.999963539736117513e-01 -0.000000000000000000e+00 0.000000000000000000e+00 0.000000000000000000e+00 1.000000000000000000e+00
1.450995200000015639e-01 9.999958324540055843e-01 -2.887052929943916772e-03 0.000000000000000000e+00 2.887052929943916772e-03 9.999958324540055843e-01 -0.000000000000000000e+00 0.000000000000000000e+00 0.000000000000000000e+00 1.000000000000000000e+00
1.500995200000017071e-01 9.999948823612437865e-01 -3.199257933059192899e-03 0.000000000000000000e+00 3.199257933059192899e-03 9.999948823612437865e-01 -0.000000000000000000e+00 0.000000000000000000e+00 0.000000000000000000e+00 1.000000000000000000e+00
1.550995200000018504e-01 9.999942662195733245e-01 -3.386373868454617062e-03 0.000000000000000000e+00 3.386373868454617062e-03 9.999942662195733245e-01 -0.000000000000000000e+00 0.000000000000000000e+00 0.000000000000000000e+00 1.000000000000000000e+00
1.600995200000019936e-01 9.999935556517931534e-01 -3.590077281096805666e-03 0.000000000000000000e+00 3.590077281096805666e-03 9.999935556517931534e-01 -0.000000000000000000e+00 0.000000000000000000e+00 0.000000000000000000e+00 1.000000000000000000e+00
1.650995200000021368e-01 9.999927683718703442e-01 -3.803051927451369611e-03 0.000000000000000000e+00 3.803051927451369611e-03 9.999927683718703442e-01 -0.000000000000000000e+00 0.000000000000000000e+00 0.000000000000000000e+00 1.000000000000000000e+00
1.700675200000021370e-01 9.999919669651871068e-01 -4.008242145400264279e-03 0.000000000000000000e+00 4.008242145400264279e-03 9.999919669651871068e-01 -0.000000000000000000e+00 0.000000000000000000e+00 0.000000000000000000e+00 1.000000000000000000e+00
1.750195200000022322e-01 9.999911042850987419e-01 -4.217979453354783574e-03 0.000000000000000000e+00 4.217979453354783574e-03 9.999911042850987419e-01 -0.000000000000000000e+00 0.000000000000000000e+00 0.000000000000000000e+00 1.000000000000000000e+00
1.800195200000023754e-01 9.999901211271712276e-01 -4.444957599947812164e-03 0.000000000000000000e+00 4.444957599947812164e-03 9.999901211271712276e-01 -0.000000000000000000e+00 0.000000000000000000e+00 0.000000000000000000e+00 1.000000000000000000e+00
1.850995200000023488e-01 9.999889989244763466e-01 -4.690632156088377601e-03 0.000000000000000000e+00 4.690632156088377601e-03 9.999889989244763466e-01 -0.000000000000000000e+00 0.000000000000000000e+00 0.000000000000000000e+00 1.000000000000000000e+00
1.900115200000024318e-01 9.999877698412674709e-01 -4.945722180657806909e-03 0.000000000000000000e+00 4.945722180657806909e-03 9.999877698412674709e-01 -0.000000000000000000e+00 0.000000000000000000e+00 0.000000000000000000e+00 1.000000000000000000e+00
1.951715200000024020e-01 9.999863345638747569e-01 -5.227875812065003666e-03 0.000000000000000000e+00 5.227875812065003666e-03 9.999863345638747569e-01 -0.000000000000000000e+00 0.000000000000000000e+00 0.000000000000000000e+00 1.000000000000000000e+00
2.001715200000025452e-01 9.999847981377798511e-01 -5.513936283962846824e-03 0.000000000000000000e+00 5.513936283962846824e-03 9.999847981377798511e-01 -0.000000000000000000e+00 0.000000000000000000e+00 0.000000000000000000e+00 1.000000000000000000e+00
2.051715200000026884e-01 9.999833257891826976e-01 -5.774785156649087092e-03 0.000000000000000000e+00 5.774785156649087092e-03 9.999833257891826976e-01 -0.000000000000000000e+00 0.000000000000000000e+00 0.000000000000000000e+00 1.000000000000000000e+00
2.101235200000026448e-01 9.999818210917835737e-01 -6.029716905477361562e-03 0.000000000000000000e+00 6.029716905477361562e-03 9.999818210917835737e-01 -0.000000000000000000e+00 0.000000000000000000e+00 0.000000000000000000e+00 1.000000000000000000e+00
2.150462976070788568e-01 9.999801979169292698e-01 -6.293152947373689687e-03 0.000000000000000000e+00 6.293152947373689687e-03 9.999801979169292698e-01 -0.000000000000000000e+00 0.000000000000000000e+00 0.000000000000000000e+00 1.000000000000000000e+00
2.200681303184248427e-01 9.999785200577814281e-01 -6.554343830558178458e-03 0.000000000000000000e+00 6.554343830558178458e-03 9.999785200577814281e-01 -0.000000000000000000e+00 0.000000000000000000e+00 0.000000000000000000e+00 1.000000000000000000e+00
2.250796751768220638e-01 9.999767778516692740e-01 -6.814965692750772630e-03 0.000000000000000000e+00 6.814965692750772630e-03 9.999767778516692740e-01 -0.000000000000000000e+00 0.000000000000000000e+00 0.000000000000000000e+00 1.000000000000000000e+00
2.300796751768222070e-01 9.999749631055765420e-01 -7.076239255488733261e-03 0.000000000000000000e+00 7.076239255488733261e-03 9.999749631055765420e-01 -0.000000000000000000e+00 0.000000000000000000e+00 0.000000000000000000e+00 1.000000000000000000e+00
2.350796751768223503e-01 9.999730827070814065e-01 -7.337156213189734155e-03 0.000000000000000000e+00 7.337156213189734155e-03 9.999730827070814065e-01 -0.000000000000000000e+00 0.000000000000000000e+00 0.000000000000000000e+00 1.000000000000000000e+00
2.400076751768224770e-01 9.999712158738044421e-01 -7.587319939558177274e-03 0.000000000000000000e+00 7.587319939558177274e-03 9.999712158738044421e-01 -0.000000000000000000e+00 0.000000000000000000e+00 0.000000000000000000e+00 1.000000000000000000e+00
2.450924751768223109e-01 9.999690973133065208e-01 -7.861578620797230604e-03 0.000000000000000000e+00 7.861578620797230604e-03 9.999690973133065208e-01 -0.000000000000000000e+00 0.000000000000000000e+00 0.000000000000000000e+00 1.000000000000000000e+00
2.500924751768224263e-01 9.999669925645746638e-01 -8.124886544446124903e-03 0.000000000000000000e+00 8.124886544446124903e-03 9.999669925645746638e-01 -0.000000000000000000e+00 0.000000000000000000e+00 0.000000000000000000e+00 1.000000000000000000e+00
2.550924751768218757e-01 9.999647359848701234e-01 -8.398022785711167781e-03 0.000000000000000000e+00 8.398022785711167781e-03 9.999647359848701234e-01 -0.000000000000000000e+00 0.000000000000000000e+00 0.000000000000000000e+00 1.000000000000000000e+00
2.600924751768213250e-01 9.999622237117941070e-01 -8.692016415303939134e-03 0.000000000000000000e+00 8.692016415303939134e-03 9.999622237117941070e-01 -0.000000000000000000e+00 0.000000000000000000e+00 0.000000000000000000e+00 1.000000000000000000e+00
2.650924751768213850e-01 9.999594216806098057e-01 -9.008606561528327908e-03 0.000000000000000000e+00 9.008606561528327908e-03 9.999594216806098057e-01 -0.000000000000000000e+00 0.000000000000000000e+00 0.000000000000000000e+00 1.000000000000000000e+00
2.700124751768210318e-01 9.999571323767990627e-01 -9.259233703127896578e-03 0.000000000000000000e+00 9.259233703127896578e-03 9.999571323767990627e-01 -0.000000000000000000e+00 0.000000000000000000e+00 0.000000000000000000e+00 1.000000000000000000e+00
2.750779521746953282e-01 9.999543982965245492e-01 -9.549938609002344217e-03 0.000000000000000000e+00 9.549938609002344217e-03 9.999543982965245492e-01 -0.000000000000000000e+00 0.000000000000000000e+00 0.000000000000000000e+00 1.000000000000000000e+00
2.800370887927987607e-01 9.999517553862742325e-01 -9.822774552476040005e-03 0.000000000000000000e+00 9.822774552476040005e-03 9.999517553862742325e-01 -0.000000000000000000e+00 0.000000000000000000e+00 0.000000000000000000e+00 1.000000000000000000e+00
2.851592039729912154e-01 9.999487181249689938e-01 -1.012724642888764535e-02 0.000000000000000000e+00 1.012724642888764535e-02 9.999487181249689938e-01 -0.000000000000000000e+00 0.000000000000000000e+00 0.000000000000000000e+00 1.000000000000000000e+00
2.901592039729906647e-01 9.999460465462776115e-01 -1.038768484648264212e-02 0.000000000000000000e+00 1.038768484648264212e-02 9.999460465462776115e-01 -0.000000000000000000e+00 0.000000000000000000e+00 0.000000000000000000e+00 1.000000000000000000e+00
2.951592039729901140e-01 9.999432461321173804e-01 -1.065384976258929896e-02 0.000000000000000000e+00 1.065384976258929896e-02 9.999432461321173804e-01 -0.000000000000000000e+00 0.000000000000000000e+00 0.000000000000000000e+00 1.000000000000000000e+00
3.001592039729895633e-01 9.999404222243258866e-01 -1.091567688405476952e-02 0.000000000000000000e+00 1.091567688405476952e-02 9.999404222243258866e-01 -0.000000000000000000e+00 0.000000000000000000e+00 0.000000000000000000e+00 1.000000000000000000e+00
3.051592039729890127e-01 9.999375861658160725e-01 -1.117245599147223024e-02 0.000000000000000000e+00 1.117245599147223024e-02 9.999375861658160725e-01 -0.000000000000000000e+00 0.000000000000000000e+00 0.000000000000000000e+00 1.000000000000000000e+00
3.101592039729884620e-01 9.999346859178702696e-01 -1.142908125486974576e-02 0.000000000000000000e+00 1.142908125486974576e-02 9.999346859178702696e-01 -0.000000000000000000e+00 0.000000000000000000e+00 0.000000000000000000e+00 1.000000000000000000e+00
3.151592039729879113e-01 9.999315484565893808e-01 -1.170035902045825187e-02 0.000000000000000000e+00 1.170035902045825187e-02 9.999315484565893808e-01 -0.000000000000000000e+00 0.000000000000000000e+00 0.000000000000000000e+00 1.000000000000000000e+00
3.201592039729873607e-01 9.999284247607418408e-01 -1.196433681829488574e-02 0.000000000000000000e+00 1.196433681829488574e-02 9.999284247607418408e-01 -0.000000000000000000e+00 0.000000000000000000e+00 0.000000000000000000e+00 1.000000000000000000e+00
3.251592039729868100e-01 9.999252403490086483e-01 -1.222758001313524988e-02 0.000000000000000000e+00 1.222758001313524988e-02 9.999252403490086483e-01 -0.000000000000000000e+00 0.000000000000000000e+00 0.000000000000000000e+00 1.000000000000000000e+00
3.301592039729862593e-01 9.999219828056533643e-01 -1.249112893260064319e-02 0.000000000000000000e+00 1.249112893260064319e-02 9.999219828056533643e-01 -0.000000000000000000e+00 0.000000000000000000e+00 0.000000000000000000e+00 1.000000000000000000e+00
3.351592039729857087e-01 9.999186555909033158e-01 -1.275469330405601398e-02 0.000000000000000000e+00 1.275469330405601398e-02 9.999186555909033158e-01 -0.000000000000000000e+00 0.000000000000000000e+00 0.000000000000000000e+00 1.000000000000000000e+00
3.401592039729851580e-01 9.999152443413792390e-01 -1.301937531989440407e-02 0.000000000000000000e+00 1.301937531989440407e-02 9.999152443413792390e-01 -0.000000000000000000e+00 0.000000000000000000e+00 0.000000000000000000e+00 1.000000000000000000e+00
3.451592039729846073e-01 9.999117422574711478e-01 -1.328561988124036045e-02 0.000000000000000000e+00 1.328561988124036045e-02 9.999117422574711478e-01 -0.000000000000000000e+00 0.000000000000000000e+00 0.000000000000000000e+00 1.000000000000000000e+00
3.501592039729840566e-01 9.999081437643664305e-01 -1.355374611314149637e-02 0.000000000000000000e+00 1.355374611314149637e-02 9.999081437643664305e-01 -0.000000000000000000e+00 0.000000000000000000e+00 0.000000000000000000e+00 1.000000000000000000e+00
3.550952039729839971e-01 9.999045384982480078e-01 -1.381715928133788601e-02 0.000000000000000000e+00 1.381715928133788601e-02 9.999045384982480078e-01 -0.000000000000000000e+00 0.000000000000000000e+00 0.000000000000000000e+00 1.000000000000000000e+00
3.600712039729835889e-01 9.999008638077487854e-01 -1.408057372829780475e-02 0.000000000000000000e+00 1.408057372829780475e-02 9.999008638077487854e-01 -0.000000000000000000e+00 0.000000000000000000e+00 0.000000000000000000e+00 1.000000000000000000e+00
3.650712039729830383e-01 9.998971379704886253e-01 -1.434271516923653692e-02 0.000000000000000000e+00 1.434271516923653692e-02 9.998971379704886253e-01 -0.000000000000000000e+00 0.000000000000000000e+00 0.000000000000000000e+00 1.000000000000000000e+00
3.700712039729824876e-01 9.998933432841244917e-01 -1.460486412453472493e-02 0.000000000000000000e+00 1.460486412453472493e-02 9.998933432841244917e-01 -0.000000000000000000e+00 0.000000000000000000e+00 0.000000000000000000e+00 1.000000000000000000e+00
3.750152039729823805e-01 9.998894707108689772e-01 -1.486762797283195520e-02 0.000000000000000000e+00 1.486762797283195520e-02 9.998894707108689772e-01 -0.000000000000000000e+00 0.000000000000000000e+00 0.000000000000000000e+00 1.000000000000000000e+00
3.800507763034784436e-01 9.998845643415528173e-01 -1.519401169881214216e-02 0.000000000000000000e+00 1.519401169881214216e-02 9.998845643415528173e-01 -0.000000000000000000e+00 0.000000000000000000e+00 0.000000000000000000e+00 1.000000000000000000e+00
3.850501981224140335e-01 9.998794282951288803e-01 -1.552832483581766468e-02 0.000000000000000000e+00 1.552832483581766468e-02 9.998794282951288803e-01 -0.000000000000000000e+00 0.000000000000000000e+00 0.000000000000000000e+00 1.000000000000000000e+00
3.901460287317845554e-01 9.998750996232765864e-01 -1.580459279269808351e-02 0.000000000000000000e+00 1.580459279269808351e-02 9.998750996232765864e-01 -0.000000000000000000e+00 0.000000000000000000e+00 0.000000000000000000e+00 1.000000000000000000e+00
3.951460287317840048e-01 9.998708850154734984e-01 -1.606901672082120328e-02 0.000000000000000000e+00 1.606901672082120328e-02 9.998708850154734984e-01 -0.000000000000000000e+00 0.000000000000000000e+00 0.000000000000000000e+00 1.000000000000000000e+00
4.001460287317834541e-01 9.998667355095933740e-01 -1.632517140457917168e-02 0.000000000000000000e+00 1.632517140457917168e-02 9.998667355095933740e-01 -0.000000000000000000e+00 0.000000000000000000e+00 0.000000000000000000e+00 1.000000000000000000e+00
4.051460287317829034e-01 9.998625574102369962e-01 -1.657909192509806479e-02 0.000000000000000000e+00 1.657909192509806479e-02 9.998625574102369962e-01 -0.000000000000000000e+00 0.000000000000000000e+00 0.000000000000000000e+00 1.000000000000000000e+00
4.101460287317823528e-01 9.998583296599458103e-01 -1.683213027585422558e-02 0.000000000000000000e+00 1.683213027585422558e-02 9.998583296599458103e-01 -0.000000000000000000e+00 0.000000000000000000e+00 0.000000000000000000e+00 1.000000000000000000e+00
4.151460287317818021e-01 9.998540761563086132e-01 -1.708292696276267689e-02 0.000000000000000000e+00 1.708292696276267689e-02 9.998540761563086132e-01 -0.000000000000000000e+00 0.000000000000000000e+00 0.000000000000000000e+00 1.000000000000000000e+00
4.201460287317812514e-01 9.998491300566597628e-01 -1.737000647498363956e-02 0.000000000000000000e+00 1.737000647498363956e-02 9.998491300566597628e-01 -0.000000000000000000e+00 0.000000000000000000e+00 0.000000000000000000e+00 1.000000000000000000e+00
4.251460287317807007e-01 9.998445528615732547e-01 -1.763150909709573777e-02 0.000000000000000000e+00 1.763150909709573777e-02 9.998445528615732547e-01 -0.000000000000000000e+00 0.000000000000000000e+00 0.000000000000000000e+00 1.000000000000000000e+00
4.301460287317801501e-01 9.998398035122074701e-01 -1.789880757678069534e-02 0.000000000000000000e+00 1.789880757678069534e-02 9.998398035122074701e-01 -0.000000000000000000e+00 0.000000000000000000e+00 0.000000000000000000e+00 1.000000000000000000e+00
4.350942792738603515e-01 9.998350197224242786e-01 -1.816406718385739361e-02 0.000000000000000000e+00 1.816406718385739361e-02 9.998350197224242786e-01 -0.000000000000000000e+00 0.000000000000000000e+00 0.000000000000000000e+00 1.000000000000000000e+00
4.400700096236946912e-01 9.998301827048556856e-01 -1.842839527400989830e-02 0.000000000000000000e+00 1.842839527400989830e-02 9.998301827048556856e-01 -0.000000000000000000e+00 0.000000000000000000e+00 0.000000000000000000e+00 1.000000000000000000e+00
4.450214571018022980e-01 9.998253490403851140e-01 -1.868880457045072468e-02 0.000000000000000000e+00 1.868880457045072468e-02 9.998253490403851140e-01 -0.000000000000000000e+00 0.000000000000000000e+00 0.000000000000000000e+00 1.000000000000000000e+00
4.500214571018017473e-01 9.998203928724482825e-01 -1.895209741383456492e-02 0.000000000000000000e+00 1.895209741383456492e-02 9.998203928724482825e-01 -0.000000000000000000e+00 0.000000000000000000e+00 0.000000000000000000e+00 1.000000000000000000e+00
4.550214571018011966e-01 9.998153811286445425e-01 -1.921467300225690802e-02 0.000000000000000000e+00 1.921467300225690802e-02 9.998153811286445425e-01 -0.000000000000000000e+00 0.000000000000000000e+00 0.000000000000000000e+00 1.000000000000000000e+00
4.600054571018008520e-01 9.998103053090926506e-01 -1.947699663036321985e-02 0.000000000000000000e+00 1.947699663036321985e-02 9.998103053090926506e-01 -0.000000000000000000e+00 0.000000000000000000e+00 0.000000000000000000e+00 1.000000000000000000e+00
4.651414571018006594e-01 9.998049812444363971e-01 -1.974840446244914213e-02 0.000000000000000000e+00 1.974840446244914213e-02 9.998049812444363971e-01 -0.000000000000000000e+00 0.000000000000000000e+00 0.000000000000000000e+00 1.000000000000000000e+00
4.701414571018001087e-01 9.997997247771480689e-01 -2.001275432166766885e-02 0.000000000000000000e+00 2.001275432166766885e-02 9.997997247771480689e-01 -0.000000000000000000e+00 0.000000000000000000e+00 0.000000000000000000e+00 1.000000000000000000e+00
4.751414571017995581e-01 9.997944113011891787e-01 -2.027646741690510013e-02 0.000000000000000000e+00 2.027646741690510013e-02 9.997944113011891787e-01 -0.000000000000000000e+00 0.000000000000000000e+00 0.000000000000000000e+00 1.000000000000000000e+00
4.801414571017990074e-01 9.997890471288858327e-01 -2.053926096808003990e-02 0.000000000000000000e+00 2.053926096808003990e-02 9.997890471288858327e-01 -0.000000000000000000e+00 0.000000000000000000e+00 0.000000000000000000e+00 1.000000000000000000e+00
4.851414571017984567e-01 9.997836574979204194e-01 -2.079995673268180897e-02 0.000000000000000000e+00 2.079995673268180897e-02 9.997836574979204194e-01 -0.000000000000000000e+00 0.000000000000000000e+00 0.000000000000000000e+00 1.000000000000000000e+00
4.901414571017979060e-01 9.997774663250426075e-01 -2.109544568570580203e-02 0.000000000000000000e+00 2.109544568570580203e-02 9.997774663250426075e-01 -0.000000000000000000e+00 0.000000000000000000e+00 0.000000000000000000e+00 1.000000000000000000e+00
4.951414571017973554e-01 9.997710047495882435e-01 -2.139948742374597063e-02 0.000000000000000000e+00 2.139948742374597063e-02 9.997710047495882435e-01 -0.000000000000000000e+00 0.000000000000000000e+00 0.000000000000000000e+00 1.000000000000000000e+00
5.001414571017968047e-01 9.997654015894827939e-01 -2.165968108307871065e-02 0.000000000000000000e+00 2.165968108307871065e-02 9.997654015894827939e-01 -0.000000000000000000e+00 0.000000000000000000e+00 0.000000000000000000e+00 1.000000000000000000e+00
5.051414571017962540e-01 9.997597471418936399e-01 -2.191912395095477889e-02 0.000000000000000000e+00 2.191912395095477889e-02 9.997597471418936399e-01 -0.000000000000000000e+00 0.000000000000000000e+00 0.000000000000000000e+00 1.000000000000000000e+00
5.100614571017962895e-01 9.997529182383343427e-01 -2.222841591150287455e-02 0.000000000000000000e+00 2.222841591150287455e-02 9.997529182383343427e-01 -0.000000000000000000e+00 0.000000000000000000e+00 0.000000000000000000e+00 1.000000000000000000e+00
5.151734571017956288e-01 9.997463506814288081e-01 -2.252186269308103020e-02 0.000000000000000000e+00 2.252186269308103020e-02 9.997463506814288081e-01 -0.000000000000000000e+00 0.000000000000000000e+00 0.000000000000000000e+00 1.000000000000000000e+00
5.201734571017950781e-01 9.997403401792663846e-01 -2.278710640351390773e-02 0.000000000000000000e+00 2.278710640351390773e-02 9.997403401792663846e-01 -0.000000000000000000e+00 0.000000000000000000e+00 0.000000000000000000e+00 1.000000000000000000e+00
5.250358571017947895e-01 9.997346146219282526e-01 -2.303693397014781180e-02 0.000000000000000000e+00 2.303693397014781180e-02 9.997346146219282526e-01 -0.000000000000000000e+00 0.000000000000000000e+00 0.000000000000000000e+00 1.000000000000000000e+00
5.300012971017946661e-01 9.997287891291469775e-01 -2.328837019565889455e-02 0.000000000000000000e+00 2.328837019565889455e-02 9.997287891291469775e-01 -0.000000000000000000e+00 0.000000000000000000e+00 0.000000000000000000e+00 1.000000000000000000e+00
5.350012971017941155e-01 9.997228402408244730e-01 -2.354235971221054283e-02 0.000000000000000000e+00 2.354235971221054283e-02 9.997228402408244730e-01 -0.000000000000000000e+00 0.000000000000000000e+00 0.000000000000000000e+00 1.000000000000000000e+00
5.400012971017935648e-01 9.997167975080986091e-01 -2.379757929184844398e-02 0.000000000000000000e+00 2.379757929184844398e-02 9.997167975080986091e-01 -0.000000000000000000e+00 0.000000000000000000e+00 0.000000000000000000e+00 1.000000000000000000e+00
5.451212971017935782e-01 9.997102521319276569e-01 -2.407097385478744467e-02 0.000000000000000000e+00 2.407097385478744467e-02 9.997102521319276569e-01 -0.000000000000000000e+00 0.000000000000000000e+00 0.000000000000000000e+00 1.000000000000000000e+00
5.500412971017935027e-01 9.997040624131017239e-01 -2.432668482842647098e-02 0.000000000000000000e+00 2.432668482842647098e-02 9.997040624131017239e-01 -0.000000000000000000e+00 0.000000000000000000e+00 0.000000000000000000e+00 1.000000000000000000e+00
5.550412971017930630e-01 9.996975994370373986e-01 -2.459084544754605237e-02 0.000000000000000000e+00 2.459084544754605237e-02 9.996975994370373986e-01 -0.000000000000000000e+00 0.000000000000000000e+00 0.000000000000000000e+00 1.000000000000000000e+00
5.600412971017925123e-01 9.996911222364882610e-01 -2.485276889102975423e-02 0.000000000000000000e+00 2.485276889102975423e-02 9.996911222364882610e-01 -0.000000000000000000e+00 0.000000000000000000e+00 0.000000000000000000e+00 1.000000000000000000e+00
5.650412971017919617e-01 9.996846066618058080e-01 -2.511348648497763875e-02 0.000000000000000000e+00 2.511348648497763875e-02 9.996846066618058080e-01 -0.000000000000000000e+00 0.000000000000000000e+00 0.000000000000000000e+00 1.000000000000000000e+00
5.700412971017914110e-01 9.996779829142100615e-01 -2.537578524059608959e-02 0.000000000000000000e+00 2.537578524059608959e-02 9.996779829142100615e-01 -0.000000000000000000e+00 0.000000000000000000e+00 0.000000000000000000e+00 1.000000000000000000e+00
5.750412971017908603e-01 9.996712183378143601e-01 -2.564088974646221500e-02 0.000000000000000000e+00 2.564088974646221500e-02 9.996712183378143601e-01 -0.000000000000000000e+00 0.000000000000000000e+00 0.000000000000000000e+00 1.000000000000000000e+00
5.800412971017903097e-01 9.996643726146922093e-01 -2.590641088367986317e-02 0.000000000000000000e+00 2.590641088367986317e-02 9.996643726146922093e-01 -0.000000000000000000e+00 0.000000000000000000e+00 0.000000000000000000e+00 1.000000000000000000e+00
5.850412971017897590e-01 9.996574195064386048e-01 -2.617333807004456822e-02 0.000000000000000000e+00 2.617333807004456822e-02 9.996574195064386048e-01 -0.000000000000000000e+00 0.000000000000000000e+00 0.000000000000000000e+00 1.000000000000000000e+00
5.900412971017892083e-01 9.996504666691263807e-01 -2.643755828737722260e-02 0.000000000000000000e+00 2.643755828737722260e-02 9.996504666691263807e-01 -0.000000000000000000e+00 0.000000000000000000e+00 0.000000000000000000e+00 1.000000000000000000e+00
5.950412971017886576e-01 9.996435022921269509e-01 -2.669959410048491910e-02 0.000000000000000000e+00 2.669959410048491910e-02 9.996435022921269509e-01 -0.000000000000000000e+00 0.000000000000000000e+00 0.000000000000000000e+00 1.000000000000000000e+00
6.000412971017881070e-01 9.996364413184627429e-01 -2.696266285366020338e-02 0.000000000000000000e+00 2.696266285366020338e-02 9.996364413184627429e-01 -0.000000000000000000e+00 0.000000000000000000e+00 0.000000000000000000e+00 1.000000000000000000e+00
6.051612971017881204e-01 9.996291525477384310e-01 -2.723155112531286393e-02 0.000000000000000000e+00 2.723155112531286393e-02 9.996291525477384310e-01 -0.000000000000000000e+00 0.000000000000000000e+00 0.000000000000000000e+00 1.000000000000000000e+00
6.101612971017875697e-01 9.996211480234250546e-01 -2.752381558450555862e-02 0.000000000000000000e+00 2.752381558450555862e-02 9.996211480234250546e-01 -0.000000000000000000e+00 0.000000000000000000e+00 0.000000000000000000e+00 1.000000000000000000e+00
6.151612971017870191e-01 9.996132694523631734e-01 -2.780847954774597411e-02 0.000000000000000000e+00 2.780847954774597411e-02 9.996132694523631734e-01 -0.000000000000000000e+00 0.000000000000000000e+00 0.000000000000000000e+00 1.000000000000000000e+00
6.201372971017873326e-01 9.996035197303663189e-01 -2.815676371076022630e-02 0.000000000000000000e+00 2.815676371076022630e-02 9.996035197303663189e-01 -0.000000000000000000e+00 0.000000000000000000e+00 0.000000000000000000e+00 1.000000000000000000e+00
6.251212971017867659e-01 9.995963208145214329e-01 -2.841118466507207632e-02 0.000000000000000000e+00 2.841118466507207632e-02 9.995963208145214329e-01 -0.000000000000000000e+00 0.000000000000000000e+00 0.000000000000000000e+00 1.000000000000000000e+00
6.301212971017862152e-01 9.995891058291901388e-01 -2.866390600739072980e-02 0.000000000000000000e+00 2.866390600739072980e-02 9.995891058291901388e-01 -0.000000000000000000e+00 0.000000000000000000e+00 0.000000000000000000e+00 1.000000000000000000e+00
6.351212971017856646e-01 9.995818179398046066e-01 -2.891693697741211724e-02 0.000000000000000000e+00 2.891693697741211724e-02 9.995818179398046066e-01 -0.000000000000000000e+00 0.000000000000000000e+00 0.000000000000000000e+00 1.000000000000000000e+00
6.401212971017851139e-01 9.995744348259830714e-01 -2.917103430317229823e-02 0.000000000000000000e+00 2.917103430317229823e-02 9.995744348259830714e-01 -0.000000000000000000e+00 0.000000000000000000e+00 0.000000000000000000e+00 1.000000000000000000e+00
6.451212971017845632e-01 9.995667749773117228e-01 -2.943233530416273017e-02 0.000000000000000000e+00 2.943233530416273017e-02 9.995667749773117228e-01 -0.000000000000000000e+00 0.000000000000000000e+00 0.000000000000000000e+00 1.000000000000000000e+00
6.500012971017845587e-01 9.995589916955300858e-01 -2.969548990361384894e-02 0.000000000000000000e+00 2.969548990361384894e-02 9.995589916955300858e-01 -0.000000000000000000e+00 0.000000000000000000e+00 0.000000000000000000e+00 1.000000000000000000e+00
6.550332971017840400e-01 9.995509747892061814e-01 -2.996412518242858036e-02 0.000000000000000000e+00 2.996412518242858036e-02 9.995509747892061814e-01 -0.000000000000000000e+00 0.000000000000000000e+00 0.000000000000000000e+00 1.000000000000000000e+00
6.601772971017841884e-01 9.995429435262671580e-01 -3.023084594988812573e-02 0.000000000000000000e+00 3.023084594988812573e-02 9.995429435262671580e-01 -0.000000000000000000e+00 0.000000000000000000e+00 0.000000000000000000e+00 1.000000000000000000e+00
6.651132971017835738e-01 9.995346236492265168e-01 -3.050469023608528771e-02 0.000000000000000000e+00 3.050469023608528771e-02 9.995346236492265168e-01 -0.000000000000000000e+00 0.000000000000000000e+00 0.000000000000000000e+00 1.000000000000000000e+00
6.701132971017830231e-01 9.995265984206012089e-01 -3.076652482394923865e-02 0.000000000000000000e+00 3.076652482394923865e-02 9.995265984206012089e-01 -0.000000000000000000e+00 0.000000000000000000e+00 0.000000000000000000e+00 1.000000000000000000e+00
6.751132971017824724e-01 9.995184616706433989e-01 -3.102974024304572601e-02 0.000000000000000000e+00 3.102974024304572601e-02 9.995184616706433989e-01 -0.000000000000000000e+00 0.000000000000000000e+00 0.000000000000000000e+00 1.000000000000000000e+00
6.801132971017819218e-01 9.995103478039868428e-01 -3.129000851315724696e-02 0.000000000000000000e+00 3.129000851315724696e-02 9.995103478039868428e-01 -0.000000000000000000e+00 0.000000000000000000e+00 0.000000000000000000e+00 1.000000000000000000e+00
6.851132971017813711e-01 9.995021035467694936e-01 -3.155225832778932316e-02 0.000000000000000000e+00 3.155225832778932316e-02 9.995021035467694936e-01 -0.000000000000000000e+00 0.000000000000000000e+00 0.000000000000000000e+00 1.000000000000000000e+00
6.901132971017808204e-01 9.994937540385245844e-01 -3.181565083379393061e-02 0.000000000000000000e+00 3.181565083379393061e-02 9.994937540385245844e-01 -0.000000000000000000e+00 0.000000000000000000e+00 0.000000000000000000e+00 1.000000000000000000e+00
6.951132971017802697e-01 9.994854653158254942e-01 -3.207498437112939887e-02 0.000000000000000000e+00 3.207498437112939887e-02 9.994854653158254942e-01 -0.000000000000000000e+00 0.000000000000000000e+00 0.000000000000000000e+00 1.000000000000000000e+00
7.001132971017797191e-01 9.994772004440650726e-01 -3.233149845730469429e-02 0.000000000000000000e+00 3.233149845730469429e-02 9.994772004440650726e-01 -0.000000000000000000e+00 0.000000000000000000e+00 0.000000000000000000e+00 1.000000000000000000e+00
7.051132971017791684e-01 9.994687673612886458e-01 -3.259115016851523577e-02 0.000000000000000000e+00 3.259115016851523577e-02 9.994687673612886458e-01 -0.000000000000000000e+00 0.000000000000000000e+00 0.000000000000000000e+00 1.000000000000000000e+00
7.101132971017786177e-01 9.994601838570309482e-01 -3.285332379638958300e-02 0.000000000000000000e+00 3.285332379638958300e-02 9.994601838570309482e-01 -0.000000000000000000e+00 0.000000000000000000e+00 0.000000000000000000e+00 1.000000000000000000e+00
7.151132971017780671e-01 9.994514171258338520e-01 -3.311894933664078639e-02 0.000000000000000000e+00 3.311894933664078639e-02 9.994514171258338520e-01 -0.000000000000000000e+00 0.000000000000000000e+00 0.000000000000000000e+00 1.000000000000000000e+00
7.201132971017775164e-01 9.994424639534501553e-01 -3.338804047345247938e-02 0.000000000000000000e+00 3.338804047345247938e-02 9.994424639534501553e-01 -0.000000000000000000e+00 0.000000000000000000e+00 0.000000000000000000e+00 1.000000000000000000e+00
7.251292971017778699e-01 9.994328505175403832e-01 -3.367457952794774417e-02 0.000000000000000000e+00 3.367457952794774417e-02 9.994328505175403832e-01 -0.000000000000000000e+00 0.000000000000000000e+00 0.000000000000000000e+00 1.000000000000000000e+00
7.300828971017770952e-01 9.994226384105353578e-01 -3.397631281532342840e-02 0.000000000000000000e+00 3.397631281532342840e-02 9.994226384105353578e-01 -0.000000000000000000e+00 0.000000000000000000e+00 0.000000000000000000e+00 1.000000000000000000e+00
7.350093529097770917e-01 9.994142453900579648e-01 -3.422230429736406593e-02 0.000000000000000000e+00 3.422230429736406593e-02 9.994142453900579648e-01 -0.000000000000000000e+00 0.000000000000000000e+00 0.000000000000000000e+00 1.000000000000000000e+00
7.400453810594005422e-01 9.994053154814998008e-01 -3.448210242029817185e-02 0.000000000000000000e+00 3.448210242029817185e-02 9.994053154814998008e-01 -0.000000000000000000e+00 0.000000000000000000e+00 0.000000000000000000e+00 1.000000000000000000e+00
7.451203824541919873e-01 9.993937529346197390e-01 -3.481560850045051919e-02 0.000000000000000000e+00 3.481560850045051919e-02 9.993937529346197390e-01 -0.000000000000000000e+00 0.000000000000000000e+00 0.000000000000000000e+00 1.000000000000000000e+00
7.501979904290175805e-01 9.993843319713505702e-01 -3.508499693854390949e-02 0.000000000000000000e+00 3.508499693854390949e-02 9.993843319713505702e-01 -0.000000000000000000e+00 0.000000000000000000e+00 0.000000000000000000e+00 1.000000000000000000e+00
7.551979904290170298e-01 9.993748441088384782e-01 -3.535422128169568579e-02 0.000000000000000000e+00 3.535422128169568579e-02 9.993748441088384782e-01 -0.000000000000000000e+00 0.000000000000000000e+00 0.000000000000000000e+00 1.000000000000000000e+00
7.601979904290164791e-01 9.993658229675054239e-01 -3.560831201392256756e-02 0.000000000000000000e+00 3.560831201392256756e-02 9.993658229675054239e-01 -0.000000000000000000e+00 0.000000000000000000e+00 0.000000000000000000e+00 1.000000000000000000e+00
7.651979904290159284e-01 9.993566829346977043e-01 -3.586391325215872172e-02 0.000000000000000000e+00 3.586391325215872172e-02 9.993566829346977043e-01 -0.000000000000000000e+00 0.000000000000000000e+00 0.000000000000000000e+00 1.000000000000000000e+00
7.701979904290153778e-01 9.993474591186146672e-01 -3.612002150012117579e-02 0.000000000000000000e+00 3.612002150012117579e-02 9.993474591186146672e-01 -0.000000000000000000e+00 0.000000000000000000e+00 0.000000000000000000e+00 1.000000000000000000e+00
7.751979904290148271e-01 9.993380010416427206e-01 -3.638075966900710528e-02 0.000000000000000000e+00 3.638075966900710528e-02 9.993380010416427206e-01 -0.000000000000000000e+00 0.000000000000000000e+00 0.000000000000000000e+00 1.000000000000000000e+00
7.801979904290142764e-01 9.993280322179729502e-01 -3.665356767566180229e-02 0.000000000000000000e+00 3.665356767566180229e-02 9.993280322179729502e-01 -0.000000000000000000e+00 0.000000000000000000e+00 0.000000000000000000e+00 1.000000000000000000e+00
7.851579904290137968e-01 9.993181578974176249e-01 -3.692179974638665901e-02 0.000000000000000000e+00 3.692179974638665901e-02 9.993181578974176249e-01 -0.000000000000000000e+00 0.000000000000000000e+00 0.000000000000000000e+00 1.000000000000000000e+00
7.900779904290141653e-01 9.993088473252438320e-01 -3.717294254552553495e-02 0.000000000000000000e+00 3.717294254552553495e-02 9.993088473252438320e-01 -0.000000000000000000e+00 0.000000000000000000e+00 0.000000000000000000e+00 1.000000000000000000e+00
7.951819904290141627e-01 9.992990085177159143e-01 -3.743650057778473428e-02 0.000000000000000000e+00 3.743650057778473428e-02 9.992990085177159143e-01 -0.000000000000000000e+00 0.000000000000000000e+00 0.000000000000000000e+00 1.000000000000000000e+00
8.001819904290136121e-01 9.992893703197850419e-01 -3.769289542988104452e-02 0.000000000000000000e+00 3.769289542988104452e-02 9.992893703197850419e-01 -0.000000000000000000e+00 0.000000000000000000e+00 0.000000000000000000e+00 1.000000000000000000e+00
8.051819904290130614e-01 9.992795757143103641e-01 -3.795167401088293119e-02 0.000000000000000000e+00 3.795167401088293119e-02 9.992795757143103641e-01 -0.000000000000000000e+00 0.000000000000000000e+00 0.000000000000000000e+00 1.000000000000000000e+00
8.101019904290130969e-01 9.992698069706926756e-01 -3.820802110493192599e-02 0.000000000000000000e+00 3.820802110493192599e-02 9.992698069706926756e-01 -0.000000000000000000e+00 0.000000000000000000e+00 0.000000000000000000e+00 1.000000000000000000e+00
8.151019904290125462e-01 9.992597823188528183e-01 -3.846930516761750546e-02 0.000000000000000000e+00 3.846930516761750546e-02 9.992597823188528183e-01 -0.000000000000000000e+00 0.000000000000000000e+00 0.000000000000000000e+00 1.000000000000000000e+00
8.201019904290119955e-01 9.992498601851477202e-01 -3.872617874207555377e-02 0.000000000000000000e+00 3.872617874207555377e-02 9.992498601851477202e-01 -0.000000000000000000e+00 0.000000000000000000e+00 0.000000000000000000e+00 1.000000000000000000e+00
8.251019904290114448e-01 9.992402125958398384e-01 -3.897431887052262012e-02 0.000000000000000000e+00 3.897431887052262012e-02 9.992402125958398384e-01 -0.000000000000000000e+00 0.000000000000000000e+00 0.000000000000000000e+00 1.000000000000000000e+00
8.301531904290114783e-01 9.992316187863603538e-01 -3.919403038206444728e-02 0.000000000000000000e+00 3.919403038206444728e-02 9.992316187863603538e-01 -0.000000000000000000e+00 0.000000000000000000e+00 0.000000000000000000e+00 1.000000000000000000e+00
8.351938304290112969e-01 9.992228696257506870e-01 -3.941645363145052788e-02 0.000000000000000000e+00 3.941645363145052788e-02 9.992228696257506870e-01 -0.000000000000000000e+00 0.000000000000000000e+00 0.000000000000000000e+00 1.000000000000000000e+00
8.400418304290115934e-01 9.992128447817042458e-01 -3.966977216035103698e-02 0.000000000000000000e+00 3.966977216035103698e-02 9.992128447817042458e-01 -0.000000000000000000e+00 0.000000000000000000e+00 0.000000000000000000e+00 1.000000000000000000e+00
8.450937958690111218e-01 9.992023592366133800e-01 -3.993301010425186898e-02 0.000000000000000000e+00 3.993301010425186898e-02 9.992023592366133800e-01 -0.000000000000000000e+00 0.000000000000000000e+00 0.000000000000000000e+00 1.000000000000000000e+00
8.500126071647559067e-01 9.991915938999135216e-01 -4.020147608920190269e-02 0.000000000000000000e+00 4.020147608920190269e-02 9.991915938999135216e-01 -0.000000000000000000e+00 0.000000000000000000e+00 0.000000000000000000e+00 1.000000000000000000e+00
8.550535673303988338e-01 9.991710416534047567e-01 -4.070908401389700115e-02 0.000000000000000000e+00 4.070908401389700115e-02 9.991710416534047567e-01 -0.000000000000000000e+00 0.000000000000000000e+00 0.000000000000000000e+00 1.000000000000000000e+00
8.600882654337240751e-01 9.991617387592676147e-01 -4.093677807983293199e-02 0.000000000000000000e+00 4.093677807983293199e-02 9.991617387592676147e-01 -0.000000000000000000e+00 0.000000000000000000e+00 0.000000000000000000e+00 1.000000000000000000e+00
8.651726128284700224e-01 9.991503444978772075e-01 -4.121394290496439849e-02 0.000000000000000000e+00 4.121394290496439849e-02 9.991503444978772075e-01 -0.000000000000000000e+00 0.000000000000000000e+00 0.000000000000000000e+00 1.000000000000000000e+00
8.701646128284694637e-01 9.991399617612093387e-01 -4.146488649218234984e-02 0.000000000000000000e+00 4.146488649218234984e-02 9.991399617612093387e-01 -0.000000000000000000e+00 0.000000000000000000e+00 0.000000000000000000e+00 1.000000000000000000e+00
8.751646128284689130e-01 9.991301819968455566e-01 -4.169987317667096793e-02 0.000000000000000000e+00 4.169987317667096793e-02 9.991301819968455566e-01 -0.000000000000000000e+00 0.000000000000000000e+00 0.000000000000000000e+00 1.000000000000000000e+00
8.801646128284683623e-01 9.991188865099478456e-01 -4.196963925413791513e-02 0.000000000000000000e+00 4.196963925413791513e-02 9.991188865099478456e-01 -0.000000000000000000e+00 0.000000000000000000e+00 0.000000000000000000e+00 1.000000000000000000e+00
8.851326128284687789e-01 9.991101458465488916e-01 -4.217720316104704020e-02 0.000000000000000000e+00 4.217720316104704020e-02 9.991101458465488916e-01 -0.000000000000000000e+00 0.000000000000000000e+00 0.000000000000000000e+00 1.000000000000000000e+00
8.900324528284681014e-01 9.991025604580997532e-01 -4.235650700978025457e-02 0.000000000000000000e+00 4.235650700978025457e-02 9.991025604580997532e-01 -0.000000000000000000e+00 0.000000000000000000e+00 0.000000000000000000e+00 1.000000000000000000e+00
8.951972528284680708e-01 9.990910046223249186e-01 -4.262821228662798390e-02 0.000000000000000000e+00 4.262821228662798390e-02 9.990910046223249186e-01 -0.000000000000000000e+00 0.000000000000000000e+00 0.000000000000000000e+00 1.000000000000000000e+00
9.001172528284681063e-01 9.990798187317894152e-01 -4.288957685563216798e-02 0.000000000000000000e+00 4.288957685563216798e-02 9.990798187317894152e-01 -0.000000000000000000e+00 0.000000000000000000e+00 0.000000000000000000e+00 1.000000000000000000e+00
9.051172528284675556e-01 9.990696174702643484e-01 -4.312655154101939503e-02 0.000000000000000000e+00 4.312655154101939503e-02 9.990696174702643484e-01 -0.000000000000000000e+00 0.000000000000000000e+00 0.000000000000000000e+00 1.000000000000000000e+00
9.101172528284673380e-01 9.990594445037297433e-01 -4.336157686130918260e-02 0.000000000000000000e+00 4.336157686130918260e-02 9.990594445037297433e-01 -0.000000000000000000e+00 0.000000000000000000e+00 0.000000000000000000e+00 1.000000000000000000e+00
9.151604528284671414e-01 9.990476442048485950e-01 -4.363260946520055444e-02 0.000000000000000000e+00 4.363260946520055444e-02 9.990476442048485950e-01 -0.000000000000000000e+00 0.000000000000000000e+00 0.000000000000000000e+00 1.000000000000000000e+00
9.201604528284665907e-01 9.990358773146409410e-01 -4.390120542952857807e-02 0.000000000000000000e+00 4.390120542952857807e-02 9.990358773146409410e-01 -0.000000000000000000e+00 0.000000000000000000e+00 0.000000000000000000e+00 1.000000000000000000e+00
9.251604528284660400e-01 9.990240368462578457e-01 -4.416982910774273213e-02 0.000000000000000000e+00 4.416982910774273213e-02 9.990240368462578457e-01 -0.000000000000000000e+00 0.000000000000000000e+00 0.000000000000000000e+00 1.000000000000000000e+00
9.301604528284654894e-01 9.990119723564990784e-01 -4.444186189144042759e-02 0.000000000000000000e+00 4.444186189144042759e-02 9.990119723564990784e-01 -0.000000000000000000e+00 0.000000000000000000e+00 0.000000000000000000e+00 1.000000000000000000e+00
9.351604528284649387e-01 9.989997303772695236e-01 -4.471620183046779579e-02 0.000000000000000000e+00 4.471620183046779579e-02 9.989997303772695236e-01 -0.000000000000000000e+00 0.000000000000000000e+00 0.000000000000000000e+00 1.000000000000000000e+00
9.401604528284643880e-01 9.989874504977004355e-01 -4.498970713512961267e-02 0.000000000000000000e+00 4.498970713512961267e-02 9.989874504977004355e-01 -0.000000000000000000e+00 0.000000000000000000e+00 0.000000000000000000e+00 1.000000000000000000e+00
9.451604528284638373e-01 9.989750675297606186e-01 -4.526383163090173106e-02 0.000000000000000000e+00 4.526383163090173106e-02 9.989750675297606186e-01 -0.000000000000000000e+00 0.000000000000000000e+00 0.000000000000000000e+00 1.000000000000000000e+00
9.501604528284632867e-01 9.989625664270881389e-01 -4.553889411706942697e-02 0.000000000000000000e+00 4.553889411706942697e-02 9.989625664270881389e-01 -0.000000000000000000e+00 0.000000000000000000e+00 0.000000000000000000e+00 1.000000000000000000e+00
9.551604528284627360e-01 9.989499783664067545e-01 -4.581419781853259682e-02 0.000000000000000000e+00 4.581419781853259682e-02 9.989499783664067545e-01 -0.000000000000000000e+00 0.000000000000000000e+00 0.000000000000000000e+00 1.000000000000000000e+00
9.601604528284621853e-01 9.989372712062768445e-01 -4.609043496168697268e-02 0.000000000000000000e+00 4.609043496168697268e-02 9.989372712062768445e-01 -0.000000000000000000e+00 0.000000000000000000e+00 0.000000000000000000e+00 1.000000000000000000e+00
9.651604528284616347e-01 9.989247040570189418e-01 -4.636200626156550264e-02 0.000000000000000000e+00 4.636200626156550264e-02 9.989247040570189418e-01 -0.000000000000000000e+00 0.000000000000000000e+00 0.000000000000000000e+00 1.000000000000000000e+00
9.701604528284610840e-01 9.989121315126019418e-01 -4.663210821902022407e-02 0.000000000000000000e+00 4.663210821902022407e-02 9.989121315126019418e-01 -0.000000000000000000e+00 0.000000000000000000e+00 0.000000000000000000e+00 1.000000000000000000e+00
9.751604528284605333e-01 9.988995885318503465e-01 -4.690002165138467544e-02 0.000000000000000000e+00 4.690002165138467544e-02 9.988995885318503465e-01 -0.000000000000000000e+00 0.000000000000000000e+00 0.000000000000000000e+00 1.000000000000000000e+00
9.801604528284599827e-01 9.988869699788328615e-01 -4.716801041496750113e-02 0.000000000000000000e+00 4.716801041496750113e-02 9.988869699788328615e-01 -0.000000000000000000e+00 0.000000000000000000e+00 0.000000000000000000e+00 1.000000000000000000e+00
9.851604528284594320e-01 9.988741949675981058e-01 -4.743777637951668985e-02 0.000000000000000000e+00 4.743777637951668985e-02 9.988741949675981058e-01 -0.000000000000000000e+00 0.000000000000000000e+00 0.000000000000000000e+00 1.000000000000000000e+00
9.901604528284588813e-01 9.988613776827153234e-01 -4.770689859745722711e-02 0.000000000000000000e+00 4.770689859745722711e-02 9.988613776827153234e-01 -0.000000000000000000e+00 0.000000000000000000e+00 0.000000000000000000e+00 1.000000000000000000e+00
9.951604528284583306e-01 9.988484400106451000e-01 -4.797701416617179693e-02 0.000000000000000000e+00 4.797701416617179693e-02 9.988484400106451000e-01 -0.000000000000000000e+00 0.000000000000000000e+00 0.000000000000000000e+00 1.000000000000000000e+00
1.000000000000000000e+00 9.988359804645274842e-01 -4.823571425268140950e-02 0.000000000000000000e+00 4.823571425268140950e-02 9.988359804645274842e-01 -0.000000000000000000e+00 0.000000000000000000e+00 0.000000000000000000e+00 1.000000000000000000e+00
