time torque_Nm angle_arcmin
0.000000000000000000e+00 0.000000000000000000e+00 0.000000000000000000e+00
1.000000000000000048e-04 3.200000000000000000e+01 5.903884543489648987e-03
2.000000000000000096e-04 6.400000000000000000e+01 4.660908727910881982e-02
3.000000000000001363e-04 9.600000000000004263e+01 1.572031095163140824e-01
4.002102293708804893e-04 1.280672733986817491e+02 3.528751869494374249e-01
5.011854433057588753e-04 1.603793418578428316e+02 5.173166852102270008e-01
6.004970716464040539e-04 1.921590629268492876e+02 5.789670878407433552e-01
7.037344110999153076e-04 2.251950115519728683e+02 6.394133518445795916e-01
8.048660461267669042e-04 2.575571347605654182e+02 6.999623131454467684e-01
9.010365066051308084e-04 2.883316821136418753e+02 7.568494983766197448e-01
1.008947257063970643e-03 3.228631222604705613e+02 8.204814697351228148e-01
1.103910069755154174e-03 3.532512223216493226e+02 8.650415218863798383e-01
1.203910069755154437e-03 3.852512223216494363e+02 9.030747936757117511e-01
1.303910069755154699e-03 4.172512223216495499e+02 9.384771491322887460e-01
1.403910069755154961e-03 4.492512223216495499e+02 9.731110923617620756e-01
1.504390069755154975e-03 4.814048223216495899e+02 1.007210143143593806e+00
1.602694069755154988e-03 5.128621023216496724e+02 1.039291773061536306e+00
1.705913269755153635e-03 5.458922463216491678e+02 1.072490225978769196e+00
1.803234229755154268e-03 5.770349535216494132e+02 1.103316119291055664e+00
1.903635381755153190e-03 6.091633221616490346e+02 1.130677046398645302e+00
2.001782095355152721e-03 6.405702705136488930e+02 1.158346784119567818e+00
2.105515621883154859e-03 6.737649990026095566e+02 1.190979644094393386e+00
2.201729600199955634e-03 7.045534720639858506e+02 1.223307807976617978e+00
2.300436434427155594e-03 7.361396590166897340e+02 1.257140267712477222e+00
2.400436434427155857e-03 7.681396590166898477e+02 1.291247574974481616e+00
2.500436434427156119e-03 8.001396590166899614e+02 1.324963260658478470e+00
2.600436434427156381e-03 8.321396590166900751e+02 1.358217264907171540e+00
2.700436434427156644e-03 8.641396590166900751e+02 1.391067928195529602e+00
2.800436434427156906e-03 8.961396590166903025e+02 1.423675887201006685e+00
2.900436434427157168e-03 9.281396590166903025e+02 1.456060925797953765e+00
3.006036434427158000e-03 9.619316590166905598e+02 1.489913266907862521e+00
3.105876434427158345e-03 9.938804590166906792e+02 1.521642669034802386e+00
3.202644434427156725e-03 1.024846219016690156e+03 1.552116193776551967e+00
3.301076434427156585e-03 1.056344459016690053e+03 1.582966391896892588e+00
3.401076434427156847e-03 1.088344459016690053e+03 1.614059856552644501e+00
3.501076434427157109e-03 1.120344459016690280e+03 1.644997155048905979e+00
3.601076434427157372e-03 1.152344459016690280e+03 1.675817598991033108e+00
3.701076434427157634e-03 1.184344459016690280e+03 1.706426490429909126e+00
3.801076434427157896e-03 1.216344459016690507e+03 1.736780568189009166e+00
3.901076434427158159e-03 1.248344459016690507e+03 1.766926400481038106e+00
4.001076434427154084e-03 1.280344459016689143e+03 1.796927000246849593e+00
4.101076434427150010e-03 1.312344459016688006e+03 1.826882381239816056e+00
4.201076434427145935e-03 1.344344459016686642e+03 1.856821742073507364e+00
4.301076434427141860e-03 1.376344459016685278e+03 1.886801796351626814e+00
4.401076434427137786e-03 1.408344459016683913e+03 1.916803264941545848e+00
4.501076434427133711e-03 1.440344459016682777e+03 1.946727261043437407e+00
4.601076434427129637e-03 1.472344459016681412e+03 1.976474160237559063e+00
4.701076434427125562e-03 1.504344459016680275e+03 2.006027555440013099e+00
4.801076434427121488e-03 1.536344459016678684e+03 2.035373372534125647e+00
4.901076434427117413e-03 1.568344459016677547e+03 2.064488037225312045e+00
5.001076434427113339e-03 1.600344459016676183e+03 2.093416276857385849e+00
5.101076434427109264e-03 1.632344459016674818e+03 2.122214523100362626e+00
5.201076434427105190e-03 1.664344459016673682e+03 2.150944210099492881e+00
5.301076434427101115e-03 1.696344459016672317e+03 2.179645048495496340e+00
5.401076434427097041e-03 1.728344459016670953e+03 2.208361546440849477e+00
5.501076434427092966e-03 1.760344459016669589e+03 2.237114094911656359e+00
5.601076434427088892e-03 1.792344459016668452e+03 2.267099700002692675e+00
5.701076434427084817e-03 1.824344459016667088e+03 2.298712003042897134e+00
5.801076434427080743e-03 1.856344459016665724e+03 2.330267979751784679e+00
5.905076434427080669e-03 1.889624459016665696e+03 2.362533370949577272e+00
6.000308434427084787e-03 1.920098699016667297e+03 2.391469291388367502e+00
6.104036434427085635e-03 1.953291659016667381e+03 2.422340933549729680e+00
6.204036434427081560e-03 1.985291659016666017e+03 2.451553815201480191e+00
6.304036434427077486e-03 2.017291659016664653e+03 2.480253575491677687e+00
6.404036434427073411e-03 2.049291659016663289e+03 2.508587561896803209e+00
6.504036434427069337e-03 2.081291659016662379e+03 2.536755220025637581e+00
6.604036434427065262e-03 2.113291659016661015e+03 2.564890619597826049e+00
6.704036434427061188e-03 2.145291659016659651e+03 2.593071858301522870e+00
6.804036434427057113e-03 2.177291659016658286e+03 2.621315071694552579e+00
6.904036434427053039e-03 2.209291659016656922e+03 2.649514705945183124e+00
7.004036434427048964e-03 2.241291659016655558e+03 2.677502861534347467e+00
7.104036434427044890e-03 2.273291659016654194e+03 2.705229781541521827e+00
7.204036434427040815e-03 2.305291659016652829e+03 2.732666183421884387e+00
7.304036434427036741e-03 2.337291659016651920e+03 2.759799569071717418e+00
7.404036434427032666e-03 2.369291659016650556e+03 2.786632768770667568e+00
7.504036434427028592e-03 2.401291659016649191e+03 2.813187843087489259e+00
7.604036434427024517e-03 2.433291659016647827e+03 2.839510669901130768e+00
7.704036434427020442e-03 2.465291659016646463e+03 2.865699611331367080e+00
7.804036434427016368e-03 2.497291659016645099e+03 2.891863994362509960e+00
7.904036434427013161e-03 2.529291659016644189e+03 2.918093591691154565e+00
8.004036434427009086e-03 2.561291659016642825e+03 2.944448501649951311e+00
8.104036434427005012e-03 2.593291659016641461e+03 2.970958013005679188e+00
8.204036434427000937e-03 2.625291659016640551e+03 2.997616513321671228e+00
8.304036434426996863e-03 2.657291659016639187e+03 3.024382697895124039e+00
8.404036434426992788e-03 2.689291659016637368e+03 3.051185460479236777e+00
8.504036434426988714e-03 2.721291659016636004e+03 3.077940214596337487e+00
8.604036434426984639e-03 2.753291659016635094e+03 3.104567377081108415e+00
8.704036434426980565e-03 2.785291659016633730e+03 3.131008645790523293e+00
8.804036434426976490e-03 2.817291659016632366e+03 3.157240180476831526e+00
8.904036434426972416e-03 2.849291659016631002e+03 3.183277465793407757e+00
9.004036434426968341e-03 2.881291659016630092e+03 3.209172019047533464e+00
9.104036434426964267e-03 2.913291659016628728e+03 3.235001707027074236e+00
9.204036434426960192e-03 2.945291659016627364e+03 3.260848928912119860e+00
9.304036434426956118e-03 2.977291659016625545e+03 3.286785789639542266e+00
9.404036434426952043e-03 3.009291659016624635e+03 3.312851257123903714e+00
9.504036434426947969e-03 3.041291659016623271e+03 3.339015652418513724e+00
9.604036434426943894e-03 3.073291659016621907e+03 3.365237372541055816e+00
9.704036434426939819e-03 3.105291659016620542e+03 3.391462140606649189e+00
9.804036434426935745e-03 3.137291659016619633e+03 3.417621052972225293e+00
9.904036434426931670e-03 3.169291659016618269e+03 3.443643206693200565e+00
1.000403643442692760e-02 3.198708340983383096e+03 3.469465633809637684e+00
1.010403643442692352e-02 3.166708340983384460e+03 3.489890394790908790e+00
1.020403643442691945e-02 3.134708340983385824e+03 3.498641422278568669e+00
1.030403643442691537e-02 3.102708340983387188e+03 3.497689070682535650e+00
1.040403643442691130e-02 3.070708340983388553e+03 3.489483121578941027e+00
1.050403643442690722e-02 3.038708340983389917e+03 3.475959520938888048e+00
1.060403643442690315e-02 3.006708340983390826e+03 3.458487082072710272e+00
1.070403643442689907e-02 2.974708340983392191e+03 3.438059728426913875e+00
1.080403643442689500e-02 2.942708340983393555e+03 3.415452133681681435e+00
1.090403643442689093e-02 2.910708340983394919e+03 3.391341774508635165e+00
1.100403643442688685e-02 2.878708340983396283e+03 3.366116085365713051e+00
1.110403643442688278e-02 2.846708340983397648e+03 3.339985500942599383e+00
1.120403643442687870e-02 2.814708340983399012e+03 3.313067970490978453e+00
1.130403643442687463e-02 2.782708340983400376e+03 3.285519017473562009e+00
1.140403643442687055e-02 2.750708340983401740e+03 3.257579814707824539e+00
1.150403643442686648e-02 2.718708340983402650e+03 3.229337099617642703e+00
1.160403643442686240e-02 2.686708340983404014e+03 3.200949877677276234e+00
1.170403643442685833e-02 2.654708340983405378e+03 3.172613021973667458e+00
1.180403643442685425e-02 2.622708340983406742e+03 3.144418529885728564e+00
1.190403643442685018e-02 2.590708340983408107e+03 3.116432584742879541e+00
1.200403643442684611e-02 2.558708340983409471e+03 3.088806423560292114e+00
1.210403643442684203e-02 2.526708340983410835e+03 3.061647296529761419e+00
1.220403643442683796e-02 2.494708340983412199e+03 3.034905992456305324e+00
1.230403643442683388e-02 2.462708340983413109e+03 3.008464242401309274e+00
1.240403643442682981e-02 2.430708340983414473e+03 2.982184671148978783e+00
1.250403643442682573e-02 2.398708340983415837e+03 2.955926931910988209e+00
1.260403643442682166e-02 2.366708340983417202e+03 2.929578125886538320e+00
1.270403643442681758e-02 2.334708340983418566e+03 2.903057630624804375e+00
1.280403643442681351e-02 2.302708340983419930e+03 2.876323667710039000e+00
1.290403643442680943e-02 2.270708340983421294e+03 2.849387041574045210e+00
1.300403643442680536e-02 2.238708340983422659e+03 2.822297974650566754e+00
1.310403643442680129e-02 2.206708340983423568e+03 2.795150772169818332e+00
1.320403643442679721e-02 2.174708340983424932e+03 2.768055581070388627e+00
1.330403643442679314e-02 2.142708340983425842e+03 2.741084697196104258e+00
1.340403643442678906e-02 2.110708340983427661e+03 2.714277003976920621e+00
1.350403643442678499e-02 2.078708340983429025e+03 2.687624152608791395e+00
1.360403643442678091e-02 2.046708340983430162e+03 2.661074350519609943e+00
1.370403643442677684e-02 2.014708340983431526e+03 2.634545275500745021e+00
1.380403643442677276e-02 1.982708340983433118e+03 2.607954721374575957e+00
1.390403643442676869e-02 1.950708340983434027e+03 2.581231717996057995e+00
1.400403643442676462e-02 1.918708340983435392e+03 2.554303993525231853e+00
1.410403643442676054e-02 1.886708340983436528e+03 2.527124655248433882e+00
1.420403643442675647e-02 1.854708340983437893e+03 2.499698366741066824e+00
1.430403643442675239e-02 1.822708340983439257e+03 2.472077949932837804e+00
1.440403643442674832e-02 1.790708340983440621e+03 2.444371748714611492e+00
1.450403643442674424e-02 1.758708340983441985e+03 2.416681803576315346e+00
1.460403643442674017e-02 1.726708340983443350e+03 2.389081692333148155e+00
1.470403643442673609e-02 1.694708340983444486e+03 2.361625113709872714e+00
1.480403643442673202e-02 1.662708340983445851e+03 2.334326136995240386e+00
1.490403643442672794e-02 1.630708340983446988e+03 2.307156899574377196e+00
1.500403643442672387e-02 1.598708340983448352e+03 2.279951730249301978e+00
1.510403643442671980e-02 1.566708340983449716e+03 2.250963744569642433e+00
1.520403643442671572e-02 1.534708340983451080e+03 2.221751964114537792e+00
1.530403643442671165e-02 1.502708340983452445e+03 2.192676820639045676e+00
1.540403643442670757e-02 1.470708340983453581e+03 2.163710456025429441e+00
1.550403643442670350e-02 1.438708340983454946e+03 2.134781163719991604e+00
1.560403643442669942e-02 1.406708340983456310e+03 2.105851071788455542e+00
1.570403643442669708e-02 1.374708340983456992e+03 2.076948743646571671e+00
1.580403643442669301e-02 1.342708340983458356e+03 2.048127713326356236e+00
1.590403643442668893e-02 1.310708340983459721e+03 2.019430128358113752e+00
1.600403643442668486e-02 1.278708340983460857e+03 1.990885580627881124e+00
1.610403643442668079e-02 1.246708340983462222e+03 1.962496932188020571e+00
1.620403643442667671e-02 1.214708340983463586e+03 1.934239372131426604e+00
1.630403643442667264e-02 1.182708340983464950e+03 1.906055194388263097e+00
1.640403643442666856e-02 1.150708340983466087e+03 1.877847140217715260e+00
1.650403643442666449e-02 1.118708340983467451e+03 1.849518659652050312e+00
1.660403643442666041e-02 1.086708340983468815e+03 1.820994931926598781e+00
1.670403643442665634e-02 1.054708340983470180e+03 1.792224543626339761e+00
1.680403643442665226e-02 1.022708340983471203e+03 1.763189666615671447e+00
1.690403643442664819e-02 9.907083409834726808e+02 1.733887077984134661e+00
1.700403643442664411e-02 9.587083409834740451e+02 1.704340703910248944e+00
1.710403643442664004e-02 9.267083409834754093e+02 1.674601134389911428e+00
1.720403643442663597e-02 8.947083409834764325e+02 1.644748390919680725e+00
1.730403643442663189e-02 8.627083409834777967e+02 1.614853949533534783e+00
1.740403643442662782e-02 8.307083409834792747e+02 1.584979431201417377e+00
1.750403643442662374e-02 7.987083409834806389e+02 1.555144861452561145e+00
1.760403643442661967e-02 7.667083409834816621e+02 1.525321215899150484e+00
1.770403643442661559e-02 7.347083409834830263e+02 1.495436122792311862e+00
1.780403643442661152e-02 7.027083409834845042e+02 1.465372255763676357e+00
1.790403643442660744e-02 6.707083409834858685e+02 1.435033556943101196e+00
1.800403643442660337e-02 6.387083409834868917e+02 1.404323429862257777e+00
1.810403643442659929e-02 6.067083409834882559e+02 1.373255016513063254e+00
1.820403643442659522e-02 5.747083409834896202e+02 1.341782013233785653e+00
1.830403643442659115e-02 5.427083409834910981e+02 1.309883116973789452e+00
1.840403643442658707e-02 5.107083409834921213e+02 1.277601696742918014e+00
1.850403643442658300e-02 4.787083409834934855e+02 1.244930609698745583e+00
1.860403643442657892e-02 4.467083409834948498e+02 1.211888107246056334e+00
1.870403643442657485e-02 4.147083409834962708e+02 1.178432358747280473e+00
1.880403643442657077e-02 3.827083409834972940e+02 1.144478529044357096e+00
1.890403643442656670e-02 3.507083409834987151e+02 1.109851330315728912e+00
1.900403643442656262e-02 3.187083409835000793e+02 1.074293258093854009e+00
1.910403643442655855e-02 2.867083409835015004e+02 1.037936221552141269e+00
1.920403643442655447e-02 2.547083409835025236e+02 1.001172923992473374e+00
1.930403643442655040e-02 2.227083409835039163e+02 9.637116630331464817e-01
1.940403643442654633e-02 1.907083409835053089e+02 9.249946986230945800e-01
1.950403643442654225e-02 1.587083409835067016e+02 8.845748447327830277e-01
1.960403643442653818e-02 1.267083409835077390e+02 8.417247426564086199e-01
1.970403643442653410e-02 9.470834098350913166e+01 7.951072383258106502e-01
1.980403643442653003e-02 6.270834098351052432e+01 7.439534612629206123e-01
1.990403643442652595e-02 3.070834098351191699e+01 6.883913803310267587e-01
2.000403643442652188e-02 -1.291659016486867984e+00 6.275108337779126133e-01
2.010475643442652394e-02 -3.352205901648752473e+01 5.587241896835588584e-01
2.020019323442652157e-02 -6.406183501648676781e+01 4.825812598012982901e-01
2.030137966499289889e-02 -9.644149279772750560e+01 3.783642974314928575e-01
2.040212063118146055e-02 -1.286786019780672348e+02 2.145245488340415396e-01
2.050006801581773230e-02 -1.600217650616742162e+02 -5.376479923589574939e-02
2.060047076819583947e-02 -1.921506458226685083e+02 -4.418731526725909742e-01
2.070011061637599958e-02 -2.240353972403197247e+02 -7.683760728222039926e-01
2.080167963138910767e-02 -2.565374820445143200e+02 -8.794459378585319786e-01
2.090115022543320711e-02 -2.883680721386261325e+02 -9.337385766409208587e-01
2.100146074794670414e-02 -3.204674393429451698e+02 -9.704121240790071212e-01
2.110168765382273992e-02 -3.525400492232766396e+02 -1.006834681056616221e+00
2.120267974379234574e-02 -3.848575180135504752e+02 -1.046070501218340887e+00
2.130290257954021993e-02 -4.169288254528702282e+02 -1.085578666658278513e+00
2.140620594876582045e-02 -4.499859036050623899e+02 -1.124024905175262434e+00
2.150647098360242149e-02 -4.820707147527746770e+02 -1.157895755430830453e+00
2.160407098360242126e-02 -5.133027147527747047e+02 -1.188383323127031321e+00
2.170263098360241533e-02 -5.448419147527727091e+02 -1.217477966435431158e+00
2.180334097400239354e-02 -5.770691116807657863e+02 -1.247010051529017671e+00
2.190159473407877339e-02 -6.085103149052073377e+02 -1.273557422608567302e+00
2.200214041050960190e-02 -6.406849313630724509e+02 -1.301252900485464936e+00
2.210309647745645201e-02 -6.729908727860644149e+02 -1.333008967841525561e+00
2.220134396699741108e-02 -7.044300694391713478e+02 -1.366908562966954177e+00
2.230204395026225833e-02 -7.366540640839224352e+02 -1.403409550865861721e+00
2.240288576448945523e-02 -7.689234446366255042e+02 -1.440410253369415416e+00
2.250398287444886625e-02 -8.012745198236369788e+02 -1.476958977517837335e+00
2.260074545988865341e-02 -8.322385471643690380e+02 -1.511015066700284404e+00
2.270074545988864934e-02 -8.642385471643675601e+02 -1.545052327346416954e+00
2.280074545988864526e-02 -8.962385471643664232e+02 -1.577872169852901241e+00
2.290074545988864119e-02 -9.282385471643649453e+02 -1.609575555733769647e+00
2.300074545988863711e-02 -9.602385471643638084e+02 -1.640431294282223673e+00
2.310074545988863304e-02 -9.922385471643624442e+02 -1.670731076564430317e+00
2.320074545988862896e-02 -1.024238547164361080e+03 -1.700513605310396859e+00
2.330074545988862489e-02 -1.056238547164359716e+03 -1.729919151512796960e+00
2.340074545988862081e-02 -1.088238547164358579e+03 -1.759244520824167823e+00
2.350074545988861674e-02 -1.120238547164357215e+03 -1.788627381363741442e+00
2.360074545988861267e-02 -1.152238547164356078e+03 -1.818051403298280189e+00
2.370074545988860859e-02 -1.184238547164354486e+03 -1.847436514004346497e+00
2.380074545988860452e-02 -1.216238547164353349e+03 -1.876661366763834771e+00
2.390074545988860044e-02 -1.248238547164351985e+03 -1.905643876271134962e+00
2.400074545988859637e-02 -1.280238547164350848e+03 -1.934311087546180419e+00
2.410074545988859229e-02 -1.312238547164349256e+03 -1.962816743032697264e+00
2.420074545988858822e-02 -1.344238547164348120e+03 -1.991137856762298597e+00
2.430074545988858414e-02 -1.376238547164346755e+03 -2.019367371874207784e+00
2.440074545988858007e-02 -1.408238547164345619e+03 -2.047623859555311565e+00
2.450074545988857599e-02 -1.440238547164344254e+03 -2.076041263225992584e+00
2.460074545988857192e-02 -1.472238547164342890e+03 -2.104652887471131884e+00
2.470074545988856785e-02 -1.504238547164341526e+03 -2.133535790734772508e+00
2.480074545988856377e-02 -1.536238547164340389e+03 -2.162722234190044723e+00
2.490074545988855970e-02 -1.568238547164339025e+03 -2.192128301669186374e+00
2.500074545988855562e-02 -1.600238547164337433e+03 -2.221608157898899094e+00
2.510074545988855155e-02 -1.632238547164336524e+03 -2.250974073251007290e+00
2.520074545988854747e-02 -1.664238547164335159e+03 -2.280107325882341662e+00
2.530074545988854340e-02 -1.696238547164333795e+03 -2.308928889537914309e+00
2.540074545988853932e-02 -1.728238547164332431e+03 -2.337413225643480530e+00
2.550074545988853525e-02 -1.760238547164331294e+03 -2.365568579145229222e+00
2.560074545988853117e-02 -1.792238547164329930e+03 -2.393547810105877804e+00
2.570074545988852710e-02 -1.824238547164328565e+03 -2.421471850889040045e+00
2.580074545988852303e-02 -1.856238547164327201e+03 -2.449421381623507976e+00
2.590074545988851895e-02 -1.888238547164326064e+03 -2.477485811450920838e+00
2.600074545988851488e-02 -1.920238547164324700e+03 -2.505726107516354606e+00
2.610074545988851080e-02 -1.952238547164323336e+03 -2.534152937955234108e+00
2.620074545988850673e-02 -1.984238547164321972e+03 -2.562696880964742796e+00
2.630074545988850265e-02 -2.016238547164320835e+03 -2.591241731827526706e+00
2.640074545988849858e-02 -2.048238547164319243e+03 -2.619638965950308762e+00
2.650074545988849450e-02 -2.080238547164317879e+03 -2.647766851765902985e+00
2.660074545988849043e-02 -2.112238547164316515e+03 -2.675536198767879181e+00
2.670074545988848636e-02 -2.144238547164315150e+03 -2.702908050989271782e+00
2.680074545988848228e-02 -2.176238547164314241e+03 -2.729907600480951491e+00
2.690074545988847821e-02 -2.208238547164312877e+03 -2.756624694103591455e+00
2.700074545988847413e-02 -2.240238547164311512e+03 -2.783188401501184739e+00
2.710074545988847006e-02 -2.272238547164310148e+03 -2.809746768340747103e+00
2.720074545988846598e-02 -2.304238547164309239e+03 -2.836433847835223343e+00
2.730074545988846191e-02 -2.336238547164307420e+03 -2.863332652185756722e+00
2.740074545988845783e-02 -2.368238547164306055e+03 -2.890471566828365368e+00
2.750074545988845376e-02 -2.400238547164304691e+03 -2.917818840123405089e+00
2.760074545988844968e-02 -2.432238547164303782e+03 -2.945285341696339376e+00
2.770074545988844561e-02 -2.464238547164302418e+03 -2.972743940942053520e+00
2.780074545988844154e-02 -2.496238547164301053e+03 -3.000061752649967328e+00
2.790074545988843746e-02 -2.528238547164299689e+03 -3.027124522398866535e+00
2.800074545988843339e-02 -2.560238547164298780e+03 -3.053863539649017245e+00
2.810074545988842931e-02 -2.592238547164297415e+03 -3.080273559489163926e+00
2.820074545988842524e-02 -2.624238547164295596e+03 -3.106414537592102842e+00
2.830074545988842116e-02 -2.656238547164294232e+03 -3.132395857848981446e+00
2.840074545988841709e-02 -2.688238547164293323e+03 -3.158349017915283774e+00
2.850074545988841301e-02 -2.720238547164291958e+03 -3.184412941057541246e+00
2.860074545988840894e-02 -2.752238547164290594e+03 -3.210691746567530203e+00
2.870074545988840486e-02 -2.784238547164289230e+03 -3.237236783217729119e+00
2.880074545988840079e-02 -2.816238547164288320e+03 -3.264033770449692007e+00
2.890074545988839672e-02 -2.848238547164286956e+03 -3.291002940217629291e+00
2.900074545988839264e-02 -2.880238547164285592e+03 -3.318018178455407252e+00
2.910074545988838857e-02 -2.912238547164283773e+03 -3.344936474262981463e+00
2.920074545988838449e-02 -2.944238547164282863e+03 -3.371629800744570638e+00
2.930074545988838042e-02 -2.976238547164281499e+03 -3.398013094180147853e+00
2.940074545988837634e-02 -3.008238547164280135e+03 -3.424063308104375647e+00
2.950074545988837227e-02 -3.040238547164278771e+03 -3.449824826474870321e+00
2.960074545988836819e-02 -3.072238547164277861e+03 -3.475399960828906121e+00
2.970074545988836412e-02 -3.104238547164276497e+03 -3.500924071632351975e+00
2.980074545988836004e-02 -3.136238547164275133e+03 -3.526526155391892736e+00
2.990074545988835597e-02 -3.168238547164273768e+03 -3.552317290903527880e+00
3.000074545988835190e-02 -3.199761452835727141e+03 -3.578365907586253947e+00
3.010074545988834782e-02 -3.167761452835728051e+03 -3.599832154669287743e+00
3.020074545988834375e-02 -3.135761452835729415e+03 -3.609927848061211364e+00
3.030074545988833967e-02 -3.103761452835730779e+03 -3.610336148947324908e+00
3.040074545988833560e-02 -3.071761452835732143e+03 -3.603310162464653299e+00
3.050074545988833152e-02 -3.039761452835733508e+03 -3.590560515942233799e+00
3.060074545988832745e-02 -3.007761452835734872e+03 -3.573185544694799987e+00
3.070074545988832337e-02 -2.975761452835736236e+03 -3.552088612416762547e+00
3.080074545988831930e-02 -2.943761452835737600e+03 -3.528229582055560698e+00
3.090074545988831523e-02 -2.911761452835738510e+03 -3.502305224397308958e+00
3.100074545988831115e-02 -2.879761452835739874e+03 -3.474844418345532482e+00
3.110074545988830708e-02 -2.847761452835741238e+03 -3.446313626211973347e+00
3.120074545988830300e-02 -2.815761452835742602e+03 -3.417312197961156706e+00
3.130074545988831974e-02 -2.783761452835737600e+03 -3.388346531584276011e+00
3.140074545988835036e-02 -2.751761452835727596e+03 -3.359590157228072194e+00
3.150074545988838098e-02 -2.719761452835718046e+03 -3.331035768263800101e+00
3.160074545988841160e-02 -2.687761452835708042e+03 -3.302752774452624163e+00
3.170074545988844222e-02 -2.655761452835698037e+03 -3.274797062967664818e+00
3.180074545988847284e-02 -2.623761452835688033e+03 -3.247010620296491901e+00
3.190074545988850346e-02 -2.591761452835678483e+03 -3.219233724912801353e+00
3.200074545988853408e-02 -2.559761452835668479e+03 -3.191340798943055113e+00
3.210074545988856470e-02 -2.527761452835658929e+03 -3.163304900889786886e+00
3.220074545988859532e-02 -2.495761452835648925e+03 -3.135319807790107660e+00
3.230074545988862594e-02 -2.463761452835639375e+03 -3.107539580080978414e+00
3.240074545988865656e-02 -2.431761452835629370e+03 -3.080088695178372582e+00
3.250074545988868718e-02 -2.399761452835619821e+03 -3.053059831569973515e+00
3.260074545988871780e-02 -2.367761452835610271e+03 -3.026476032155557050e+00
3.270074545988874842e-02 -2.335761452835600267e+03 -3.000311983471087185e+00
3.280074545988877904e-02 -2.303761452835590262e+03 -2.974489371364310131e+00
3.290074545988880966e-02 -2.271761452835580712e+03 -2.948876992147021259e+00
3.300074545988884028e-02 -2.239761452835571163e+03 -2.923314962899029812e+00
3.310074545988887090e-02 -2.207761452835561158e+03 -2.897641496789577165e+00
3.320074545988890152e-02 -2.175761452835551154e+03 -2.871721084629641041e+00
3.330074545988893214e-02 -2.143761452835541604e+03 -2.845470850273570385e+00
3.340074545988896276e-02 -2.111761452835531600e+03 -2.818875898476405517e+00
3.350074545988899338e-02 -2.079761452835522050e+03 -2.791991707140387025e+00
3.360074545988902400e-02 -2.047761452835511818e+03 -2.764934035932063772e+00
3.370074545988905462e-02 -2.015761452835502268e+03 -2.737878133248498713e+00
3.380074545988908524e-02 -1.983761452835492719e+03 -2.710988579550061228e+00
3.390074545988911586e-02 -1.951761452835482714e+03 -2.684368167202594080e+00
3.400074545988914648e-02 -1.919761452835472710e+03 -2.658050278655211596e+00
3.410074545988917710e-02 -1.887761452835463160e+03 -2.631997153582634752e+00
3.420074545988920772e-02 -1.855761452835453383e+03 -2.606116631877145817e+00
3.430074545988923834e-02 -1.823761452835443379e+03 -2.580274531378139447e+00
3.440074545988926896e-02 -1.791761452835433374e+03 -2.554318491057768536e+00
3.450074545988929958e-02 -1.759761452835423825e+03 -2.528108346880618029e+00
3.460074545988933020e-02 -1.727761452835414275e+03 -2.501547267793270635e+00
3.470074545988936082e-02 -1.695761452835404270e+03 -2.474603568679834442e+00
3.480074545988939144e-02 -1.663761452835394266e+03 -2.447315947709649997e+00
3.490074545988942206e-02 -1.631761452835384716e+03 -2.419780522706832748e+00
3.500074545988945268e-02 -1.599761452835374712e+03 -2.392142790962150656e+00
3.510074545988948330e-02 -1.567761452835365162e+03 -2.364559354187726559e+00
3.520074545988951392e-02 -1.535761452835355158e+03 -2.337159814705703109e+00
3.530074545988954454e-02 -1.503761452835345381e+03 -2.310027991998916175e+00
3.540074545988957516e-02 -1.471761452835335604e+03 -2.283155120190218046e+00
3.550074545988960578e-02 -1.439761452835325827e+03 -2.256466357581351279e+00
3.560074545988963640e-02 -1.407761452835315822e+03 -2.229880022059115063e+00
3.570074545988966702e-02 -1.375761452835306272e+03 -2.203253533874722780e+00
3.580074545988969764e-02 -1.343761452835296268e+03 -2.176427576611821291e+00
3.590074545988972826e-02 -1.311761452835286718e+03 -2.149257009894778303e+00
3.600074545988975888e-02 -1.279761452835276714e+03 -2.121668695485074974e+00
3.610074545988978950e-02 -1.247761452835267164e+03 -2.093678386295086735e+00
3.620074545988982012e-02 -1.215761452835257160e+03 -2.065360618337281462e+00
3.630074545988985074e-02 -1.183761452835247383e+03 -2.036902261927583169e+00
3.640074545988988136e-02 -1.151761452835237606e+03 -2.008488602501103060e+00
3.650074545988991198e-02 -1.119761452835227828e+03 -1.980262140077793109e+00
3.660074545988994260e-02 -1.087761452835217824e+03 -1.952300228490951195e+00
3.670074545988997322e-02 -1.055761452835208274e+03 -1.924611499867842745e+00
3.680074545989000384e-02 -1.023761452835198270e+03 -1.897137999397710439e+00
3.690074545989003446e-02 -9.917614528351887202e+02 -1.869833368068897439e+00
3.700074545989006508e-02 -9.597614528351787158e+02 -1.842531764846453424e+00
3.710074545989009570e-02 -9.277614528351691661e+02 -1.815029621060090248e+00
3.720074545989012632e-02 -8.957614528351591616e+02 -1.787173239805407210e+00
3.730074545989015694e-02 -8.637614528351494982e+02 -1.758856333802530703e+00
3.740074545989018756e-02 -8.317614528351394938e+02 -1.730059426440837100e+00
3.750074545989021818e-02 -7.997614528351299441e+02 -1.700832689750592319e+00
3.760074545989024880e-02 -7.677614528351199397e+02 -1.671284720212880659e+00
3.770074545989027942e-02 -7.357614528351102763e+02 -1.641547103737720947e+00
3.780074545989031004e-02 -7.037614528351003855e+02 -1.611747396666984189e+00
3.790074545989034066e-02 -6.717614528350907221e+02 -1.581985174454321852e+00
3.800074545989037128e-02 -6.397614528350807177e+02 -1.552337963325241654e+00
3.810074545989040190e-02 -6.077614528350711680e+02 -1.522791328137040212e+00
3.820074545989043252e-02 -5.757614528350611636e+02 -1.493235693605581282e+00
3.830074545989046314e-02 -5.437614528350515002e+02 -1.463499736693780306e+00
3.840074545989049376e-02 -5.117614528350415526e+02 -1.433385717496531431e+00
3.850074545989052438e-02 -4.797614528350319461e+02 -1.402706628910296960e+00
3.860074545989055500e-02 -4.477614528350219416e+02 -1.371220992054268617e+00
3.870074545989058562e-02 -4.157614528350123351e+02 -1.338804640631467757e+00
3.880074545989061624e-02 -3.837614528350023875e+02 -1.305412777147080927e+00
3.890074545989064686e-02 -3.517614528349927241e+02 -1.271047519178008178e+00
3.900074545989067748e-02 -3.197614528349827765e+02 -1.235778271707278719e+00
3.910074545989070810e-02 -2.877614528349731700e+02 -1.199777034250908647e+00
3.920074545989073872e-02 -2.557614528349631655e+02 -1.163064029075034700e+00
3.930074545989076934e-02 -2.237614528349535590e+02 -1.125720479120835948e+00
3.940074545989079996e-02 -1.917614528349435545e+02 -1.087851601424705938e+00
3.950074545989083058e-02 -1.597614528349339480e+02 -1.049272697926357356e+00
3.960074545989086120e-02 -1.277614528349239720e+02 -1.009358295622227564e+00
3.970074545989089182e-02 -9.576145283491435123e+01 -9.670569819279899448e-01
3.980074545989092244e-02 -6.376145283490437521e+01 -9.213414281898036906e-01
3.990074545989095306e-02 -3.176145283489475446e+01 -8.712353100075791446e-01
4.000074545989098368e-02 2.385471651145110172e-01 -8.155785603946065221e-01
4.010074545989101430e-02 3.223854716512430940e+01 -7.519488790809254475e-01
4.020074545989104492e-02 6.423854716513410779e+01 -6.734483471869818771e-01
4.030085533509108336e-02 9.627370722914641021e+01 -5.636268491985515494e-01
4.040220410787153521e-02 1.287053145188909866e+02 -3.905336608642882013e-01
4.050022078266062725e-02 1.600706504514004678e+02 -1.453559814024317498e-01
4.060098957763470795e-02 1.923166648431062811e+02 1.241351062139740558e-01
4.070064889546518710e-02 2.242076465488596000e+02 3.707271180342848194e-01
4.080072640413232032e-02 2.562324493223422337e+02 5.906559758767948587e-01
4.090224599185451893e-02 2.887187173934457860e+02 7.107262002322300987e-01
4.100007888766163400e-02 3.200252440517226091e+02 7.969658290476453466e-01
4.110130284519010468e-02 3.524169104608332077e+02 8.532650666629567615e-01
4.120105159241029685e-02 3.843365095712947550e+02 8.897865939039463212e-01
4.130178925704074827e-02 4.165725622530391661e+02 9.270630305126907889e-01
4.140259390006483659e-02 4.488300480207474266e+02 9.657007736334203285e-01
4.150519062563159944e-02 4.816610002021115520e+02 1.003841350332617344e+00
4.160841458008826543e-02 5.146926656282446402e+02 1.040111772237916066e+00
4.170647805447014189e-02 5.460729774304451212e+02 1.071347623189392362e+00
4.180047805447016651e-02 5.761529774304530065e+02 1.099433738255328086e+00
4.190095406906221842e-02 6.083053020999096816e+02 1.124711509197551473e+00
4.200253863554727352e-02 6.408123633751272337e+02 1.151330446075082392e+00
4.210172970265751297e-02 6.725535048504038969e+02 1.181292679596337880e+00
4.220392655968016604e-02 7.052564990976528634e+02 1.214834763279970309e+00
4.230371878477289654e-02 7.371900111273266702e+02 1.248587557842980811e+00
4.240471332583065772e-02 7.695082642658102259e+02 1.283141936542547157e+00
4.250934002562191394e-02 8.029888081990120554e+02 1.319025000282430415e+00
4.260934002562194456e-02 8.349888081990219462e+02 1.353290433169685558e+00
4.270934002562197518e-02 8.669888081990317232e+02 1.387548339373728679e+00
4.280934002562200580e-02 8.989888081990415003e+02 1.421892984804411064e+00
4.290934002562203642e-02 9.309888081990512774e+02 1.455959539136663095e+00
4.300934002562206704e-02 9.629888081990610544e+02 1.489468413861349649e+00
4.310934002562209766e-02 9.949888081990709452e+02 1.522298675610154861e+00
4.320934002562212828e-02 1.026988808199080722e+03 1.554363130859128361e+00
4.330934002562215890e-02 1.058988808199090499e+03 1.585686577290717159e+00
4.340934002562218952e-02 1.090988808199100276e+03 1.616378285806774340e+00
4.350934002562222014e-02 1.122988808199110053e+03 1.646644891387553544e+00
4.360934002562225076e-02 1.154988808199119831e+03 1.676717784890561669e+00
4.370934002562228138e-02 1.186988808199129608e+03 1.706766143978135197e+00
4.380934002562231200e-02 1.218988808199139385e+03 1.736942693993903886e+00
4.390934002562234262e-02 1.250988808199149389e+03 1.767333156120065585e+00
4.400934002562237324e-02 1.282988808199159166e+03 1.798041287297537538e+00
4.410934002562240386e-02 1.314988808199168943e+03 1.828964138103803094e+00
4.420934002562243448e-02 1.346988808199178720e+03 1.859913586226820126e+00
4.430934002562246510e-02 1.378988808199188497e+03 1.890733146620367178e+00
4.440934002562249572e-02 1.410988808199198274e+03 1.921192113459902817e+00
4.450934002562252634e-02 1.442988808199208052e+03 1.951156957677565806e+00
4.460934002562255696e-02 1.474988808199217829e+03 1.980539902890441795e+00
4.470934002562258758e-02 1.506988808199227606e+03 2.009463071565146475e+00
4.480934002562261820e-02 1.538988808199237383e+03 2.038070431751886069e+00
4.490934002562264882e-02 1.570988808199247160e+03 2.066472476545136328e+00
4.500934002562267944e-02 1.602988808199257164e+03 2.094920960857994174e+00
4.510934002562271006e-02 1.634988808199266941e+03 2.123575284613126168e+00
4.520934002562274068e-02 1.666988808199276718e+03 2.152567562594479789e+00
4.530934002562277130e-02 1.698988808199286723e+03 2.181896461043946189e+00
4.540934002562280192e-02 1.730988808199296273e+03 2.211482286291961863e+00
4.550534002562282160e-02 1.761708808199302439e+03 2.239980872686722080e+00
4.560454002562281534e-02 1.793452808199300534e+03 2.270639208092618766e+00
4.570334002562283227e-02 1.825068808199306204e+03 2.302390413540265079e+00
4.580334002562286289e-02 1.857068808199315754e+03 2.334068316178672386e+00
4.590334002562289351e-02 1.889068808199325758e+03 2.364813934272186113e+00
4.600334002562292413e-02 1.921068808199335308e+03 2.394568754429524660e+00
4.610334002562295475e-02 1.953068808199345312e+03 2.423489497424883510e+00
4.620334002562298537e-02 1.985068808199354862e+03 2.451837554598735203e+00
4.630334002562301599e-02 2.017068808199364867e+03 2.479827930237256783e+00
4.640334002562304661e-02 2.049068808199374416e+03 2.507793508335957267e+00
4.650334002562307723e-02 2.081068808199384421e+03 2.536000453333929983e+00
4.660334002562310785e-02 2.113068808199393970e+03 2.564563889877092606e+00
4.670334002562313847e-02 2.145068808199403975e+03 2.593473103496549470e+00
4.680334002562316909e-02 2.177068808199413979e+03 2.622569545296463911e+00
4.690334002562319970e-02 2.209068808199423529e+03 2.651528771104097792e+00
4.700334002562323032e-02 2.241068808199433533e+03 2.680037599158040518e+00
4.710334002562326094e-02 2.273068808199443538e+03 2.707928031621420040e+00
4.720334002562329156e-02 2.305068808199453088e+03 2.735136458124254322e+00
4.730334002562332218e-02 2.337068808199463092e+03 2.761701999241681360e+00
4.740334002562335280e-02 2.369068808199472642e+03 2.787753540035534883e+00
4.750334002562338342e-02 2.401068808199482646e+03 2.813485950161153326e+00
4.760334002562341404e-02 2.433068808199492196e+03 2.839135920890072384e+00
4.770334002562344466e-02 2.465068808199502200e+03 2.864944730641164838e+00
4.780334002562347528e-02 2.497068808199511750e+03 2.891100733830386016e+00
4.790334002562350590e-02 2.529068808199521754e+03 2.917699405054545281e+00
4.800334002562353652e-02 2.561068808199531304e+03 2.944723280929347986e+00
4.810334002562356714e-02 2.593068808199541309e+03 2.972057582711834289e+00
4.820334002562359776e-02 2.625068808199550858e+03 2.999517846672943300e+00
4.830334002562362838e-02 2.657068808199560863e+03 3.026887484968507014e+00
4.840334002562365900e-02 2.689068808199570412e+03 3.053964537858117279e+00
4.850334002562368962e-02 2.721068808199580417e+03 3.080605292033037124e+00
4.860334002562372024e-02 2.753068808199589967e+03 3.106755975811581916e+00
4.870334002562375086e-02 2.785068808199599971e+03 3.132464122470288270e+00
4.880334002562378148e-02 2.817068808199609521e+03 3.157868908643002737e+00
4.890334002562381210e-02 2.849068808199619525e+03 3.183169846127686053e+00
4.900334002562384272e-02 2.881068808199629530e+03 3.208582142409297511e+00
4.910334002562387334e-02 2.913068808199639079e+03 3.234286134018659276e+00
4.920334002562390396e-02 2.945068808199649084e+03 3.260393893194688086e+00
4.930334002562393458e-02 2.977068808199659088e+03 3.286922087029128470e+00
4.940334002562396520e-02 3.009068808199668638e+03 3.313785132322087712e+00
4.950334002562399582e-02 3.041068808199678642e+03 3.340783780731444441e+00
4.960334002562402644e-02 3.073068808199688192e+03 3.367684449044257011e+00
4.970334002562405706e-02 3.105068808199698196e+03 3.394283942567653867e+00
4.980334002562408768e-02 3.137068808199707746e+03 3.420433860826771699e+00
4.990334002562411830e-02 3.169068808199717751e+03 3.446069030258883892e+00
5.000000000000000278e-02 3.200000000000000000e+03 3.470388758127725737e+00
