#Exudyn implicit second order time integration solver solution file
#simulation started=2026-09-24,10:49:10
#columns contain: time, ODE2 displacements, ODE2 velocities, ODE2 accelerations, AE coordinates
#number of system coordinates [nODE2, nODE1, nAlgebraic, nData] = [35,0,36,0]
#number of written coordinates [nODE2, nVel2, nAcc2, nODE1, nVel1, nAlgebraic, nData] = [35,35,35,0,0,36,0]
#total columns exported  (excl. time) = 141
#number of time steps (planned) = 1000
#Exudyn version = 1.12.48.dev1; Python3.13.15; Windows x86_64 FLOAT64
#
0,0,0,0,0,0,0,0,0,0,0,0,0,0,0,0,0,0,0,0,0,0,0,0,0,0,0,0,0,0,0,0,0,0,0,0,0,0,0,0,0,0,0,0,0,0,0,0,0,0,0,0,0,0,0,0,0,0,0,0,0,0,0,0,0,0,0,0,0,0,0,0,-6.983694827e-15,0,0,-0,0.9790419162,0,0,-6.983694827e-15,-1.958083832,-0.692287178,-0.692287178,0.692287178,-0.692287178,-1.958083832,-6.983694827e-15,-1.958083832,0.692287178,1.88411095e-15,0.692287178,-1.384574356,3.552713679e-15,-1.958083832,-1.958083832,0.9790419162,1.272318602e-15,-0.9790419162,5.994902744e-17,0,-2.04985648e-15,-1.958083832,0,0.692287178,-0.692287178,0,0,-5.024295868e-15,0,-1.109335648e-31,0,33.02308383,0,31.71116766,29.75308383,4.905,33.02308383,9.81,30.73212575,29.75308383,-31.3864521,32.04404192,19.62,28.77404192,-31.38971557,32.69836826,31.065,28.45095808,26.81595808,-24.20028443,-32.70163174,31.065,37.28191617,24.85787425,-24.2035479,25.83691617,31.065,47.09191617,23.87883234,0,-31.065,-25.83691617
0.02,-1.920525535e-26,1.365259248e-25,0,-1.917298792e-08,1.312314251e-25,0.0001958210718,2.795188992e-26,-7.669195098e-08,-4.603539117e-25,-0.0003916421362,-0.0001384391651,-0.0001384935092,0.0001384393011,-0.0001383849569,-0.0003915652825,7.643903096e-08,-0.0003914888124,0.0001383987446,-4.468377124e-11,0.0001384800568,-0.0002768784374,-7.649981842e-08,-0.0003915653787,-0.0003916418472,0.0001958209721,3.833088815e-08,-0.0001957442618,-3.833090994e-08,9.430168428e-21,7.653558623e-08,-0.0003914885236,-1.351269284e-08,0.0001384120975,-0.0001384120976,-1.358075398e-08,3.074839757e-22,5.018115949e-20,0,-3.830009163e-06,2.284171079e-21,0.01958338006,6.719884925e-23,-1.532003419e-05,4.458011966e-20,-0.03916675787,-0.01384211296,-0.01385295332,0.01384212677,-0.01383128641,-0.03915142737,1.528248858e-05,-0.03913613576,0.01383401647,-6.636866284e-09,0.01385025632,-0.02768423784,-1.530053111e-05,-0.03915143713,-0.03916672847,0.0195833692,7.655517898e-06,-0.01956805319,-7.655522293e-06,7.889028613e-18,1.529233121e-05,-0.0391361064,-2.701603598e-06,0.0138367039,-0.0138367039,-2.708500727e-06,-1.30642838e-18,1.193702167e-15,0,-0.0005747474474,4.249624926e-17,0.9794316163,1.579301014e-18,-0.002298930713,1.092920656e-15,-1.958862673,-0.6917340696,-0.693374548,0.6917505319,-0.6901100502,-1.956542353,0.002271471102,-1.954269265,0.6905448257,-4.953625931e-06,0.6929808816,-1.383480614,-0.002275337167,-1.956553648,-1.958827271,0.9794195505,0.00114834578,-0.9771169369,-0.00114833837,1.041783062e-13,0.002283243647,-1.954233903,-0.0004016351197,0.6909262089,-0.6909262117,-0.0004095499337,2.502165393e-07,8.754133435e-07,-1.275909688e-06,8.001498694e-07,1.224640501e-06,1.961077364,-31.06120375,0.6512387911,-1.306346498,-26.15620396,1.959926395,-21.25120375,-0.328192506,-1.306220429,-0.3276752457,0.9805172344,-11.44005504,-2.284756988,-0.3302995683,1.641744553,0.00112453948,-2.60719768,-4.241326268,6.860555062,-1.642318617,0,6.225667105,-6.197855398,6.85524951,-5.223303081,5.59662197e-06,16.03680156,-7.174972402,0,-0.002048995692,5.223303054
0.04,-9.020082464e-27,1.053211679e-27,0,-3.068867901e-07,1.564001357e-27,0.0007834369729,-1.381529436e-27,-1.227546972e-06,-1.339811443e-27,-0.001566873465,-0.0005535401023,-0.0005544067512,0.0005535401023,-0.0005526734524,-0.00156564784,1.223708828e-06,-0.001564422213,0.0005528899451,-6.783866327e-10,0.0005541899193,-0.001107080544,-1.22754749e-06,-0.001565647839,-0.001566873466,0.0007834367335,6.128132946e-07,-0.0007822111063,-6.128140441e-07,6.659868414e-16,1.223708698e-06,-0.001564422214,-2.163231265e-07,0.0005531069473,-0.0005531069473,-2.163234714e-07,5.847154656e-24,1.325909344e-20,0,-3.068699426e-05,-5.936046649e-22,0.0391819584,-5.401705342e-23,-0.00012274794,9.010202757e-21,-0.07836384472,-0.02766264084,-0.02774909917,0.02766250704,-0.02757604844,-0.07824157593,0.0001223604541,-0.0781189254,0.02759743754,-6.857539729e-08,0.02772732623,-0.05532523246,-0.0001229377732,-0.07824148146,-0.07836412787,0.03918201781,6.122978331e-05,-0.03905960428,-6.123003747e-05,-6.874058573e-13,0.000122266695,-0.07811920882,-2.163055522e-05,0.02761933645,-0.02761933651,-2.156396689e-05,5.470668841e-18,1.439077413e-15,0,-0.00230268695,-2.249834521e-17,0.975662303,-3.677833682e-18,-0.009210602312,1.114826661e-15,-1.95131402,-0.6965245407,-0.6931285828,0.6866588388,-0.6900503089,-1.956173451,0.02300925778,-1.933008577,0.6744221254,0.002434783498,0.684142465,-1.385676417,-0.02318534619,-1.949216447,-1.972217715,0.9826616853,0.004571660887,-0.976962286,-0.004576506675,-2.84492841e-08,0.0160647414,-1.953921463,-0.004069702486,0.6908181235,-0.6908204233,0.0008496831625,2.170424589e-09,-2.055195815e-08,3.643338438e-08,-2.512847401e-08,1.219716011e-08,2.012955059,-31.02050452,0.6912525861,-1.25496161,-26.11550452,2.008355886,-21.21050452,-0.2844052134,-1.254379855,-0.3727734829,1.018706773,-11.39591931,-2.226552282,-0.3733518854,1.706630523,0.01857514832,-2.549017976,-4.16872334,6.813573406,-1.699233744,0,6.294409289,-6.131774487,6.802232323,-5.165110912,-0.003478560101,16.11589432,-7.108734453,0,-0.00692650301,5.165106391
0.06,-3.152028768e-26,-3.694168893e-27,0,-1.554622562e-06,1.117688415e-26,0.001763304499,-1.130597404e-27,-6.218485413e-06,2.167663424e-26,-0.003526603516,-0.001244651804,-0.001249033484,0.001244651804,-0.001240270096,-0.003520406924,6.174854352e-06,-0.003514210289,0.001241363596,-7.712403922e-09,0.001247936139,-0.002489307452,-6.218487863e-06,-0.003520406888,-0.003526603519,0.001763301778,3.098316252e-06,-0.001757105127,-3.098335432e-06,5.328331504e-15,6.174853603e-06,-0.003514210293,-1.091570614e-06,0.001242462882,-0.001242462882,-1.091572386e-06,-2.414379923e-22,2.442440826e-21,0,-0.0001036872961,1.178277777e-22,0.05881098375,-5.333192097e-23,-0.0004147485433,1.725557315e-21,-0.1176214192,-0.04143961733,-0.04173131728,0.04143958946,-0.04114788589,-0.1172088989,0.0004104314572,-0.1167962934,0.04122057791,-7.632185076e-07,0.04165817264,-0.08287959716,-0.0004147883932,-0.1172088742,-0.1176214782,0.05881073216,0.0002062826981,-0.05839817369,-0.0002062852759,1.070480159e-12,0.000410412192,-0.1167963525,-7.255488384e-05,0.04129393757,-0.04129393758,-7.254103896e-05,-2.799489386e-18,4.683544691e-16,0,-0.005191176622,-1.174035935e-17,0.980313461,-3.032161165e-18,-0.02076468841,3.321127574e-16,-1.960580512,-0.6901958303,-0.7004420248,0.6858981778,-0.6756496443,-1.946136878,0.02641940487,-1.919442175,0.6717668938,0.0009947270338,0.6935926548,-1.377212542,-0.02686372804,-1.943105117,-1.969671992,0.9833515567,0.01028117527,-0.9642712158,-0.01028460798,-1.556671836e-08,0.02341416401,-1.928541684,-0.004674921563,0.6818576679,-0.6818593881,-0.002531534497,2.450680507e-08,-2.339597716e-07,4.141352568e-07,-2.852191709e-07,1.369941433e-07,2.004372472,-31.01771899,0.7028255755,-1.24639309,-26.11271907,1.993998033,-21.20771899,-0.2774650319,-1.245031989,-0.389128014,1.007525375,-11.38750382,-2.217467242,-0.3863078929,1.726363758,0.01647809052,-2.535837439,-4.157476626,6.811827742,-1.705681662,0,6.314318372,-6.106570404,6.790441254,-5.165469485,-0.001515624349,16.13752292,-7.070840978,0,-0.01764775344,5.165439257
0.08,-2.132180753e-27,5.163065555e-28,0,-4.917814336e-06,-1.168490555e-26,0.003136176734,6.236070851e-28,-1.967120897e-05,5.543698808e-27,-0.006272322621,-0.002210689594,-0.002224512536,0.002210689594,-0.002196866381,-0.006252774412,1.942674085e-05,-0.006233225818,0.002200311406,-4.321653167e-08,0.002221046039,-0.004421400661,-1.9671209e-05,-0.006252774029,-0.006272322621,0.003136161502,9.774296343e-06,-0.003116612718,-9.774487446e-06,-5.550556059e-16,1.942674093e-05,-0.006233225818,-3.43420343e-06,0.002203788825,-0.002203788825,-3.434203315e-06,-4.381781254e-23,2.52123376e-22,0,-0.0002461240869,-3.153930932e-22,0.0784848651,-1.09778731e-24,-0.0009844915139,3.597797818e-22,-0.156967415,-0.05515155692,-0.05584119861,0.05515155198,-0.05446188335,-0.155992156,0.0009662032721,-0.1550168378,0.05463348521,-3.231985291e-06,0.055667977,-0.1103047164,-0.0009845025588,-0.1559921191,-0.1569674306,0.07848373187,0.0004876539038,-0.07750840762,-0.000487672918,1.151617988e-11,0.0009661986758,-0.1550168532,-0.0001708020506,0.05480753241,-0.05480753238,-0.0001708028005,-5.254874868e-18,1.000233187e-16,0,-0.009245970715,-2.135157455e-17,0.9844031026,-9.575026601e-19,-0.03698374884,7.866565174e-17,-1.968660664,-0.6842833329,-0.7089049547,0.6831506794,-0.6585268055,-1.934039679,0.03726148479,-1.89581998,0.6628302422,0.0001001701525,0.701462912,-1.367980849,-0.03881119339,-1.933488926,-1.971336586,0.9852342388,0.01821546922,-0.9492391914,-0.01821535269,6.544610412e-07,0.0364111398,-1.898481729,-0.006534658996,0.6712645328,-0.6712634793,-0.006142896432,-5.536863457e-09,7.176733186e-08,-1.274717896e-07,7.867801488e-08,-3.473372035e-08,2.012782361,-30.99936687,0.7308848428,-1.217836132,-26.09436684,1.994288161,-21.18936687,-0.2534457752,-1.215213042,-0.4245764107,1.008079194,-11.36143249,-2.185684428,-0.4167465184,1.77270828,0.02031126384,-2.49954372,-4.11791786,6.792711919,-1.733626276,0,6.361916631,-6.052825932,6.757411045,-5.144854321,-0.0002763592444,16.19039497,-7.002067009,0,-0.03197697774,5.144754954
0.1,-4.040694695e-28,2.258700535e-27,0,-1.202022708e-05,-1.423302049e-28,0.004903091855,2.578657388e-27,-4.808061936e-05,9.506998096e-27,-0.009806065838,-0.003450134644,-0.003483802618,0.003450134644,-0.003416465067,-0.009758454411,4.715132547e-05,-0.009710840695,0.003424841541,-1.642796637e-07,0.003475344804,-0.006900350625,-4.808061949e-05,-0.009758452143,-0.009806065838,0.004903034058,2.38068525e-05,-0.004855419219,-2.380798619e-05,-2.997394963e-15,4.71513258e-05,-0.009710840695,-8.335304789e-06,0.003433341125,-0.003433341125,-8.335304357e-06,-3.842143973e-23,-5.030027472e-23,0,-0.0004815508518,-2.169712681e-22,0.0982175243,-9.302860073e-24,-0.001926180259,1.504957666e-22,-0.1964279662,-0.06877671774,-0.07011895853,0.06877671694,-0.06743434837,-0.1945299336,0.001870613984,-0.1926317144,0.067767495,-9.822806661e-06,0.0697809612,-0.1375582831,-0.001926182302,-0.1945297534,-0.196427969,0.09821407497,0.0009491081458,-0.09631576878,-0.0009491985015,1.857960101e-12,0.001870613194,-0.1926317172,-0.0003306846378,0.06810800492,-0.06810800491,-0.0003306849507,-2.986122011e-18,1.332080095e-17,0,-0.0144908262,-1.125598873e-17,0.9881550244,-4.317587329e-19,-0.05796172738,1.966641293e-17,-1.975954763,-0.6788496953,-0.7186122667,0.6786076976,-0.6388364249,-1.919840061,0.05544247377,-1.862817638,0.6482346737,-0.0004156799902,0.7082474839,-1.35784906,-0.05842842151,-1.919799262,-1.976625318,0.9882094557,0.0282903199,-0.9317333602,-0.02829529518,3.365912334e-07,0.05523872915,-1.863479331,-0.009770828746,0.6589585821,-0.6589578004,-0.009748325349,-3.349724463e-08,4.270138937e-07,-7.577696095e-07,4.673059155e-07,-2.058097126e-07,2.036914015,-30.96759458,0.7741452908,-1.171133383,-26.06259444,2.007930864,-21.15759458,-0.213832186,-1.166549291,-0.4776747059,1.018915408,-11.3199903,-2.133218313,-0.4629080571,1.843955917,0.02944287456,-2.442168086,-4.052600935,6.758208212,-1.781615565,0,6.43555101,-5.972653428,6.705360244,-5.105623881,-1.556936753e-05,16.2731851,-6.904393242,0,-0.04957330954,5.105383287
0.12,5.060492625e-28,-2.114078425e-27,0,-2.495994597e-05,1.952709416e-28,0.007065356968,9.116759862e-27,-9.983853788e-05,8.751987945e-27,-0.01413036123,-0.004961034174,-0.005030646978,0.004961034174,-0.004891414516,-0.01403192362,9.707559201e-05,-0.01393347618,0.004908697959,-4.88437084e-07,0.005013122734,-0.00992230913,-9.983853833e-05,-0.01403191393,-0.01413036123,0.007065185498,4.922368583e-05,-0.006966733279,-4.922853256e-05,-1.265593387e-14,9.707559308e-05,-0.01393347618,-1.71609111e-05,0.004926347306,-0.004926347306,-1.716090982e-05,2.094357635e-23,-2.243050131e-23,0,-0.0008338584083,-9.314003361e-23,0.1180219381,-4.041192812e-23,-0.0033353504,1.257031988e-22,-0.2360262032,-0.08229340066,-0.08460278698,0.08229340051,-0.0799835595,-0.2327608865,0.003197866973,-0.2294949149,0.08055498549,-2.430485673e-05,0.08401943464,-0.1645987256,-0.003335350764,-0.2327602435,-0.2360262037,0.1180134261,0.001632982835,-0.114747139,-0.001633304355,-5.496490747e-13,0.003197866907,-0.2294949153,-0.0005653220585,0.08114461276,-0.08114461277,-0.0005653220635,1.253937954e-18,-1.009135632e-22,0,-0.02093981711,-8.115603462e-18,0.9921809871,-1.556440629e-18,-0.08375440168,8.818391565e-18,-1.983622895,-0.6727815393,-0.7299241517,0.6727356837,-0.6155667657,-1.90287857,0.07810621055,-1.821906834,0.6295243077,-0.0009901403562,0.7153280021,-1.346043863,-0.08385452986,-1.902849438,-1.98376467,0.99187817,0.0404391774,-0.9110045975,-0.04045738002,7.791334882e-08,0.07806455975,-1.822046077,-0.01379951512,0.6444321835,-0.6444319363,-0.01380449676,-1.465510189e-07,1.831812322e-06,-3.246983152e-06,2.00038753e-06,-8.784827164e-07,2.070625337,-30.92597119,0.8290249219,-1.111243648,-26.0209706,2.028747358,-21.11597119,-0.1627864688,-1.103763657,-0.5445172238,1.035414631,-11.26693591,-2.065551648,-0.5205478786,1.934036092,0.04197564132,-2.369306471,-3.968314621,6.712905969,-1.843860308,0,6.528300695,-5.871219485,6.639123183,-5.053777479,3.616354708e-06,16.37732837,-6.782242588,0,-0.07041518961,5.0532874
0.14,-2.731637108e-28,-1.613422019e-28,0,-4.631683903e-05,-2.726119933e-27,0.009624527667,-9.222280654e-30,-0.0001852630656,1.157851158e-27,-0.01924816378,-0.00674100204,-0.006869528682,0.006741002041,-0.006612452033,-0.01906643302,0.0001783312537,-0.01888466859,0.006644285346,-1.225438756e-06,0.006837094293,-0.01348260507,-0.0001852630651,-0.01906639997,-0.01924816378,0.009624098569,9.088205957e-05,-0.009442317927,-9.089858163e-05,1.465458847e-14,0.000178331255,-0.01888466858,-3.152551272e-05,0.006677036296,-0.006677036296,-3.152551261e-05,1.719953233e-23,2.228584817e-23,0,-0.001327344988,9.488774726e-24,0.1379099417,3.626154167e-23,-0.00530913408,5.566155234e-23,-0.2757815608,-0.0956799532,-0.09932839948,0.09567995459,-0.09203018188,-0.2706237781,0.00501397412,-0.2654640763,0.09292970447,-5.218042962e-05,0.09840344944,-0.1913853324,-0.005309132973,-0.2706219057,-0.275781559,0.1378917287,0.002579840306,-0.1327311107,-0.002580777676,3.429335115e-11,0.005013973096,-0.2654640749,-0.000886392565,0.09386827815,-0.09386827775,-0.0008863947465,5.598978771e-19,8.324576957e-19,0,-0.02862037153,-8.199802413e-19,0.9966974243,1.671858813e-18,-0.1144691713,5.699585421e-18,-1.992017223,-0.6656562483,-0.7429184522,0.6657168046,-0.5883906719,-1.882912433,0.1039026299,-1.773753153,0.6073385909,-0.001819875821,0.7231876582,-1.332288762,-0.1144320361,-1.882997048,-1.991955413,0.9960234076,0.05459912632,-0.8868094208,-0.05461619875,1.690015624e-06,0.1038419656,-1.773710696,-0.01833122899,0.6275478874,-0.6275279089,-0.01844197778,4.248816146e-08,-2.129313645e-08,-1.880763069e-10,4.445594499e-08,1.325674108e-07,2.111673722,-30.87586378,0.8940317119,-1.040270111,-25.97086381,2.054449971,-21.06586378,-0.1019780719,-1.028680664,-0.6234023594,1.055844303,-11.20385931,-1.984884355,-0.5875581171,2.040347999,0.05720881341,-2.283375723,-3.867728133,6.658591499,-1.918091547,0,6.637041792,-5.750562993,6.56077015,-4.991689845,8.0116153e-05,16.49887822,-6.637419062,0,-0.09429312287,4.990799282
0.16,-5.172560055e-27,4.644361241e-27,0,-7.916131487e-05,8.597959282e-29,0.01258238305,7.343275436e-28,-0.0003166327264,-8.302282923e-29,-0.02516277403,-0.00878721982,-0.00900561664,0.008787219821,-0.008568755526,-0.02485401089,0.000301277575,-0.02454514996,0.008622699189,-2.714643157e-06,0.008950349241,-0.01757576307,-0.0003166327248,-0.02485391547,-0.02516277402,0.01258143532,0.0001544298716,-0.01227252786,-0.0001544775834,4.329785089e-14,0.0003012775778,-0.02454514996,-5.326086047e-05,0.008678674688,-0.008678674688,-5.326086033e-05,2.953674337e-23,5.295933723e-23,0,-0.001986775519,-1.036223052e-23,0.1578920378,-3.428985795e-24,-0.007946473047,-1.778752776e-23,-0.315709085,-0.1089148225,-0.1143286093,0.1089148229,-0.1034976907,-0.3080576391,0.007375486388,-0.3004013156,0.1048270455,-0.0001009499327,0.1129504433,-0.217878438,-0.0079464727,-0.3080529088,-0.3157090844,0.1578569445,0.003828125158,-0.1501983288,-0.003830490547,1.15161802e-11,0.007375486245,-0.3004013151,-0.001303912162,0.1062319076,-0.1062319075,-0.001303912666,3.965943296e-19,1.32966113e-18,0,-0.0375427584,-4.290361079e-19,1.001633106,9.100021812e-19,-0.1501433333,1.936313492e-18,-2.000906896,-0.6575574875,-0.7574045234,0.6575976101,-0.5576070247,-1.859947707,0.1324553405,-1.718816177,0.5818898768,-0.003099156246,0.7317137144,-1.316651395,-0.1501125437,-1.859849283,-2.000857785,1.000534305,0.07057970278,-0.8592892047,-0.07066422594,1.086196018e-06,0.1324220741,-1.718779013,-0.02339687178,0.6084110752,-0.6083990119,-0.02346297602,1.393204056e-07,-3.948314455e-07,6.048871787e-07,-2.013717357e-07,5.547709285e-07,2.160108286,-30.81783809,0.9687293988,-0.9587251755,-25.91283831,2.08504278,-21.00783809,-0.03172470182,-0.9414883596,-0.7137632662,1.080049902,-11.13157666,-1.891598522,-0.6628985804,2.162243197,0.07504720738,-2.18525527,-3.751435859,6.595796919,-2.004067141,0,6.76102803,-5.611254813,6.471183049,-4.919943215,4.788521366e-05,16.63718813,-6.470644776,0,-0.1207757762,4.918460646
0.18,4.982838649e-27,-1.752946885e-27,0,-0.0001270641822,2.304814163e-27,0.01594089768,-1.910513348e-28,-0.0005082244381,2.780621626e-27,-0.03187774433,-0.0110964396,-0.01144470389,0.0110964396,-0.0107480037,-0.03138547076,0.0004773009916,-0.03089294687,0.01083376171,-5.467218258e-06,0.01135629758,-0.0221955265,-0.0005082244389,-0.03138522806,-0.03187774433,0.01593899542,0.0002462600393,-0.01544635399,-0.0002463813871,-9.214601103e-15,0.0004773009914,-0.03089294687,-8.438072667e-05,0.01092360965,-0.01092360965,-8.438072641e-05,-7.812448196e-23,4.540868059e-23,0,-0.002837432031,-7.789301491e-24,0.1779772317,-3.658593503e-23,-0.01134828612,-6.730241435e-23,-0.3558187776,-0.121976613,-0.1296329461,0.1219766191,-0.1143127396,-0.3450019696,0.01032840399,-0.3341740876,0.1161843307,-0.0001803298913,0.1276749525,-0.2440395917,-0.01134827901,-0.3449912971,-0.3558187618,0.1779148252,0.005413841055,-0.167081804,-0.005419176925,1.689201353e-10,0.01032841244,-0.334174071,-0.00182604047,0.1181906876,-0.1181906873,-0.001826040673,-2.589527682e-18,1.982878086e-18,0,-0.0477409787,5.966407974e-19,1.007067271,-1.555331648e-18,-0.1909072763,-2.729502151e-18,-2.010336611,-0.6483249578,-0.773348331,0.6484702736,-0.5231624901,-1.833958329,0.162867302,-1.657542758,0.5535089184,-0.004983655973,0.7410448646,-1.299051459,-0.1907416398,-1.833580067,-2.009974395,1.005271344,0.08831094636,-0.8283866274,-0.088501035,4.022573741e-06,0.1630445659,-1.65716785,-0.02882555255,0.5870281089,-0.5870182143,-0.02884734954,-3.835531972e-08,1.468183604e-07,-2.679485166e-07,1.288237019e-07,-1.479308864e-07,2.215235826,-30.7524003,1.052413496,-0.8676869335,-25.84740023,2.119776561,-20.9424003,0.04724532759,-0.8429221789,-0.8147036426,1.107465731,-11.05087552,-1.786706042,-0.745169259,2.298361008,0.09528618309,-2.076225841,-3.620625641,6.525237174,-2.10085746,0,6.898501936,-5.454207482,6.371436044,-4.839593499,1.955082351e-05,16.79002115,-6.282791355,0,-0.1495190882,4.837283375
0.2,-4.075567517e-27,2.609443916e-27,0,-0.0001941073685,-4.662832204e-27,0.0197022095,-2.420892955e-28,-0.0007763541186,-2.197907804e-27,-0.03939677032,-0.01366498796,-0.01419313789,0.01366498796,-0.01313644325,-0.03865042262,0.0007185956577,-0.03790349503,0.01326606266,-1.021225828e-05,0.01405860832,-0.02733488324,-0.0007763541185,-0.03864986431,-0.03939677032,0.01969866971,0.0003734583975,-0.01895147376,-0.0003737375484,2.221921926e-16,0.0007185956574,-0.03790349503,-0.0001270423781,0.01340331729,-0.01340331729,-0.0001270423783,4.301989339e-23,-6.620858131e-24,0,-0.003905149821,-1.509260136e-23,0.1981728184,-1.116092239e-24,-0.01561756744,-7.399772396e-24,-0.396114831,-0.1348441874,-0.1452672584,0.1348441878,-0.1244055301,-0.3813969591,0.01390738748,-0.3666559783,0.1269410183,-0.0003024147236,0.1425882892,-0.2698317177,-0.01561756719,-0.3813749152,-0.3961148278,0.1980687032,0.007370223895,-0.1833172324,-0.007381245242,2.941928672e-11,0.01390738987,-0.3666559753,-0.002458944333,0.1297023738,-0.1297023738,-0.002458943718,4.257556774e-19,1.329666983e-18,0,-0.0592522627,-1.291118824e-18,1.012735103,-6.22983742e-19,-0.2369020778,-2.227926969e-18,-2.019647427,-0.6381143288,-0.7904240772,0.6382344157,-0.4853933515,-1.805089436,0.1948227408,-1.589953048,0.5220322446,-0.007491315832,0.7507433468,-1.279710875,-0.2367761152,-1.804291036,-2.019243381,1.010142064,0.1076192455,-0.7944095632,-0.1079860966,4.084625204e-06,0.1950665933,-1.589547324,-0.03450414427,0.5636515558,-0.5636427429,-0.03448093073,1.904232934e-08,-2.684920653e-07,4.968028199e-07,-3.107901581e-07,1.271198484e-07,2.278391732,-30.67871729,1.145319845,-0.7666098288,-25.77371739,2.159940693,-20.86871729,0.1354965213,-0.7320213357,-0.9263916393,1.139064879,-10.96120598,-1.669312563,-0.8339205072,2.449043577,0.1183276005,-1.955929659,-3.474098853,6.445990998,-2.209349537,0,7.049454495,-5.278500916,6.261088001,-4.749558437,-1.220921721e-05,16.95701122,-6.073274236,0,-0.1800200175,4.746145489
0.22,1.52053579e-27,-5.835166252e-28,0,-0.0002848952342,-1.465597047e-27,0.02386858402,1.312006422e-28,-0.001139418606,-1.021614929e-28,-0.04772356794,-0.01648877156,-0.01725774364,0.01648877156,-0.01571896232,-0.04663728873,0.00103792944,-0.04554977038,0.01590700481,-1.794580439e-05,0.01706114316,-0.03298609378,-0.001139418606,-0.04663610481,-0.04772356794,0.02386238974,0.0005437453713,-0.02277430703,-0.0005443373335,-2.442226392e-15,0.00103792944,-0.04554977038,-0.0001835055476,0.01610845616,-0.01610845616,-0.0001835055476,5.786805547e-23,3.278687846e-23,0,-0.005216339285,-2.497077581e-23,0.2184842398,-3.867182393e-24,-0.02085941308,-2.884730809e-24,-0.4365949867,-0.1474967132,-0.1612534027,0.1474967141,-0.133710057,-0.417183705,0.01813506937,-0.3977275762,0.1370389934,-0.0004818187928,0.1576983773,-0.295219189,-0.02085941206,-0.4171413256,-0.4365949862,0.2183193003,0.009727447968,-0.1988432148,-0.009748638158,1.055066267e-11,0.01813506863,-0.3977275753,-0.003206689451,0.1407275022,-0.1407275021,-0.003206690228,3.197541783e-18,1.131373213e-18,0,-0.07209449183,-2.102679029e-18,1.018561621,-2.004642468e-19,-0.2881870876,-1.487228736e-19,-2.028542778,-0.6268924218,-0.8084377898,0.6269258583,-0.4444493731,-1.773189453,0.2277640648,-1.516469775,0.4875504323,-0.01070294754,0.7605753921,-1.258664774,-0.2881549365,-1.771863382,-2.028424195,1.014936159,0.1283509656,-0.757540972,-0.1290049532,1.231520903e-06,0.2278305945,-1.51634967,-0.04030157155,0.5384466069,-0.5384427502,-0.04029639414,-2.182147801e-08,2.262983778e-07,-3.963854082e-07,2.322540859e-07,-1.179015087e-07,2.349420244,-30.5973091,1.246883906,-0.656149369,-25.69230902,2.205326245,-20.7873091,0.23261268,-0.6090404677,-1.048117853,1.174675262,-10.86339767,-1.539896948,-0.9278460734,2.613236237,0.1440619652,-1.825441228,-3.312398292,6.358577686,-2.329025954,0,7.212540649,-5.084787422,6.141115639,-4.65039882,-2.363621904e-06,17.1364603,-5.842962315,0,-0.211824563,4.64557214
0.24,1.185894374e-26,-2.205894259e-26,0,-0.0004045662049,-1.439775525e-35,0.02844237571,1.259868907e-34,-0.001617937472,-3.931398739e-26,-0.05686173777,-0.01956328508,-0.0206457408,0.01956328508,-0.01847916977,-0.05533332616,0.001448400081,-0.05380243767,0.01874285438,-2.998175348e-05,0.02036788649,-0.03914072262,-0.001617937473,-0.05533097915,-0.05686173778,0.02843207486,0.000765411779,-0.0269000778,-0.0007665852873,8.793651544e-15,0.00144840008,-0.05380243767,-0.0002560897529,0.01902892588,-0.01902892588,-0.0002560897537,-4.426777593e-21,-1.399739927e-21,0,-0.006797995894,9.562272271e-24,0.2389149134,2.042807299e-24,-0.02718098426,7.986618414e-21,-0.4772498633,-0.1599140053,-0.1776089508,0.1599138389,-0.1421645868,-0.4523048509,0.02302200734,-0.4272773061,0.1464227493,-0.000735802104,0.1730095429,-0.3201681265,-0.02718121409,-0.4522276103,-0.477249868,0.2386647411,0.01251233729,-0.213601622,-0.01255073164,-5.405921855e-10,0.02302211378,-0.4272773114,-0.004071311664,0.1512296786,-0.1512296718,-0.004071055517,-1.072686992e-16,-3.070105963e-17,0,-0.08627669702,-7.037323073e-19,1.023799109,4.058807265e-20,-0.344806422,1.894124695e-16,-2.036252033,-0.6184572047,-0.8270303001,0.6144152833,-0.404117158,-1.743528883,0.2665163198,-1.436804852,0.449559096,-0.01655813388,0.7697991473,-1.238187767,-0.3510395917,-1.73138022,-2.037438339,1.02169806,0.150435907,-0.7186921295,-0.151518299,-1.065514309e-05,0.2688045369,-1.437954422,-0.04896191291,0.5117822886,-0.5116315612,-0.04335407531,6.045377848e-09,-3.086090837e-08,5.26688997e-08,-4.281938412e-08,2.242180779e-08,2.445759631,-30.50196031,1.36492015,-0.5272459098,-25.59696032,2.273360672,-20.69196031,0.3472376771,-0.4639872743,-1.188229994,1.226505242,-10.75126442,-1.389283515,-1.033789351,2.805220042,0.178476421,-1.673747999,-3.125630715,6.25366217,-2.475319588,0,7.405545861,-4.863302398,6.003252939,-4.532545789,-0.003971693741,17.35391965,-5.582075192,0,-0.2425429397,4.526052537
0.26,2.894556389e-27,6.360074596e-28,0,-0.0005588044214,9.122214885e-36,0.03342598661,5.181438174e-35,-0.002234593161,-6.652277198e-27,-0.06681461603,-0.02288362164,-0.02436465558,0.02288362164,-0.02139947915,-0.06472465615,0.001963186475,-0.06263001559,0.02175879571,-4.80035731e-05,0.02398287262,-0.0457896719,-0.002234593161,-0.06472026,-0.06681461603,0.03340957722,0.001047249143,-0.03131288086,-0.001049447214,2.248937161e-14,0.001963186478,-0.06263001559,-0.0003471308244,0.02215393011,-0.02215393011,-0.0003471308234,-1.181572496e-21,-5.883600233e-22,0,-0.0086776947,3.42607756e-24,0.2594661874,4.978190516e-25,-0.03469138345,2.174571623e-21,-0.5180623009,-0.1720758338,-0.1943469472,0.1720757874,-0.1497110874,-0.4867038826,0.02856532087,-0.4552022925,0.1550396604,-0.001083927877,0.1885224518,-0.3446460493,-0.03469144731,-0.4865714079,-0.5180623024,0.2591000246,0.0157480892,-0.2275376586,-0.01581426325,-1.391043561e-10,0.02856535058,-0.4552022938,-0.005052186334,0.1611757231,-0.1611757212,-0.005052114541,-1.271550885e-16,-5.519659157e-17,0,-0.1018735357,1.960604669e-19,1.029945369,5.526232525e-20,-0.4069955099,2.298108166e-16,-2.044041792,-0.6061862628,-0.8465654498,0.6013426771,-0.3582832877,-1.70706061,0.3008379713,-1.353559463,0.4103378947,-0.02229496023,0.7802299461,-1.21414862,-0.4138002053,-1.690650966,-2.044431271,1.02642363,0.1735093728,-0.6762944325,-0.175232271,-1.462860674e-05,0.3038565034,-1.353932971,-0.05561348225,0.4831403564,-0.4829482631,-0.04827186668,-6.635917862e-08,9.243508789e-07,-1.67390134e-06,1.018793731e-06,-2.918384855e-07,2.535004376,-30.40720125,1.482616763,-0.3998418936,-25.50220097,2.331505581,-20.59720125,0.4611558883,-0.3172530743,-1.32861928,1.270956748,-10.64008606,-1.23759775,-1.134440633,2.995257906,0.2100906749,-1.52506807,-2.936201426,6.151156863,-2.618090414,0,7.592269633,-4.635341933,5.866874701,-4.417291728,-0.005199153448,17.55940992,-5.312040265,0,-0.274929884,4.408729252
0.28,1.48494493e-27,1.969882365e-28,0,-0.0007538510954,3.3755135e-36,0.03882182246,-5.347082415e-36,-0.003014267799,-5.423718238e-28,-0.07758511318,-0.02644448598,-0.02842222828,0.02644448599,-0.02446119651,-0.07479630146,0.002595299973,-0.0719990581,0.02493899016,-7.411573601e-05,0.02791011141,-0.0529232173,-0.003014267798,-0.07478845656,-0.07758511317,0.03879662572,0.001398474986,-0.03599575329,-0.001402397436,1.244821233e-14,0.002595299975,-0.0719990581,-0.0004589374864,0.02547204337,-0.02547204337,-0.000458937486,-2.032886791e-22,-1.027276426e-22,0,-0.01088356292,6.917232309e-25,0.280137072,9.085175332e-26,-0.04350143468,4.03426705e-22,-0.5590067652,-0.1839635267,-0.2114757227,0.1839635173,-0.1562967765,-0.5203274122,0.03475104876,-0.4814090535,0.162840078,-0.001548679889,0.2042339842,-0.3686227512,-0.0435014452,-0.5201088349,-0.5590067706,0.2796177721,0.01945406742,-0.2406003588,-0.01956334616,-1.001821633e-10,0.03475104667,-0.4814090591,-0.00614716754,0.1705359238,-0.1705359231,-0.006147156531,-4.090871067e-17,-1.921294632e-17,0,-0.11892004,1.022275975e-19,1.036268852,1.77033534e-20,-0.4748573034,7.63420237e-17,-2.049903508,-0.588837678,-0.8662618656,0.5871824274,-0.3059442945,-1.6628045,0.3276326488,-1.265692155,0.3685638423,-0.02716045806,0.7902486239,-1.186660528,-0.477047636,-1.653356567,-2.05021075,1.028569205,0.1973870007,-0.6308398676,-0.1999976473,-8.069105079e-06,0.3283288595,-1.266009398,-0.05872862223,0.4530338191,-0.4529547351,-0.05634221362,7.301500991e-08,-1.030679449e-07,8.158420084e-08,3.48517291e-08,1.961336227e-07,2.617197435,-30.30786498,1.600596546,-0.2721502222,-25.40286505,2.379784091,-20.49786498,0.5758230038,-0.1667672993,-1.469681363,1.309695167,-10.52522939,-1.081965647,-1.229894205,3.182573798,0.2395561984,-1.378090181,-2.739665502,6.047254611,-2.757225076,0,7.769631017,-4.397756019,5.72877624,-4.30034588,-0.00169241915,17.74547515,-5.030675146,0,-0.3090600431,4.289226153
0.3,2.225792561e-27,3.085462215e-27,0,-0.0009965152337,-2.502323723e-39,0.04463224647,1.551625256e-38,-0.00398407485,1.615507148e-27,-0.08917553951,-0.03024021044,-0.03282631714,0.03024021044,-0.02764461077,-0.08553223147,0.003357340473,-0.08187435016,0.02826663825,-0.0001108938442,0.03215351297,-0.06053104507,-0.00398407485,-0.08551880639,-0.08917553951,0.04459476932,0.001828653586,-0.04093074961,-0.001835366129,1.101221971e-14,0.003357340475,-0.08187435016,-0.0005937488361,0.02897128093,-0.02897128093,-0.0005937488357,1.160538375e-22,-3.989478858e-22,0,-0.01344424452,1.175543432e-25,0.3009242863,1.473267077e-26,-0.05372339066,3.026613335e-22,-0.6000487631,-0.1955588852,-0.2289987519,0.1955588811,-0.161873069,-0.5531240215,0.04155260426,-0.505814336,0.1697776403,-0.002154838765,0.2201373395,-0.3920696848,-0.05372335771,-0.5527761109,-0.6000486657,0.300207565,0.02364555839,-0.2527425148,-0.02381946696,-2.94190005e-10,0.04155264451,-0.5058142454,-0.007351725807,0.1792840927,-0.1792840907,-0.007351671235,-2.085638054e-18,-2.755164137e-17,0,-0.1374272757,2.732701284e-20,1.04328615,4.079399841e-21,-0.5484567563,3.018849511e-17,-2.056527425,-0.573648535,-0.8869926179,0.5730672609,-0.2541251494,-1.62028754,0.3572061775,-1.176270707,0.327208298,-0.03560259957,0.8025788938,-1.158366644,-0.5473028385,-1.6066319,-2.051363548,1.031785886,0.2219303233,-0.5825743932,-0.2258110933,-1.875641757e-05,0.3595904584,-1.171498924,-0.06454904281,0.4210308846,-0.4209003134,-0.06114296334,-7.893982312e-09,2.466742681e-07,-4.658322122e-07,2.832157677e-07,-5.217158115e-08,2.714202997,-30.20581195,1.726511266,-0.137908337,-25.30081187,2.439963983,-20.39581195,0.6984907912,-0.005303161888,-1.619832864,1.354530434,-10.40820889,-0.9178946291,-1.326725365,3.384729654,0.2730993519,-1.222773429,-2.534331238,5.937859245,-2.911201212,0,7.964013952,-4.145749112,5.585481103,-4.179280113,-0.002421424444,17.95624938,-4.731324894,0,-0.3413715173,4.165315613
0.32,9.533781017e-28,-6.205576965e-28,0,-0.001294183442,-1.689764219e-40,0.05085953179,1.139428245e-39,-0.005173383947,7.378104866e-28,-0.1015874204,-0.03426477434,-0.03758480029,0.03426477434,-0.0309290864,-0.09691541717,0.00426126205,-0.09221911812,0.03172404556,-0.0001614323907,0.03671681331,-0.06860229126,-0.005173383948,-0.09689326778,-0.1015874204,0.05080532145,0.002347612867,-0.04609902102,-0.00235868756,5.967484672e-15,0.004261262051,-0.09221911812,-0.000753693498,0.03263917145,-0.03263917145,-0.0007536934977,2.374914413e-22,-4.681198347e-22,0,-0.0163888445,1.835944861e-26,0.32182208,2.23941957e-27,-0.06547054041,4.655120541e-23,-0.641144153,-0.2068447408,-0.2469145141,0.206844737,-0.1663960223,-0.5850452164,0.04893198214,-0.528345592,0.1758092072,-0.002929436752,0.2362218869,-0.4149603206,-0.06547047104,-0.5845091829,-0.6411440008,0.3208562122,0.02833360943,-0.2639210105,-0.02860155917,-5.322496608e-10,0.04893202998,-0.5283454521,-0.008659291919,0.1873977699,-0.1873977665,-0.008659212815,1.070043289e-17,-2.834483003e-17,0,-0.1573912032,5.786260697e-21,1.049309775,8.021720754e-22,-0.6276998258,1.278757224e-17,-2.059347277,-0.5579487658,-0.9070189608,0.5576717999,-0.2005452329,-1.575218971,0.3856487161,-1.082230746,0.2823053861,-0.04493455956,0.8127939793,-1.129371227,-0.6245535402,-1.556986011,-2.051607052,1.034240997,0.2469398218,-0.5329606174,-0.2525215651,-2.762005059e-05,0.3883436717,-1.07511142,-0.06986825061,0.3885012437,-0.3883242556,-0.06571681498,7.725323612e-10,1.041583359e-07,-2.04282073e-07,1.245027964e-07,-1.454329468e-08,2.823840099,-30.0942626,1.860212641,0.00624551715,-25.18926257,2.5099666,-20.2842626,0.8308161634,0.1710358233,-1.779038203,1.407108549,-10.28273948,-0.7399477596,-1.424263606,3.598830784,0.3108012082,-1.058162479,-2.310885847,5.817723282,-3.078263305,0,8.167879877,-3.874232891,5.433007008,-4.046233179,-0.002954227459,18.17504175,-4.411544746,0,-0.3721594042,4.029082832
0.34,-2.460827225e-28,-4.750835856e-28,0,-0.00165482844,3.527102446e-40,0.05750581209,5.805940487e-41,-0.006613836847,-7.056808244e-28,-0.1148212997,-0.0385118263,-0.04270547574,0.0385118263,-0.03429315669,-0.1089278941,0.005318152243,-0.1029952511,0.03529269081,-0.0002293892351,0.04160350086,-0.07712558091,-0.006613836848,-0.1088925103,-0.1148212997,0.05742930503,0.002965357958,-0.05148089718,-0.002983049892,6.857797355e-16,0.005318152244,-0.1029952511,-0.0009407511774,0.03646283122,-0.03646283122,-0.0009407511771,5.519835521e-23,-9.592265009e-23,0,-0.01974685462,2.726603615e-27,0.3428221924,3.267609116e-28,-0.07885671144,3.048523079e-24,-0.6822386856,-0.2178051407,-0.2652164691,0.217805137,-0.1698263912,-0.6160459424,0.0568405479,-0.5489416048,0.1808951091,-0.003901668807,0.2524733721,-0.4372701199,-0.07885669209,-0.6152434719,-0.6822386639,0.3415478448,0.03352487466,-0.2740968722,-0.03392609755,-3.143441834e-10,0.05684054218,-0.5489415858,-0.01006147271,0.1948582295,-0.1948582283,-0.01006145765,8.113503501e-18,-1.386038859e-17,0,-0.1787784259,1.082374582e-21,1.053468925,1.43497772e-22,-0.712384708,2.882312944e-18,-2.056118947,-0.5406205577,-0.9254712616,0.540466316,-0.1444309697,-1.527175608,0.4097090305,-0.9826894127,0.2324328409,-0.05485249003,0.8189910761,-1.100044291,-0.7102626043,-1.507460061,-2.051606264,1.035617218,0.2721952385,-0.4824543868,-0.2800201964,-1.826219284e-05,0.4110210569,-0.9785479481,-0.0734998293,0.3558723026,-0.3557638335,-0.07109842191,2.655486381e-08,1.895302944e-08,-9.366682291e-08,8.695782547e-08,5.172418178e-08,2.947689775,-29.96777726,2.002494586,0.1628638914,-25.06277727,2.591474487,-20.15777726,0.9745908966,0.3654622911,-1.948196009,1.470761846,-10.14378162,-0.544789036,-1.522549507,3.824840732,0.3541408264,-0.8825185743,-2.064316142,5.682135051,-3.259729865,0,8.379472222,-3.579388259,5.268006538,-3.896142537,-0.001710102172,18.39671787,-4.068515559,0,-0.4007174381,3.875481567
0.36,-6.713862729e-28,-4.630293288e-27,0,-0.002087015981,-2.936410819e-41,0.06457303095,2.063921826e-40,-0.008339352652,2.881673992e-27,-0.128876532,-0.04297470971,-0.04819596094,0.04297470971,-0.03771461708,-0.1215508346,0.00653802892,-0.1141635319,0.03895329629,-0.0003190259018,0.04681674532,-0.08608906751,-0.008339352652,-0.1214959046,-0.128876532,0.06446739946,0.003691982151,-0.05705597014,-0.003719447171,1.708966276e-14,0.006538028923,-0.1141635319,-0.001156717252,0.04042903945,-0.04042903945,-0.001156717251,2.058491161e-23,-2.110922513e-22,0,-0.02354807139,3.916138386e-28,0.3639139094,4.635228171e-29,-0.0939957097,-3.389552245e-22,-0.7232677419,-0.2284255688,-0.2838931373,0.228425563,-0.1721296578,-0.6460850206,0.06522019704,-0.5675531205,0.1849994908,-0.005102709635,0.268874309,-0.4589764307,-0.09399566025,-0.644913527,-0.7232676857,0.3622640073,0.0392214981,-0.2832352892,-0.03980721718,-4.646489037e-10,0.06522019031,-0.5675530704,-0.01154830923,0.2016504545,-0.2016504522,-0.01154827487,2.634048101e-18,-1.518722992e-17,0,-0.2017103329,1.873032386e-22,1.057642836,2.409823007e-23,-0.802947039,-1.397485359e-17,-2.050685973,-0.5233886646,-0.9436699316,0.5230332916,-0.08733417777,-1.476965093,0.4330316288,-0.8821087509,0.1819701431,-0.06635056925,0.8254540563,-1.069364272,-0.7999434024,-1.452323297,-2.047547413,1.035892739,0.2974609336,-0.430243051,-0.3081546758,-2.674070281e-05,0.4324543266,-0.8792825985,-0.07726777034,0.3225136609,-0.3223837145,-0.07524626213,4.847352498e-09,2.566202149e-07,-5.1747549e-07,3.215162049e-07,-2.067521129e-08,3.078627189,-29.8414779,2.146517959,0.32102416,-24.93647783,2.677170376,-20.0314779,1.121245663,0.5667755002,-2.120163966,1.535544981,-10.00648171,-0.3451469781,-1.614499116,4.05494796,0.3986373998,-0.7059417599,-1.811693032,5.544718494,-3.447237808,0,8.59428914,-3.275093668,5.10321827,-3.74484593,-0.001448591248,18.6219464,-3.714591587,0,-0.4270420424,3.72041813
0.38,-1.91612645e-28,-1.204426584e-27,0,-0.002599909848,3.475289019e-41,0.07206289035,5.744864578e-42,-0.01038612033,-5.718333267e-28,-0.1437510667,-0.04764649115,-0.05406359262,0.04764649115,-0.04117061771,-0.134764628,0.007929658017,-0.1256838755,0.04268589975,-0.0004352429312,0.05235932939,-0.09548047207,-0.01038612033,-0.1346815118,-0.1437510667,0.07191988995,0.00453757596,-0.06280317996,-0.004579134024,-2.152812174e-15,0.007929658019,-0.1256838755,-0.001403170954,0.04452431363,-0.04452431363,-0.001403170953,-3.827227601e-23,-8.253374854e-23,0,-0.02782248324,5.492058923e-29,0.3850837972,6.440918014e-30,-0.1110005955,-7.903736852e-23,-0.7641553491,-0.2386928963,-0.3029279524,0.2386928922,-0.1732758057,-0.6751254394,0.07400403932,-0.5841426623,0.1880898104,-0.00656526424,0.2854035625,-0.4800586375,-0.1110005826,-0.6734537924,-0.7641553497,0.3829837672,0.04542104734,-0.2913058587,-0.04625686717,-2.680465833e-10,0.07400402338,-0.5841426638,-0.01310819927,0.2077632771,-0.2077632764,-0.0131081942,-1.256194331e-18,-8.439294044e-18,0,-0.2260972473,3.07177174e-23,1.060656394,3.867786358e-24,-0.8989434871,-9.344806991e-18,-2.040396166,-0.5049589341,-0.960684721,0.5046811188,-0.02841259405,-1.426155482,0.4501406891,-0.7792561896,0.129468012,-0.0800867333,0.8301940476,-1.037963406,-0.8973346152,-1.395854944,-2.039135703,1.035532868,0.3224746456,-0.3763652515,-0.3368540144,-1.998484408e-05,0.4494090982,-0.7781617896,-0.08008964096,0.2884985329,-0.2884196488,-0.07911616151,5.274633351e-08,3.145961461e-08,-1.880847357e-07,1.696301963e-07,8.999207628e-08,3.222071248,-29.7041898,2.295540241,0.4864748105,-24.79918981,2.772623893,-19.8941898,1.275361088,0.7815687196,-2.298597843,1.609050188,-9.86004668,-0.1344688502,-1.702697422,4.292436806,0.4479776958,-0.5227889328,-1.544370597,5.395805437,-3.645911185,0,8.814065894,-2.953005256,4.930708174,-3.582925032,-0.0007034655302,18.84943931,-3.342017105,0,-0.4500821016,3.554543751
0.4,-1.707668004e-27,-4.949465945e-27,0,-0.00320327462,9.764614967e-41,0.07997679833,1.833775689e-41,-0.01279257654,-2.477581099e-27,-0.1594412214,-0.05251999162,-0.06031532767,0.05251999162,-0.04463775431,-0.1485489689,0.009500394852,-0.1375155708,0.0464699273,-0.000583609623,0.05823358403,-0.1052871209,-0.01279257655,-0.148426072,-0.1594412214,0.07978661943,0.005512134986,-0.06870090099,-0.005573583451,2.738202804e-14,0.00950039486,-0.1375155708,-0.001681447587,0.0487349845,-0.0487349845,-0.001681447584,-1.713769068e-23,-2.880731288e-24,0,-0.03260015871,7.565728923e-30,0.4063158687,8.810034929e-31,-0.1299829341,-2.696604884e-23,-0.8048142111,-0.2485956905,-0.3222994954,0.2485956896,-0.173239371,-0.7031347896,0.08311806861,-0.5986850865,0.1901373928,-0.00832343282,0.3020370655,-0.5004978917,-0.1299829317,-0.700797782,-0.8048142115,0.4036838558,0.05211646107,-0.2982824317,-0.05328496429,-5.480459907e-11,0.08311806509,-0.5986850872,-0.01472835959,0.2131891863,-0.2131891861,-0.01472835876,-9.411563216e-19,-2.781992577e-18,0,-0.2519827908,4.84318859e-24,1.062955224,5.999854804e-25,-1.000450745,-2.956219029e-18,-2.025801316,-0.486056896,-0.9766338793,0.4859238971,0.03160722581,-1.373980775,0.4634197576,-0.6758078589,0.07598430408,-0.0957307873,0.8339946865,-1.00556708,-0.9999663887,-1.335660163,-2.025711049,1.033998649,0.3470064337,-0.3211657086,-0.3660023937,-8.762755059e-06,0.4629320358,-0.6757547366,-0.08239268008,0.254095677,-0.2540687773,-0.08217345084,6.296769853e-07,-1.367445834e-06,1.397222708e-06,-2.164656593e-07,1.174076778e-06,3.374487001,-29.56329042,2.445760625,0.6544734062,-24.65829097,2.87427714,-19.75329042,1.432854024,1.00502597,-2.479757213,1.686669753,-9.711934845,0.08204412203,-1.783302545,4.532834106,0.4997871985,-0.3380171482,-1.268778168,5.241615401,-3.851324989,0,9.035634321,-2.619503284,4.756617265,-3.41672386,-0.0001621666492,19.07723812,-2.957366845,0,-0.4698024197,3.384270898
0.42,2.280229875e-28,1.094063505e-27,0,-0.003907475886,7.482412082e-43,0.08831581627,-3.287588259e-42,-0.01559936681,6.373011748e-28,-0.1759414487,-0.05758782024,-0.06695764605,0.05758782024,-0.04809215682,-0.1628829528,0.01125605119,-0.1496175247,0.05028426676,-0.0007703875866,0.06444132768,-0.115495982,-0.01559936681,-0.1627049916,-0.1759414487,0.08806694378,0.006625467366,-0.07472702842,-0.006714447996,-8.397565816e-14,0.01125605119,-0.1496175247,-0.001992615109,0.05304726946,-0.05304726946,-0.001992615109,1.720476208e-23,-3.498214302e-23,0,-0.03791110898,1.027857661e-30,0.42759147,1.190163768e-31,-0.1510518996,-2.570406173e-23,-0.8451451124,-0.2581242445,-0.3419815301,0.2581242434,-0.171999239,-0.7300856073,0.09248223926,-0.6111673548,0.1911171312,-0.01041229543,0.3187477263,-0.5202771698,-0.151051899,-0.7268785729,-0.8451451245,0.4243388612,0.05929605656,-0.3041432357,-0.06089957561,-6.285238782e-11,0.09248223043,-0.6111673654,-0.01639490253,0.2179243417,-0.217924342,-0.01639490494,-4.176409773e-19,-1.621370936e-18,0,-0.2793639019,7.409369929e-25,1.064411668,9.062957134e-26,-1.107338427,-9.435363108e-19,-2.006292761,-0.4669668357,-0.9912415659,0.4668719718,0.09234386961,-1.320090628,0.4736882339,-0.5724147453,0.02154183547,-0.1130227789,0.836526882,-0.9723014463,-1.107192224,-1.270968348,-2.007169822,1.030946433,0.3708266785,-0.2651498655,-0.3954995321,-5.879725018e-06,0.472953855,-0.5731841488,-0.08418759887,0.2196801894,-0.2196952224,-0.08433250225,-1.138944243e-07,-1.17706272e-07,1.104124556e-07,-6.564832024e-07,-3.22846391e-07,3.535296913,-29.42096601,2.595617339,0.8237776559,-24.51596587,2.981617966,-19.61096601,1.592458953,1.236020638,-2.662337542,1.767567811,-9.564424806,0.3031144527,-1.854708137,4.774352327,0.5535335174,-0.1531512444,-0.9862510339,5.0836191,-4.062167237,0,9.257851865,-2.276417864,4.582833808,-3.247557979,9.55787668e-05,19.30422869,-2.56302303,0,-0.4859251229,3.210998325
0.44,-5.860249502e-28,7.34015332e-27,0,-0.004723477657,-4.576014337e-28,0.09708060606,-4.141032344e-27,-0.01884928815,-8.694781161e-28,-0.193244096,-0.06284241031,-0.07399645627,0.06284241031,-0.05150957531,-0.1777451779,0.01320078935,-0.1619485038,0.05410734098,-0.001002547748,0.07098381021,-0.1260936989,-0.01884928815,-0.177492332,-0.193244096,0.09675969049,0.007887101533,-0.08085906447,-0.008013524478,1.607391471e-14,0.01320078936,-0.1619485038,-0.002337455336,0.05744734406,-0.05744734406,-0.002337455335,2.908979468e-22,-2.413768686e-23,0,-0.04378513735,-1.319254422e-23,0.4488892741,-1.152688695e-22,-0.1743132893,-2.347502662e-22,-0.8850366161,-0.2672706495,-0.361943149,0.2672706697,-0.1695384718,-0.7559555948,0.1020118237,-0.6215883895,0.1910075643,-0.01286761211,0.3355057427,-0.539381034,-0.1743132884,-0.7516286309,-0.8850367053,0.444921358,0.06694355422,-0.3088707441,-0.06910708905,6.616706363e-10,0.1020117878,-0.6215884652,-0.01809310137,0.2219683841,-0.2219683879,-0.01809315907,1.349139045e-17,-3.616720873e-18,0,-0.3082101972,-4.853800753e-19,1.064259582,-5.231721666e-18,-1.219292105,-1.260837517e-17,-1.979380622,-0.4461371887,-1.003642014,0.446987318,0.1549875797,-1.263513241,0.4773969257,-0.4681447501,-0.03531168931,-0.1311455905,0.8359726961,-0.9382994056,-1.219513947,-1.205723545,-1.984371973,1.0258342,0.3937437463,-0.2085288098,-0.4252459731,3.408984735e-05,0.4753213598,-0.4723871477,-0.08404108529,0.1856069158,-0.1858077272,-0.08693231647,5.706912035e-08,6.47824159e-08,-2.40720711e-07,1.884322315e-07,6.413493306e-08,3.703898128,-29.27234207,2.744398403,0.9955127473,-24.36734207,3.094257148,-19.46234207,1.754393238,1.475859591,-2.845741896,1.853540653,-9.413074011,0.5305764787,-1.916201792,5.014830786,0.6099114111,0.03241647576,-0.693125749,4.917931327,-4.277520964,0,9.476828761,-1.921544081,4.406783575,-3.071297165,0.002060172962,19.52239685,-2.158061624,0,-0.4980703638,3.030641236
0.46,5.272065406e-28,-2.714860956e-27,0,-0.005662836579,1.07415163e-28,0.1062713764,-4.054798946e-29,-0.02258721088,-2.774880557e-27,-0.2113391579,-0.06827605654,-0.08143700352,0.06827605654,-0.05486546227,-0.1931138503,0.01533704418,-0.1744673707,0.05791718009,-0.001287780349,0.07786166069,-0.1370666211,-0.02258721088,-0.1927607957,-0.2113391579,0.10586312,0.009306194861,-0.087074203,-0.009482722143,-2.216422821e-14,0.01533704418,-0.1744673707,-0.002716449797,0.06192141023,-0.06192141023,-0.002716449797,8.0212156e-23,-1.913732855e-23,0,-0.05025167664,-1.9115305e-24,0.4701853071,-3.896222143e-23,-0.1998684552,-9.213587381e-23,-0.9243649229,-0.2760290213,-0.3821489793,0.2760290243,-0.1658442649,-0.780727973,0.1116190946,-0.6299588314,0.1897909427,-0.01572554346,0.3522789568,-0.5577954807,-0.1998684539,-0.7749795033,-0.924364952,0.4654021293,0.07503814091,-0.3124516105,-0.07791238909,7.816230744e-11,0.111619078,-0.6299588564,-0.01980774164,0.2253242613,-0.2253242622,-0.01980775638,9.078311925e-18,-1.033960029e-18,0,-0.3385980314,-3.590258635e-19,1.063846045,-4.195300173e-18,-1.336581874,-8.749124216e-18,-1.948734751,-0.4272337563,-1.015207177,0.4277243652,0.2164486277,-1.209118571,0.4799966546,-0.3666229507,-0.09023206833,-0.1525738909,0.8368432121,-0.9034260922,-1.336517752,-1.132978155,-1.952011932,1.02029707,0.4155175637,-0.1507191701,-0.4552480723,1.591413731e-05,0.4783793116,-0.3694175619,-0.0849890484,0.151134431,-0.1512495441,-0.0868175292,-6.407358327e-10,3.578494403e-07,-7.982874996e-07,4.544940884e-07,-3.575143712e-08,3.883306361,-29.12614299,2.890423267,1.165420815,-24.22114286,3.215044082,-19.31614299,1.915835126,1.720331104,-3.029372795,1.942456837,-9.265940909,0.7580998062,-1.966426786,5.2558988,0.6682999952,0.2173837987,-0.3995300321,4.750910943,-4.498682396,0,9.699837755,-1.560265848,4.233837118,-2.896704278,0.001296750343,19.74768604,-1.745183668,0,-0.5058083397,2.852201181
0.48,-1.937686726e-27,7.048620544e-27,0,-0.006737692713,2.097842604e-29,0.1158878291,-2.559768632e-28,-0.02685997784,6.538788382e-27,-0.2302140249,-0.07388095362,-0.08928378136,0.07388095362,-0.05813505142,-0.2089668932,0.01766547269,-0.187133312,0.06169149281,-0.001634497885,0.0850748401,-0.1484008308,-0.02685997784,-0.2084817127,-0.2302140249,0.1153748906,0.01089144395,-0.09334941239,-0.01113403422,-3.471491465e-14,0.01766547269,-0.187133312,-0.003129770321,0.06645576102,-0.06645576102,-0.003129770321,2.664374611e-24,3.200632503e-23,0,-0.05733960513,-4.630596429e-25,0.4914528616,-1.49478378e-23,-0.2278130953,2.839924603e-24,-0.962993404,-0.2843952628,-0.4025592689,0.2843952621,-0.1609075257,-0.804391279,0.1212142408,-0.6363003616,0.1874528756,-0.01902210637,0.3690327695,-0.5755077517,-0.2278130993,-0.7968623887,-0.9629934042,0.4857502093,0.08355457027,-0.3148766205,-0.08731901622,-2.312782211e-11,0.1212142421,-0.6363003626,-0.02152311717,0.227998099,-0.2279980989,-0.02152311775,3.766678565e-18,-9.127371288e-19,0,-0.3704057705,-7.028581674e-20,1.06203946,-1.252479301e-18,-1.458479826,-3.233677292e-18,-1.911092302,-0.4082800918,-1.024769628,0.4083379616,0.27816306,-1.155096013,0.477636927,-0.2665173794,-0.1454894471,-0.1761883563,0.836249913,-0.8679346481,-1.458665259,-1.056893578,-1.911852408,1.013467894,0.4358967256,-0.0923242925,-0.4854030593,1.89627604e-06,0.4773144659,-0.2672084666,-0.08530241697,0.1168626663,-0.1168813593,-0.08573493963,5.321597786e-08,-4.847596178e-07,8.672933069e-07,-5.640004033e-07,1.184345165e-07,4.072490736,-28.9768462,3.033010397,1.335503914,-24.0718464,3.343283488,-19.1668462,2.077407333,1.971555177,-3.212795694,2.036617513,-9.117915711,0.9885824938,-2.004979754,5.495153796,0.7294424418,0.4024624892,-0.1001954044,4.578049259,-4.7245784,0,9.922603188,-1.189721857,4.061005752,-2.718337947,0.0003051857461,19.97091882,-1.323378912,0,-0.508789293,2.670298369
0.5,-3.243850871e-28,1.486910441e-28,0,-0.007960756625,-2.140468611e-28,0.1259291055,-1.746974654e-28,-0.03171627921,-2.099965123e-28,-0.249853229,-0.07964923561,-0.09754044735,0.07964923561,-0.06129343283,-0.2252820585,0.02018493125,-0.1999060555,0.06540773623,-0.002051830784,0.09262259863,-0.1600821656,-0.03171627921,-0.2246250275,-0.249853229,0.1252920264,0.01265099715,-0.09966151661,-0.01297951262,3.619690427e-15,0.02018493124,-0.1999060555,-0.003577274208,0.07103684123,-0.07103684123,-0.003577274209,9.388734946e-25,1.132590803e-23,0,-0.06507706002,-1.538083148e-24,0.512662585,-3.086156054e-24,-0.258236016,4.993310035e-24,-1.000772753,-0.2923673449,-0.4231301809,0.2923673444,-0.154722898,-0.8269397287,0.1307071417,-0.6406452721,0.1839824998,-0.02279296599,0.3857306543,-0.5925061217,-0.2582360173,-0.8172076631,-1.000772754,0.5059331525,0.09246328842,-0.3161405423,-0.09732932177,-5.944976807e-11,0.1307071403,-0.6406452734,-0.02322346367,0.2299989309,-0.2299989308,-0.02322346418,7.864454204e-19,5.800872299e-19,0,-0.4035720159,-1.589592998e-20,1.058477563,-3.128263039e-19,-1.58449497,-9.919728153e-21,-1.864982731,-0.3887297361,-1.031750594,0.3886991254,0.3404952706,-1.099561999,0.4705249379,-0.1678582262,-0.2020548671,-0.2009419886,0.8328120132,-0.8319199642,-1.584639504,-0.977889381,-1.86513952,1.004471949,0.4547082764,-0.03412064497,-0.5156379735,-3.66396068e-06,0.4704108159,-0.1680301027,-0.08432382327,0.08340739292,-0.08340198843,-0.08441570452,-2.905640518e-07,6.701977506e-07,-8.575384768e-07,3.272394377e-07,-2.822559337e-07,4.268763477,-28.82606271,3.169929489,1.504485382,-23.92106252,3.476531333,-19.01606271,2.237422865,2.227929691,-3.393963166,2.13453644,-8.970770522,1.220989117,-2.030256077,5.729243004,0.7923943009,0.5855836927,0.2045909832,4.400550276,-4.952173572,0,10.14182871,-0.8119899872,3.889991576,-2.53668711,6.137066888e-05,20.18694257,-0.8960198203,0,-0.5071179342,2.485480527
0.52,-4.681377595e-28,5.782078772e-28,0,-0.009345292459,4.19832257e-29,0.1363937331,-9.50402834e-29,-0.03720650085,3.907801593e-28,-0.2702381875,-0.08557301541,-0.1062097428,0.08557301541,-0.06431562423,-0.2420370379,0.02289247881,-0.2127460741,0.0690431837,-0.002549615842,0.1005034374,-0.172096237,-0.03720650085,-0.2411592867,-0.2702381875,0.1356108888,0.01459236986,-0.1059872735,-0.01503124546,-5.857889835e-15,0.02289247881,-0.2127460741,-0.004058503827,0.07565130338,-0.07565130338,-0.004058503828,2.576900008e-23,3.885606588e-24,0,-0.07349122525,-1.401317611e-24,0.5337824285,-8.040135535e-26,-0.2912177455,3.452814041e-24,-1.037540823,-0.2999451894,-0.4438139539,0.2999451893,-0.1472884879,-0.8483731096,0.1400084153,-0.6430356181,0.1793723006,-0.02707304317,0.4023342752,-0.6087796196,-0.2912177457,-0.8359450903,-1.037540823,0.5259171338,0.101730579,-0.3162419661,-0.1079445888,-1.387749117e-11,0.1400084149,-0.6430356185,-0.02489310034,0.2313384446,-0.2313384446,-0.0248931005,4.549169686e-19,2.83804201e-19,0,-0.4380659239,-1.234239965e-19,1.053167737,-7.153987096e-20,-1.714284273,1.27330139e-19,-1.810232577,-0.3690624159,-1.036160459,0.3690471168,0.4029576162,-1.043871281,0.4588001903,-0.07142505776,-0.25911618,-0.2272884659,0.8271551406,-0.7953879943,-1.71433217,-0.8955635576,-1.810272654,0.9936494024,0.4717216904,0.02397274207,-0.5458992315,-1.852621145e-06,0.4587536953,-0.07147316752,-0.08244078632,0.05066920439,-0.05066598833,-0.08246314003,-1.010217852e-06,2.242265452e-06,-2.693492546e-06,1.011666946e-06,-9.182396405e-07,4.472509034,-28.67429442,3.299681455,1.671314838,-23.76929392,3.615371344,-18.86429442,2.394561438,2.488230707,-3.572116233,2.236298433,-8.824891278,1.453726581,-2.041520797,5.957316718,0.8571903139,0.7667427743,0.5129078019,4.218610936,-5.181108456,0,10.35833417,-0.427965047,3.721332894,-2.352701275,1.415446203e-05,20.39768591,-0.463705956,0,-0.5005298588,2.2988421
0.54,-1.516314631e-28,-9.064531213e-28,0,-0.01090509662,1.71752473e-29,0.1472795713,6.879655529e-29,-0.04338254421,-6.866616006e-28,-0.2913469466,-0.09164442346,-0.1152934159,0.09164442346,-0.06717663857,-0.2592095731,0.02578340459,-0.2256147717,0.07257499047,-0.003138377466,0.1087150739,-0.1844284418,-0.04338254421,-0.2580516258,-0.2913469466,0.1463271495,0.01672236294,-0.11230345,-0.01730133661,7.346717083e-14,0.02578340459,-0.2256147717,-0.004572690304,0.08028605824,-0.08028605824,-0.004572690304,-4.122726321e-24,-3.779208581e-24,0,-0.08260810518,3.509216499e-24,0.5547776338,3.243391781e-24,-0.3268290627,4.640107707e-24,-1.073122664,-0.3071306306,-0.4645590936,0.3071306303,-0.1386056893,-0.8686966029,0.1490306549,-0.643522346,0.1736179739,-0.03189612786,0.4188036457,-0.6243177576,-0.3268290633,-0.8530038155,-1.073122671,0.545667036,0.1113187343,-0.3151831771,-0.1191651289,-5.73303442e-11,0.14903065,-0.6435223522,-0.02651662119,0.2320307302,-0.2320307305,-0.02651662314,2.038922985e-19,2.239058269e-19,0,-0.4738149022,1.612825894e-19,1.045969766,-2.498439819e-20,-1.847295791,2.061201365e-19,-1.746242377,-0.3495024649,-1.037825275,0.3494830107,0.465281765,-0.9883532506,0.4428720215,0.02236333884,-0.3165324988,-0.2551839693,0.8192077733,-0.7584205471,-1.847342498,-0.8096670549,-1.746630072,0.980940778,0.4867494534,0.08172645385,-0.5761465715,-3.684261621e-06,0.4425961494,0.02201778682,-0.07972262122,0.01878057844,-0.01879295209,-0.079831835,-3.018804974e-07,5.985652346e-07,-7.225870719e-07,7.650651858e-07,-8.233664779e-09,4.683289759,-28.52225393,3.420664815,1.83514071,-23.61725382,3.759634254,-18.71225393,2.547544291,2.751302692,-3.746312012,2.341722969,-8.680899106,1.685604269,-2.038082877,6.178045871,0.9236995605,0.9456533632,0.8236810036,4.032508506,-5.410434411,0,10.57213005,-0.03861185374,3.555683845,-2.166884795,7.198225081e-05,20.60333905,-0.02761985376,0,-0.4889033607,2.111009984
0.56,4.492703213e-26,3.20485443e-28,3.933304525e-27,-0.01265447184,-5.841148335e-38,0.1585837571,-9.642382053e-38,-0.05029761604,1.949607475e-26,-0.3131539269,-0.09785564562,-0.1247921498,0.09785564562,-0.06985154832,-0.2767775624,0.02885127815,-0.2384746529,0.07598025715,-0.003829301833,0.1172544111,-0.19706397,-0.05029761605,-0.2752677577,-0.3131539269,0.1574357659,0.01904698474,-0.1185868941,-0.0198018871,3.897086707e-14,0.02885127815,-0.2384746529,-0.005118761017,0.08492832,-0.08492832,-0.005118761017,5.774335814e-23,6.663150023e-23,1.048211489e-22,-0.09245228766,1.598186622e-24,0.5756107465,2.865874165e-24,-0.3651294588,7.744595997e-23,-1.107330728,-0.3139273689,-0.4853105948,0.3139273644,-0.1286790378,-0.8879206841,0.1576894702,-0.64216436,0.1667183479,-0.03729455239,0.4350973494,-0.6391102563,-0.365129471,-0.8683124674,-1.10733073,0.5651465843,0.121186244,-0.3129699881,-0.1309903509,-3.66029131e-10,0.1576894675,-0.6421643654,-0.02807908753,0.2320919905,-0.2320919899,-0.02807908654,2.373368494e-19,3.732652504e-19,3.922303722e-19,-0.510775116,1.340078686e-19,1.036898522,2.073439281e-19,-1.983057111,8.461640578e-19,-1.672686381,-0.3302226109,-1.036735352,0.3301707375,0.5272934765,-0.9338944181,0.4226015075,0.1130296507,-0.3737156773,-0.2847736473,0.8094594741,-0.7208694336,-1.983185787,-0.720456563,-1.672912062,0.9665620607,0.499622205,0.1393085638,-0.6063564577,-5.711140565e-06,0.4224282666,0.1127984359,-0.07633081094,-0.01237203149,0.01237086836,-0.07637753299,-1.191022543e-08,3.08119527e-08,-4.945992431e-08,2.051340164e-08,-6.734868196e-09,4.900344562,-28.37018988,3.530976831,1.994624739,-23.46518987,3.908818642,-18.56018988,2.694633222,3.01534469,-3.915401282,2.450292846,-8.538935261,1.914801452,-2.019233661,6.389832812,0.9916573803,1.122125018,1.134996817,3.842558061,-5.638865098,0,10.78311936,0.3549527238,3.393562073,-1.980176572,2.695739649e-05,20.80428374,0.4113426651,0,-0.4722299553,1.923043871
0.58,2.286691994e-27,2.004486268e-28,-3.441055982e-27,-0.01460819628,6.089600176e-38,0.1703026517,1.157943596e-37,-0.05800598633,7.368154682e-28,-0.3356296742,-0.1041989596,-0.1347054935,0.1041989596,-0.07231554688,-0.2947191637,0.03208801961,-0.2512894709,0.07923609111,-0.004634204153,0.1261175104,-0.2099878056,-0.05800598634,-0.292771963,-0.3356296742,0.1689309589,0.02157137702,-0.1248146045,-0.02254497733,-2.735086005e-14,0.03208801961,-0.2512894709,-0.0056953505,0.08956564577,-0.08956564577,-0.005695350499,2.950879573e-22,1.035130776e-22,1.413315551e-22,-0.1030466829,3.49983487e-25,0.5962415986,5.988493792e-25,-0.4061654844,1.388802526e-22,-1.139965142,-0.3203408623,-0.5060101251,0.3203408615,-0.117516069,-0.9060607915,0.165904439,-0.6390275061,0.1586752542,-0.04329883362,0.4511726562,-0.653146742,-0.4061654938,-0.8817992033,-1.139965138,0.584318389,0.1312879943,-0.3096116035,-0.1434187871,5.019430064e-11,0.1659044456,-0.6390275048,-0.02956617819,0.2315402617,-0.2315402617,-0.02956617717,1.965724587e-17,6.268231701e-18,1.187492773e-17,-0.5488123185,5.40072786e-20,1.02564872,9.163145268e-20,-2.120722844,1.097662819e-17,-1.588736976,-0.3112660976,-1.032630105,0.3111234155,0.5888210572,-0.8806263915,0.3981802089,0.2003825675,-0.4308248464,-0.3159795302,0.7974432847,-0.6828852067,-2.121461807,-0.627757007,-1.588812772,0.9503732905,0.5101458471,0.1963575839,-0.6364770717,7.026836023e-07,0.3983465733,0.2002075271,-0.07224162803,-0.04261358049,0.04261258984,-0.07222116468,-1.363617484e-07,5.065502066e-07,-8.177430851e-07,3.108137568e-07,-1.270200775e-07,5.123037868,-28.21824795,3.629063594,2.14936926,-23.31324775,4.062688007,-18.40824795,2.834743122,3.279501413,-4.078565204,2.562161049,-8.399038543,2.14056279,-1.984641739,6.591413357,1.061029,1.296162359,1.446483555,3.648583322,-5.865489891,0,10.9914899,0.7521993906,3.235250379,-1.792419545,-1.372804325e-05,21.0006602,0.8523042193,0,-0.4504129159,1.734905381
0.6,-7.182477048e-27,-5.389435545e-27,6.523737771e-27,-0.01678148731,4.419165173e-38,0.1824317854,-2.003098148e-38,-0.06656271261,6.082716001e-27,-0.3587406173,-0.1106667692,-0.1450317982,0.1106667692,-0.07454400773,-0.3130128919,0.03548398712,-0.2640243566,0.08231966565,-0.005565489173,0.1352995668,-0.2231847216,-0.06656271261,-0.3105270828,-0.3587406173,0.180806191,0.02429974504,-0.1309637963,-0.0255426496,-1.005859534e-14,0.03548398712,-0.2640243566,-0.006300814302,0.09418596912,-0.09418596912,-0.006300814303,1.317298127e-23,-1.890226168e-23,2.514535644e-23,-0.1144122529,6.14770364e-26,0.6166273005,1.032520604e-25,-0.4499690486,-3.904020213e-23,-1.170814134,-0.3263782488,-0.5265962161,0.326378247,-0.1051272416,-0.9231370939,0.173599928,-0.6341834693,0.1494934335,-0.04993734681,0.4669856817,-0.6664164613,-0.4499690552,-0.8933918827,-1.170814132,0.6031440294,0.1415754832,-0.3051204561,-0.1564480875,-5.721662098e-11,0.1735999306,-0.6341834691,-0.03096433543,0.230395113,-0.2303951128,-0.03096433414,6.515206688e-18,2.262920586e-18,3.455285283e-18,-0.5878688713,1.418806007e-20,1.012308868,2.410064893e-20,-2.259671063,3.337647117e-18,-1.494049967,-0.2926786267,-1.025401679,0.2925519803,0.6498093274,-0.8280456421,0.3703984552,0.2837979224,-0.4874803446,-0.34837633,0.783339792,-0.6442214551,-2.260237226,-0.5312818749,-1.493933393,0.9321234971,0.5181636468,0.2526903989,-0.6664467782,-2.303286892e-06,0.3706397474,0.283801999,-0.06749946349,-0.07180089567,0.0718111394,-0.06741370548,1.95734431e-07,-7.461702311e-07,1.255967213e-06,-4.817467515e-07,2.21815875e-07,5.348009284,-28.06898026,3.712307239,2.296894703,-23.16398064,4.218196353,-18.25898026,2.965329323,3.540287464,-4.233574357,2.674477007,-8.263655615,2.360207282,-1.933266909,6.779743828,1.130334395,1.465929813,1.755145832,3.453162191,-6.086746257,0,11.19562434,1.150096777,3.082903054,-1.606273738,-6.140030333e-05,21.19098927,1.292009653,0,-0.4240725106,1.549282894
0.62,-1.02975489e-27,-9.298693916e-30,4.281212935e-28,-0.01918995956,2.803400263e-41,0.1949658036,1.404232605e-40,-0.07602332916,-1.300864549e-27,-0.3824488355,-0.1172516365,-0.1557681557,0.1172516365,-0.076512542,-0.331637709,0.03902807911,-0.276645924,0.08520827738,-0.006636105143,0.1447948872,-0.2366392698,-0.07602332916,-0.3284945129,-0.3824488355,0.1930541464,0.02723529192,-0.1370119645,-0.02880688996,3.661722449e-15,0.03902807911,-0.276645924,-0.006933245395,0.09877762792,-0.09877762792,-0.006933245395,3.412597515e-24,1.177417948e-23,3.39887803e-23,-0.1265677146,9.775279884e-27,0.6367222502,1.625455735e-26,-0.4965556213,-4.299069746e-23,-1.199654665,-0.3320481845,-0.5470044563,0.3320481833,-0.09152585847,-0.9391740909,0.1807057007,-0.6277087288,0.139180465,-0.05723601311,0.4824914968,-0.6789079785,-0.4965556249,-0.9030182308,-1.199654667,0.6215840834,0.1519970384,-0.2995120778,-0.1700749678,2.19721567e-12,0.1807056998,-0.627708731,-0.03226087647,0.2286773559,-0.2286773559,-0.0322608766,2.74212158e-19,-5.161558563e-19,1.868211409e-18,-0.6277966529,3.020798403e-21,0.9966571482,5.099646667e-21,-2.398925099,-1.148785231e-18,-1.387939049,-0.2744946691,-1.014854176,0.2744566559,0.7101088515,-0.776425523,0.3394096949,0.3632352054,-0.5437825775,-0.3818651333,0.7668491768,-0.6049435736,-2.399082289,-0.431024071,-1.387915827,0.9117268615,0.5235317639,0.3080704183,-0.6962221318,-2.236821846e-06,0.3394291261,0.3632224147,-0.0620852557,-0.0998570468,0.09986054148,-0.06207878228,1.25273267e-07,-3.50760086e-07,5.184958085e-07,-1.558802487e-07,1.055514307e-07,5.574451571,-27.92212709,3.779301567,2.436836096,-23.01712723,4.374993221,-18.11212709,3.085345978,3.796645889,-4.379725068,2.787349044,-8.132394623,2.572991508,-1.865195229,6.953764983,1.199600053,1.631812508,2.060659428,3.255933482,-6.301728748,0,11.39602152,1.548317715,2.936461477,-1.421487589,-6.42648937e-06,21.37573264,1.729928024,0,-0.3932454178,1.366010526
0.64,7.426654669e-27,8.286517438e-27,-3.682987038e-27,-0.02184957693,-1.047606207e-39,0.2078984123,6.055472363e-40,-0.08644349971,-9.000882104e-27,-0.40671184,-0.1239463105,-0.1669103411,0.1239463105,-0.07819705525,-0.3505731065,0.04270784823,-0.289122355,0.08787940221,-0.007859491377,0.1545968698,-0.2503357634,-0.08644349971,-0.3466342042,-0.40671184,0.2056667107,0.03038015745,-0.1429369447,-0.03234960859,-1.770843705e-14,0.04270784823,-0.289122355,-0.00759049264,0.1033293862,-0.1033293862,-0.007590492639,4.951201567e-22,-1.157100614e-22,1.032798381e-22,-0.1395292214,1.468206739e-27,0.6564780879,2.426192769e-27,-0.5459223612,-4.136837274e-23,-1.226253119,-0.3373606961,-0.5671676217,0.3373606975,-0.07672805894,-0.9542001434,0.1871574746,-0.619683413,0.1277466937,-0.06521796873,0.4976441969,-0.6906088522,-0.5459223526,-0.9106060084,-1.226253116,0.6395981079,0.1624980345,-0.2928049662,-0.1842951048,-3.124784719e-10,0.1871574754,-0.6196834099,-0.03344408783,0.2264087488,-0.2264087483,-0.03344408641,1.153550014e-17,-2.776160307e-18,2.785877324e-18,-0.6684665944,5.696911616e-22,0.9784684622,9.559699932e-22,-2.537564843,-4.242460678e-19,-1.26981428,-0.2568932132,-1.000860107,0.2568664734,0.7694804291,-0.7265623555,0.3052830113,0.4386778775,-0.5994925552,-0.4165016319,0.748043376,-0.5650564266,-2.53755287,-0.3272796242,-1.269841936,0.8893809195,0.5260855002,0.3624847232,-0.7257500152,-6.239241872e-06,0.3052635244,0.4386520512,-0.05615426823,-0.1268205163,0.1268286921,-0.05612838952,1.404862406e-07,-2.51637166e-07,2.876289228e-07,-4.548912911e-08,7.70041081e-08,5.8016839,-27.77710558,3.828346151,2.568683316,-22.87210567,4.53291267,-17.96710558,3.193422969,4.047274484,-4.516218213,2.900821144,-8.004475732,2.777860564,-1.78046334,7.11250856,1.268773416,1.794555589,2.362270451,3.056440286,-6.509620962,0,11.59352624,1.946680598,2.795722466,-1.237941712,-2.350948363e-05,21.55616511,2.166008957,0,-0.3579069384,1.185074773
0.66,-1.137133657e-27,1.054190339e-27,-9.009497611e-28,-0.02477659804,3.838501892e-41,0.2212223232,-1.965376048e-41,-0.09787863255,-1.115612939e-27,-0.4314823732,-0.1307437534,-0.1784527591,0.1307437534,-0.07957380454,-0.3697991786,0.04650962441,-0.3014234623,0.09031075022,-0.00924951959,0.1646979858,-0.2642582556,-0.09787863255,-0.3649046657,-0.4314823732,0.2186349507,0.03373536141,-0.1487169714,-0.03618261785,3.771047583e-15,0.04650962441,-0.3014234623,-0.008270180901,0.1078304507,-0.1078304507,-0.008270180901,1.733664852e-22,-3.555385713e-23,4.738344649e-24,-0.1533100339,2.125120601e-28,0.6758437445,3.49680113e-28,-0.5980462413,-1.793104467e-23,-1.250366385,-0.3423270457,-0.587015882,0.3423270448,-0.06075286591,-0.9682471023,0.1928973138,-0.6101902824,0.1152051859,-0.07390327225,0.5123969895,-0.7015054452,-0.5980462431,-0.9160833513,-1.250366383,0.6571446875,0.1730211358,-0.2850205369,-0.1991030119,-2.060852461e-10,0.1928973164,-0.610190281,-0.03450329367,0.2236117494,-0.2236117489,-0.0345032918,1.448990919e-17,-4.420860321e-18,3.245756581e-18,-0.7097225268,9.932932307e-23,0.9577221255,1.658481745e-22,-2.674529135,-2.053468814e-18,-1.139478637,-0.2398209377,-0.9834046949,0.23989507,0.8279004732,-0.678486442,0.2681562338,0.5098913214,-0.6543632206,-0.4521214601,0.7270284752,-0.5243604466,-2.67429414,-0.2201699371,-1.139201834,0.8650244273,0.5257100555,0.415889428,-0.7549851827,-1.177479896e-05,0.2683912099,0.5101115492,-0.04973622118,-0.1527136638,0.1527360837,-0.04963338911,5.183056816e-08,-1.768652192e-07,2.8139994e-07,-7.336159037e-08,4.570088967e-08,6.026981099,-27.63458814,3.857508705,2.690912501,-22.72958823,4.689712869,-17.82458814,3.28774963,4.28948874,-4.641553851,3.013274485,-7.880453029,2.972946006,-1.67899412,7.253873621,1.337023631,1.953628592,2.658116094,2.855800221,-6.707859316,0,11.78765943,2.343550757,2.661506828,-1.056929585,-8.12136571e-05,21.73191558,2.598624753,0,-0.3185552977,1.007781124
0.68,-1.68925974e-27,-1.506001011e-28,3.877852279e-28,-0.02798751481,-4.540250161e-42,0.2349291992,-1.046897714e-41,-0.1103834573,2.066385479e-27,-0.4567082295,-0.1376371634,-0.1903883922,0.1376371634,-0.08061945667,-0.3892966864,0.05041864434,-0.3135207314,0.0924803203,-0.01082042913,0.1750897622,-0.2783905117,-0.1103834573,-0.3832629753,-0.4567082295,0.2319490948,0.03730075158,-0.1543307361,-0.04031760709,7.348370986e-15,0.05041864434,-0.3135207314,-0.008969732382,0.1122704818,-0.1122704818,-0.008969732382,4.066404727e-23,3.422193191e-23,-1.554505772e-24,-0.1679201604,2.997162239e-29,0.6947654382,4.916460398e-29,-0.6528820968,-3.005655617e-23,-1.271743005,-0.3469595198,-0.6064769251,0.3469595211,-0.04362224962,-0.9813497165,0.197873872,-0.5993136833,0.1015717536,-0.08330857454,0.5267022618,-0.711582587,-0.6528820925,-0.9193790707,-1.271743003,0.6741813753,0.1835065164,-0.2761830184,-0.2144918408,-4.049267023e-11,0.1978738711,-0.5993136818,-0.03542890818,0.2203092365,-0.2203092365,-0.03542890876,5.332152439e-18,3.382716341e-19,3.435989905e-19,-0.7513654916,1.639517142e-23,0.9340869128,2.726367486e-23,-2.80855932,-1.14310746e-18,-0.9961929083,-0.2234802481,-0.9621599941,0.2235120374,0.8850349301,-0.6321155264,0.228942859,0.5769539454,-0.7086059311,-0.4884733566,0.7033593064,-0.4830469826,-2.80843503,-0.109177226,-0.996093415,0.8383966384,0.5223015177,0.4678121205,-0.7838385667,-6.2582244e-06,0.2289873753,0.5770496455,-0.04280434208,-0.1773888917,0.1773987634,-0.04277711724,-1.542272267e-07,3.656687215e-07,-5.886055983e-07,1.397156533e-07,-1.088339343e-07,6.248968318,-27.49495891,3.865367458,2.803305467,-22.58995872,4.844681933,-17.68495891,3.367273467,4.522073766,-4.754942323,3.124353403,-7.760479701,3.157648539,-1.561117702,7.376940571,1.40414923,2.109445264,2.948000479,2.654148603,-6.89529648,0,11.97932213,2.738469066,2.534065967,-0.8784432506,-2.417069233e-05,21.90382939,3.026997862,0,-0.2754032032,0.8341557486
0.7,-2.790456327e-27,-1.631078112e-27,5.12789886e-28,-0.03149898366,7.066796975e-28,0.2490096009,-4.145103642e-28,-0.1240115627,-1.107400607e-27,-0.4823321031,-0.1446199934,-0.2027087538,0.1446199934,-0.08131114871,-0.409047112,0.05441918505,-0.3253873421,0.09436645494,-0.01258675616,0.1857627662,-0.2927159773,-0.1240115627,-0.4016647981,-0.4823321031,0.2455985124,0.04107495641,-0.1597574426,-0.04476611337,-4.06391812e-13,0.05441918505,-0.3253873421,-0.009686388784,0.1166395999,-0.1166395999,-0.009686388784,-8.384431613e-24,-6.681652599e-23,-2.114449687e-23,-0.1833659803,2.117156352e-22,0.7131867107,-5.961380617e-23,-0.710360699,-3.218584356e-22,-1.290124695,-0.3512712881,-0.6254761405,0.3512712913,-0.0253612905,-0.9935452401,0.2020425364,-0.587138583,0.08686496233,-0.09344685201,0.5405116336,-0.7208234407,-0.7103606872,-0.920423128,-1.290124694,0.6906647315,0.1938921088,-0.2663194516,-0.2304531695,-7.375242141e-09,0.2020425377,-0.5871385794,-0.03621247276,0.216524287,-0.2165242867,-0.03621247231,1.134553405e-18,3.732652514e-19,-2.649042183e-19,-0.7932406344,3.201273903e-18,0.9075866508,-8.352287928e-19,-2.938525835,-1.718985923e-18,-0.8398497601,-0.2077935018,-0.9371452585,0.2078038358,0.9408539404,-0.587722664,0.1875790401,0.6397874332,-0.7618150178,-0.5253878646,0.6772735815,-0.4408162531,-2.938486704,0.005214077826,-0.8398469496,0.8095978168,0.5157255422,0.518351043,-0.8122174115,-2.593915859e-05,0.1875736177,0.6397997642,-0.03549873771,-0.2009223994,0.2009233927,-0.03550114552,1.35274237e-08,-2.763729418e-08,4.072380391e-08,-1.999502588e-08,5.14480052e-09,6.464728695,-27.3583604,3.850070204,2.904353769,-22.45336041,4.99546293,-17.5483604,3.430145618,4.742134925,-4.854884582,3.23233421,-7.644574639,3.330111591,-1.427021872,7.479757203,1.469248039,2.261832595,3.230069447,2.452460597,-7.069327112,2.414455796e-05,12.16821727,3.130041242,2.413932514,-0.7036915539,0,22.0720021,3.449940547,0,-0.2289834035,0.6653934376
0.72,3.685590953e-27,-7.194018179e-28,3.623522153e-27,-0.03532774898,1.402877499e-27,0.2634529334,4.166507122e-27,-0.1388148962,-5.703792574e-28,-0.5082914686,-0.1516859666,-0.2154038431,0.1516859666,-0.08162655184,-0.4290327024,0.05849469906,-0.3369981725,0.09594789606,-0.01456325692,0.1967065897,-0.3072177427,-0.1388148962,-0.420064413,-0.5082914686,0.2595716938,0.04505534258,-0.1649768639,-0.04953948727,1.280395906e-12,0.05849469906,-0.3369981725,-0.01041723395,0.1209283869,-0.1209283869,-0.01041723395,1.325290549e-22,3.263815628e-23,-1.181185163e-23,-0.1996498433,-4.289940358e-23,0.7310484838,2.495948152e-23,-0.7703868231,-1.605859946e-22,-1.305248095,-0.3552762048,-0.6439367738,0.3552762041,-0.005998363621,-1.004872851,0.2053654805,-0.5737496756,0.07110619817,-0.1043270948,0.5537760024,-0.7292092975,-0.7703868225,-0.9191470848,-1.305248098,0.7065502724,0.2041138471,-0.2554596972,-0.2469767301,3.428881095e-09,0.2053654763,-0.5737496772,-0.03684666172,0.212279957,-0.2122799571,-0.03684666286,7.042910752e-18,8.398468157e-19,-8.476934986e-19,-0.835138613,1.907431228e-18,0.8781063861,-2.397400239e-19,-3.063081723,-1.180331087e-17,-0.670238204,-0.192818686,-0.9082218106,0.1928259751,0.9951647031,-0.5452363136,0.144592873,0.698327175,-0.8138127003,-0.5625674848,0.6487956569,-0.3975489313,-3.06290546,0.1229422289,-0.6703707403,0.7785321513,0.5059027615,0.5673313258,-0.840035932,7.865716066e-05,0.1444066663,0.6982992789,-0.02784440535,-0.2232959114,0.2232933164,-0.02789690834,-5.479213649e-07,1.282092337e-06,-1.55448828e-06,-5.432135844e-07,-3.745515246e-07,6.671119703,-27.22543864,3.8100385,2.992846543,-22.32043812,5.139575687,-17.41543864,3.474879698,4.946966579,-4.93993881,3.335322395,-7.533208939,3.488938716,-1.277078398,7.56056468,1.531281161,2.410582953,3.502896652,2.251952627,-7.227306075,-0.0001149583981,12.35425323,3.516862975,2.301753312,-0.5338893462,0,22.23641978,3.865999984,0,-0.1798608106,0.5026801639
0.74,1.831304769e-27,-2.649349794e-27,8.13407747e-28,-0.03949055851,-7.562752262e-27,0.278247395,9.310321471e-28,-0.1548432256,1.631272136e-27,-0.5345184999,-0.158829089,-0.2284621047,0.158829089,-0.08154393963,-0.4492365036,0.06262794978,-0.3483297855,0.09720384264,-0.01676482505,0.2079098365,-0.3218785042,-0.1548432256,-0.4384147524,-0.5345184999,0.2738562294,0.04923797761,-0.1699693986,-0.05464885321,4.232996841e-13,0.06262794978,-0.3483297855,-0.01115921667,0.1251278844,-0.1251278844,-0.01115921667,5.217857303e-23,-4.112260915e-23,2.391795678e-23,-0.2167696598,3.239117651e-23,0.7482891707,-4.042488928e-23,-0.8328374107,-4.288716355e-23,-1.316846862,-0.3589886187,-0.6617801217,0.3589886202,0.01443463005,-1.015373151,0.2078115849,-0.5592305956,0.05431980178,-0.1159540011,0.5664456424,-0.7367194391,-0.832837408,-0.9154847749,-1.316846857,0.721792498,0.214105923,-0.243636462,-0.2640501112,-9.494069047e-10,0.2078115869,-0.559230593,-0.03732529496,0.2075990951,-0.2075990953,-0.03732529531,4.209627113e-18,8.74840433e-20,8.857310274e-19,-0.876824349,3.20834516e-18,0.8455877321,-1.188209065e-18,-3.180809076,-6.246041316e-18,-0.4875075825,-0.178491853,-0.875490365,0.1785769308,1.04789177,-0.5050760833,0.0997937369,0.7528285107,-0.8644603331,-0.6000348643,0.6178896825,-0.3531036818,-3.180638732,0.2437441923,-0.4872137584,0.7452539529,0.4927376612,0.6147525087,-0.8671724673,-2.951788801e-05,0.09987302903,0.7529685149,-0.01993179657,-0.2446364924,0.2446289648,-0.01996497615,3.856267035e-07,-1.059685439e-06,1.547919686e-06,3.317154012e-07,2.392243374e-07,6.866310248,-27.09523784,3.7443876,3.06839435,-22.19023869,5.275875747,-17.28523784,3.500583735,5.134961049,-5.00954422,3.433021932,-7.425289399,3.633210026,-1.112257393,7.618580372,1.59028543,2.556521916,3.765910847,2.052438319,-7.368004128,7.345633262e-06,12.5383284,3.898769401,2.197200752,-0.3689965492,0,22.39825208,4.275249441,0,-0.128531412,0.3458876495
0.76,-1.574525024e-28,3.472884075e-27,0,-0.04400407006,-7.03201952e-27,0.2933799276,3.647942683e-27,-0.1721435639,1.19956796e-27,-0.5609400335,-0.166043657,-0.2418703908,0.166043657,-0.0810422616,-0.4696423832,0.06680114471,-0.3593603992,0.09811401074,-0.01920640291,0.2193601097,-0.3366805234,-0.1721435639,-0.4566674524,-0.5609400335,0.2884387893,0.05361759768,-0.1747161285,-0.06010506306,6.747922083e-13,0.06680114471,-0.3593603992,-0.01190917344,0.1292295871,-0.1292295871,-0.01190917344,-5.160668446e-21,-4.876381624e-21,6.97459451e-24,-0.2347186278,8.215298037e-21,0.7648453468,-2.235337574e-21,-0.8975601719,1.176809623e-20,-1.324654175,-0.3624227063,-0.6789256571,0.3624235156,0.03590234243,-1.025086554,0.2093561865,-0.5436641209,0.03653395868,-0.1283267822,0.5784709441,-0.743330279,-0.8975573714,-0.9093740621,-1.324654608,0.7363449707,0.2238010026,-0.2308851699,-0.2816584001,-2.2832753e-06,0.2093567451,-0.5436634601,-0.03764343312,0.2025043416,-0.2025043098,-0.03764325663,-3.912481974e-16,-3.716213217e-16,7.680428558e-19,-0.9304105152,6.273613926e-16,0.8524247387,-1.716758853e-16,-3.317992642,8.949435061e-16,-0.2986316838,-0.1254040642,-0.8330743614,0.186820669,1.128937146,-0.3805843749,0.04031745821,0.7322526516,-0.8541715986,-0.5678460576,0.6367614482,-0.243610481,-3.105461545,0.2841318686,-0.3314561457,0.7142479511,0.4715342879,0.6787925782,-0.89127443,-0.1732185937,0.08264691955,0.782423988,-0.02033929496,-0.2533071955,0.2557086067,-0.006990267154,-3.855067843e-07,7.783934965e-07,-8.233863732e-07,-5.010346512e-07,-2.102532396e-07,6.874621542,-27.11311664,3.690639605,3.03151884,-22.20811635,5.204596049,-17.30311664,3.508127086,5.183091121,-5.023750506,3.3385963,-7.485271689,3.726752274,-0.9531433276,7.554115332,1.640457698,2.518172489,3.874406601,2.024827829,-7.31801329,0.1821884233,12.46245179,4.081320996,2.198454954,-0.3685864285,0,22.32263132,4.475829506,0,-0.218878169,0.3106962033
0.78,-9.055606866e-28,-1.13360454e-26,0,-0.04888474978,-5.667245735e-28,0.3088361714,3.092349298e-27,-0.1907595616,4.173813144e-27,-0.587477585,-0.1733242626,-0.2556139292,0.1733242626,-0.08010122315,-0.4902350458,0.07099606606,-0.3700698457,0.09865869687,-0.02190288721,0.231044002,-0.351605586,-0.1907595616,-0.4747729215,-0.587477585,0.3033051041,0.05818758122,-0.1791988795,-0.06591864338,-2.684361524e-13,0.07099606606,-0.3700698457,-0.01266385086,0.1332254349,-0.1332254349,-0.01266385086,-1.004693473e-21,-9.597627995e-22,1.318395662e-24,-0.2534840047,1.612742885e-21,0.7806492308,-4.339905357e-22,-0.9643702024,2.442778444e-21,-1.328405011,-0.3655947591,-0.6952916122,0.3655949279,0.05836375743,-1.03405821,0.2099817056,-0.5271270593,0.01777714808,-0.141443249,0.5897992228,-0.7490193204,-0.9643696213,-0.9007523782,-1.328405092,0.7501600465,0.233130799,-0.2172452081,-0.2997839533,-4.739893569e-07,0.2099818252,-0.527126919,-0.03779682038,0.1970172472,-0.1970172407,-0.0377967835,-1.639863306e-16,-1.563336125e-16,2.491886401e-19,-0.9639251097,2.628267626e-16,0.7892957641,-7.16347152e-17,-3.401985845,3.804388231e-16,-0.08621032372,-0.1356232953,-0.7958063485,0.1618296865,1.160263049,-0.3949602355,0.001966468984,0.8191777004,-0.9359684734,-0.6448135671,0.5711161514,-0.2340753084,-3.311479954,0.4581595379,-0.09969446843,0.6741552744,0.4543755149,0.7114521081,-0.9181462361,-0.07387462174,0.02023959972,0.8407090601,-0.007174100306,-0.2788521721,0.2798785221,-0.001447864783,3.069751539e-07,-8.969748508e-07,1.32886329e-06,2.777054402e-07,1.683209875e-07,7.138939094,-26.90666988,3.551760792,3.13582981,-22.0016706,5.432708163,-17.09666988,3.494875607,5.400240503,-5.082865252,3.52704904,-7.291069393,3.861866504,-0.7511935525,7.621734109,1.693178916,2.762139123,4.198370072,1.732852293,-7.516970575,0.07771442632,12.7904688,4.560865654,2.053037646,-0.1250215336,0,22.61432308,4.982608844,0,-0.08296823001,0.1015309093
0.8,7.284965085e-29,1.606388781e-27,0,-0.05414876123,-9.707613344e-28,0.3246004222,1.589414333e-28,-0.2107308682,1.395616683e-27,-0.614047423,-0.1806657953,-0.2696762958,0.1806657953,-0.07870137242,-0.511000036,0.0751941969,-0.3804395176,0.09881884521,-0.02486902861,0.2429470874,-0.3666349612,-0.2107308682,-0.4926804232,-0.614047423,0.3184399465,0.0629399285,-0.1834002831,-0.07209973487,5.236970873e-14,0.0751941969,-0.3804395176,-0.01341992765,0.1371078015,-0.1371078015,-0.01341992765,-2.256841738e-22,-1.966701737e-22,2.17481603e-25,-0.2730481388,1.654317811e-22,0.7956340131,-1.175927651e-22,-1.033051946,2.155862867e-22,-1.327840218,-0.3685183616,-0.7107946309,0.3685183967,0.0817754018,-1.042327343,0.2096758385,-0.509698204,-0.001914599232,-0.1552912774,0.6003810887,-0.7537577089,-1.033051827,-0.889567596,-1.327840237,0.7631895554,0.242025855,-0.2027579103,-0.3184057761,-8.650017396e-08,0.2096758617,-0.5096981754,-0.03778287535,0.1911595615,-0.1911595603,-0.03778286887,-4.310521406e-17,-4.367407648e-17,5.841538615e-20,-0.9993159286,6.432116983e-17,0.7329226019,-1.95896976e-17,-3.480437566,9.053557487e-17,0.1387003582,-0.135824576,-0.7519442791,0.1429010981,1.19704987,-0.3871963931,-0.0402831298,0.8840863895,-1.00047488,-0.7026499506,0.5158923311,-0.205594855,-3.456085847,0.6143406568,0.1352047122,0.6318232306,0.4323075101,0.7468534152,-0.9429724981,-0.0192684675,-0.0354926275,0.8899581588,0.003967405443,-0.3004526354,0.3007118336,0.005408465724,-8.606874371e-08,1.460326072e-07,-1.207143622e-07,-1.463251624e-07,-3.686418966e-08,7.331427303,-26.74329301,3.389820535,3.197772293,-21.83829296,5.589608022,-16.93329301,3.45563525,5.559454231,-5.108942193,3.653815714,-7.144952197,3.967080397,-0.5390713044,7.6313441,1.737429942,2.955505019,4.470289714,1.49162753,-7.641376117,0.02023256803,13.04941551,4.980696342,1.944859247,0.06730784489,0,22.84260503,5.426022808,0,0.01610023157,-0.06615604131
0.82,2.260035886e-27,2.776958574e-27,0,-0.05981184579,5.987329479e-27,0.3406555954,1.77352863e-27,-0.2320924694,8.376262956e-27,-0.6405607109,-0.1880634399,-0.2840393938,0.1880634399,-0.07682419487,-0.5319237346,0.07937684279,-0.3904523049,0.09857611932,-0.02811932571,0.2550539176,-0.3817493626,-0.2320924693,-0.5103381813,-0.6405607109,0.3338271152,0.06786524783,-0.1873038428,-0.07865802451,-6.977969259e-13,0.07937684279,-0.3904523049,-0.01417403604,0.1408694811,-0.1408694811,-0.01417403604,3.949195808e-23,-6.150467823e-23,3.33943195e-26,-0.293386711,4.150250727e-23,0.8097296221,-5.951648543e-23,-1.103355146,-3.557197749e-23,-1.322709266,-0.3712084769,-0.7253507341,0.3712084828,0.1060877242,-1.049936134,0.2084327418,-0.4914502853,-0.02250382079,-0.1698559843,0.6101650525,-0.7575171983,-1.103355128,-0.8757701597,-1.322709256,0.7753844565,0.2504163857,-0.1874686834,-0.3374993801,-1.502820787e-08,0.2084327501,-0.4914502777,-0.0375997446,0.1849519029,-0.1849519026,-0.03759974267,-6.864274312e-18,-1.11505857e-17,1.163633824e-20,-1.036179772,1.304192624e-17,0.6827033339,-6.305577734e-18,-3.552037346,1.316654271e-17,0.3741096875,-0.127920792,-0.702855271,0.1295291605,1.238105335,-0.3627582755,-0.08619743136,0.9298993671,-1.049641544,-0.7442086634,0.469901517,-0.1613827404,-3.546651931,0.7535729838,0.3738080797,0.5883250806,0.4056539971,0.7842625461,-0.9660086157,-0.004216404598,-0.0849296494,0.9313387749,0.01318994306,-0.3185643011,0.3186268397,0.01354172888,2.286533589e-07,-5.33189414e-07,6.863721025e-07,1.827009279e-07,7.668956682e-08,7.462960375,-26.61397563,3.20910851,3.222716014,-21.70897599,5.686527439,-16.80397563,3.395411031,5.666810932,-5.107620419,3.72883741,-7.03731822,4.047358296,-0.321052838,7.592623149,1.77538521,3.107141476,4.697665983,1.291845664,-7.702558932,0.004451371126,13.2502589,5.349742295,1.866067194,0.2169941912,0,23.01802172,5.815497611,0,0.08263919374,-0.2006544794
0.84,0,5.846278166e-29,0,-0.06588919423,-2.398116784e-28,0.3569831965,8.648078e-29,-0.2548740051,-6.283792708e-28,-0.6669237226,-0.1955126726,-0.2986834401,0.1955126726,-0.07445221565,-0.5529933465,0.08352524816,-0.4000925259,0.09791297878,-0.03166791349,0.2673480215,-0.3969289138,-0.2548740051,-0.527693505,-0.6669237226,0.3494494225,0.07295274931,-0.1908940032,-0.08560267006,2.961580465e-15,0.08352524816,-0.4000925259,-0.01492278256,0.1445036748,-0.1445036748,-0.01492278256,5.724584191e-23,1.611607039e-23,4.905369179e-27,-0.314468812,3.739206605e-23,0.8228648695,-2.269609995e-23,-1.174995202,1.556108992e-23,-1.312774315,-0.3736795533,-0.738875394,0.3736795537,0.1312459961,-1.05692539,0.2062522066,-0.4724527668,-0.0439488023,-0.1851163926,0.6190999674,-0.7602675541,-1.174995204,-0.8593177375,-1.31277431,0.7866951482,0.2582324537,-0.1714264113,-0.3570362798,-7.474656211e-09,0.2062522113,-0.4724527659,-0.0372466379,0.1784142251,-0.178414225,-0.03724663718,1.424225586e-18,-2.127700055e-18,2.101622823e-21,-1.072179855,3.466150632e-18,0.6318866807,-2.217492952e-18,-3.61049221,1.491386102e-18,0.6203574166,-0.1180925793,-0.6491696928,0.1184372748,1.278288485,-0.3344854165,-0.1327267543,0.9672392007,-1.092513591,-0.779734396,0.4250368366,-0.1113583649,-3.609506918,0.8889962921,0.6206428649,0.5427051674,0.3752532214,0.8202892418,-0.9873967853,-0.0009654889419,-0.132285072,0.9676288574,0.02186175372,-0.3348312606,0.3348441538,0.02195002385,1.852461056e-16,-7.307118565e-14,1.999833703e-13,2.642386905e-14,-1.503487452e-17,7.554739795,-26.49832859,3.004162424,3.224665836,-21.59332859,5.749390021,-16.68832859,3.314214985,5.737649165,-5.083186082,3.776995966,-6.944643855,4.107950031,-0.09521845377,7.519004653,1.805335529,3.243669201,4.901520229,1.110131122,-7.722834414,0.0010230261,13.43178527,5.6955343,1.802570581,0.3461175438,-1.698819168e-06,23.17571419,6.17937695,0,0.1380018646,-0.317416226
0.86,0,4.406346172e-27,0,-0.0723953099,-4.969947708e-28,0.3735632997,3.61785302e-28,-0.2790990778,2.118550718e-28,-0.6930381377,-0.2030092536,-0.3135869606,0.2030092536,-0.07156911018,-0.5741968795,0.08762070714,-0.4093458513,0.09681276102,-0.03552844644,0.2798119105,-0.412153118,-0.2790990778,-0.5446929389,-0.6930381377,0.3652886862,0.07819024645,-0.194156223,-0.09294221674,3.089722322e-15,0.08762070714,-0.4093458513,-0.01566276811,0.1480039756,-0.1480039756,-0.01566276811,1.547081501e-23,3.092367354e-22,6.991592213e-28,-0.3362565251,2.749781449e-23,0.8349678501,-4.223050386e-23,-1.247652895,-4.108806274e-22,-1.29781456,-0.3759456021,-0.7512841463,0.375945595,0.1571898072,-1.063334743,0.2031394024,-0.4527713121,-0.06620353685,-0.2010455154,0.6271351894,-0.7619771615,-1.247652914,-0.840176256,-1.297814532,0.7970717915,0.2654044273,-0.1546836984,-0.3769836601,-1.759998693e-09,0.2031394009,-0.4527713124,-0.0367237622,0.1715657281,-0.1715657281,-0.03672376158,1.647366044e-18,1.897820513e-17,3.555118066e-22,-1.106309705,7.17917897e-18,0.5781680967,-4.637291643e-18,-3.652667177,-3.040758075e-17,0.8768220931,-0.108583001,-0.5913633855,0.1082995552,1.315674095,-0.307224522,-0.1788529481,1.000662887,-1.132233732,-0.8129998873,0.3783595767,-0.05896195711,-3.653369191,1.025075582,0.8778118476,0.4946017854,0.3413155819,0.8538197,-1.006971477,-0.0002935940979,-0.1789662861,1.000612336,0.03040087504,-0.350066725,0.3500612764,0.03040834266,8.543659241e-08,-1.404371859e-07,1.41760819e-07,6.082852724e-08,1.852363055e-08,7.613471208,-26.38758405,2.773050303,3.208817755,-21.48258411,5.787165387,-16.57758405,3.211545294,5.776939888,-5.037165517,3.807427248,-6.856877493,4.150196496,0.1382312156,7.415314731,1.827126662,3.376196798,5.0894876,0.9376056558,-7.709979341,0,13.60948058,6.028775005,1.748741719,0.4629578858,-0.0002995680915,23.33001765,6.529089391,0,0.1896453448,-0.4223324458
0.88,0,-4.250607473e-28,0,-0.07934386443,4.781615318e-27,0.3903745381,-1.068012437e-27,-0.3047845601,-1.645412728e-27,-0.7188014274,-0.210549218,-0.3287267966,0.210549218,-0.06815982225,-0.5955231193,0.09164466921,-0.4181992265,0.09525976823,-0.03971397716,0.2924270905,-0.4274008359,-0.3047845601,-0.5612824392,-0.7188014274,0.3813257269,0.08356416724,-0.1970770523,-0.1006845073,-4.329034675e-14,0.09164466921,-0.4181992265,-0.01639060742,0.1513643528,-0.1513643528,-0.01639060742,2.915635778e-24,6.812652409e-23,9.749719067e-29,-0.3587045309,9.31518427e-24,0.845966396,-5.809352273e-24,-1.320974521,-1.036921237e-22,-1.277630655,-0.3780200841,-0.7624930838,0.3780200817,0.1838526593,-1.069202261,0.1991046462,-0.4324676638,-0.08921752504,-0.2176101254,0.6342208582,-0.7626134583,-1.320974527,-0.8183211322,-1.277630647,0.806464593,0.2718634642,-0.1372971007,-0.397304026,-3.724582058e-10,0.1991046462,-0.4324676645,-0.03603228383,0.1644248806,-0.1644248805,-0.03603228335,5.455304155e-19,1.025021374e-17,5.738490519e-23,-1.138075475,1.384920528e-18,0.5211443722,-1.347065616e-18,-3.676466542,-1.368221088e-17,1.142681329,-0.09928956583,-0.5292654881,0.09905234791,1.349901639,-0.2809613698,-0.224669648,1.030254386,-1.16886431,-0.8438062154,0.3296562801,-0.004486331041,-3.677069588,1.161036425,1.143557846,0.4442169785,0.3039530074,0.8845393716,-1.024626843,-7.686033007e-05,-0.2247100338,1.03020788,0.03877879359,-0.3642148821,0.3642184536,0.03880798236,1.218901664e-06,-1.206740411e-06,4.650778391e-07,6.248015748e-07,1.212454404e-07,7.634641203,-26.28160314,2.516723016,3.174836496,-21.37660329,5.796437728,-16.47160314,3.088104032,5.782405155,-4.968068619,3.817923349,-6.773798084,4.174504554,0.377921583,7.280167035,1.838898499,3.504373428,5.261443741,0.7754341229,-7.660842211,0,13.7827213,6.348401436,1.704470718,0.5666376158,-9.649585204e-05,23.48038658,6.863514328,0,0.237007524,-0.5146898901
0.9,0,2.015255248e-27,0,-0.08674754637,-3.475016541e-27,0.407394104,2.031428456e-27,-0.3319399119,-8.772245354e-28,-0.7441073301,-0.2181288641,-0.3440781228,0.2181288641,-0.06421068957,-0.616961596,0.09557883934,-0.4266407905,0.09323935948,-0.04423683055,0.3051740813,-0.4426502713,-0.3319399119,-0.5774075758,-0.7441073301,0.3975403729,0.08905957488,-0.199644213,-0.108836585,-3.6279888e-13,0.09557883934,-0.4266407905,-0.01710294774,0.1545791378,-0.1545791378,-0.01710294774,4.80274182e-25,-1.308201921e-23,1.337257394e-29,-0.3817597948,2.241948558e-22,0.8557887258,-9.859759286e-23,-1.394572727,-2.340509123e-22,-1.252049522,-0.3799158484,-0.7724195453,0.3799158533,0.2111616116,-1.07456429,0.1941631278,-0.411599471,-0.1129355487,-0.2347706515,0.6403082965,-0.7621434025,-1.394572713,-0.7937385884,-1.25204953,0.8148241731,0.2775420239,-0.1193272719,-0.4179548799,-3.797944181e-09,0.1941631325,-0.4115994702,-0.03517428574,0.1570093937,-0.1570093936,-0.03517428561,1.284820628e-19,3.582457974e-18,8.942297061e-24,-1.166985669,7.689991926e-18,0.4606014828,-3.537981199e-18,-3.680046165,-1.236855785e-17,1.416393826,-0.09057740177,-0.4629702702,0.0905183715,1.380316383,-0.2560297185,-0.2693453275,1.056656533,-1.202560794,-0.8722663695,0.2786150879,0.05168673381,-3.679974621,1.297578039,1.41662514,0.3912818178,0.2633069119,0.9119777102,-1.040008725,5.458352082e-05,-0.269496897,1.056657894,0.04703183615,-0.3773769631,0.3773755581,0.04702039878,-5.444685322e-08,6.028000325e-08,-4.484371407e-09,-1.399735316e-07,-1.304355614e-08,7.616125371,-26.18004253,2.236972735,3.123325165,-21.27504252,5.776087262,-16.37004253,2.945168507,5.753455529,-4.875815938,3.808003963,-6.694738196,4.181685216,0.6221749299,7.113975872,1.839977564,3.62935112,5.418321244,0.6238317739,-7.5746456,-6.225899272e-05,13.95347281,6.655002058,1.669095595,0.6571293366,0,23.62870661,7.183323092,0,0.2803873784,-0.5943079584
0.92,0,8.79718946e-28,0,-0.09461790464,5.61285538e-28,0.4245977642,-6.585765662e-28,-0.3605665228,3.83426155e-28,-0.768846427,-0.2257447406,-0.359614479,0.2257447406,-0.05970957522,-0.6385025475,0.09940527327,-0.4346597959,0.09073804711,-0.049108475,0.3180324454,-0.4578789675,-0.3605665228,-0.5930137645,-0.768846427,0.4139114736,0.09466019984,-0.2018466824,-0.1174045913,-3.643523698e-13,0.09940527327,-0.4346597959,-0.01779648699,0.1576430091,-0.1576430091,-0.01779648699,7.368458554e-26,1.235025255e-23,1.810491043e-30,-0.4053613583,1.393980375e-23,0.8643642413,-1.340010276e-24,-1.468028152,-6.399462541e-23,-1.220929365,-0.3816450739,-0.7809828913,0.3816450735,0.2390370165,-1.079455283,0.188334698,-0.3902203933,-0.1372974684,-0.2524810231,0.6453505603,-0.7605341099,-1.468028152,-0.7664272051,-1.220929354,0.8221021166,0.2823744758,-0.1008391233,-0.4388885139,-2.061122841e-10,0.1883347007,-0.3902203918,-0.03415274427,0.1493362942,-0.149336294,-0.03415274351,2.563132821e-20,6.308928566e-19,1.355783362e-24,-1.192656274,4.724233379e-18,0.3965517799,-1.62879543e-18,-3.662001134,-6.904835254e-18,1.69618988,-0.08246609671,-0.3929598471,0.08248535306,1.406633873,-0.2333848426,-0.3134079987,1.080997949,-1.233130157,-0.8985304614,0.2252529475,0.1095173732,-3.661856375,1.433578288,1.696684796,0.3360882367,0.2193844502,0.9362941507,-1.052870256,-7.822541486e-06,-0.3132493697,1.081062394,0.055102449,-0.3898773187,0.3898857609,0.05514194692,4.015350829e-07,-3.521220118e-07,6.525210212e-08,3.193461361e-07,3.346075346e-08,7.557150234,-26.0802042,1.935473899,3.055206691,-21.17520424,5.726152501,-16.2702042,2.783609058,5.690177119,-4.760819263,3.778570667,-6.616821558,4.172134309,0.8690774268,6.917551887,1.830963954,3.753253346,5.56094025,0.4816106243,-7.451751615,3.372008636e-05,14.12343565,6.94981787,1.641082959,0.7355303659,0,23.77682972,7.490358148,0,0.3196863635,-0.6624240017
0.94,0,2.1318774e-28,0,-0.102965188,-2.297496807e-27,0.441959892,1.033456515e-27,-0.3906570922,-3.854155939e-27,-0.7929068172,-0.2333936316,-0.3753078188,0.2333936316,-0.05464600403,-0.6601368783,0.1031064682,-0.4422465293,0.08774359693,-0.05433939138,0.3309808279,-0.4730638162,-0.3906570922,-0.6080465274,-0.7929068172,0.4304169233,0.1003484841,-0.2036747796,-0.1263936596,-6.510844917e-13,0.1031064682,-0.4422465293,-0.01846799129,0.1605509796,-0.1605509796,-0.01846799129,1.081777435e-26,-3.979905799e-22,-6.00856779e-24,-0.4294401493,-8.693137544e-23,0.8716242688,1.800155904e-23,-1.540891578,-2.215334142e-23,-1.184164586,-0.3832191453,-0.7881052458,0.3832191337,0.2673923184,-1.083907415,0.1816436277,-0.368380195,-0.1622380589,-0.2706885533,0.6493029257,-0.7577534167,-1.540891597,-0.7363992538,-1.184164554,0.8282514071,0.286297708,-0.08190192495,-0.4600517729,1.704199308e-08,0.1816436156,-0.3683801968,-0.03297149827,0.1414219802,-0.14142198,-0.0329714972,4.631602195e-21,-1.168487836e-17,-2.39710725e-19,-1.214654132,-1.232408005e-18,0.3291138084,-6.429587576e-20,-3.620643758,-1.817251437e-18,1.980341394,-0.07515396819,-0.3190891019,0.07493367861,1.428231895,-0.2124522579,-0.3556906243,1.103157072,-1.260424507,-0.9221687901,0.1696300163,0.1687857807,-3.620971359,1.569202402,1.98130961,0.2784627136,0.1723885986,0.9569414064,-1.062902318,0.0004062481975,-0.3557748533,1.103168297,0.06298583006,-0.4016184923,0.40163063,0.06304214672,-6.972390886e-08,6.559346247e-08,1.957364142e-08,-1.951699555e-07,-1.266990174e-08,7.453863174,-25.9836996,1.615211107,2.970298989,-21.07869959,5.64350179,-16.1736996,2.605446525,5.591037112,-4.622458652,3.727096664,-6.541442764,4.147116241,1.116861076,6.690458504,1.810365835,3.875269819,5.689357199,0.3508182782,-7.289647249,-0.0003694153588,14.29218086,7.23168041,1.620628106,0.8001959867,0,23.9243301,7.783282565,0,0.3540438221,-0.7176117396
0.96,0,-5.108951283e-28,0,-0.1117981828,1.720070042e-27,0.4594535144,-6.442311454e-28,-0.4221950638,-7.761719557e-28,-0.8161748928,-0.2410725414,-0.3911285744,0.2410725414,-0.04901130179,-0.681856115,0.1066654491,-0.4493922342,0.08424513101,-0.05993894122,0.3439970076,-0.4881810799,-0.4221950638,-0.6224517822,-0.8161748928,0.447033696,0.1061056385,-0.2051202526,-0.1358078049,-2.384616838e-13,0.1066654491,-0.4493922342,-0.01911431195,0.1632983842,-0.1632983842,-0.01911431195,1.541254397e-27,-6.017897655e-23,-1.482779639e-24,-0.4539189936,-1.314195787e-23,0.8775030786,-2.355946327e-24,-1.612687264,-1.037379146e-23,-1.141690909,-0.3846486493,-0.7937125177,0.3846486432,0.2961339848,-1.087950671,0.1741183746,-0.3461248923,-0.1876869076,-0.2893339785,0.6521236014,-0.7537706673,-1.612687275,-0.7036822954,-1.141690888,0.8332271651,0.2892518343,-0.06258931332,-0.4813860143,6.755110835e-09,0.1741183698,-0.3461248926,-0.03163522553,0.1332822876,-0.1332822875,-0.03163522473,7.836067053e-22,-9.53443584e-18,-1.779521842e-19,-1.232605403,-1.897821732e-18,0.258482766,1.255214428e-19,-3.555005817,-9.26737859e-19,2.266692418,-0.0683536648,-0.2416195446,0.06786151372,1.444975448,-0.1930913165,-0.3964576525,1.123245872,-1.284011982,-0.9426728228,0.1119907576,0.22965628,-3.555811591,1.702994092,2.268356175,0.2186247442,0.1224425616,0.9738696224,-1.069848411,0.0006419530219,-0.396864403,1.123204933,0.07063391656,-0.4126385902,0.4126523647,0.07069755331,5.97307175e-07,-5.005389259e-07,2.023421083e-08,5.83871627e-07,4.052292515e-08,7.303693929,-25.89027471,1.279584524,2.868775603,-20.98527476,5.526154512,-16.08027471,2.412965838,5.455273742,-4.460710645,3.652299872,-6.468371191,4.107843383,1.363326188,6.432743379,1.777891225,3.994900415,5.803633912,0.2323401791,-7.086906982,-0.0006004189322,14.45837598,7.499599647,1.607199283,0.8504651152,0,24.06999183,8.061225856,0,0.3824544218,-0.7596180644
0.98,0,-1.533365447e-27,0,-0.121124051,4.057136514e-28,0.4770503813,-1.12362239e-28,-0.4551541326,6.698573895e-28,-0.8385362132,-0.2487786778,-0.4070457417,0.2487786778,-0.04279873506,-0.7036523602,0.1100658512,-0.4560890382,0.08023323145,-0.06591523587,0.3570579616,-0.5032064289,-0.4551541326,-0.6361761599,-0.8385362132,0.4637378942,0.1119117141,-0.2061763659,-0.1456498143,-3.77942135e-15,0.1100658512,-0.4560890382,-0.01973240197,0.1658808693,-0.1658808693,-0.01973240197,2.148648505e-28,2.897975954e-22,-2.717308388e-25,-0.478712676,9.321803127e-23,0.8819388169,-3.001881666e-23,-1.682916829,4.586123604e-23,-1.093490096,-0.3859433639,-0.797735332,0.3859433464,0.325161485,-1.091612661,0.1657914865,-0.323496854,-0.213568428,-0.3083515774,0.6537743244,-0.7485574685,-1.682916848,-0.6683202974,-1.093490052,0.8369872114,0.2911808949,-0.04297926446,-0.5028270521,4.487919374e-10,0.1657914618,-0.3234968589,-0.03014941208,0.1249325459,-0.1249325458,-0.03014941156,1.264870964e-22,1.079265978e-17,-5.440068707e-20,-1.24609265,4.265518955e-18,0.1848592423,-1.959985052e-18,-3.463913112,-1.986336881e-19,2.552837468,-0.06191618931,-0.1606016856,0.06135416202,1.456521602,-0.1744999777,-0.4352330825,1.140815506,-1.303668272,-0.9594045902,0.0525560758,0.2918640178,-3.464506606,1.834286371,2.554149818,0.1566436546,0.06987931423,0.9866000337,-1.073425126,0.0001904021313,-0.436064318,1.140642364,0.0779746812,-0.4227106617,0.4227103638,0.07798078504,7.592289725e-08,-7.908456838e-08,2.817412504e-08,9.279300909e-08,6.014032485e-09,7.103674003,-25.80166512,0.9334814458,2.750945909,-20.89666513,5.371671594,-15.99166512,2.209859722,5.282410144,-4.275593585,3.552399296,-6.39932821,4.056656466,1.60613006,6.144490635,1.732907659,4.110171941,5.904176841,0.1278031592,-6.841801421,0,14.6197665,7.751796698,1.600771269,0.8851721127,0.0001861560106,24.21174735,8.322124092,0,0.4036337335,-0.7877877186
1,0,-3.876670066e-28,0,-0.1309481722,9.518491895e-28,0.4947210534,5.074859148e-28,-0.4894978414,5.112466451e-28,-0.8598764714,-0.2565094353,-0.4230269853,0.2565094353,-0.03600364884,-0.7255182446,0.1132919989,-0.462329883,0.0757000435,-0.07227500853,0.3701399437,-0.5181149957,-0.4894978414,-0.6491673483,-0.8598764714,0.4805048111,0.1177456888,-0.2068379854,-0.1559211369,-5.592902456e-14,0.1132919989,-0.462329883,-0.02031933205,0.1682943841,-0.1682943841,-0.02031933205,2.946399862e-29,5.678709247e-23,-4.415546039e-26,-0.5037282028,-1.81322053e-24,0.8848746091,4.133888974e-24,-1.751064298,4.783486493e-23,-1.039594485,-0.3871121734,-0.800110119,0.3871121686,0.3543675474,-1.094918567,0.156699295,-0.3005352048,-0.2398019138,-0.3276692909,0.654221175,-0.7420885509,-1.751064302,-0.6303751777,-1.039594471,0.8394929275,0.2920336475,-0.02315394379,-0.5243053357,-3.365433812e-12,0.1566992889,-0.3005352063,-0.02852034031,0.1163877127,-0.1163877126,-0.02852034008,1.970947399e-23,6.808770403e-18,-1.238145206e-20,-1.254741183,1.598570691e-18,0.1085270141,-5.785907544e-19,-3.34671895,2.010413692e-18,2.835906498,-0.0557716365,-0.07674083541,0.05526175993,1.46272626,-0.1572318932,-0.472661179,1.156567887,-1.319175621,-0.9725087515,-0.008414311288,0.3552145652,-3.347203091,1.961438272,2.837231572,0.09305597701,0.01484787051,0.9952533682,-1.073457091,2.969838841e-05,-0.4733709148,1.15641096,0.08496821159,-0.4321003762,0.4321036015,0.08498385448,1.648763696e-06,-1.426959759e-06,1.055262044e-07,1.651598795e-06,8.894136904e-08,6.851813069,-25.71630436,0.580157899,2.616711524,-20.81130451,5.17842619,-15.90630436,1.998062916,5.071455183,-4.066767258,3.426432958,-6.332641607,3.994272583,1.843384517,5.825720744,1.674208306,4.221725749,5.991196233,0.03750327588,-6.553254671,0,14.77620865,7.98823903,1.600187458,0.9040227716,1.94939673e-05,24.34953452,8.566450152,0,0.41794669,-0.8016094886
#simulation finished=2026-09-24,10:49:10
#Solver Info: cpuTime=0.0757484,stepReductionFailed(or step failed)=0,discontinuousIterationSuccessful=1,newtonSolutionDiverged=0,massMatrixNotInvertible=0,total time steps=1000,total Newton iterations=6298,total Newton jacobians=16
