time R11 R12 R13 R21 R22 R23 R31 R32 R33
0.000000000000000000e+00 1.000000000000000000e+00 -0.000000000000000000e+00 0.000000000000000000e+00 0.000000000000000000e+00 1.000000000000000000e+00 -0.000000000000000000e+00 0.000000000000000000e+00 0.000000000000000000e+00 1.000000000000000000e+00
5.040000000000002811e-03 9.999999203965483918e-01 -3.990073891596773530e-04 0.000000000000000000e+00 3.990073891596773530e-04 9.999999203965483918e-01 -0.000000000000000000e+00 0.000000000000000000e+00 0.000000000000000000e+00 1.000000000000000000e+00
1.013600000000001305e-02 9.999986978048553965e-01 -1.613811820872654941e-03 0.000000000000000000e+00 1.613811820872654941e-03 9.999986978048553965e-01 -0.000000000000000000e+00 0.000000000000000000e+00 0.000000000000000000e+00 1.000000000000000000e+00
1.513600000000002617e-02 9.999935247913689373e-01 -3.598662992525689976e-03 0.000000000000000000e+00 3.598662992525689976e-03 9.999935247913689373e-01 -0.000000000000000000e+00 0.000000000000000000e+00 0.000000000000000000e+00 1.000000000000000000e+00
2.013600000000000112e-02 9.999797184519607640e-01 -6.368884104553549849e-03 0.000000000000000000e+00 6.368884104553549849e-03 9.999797184519607640e-01 -0.000000000000000000e+00 0.000000000000000000e+00 0.000000000000000000e+00 1.000000000000000000e+00
2.513599999999997087e-02 9.999507517430075154e-01 -9.924418803860003691e-03 0.000000000000000000e+00 9.924418803860003691e-03 9.999507517430075154e-01 -0.000000000000000000e+00 0.000000000000000000e+00 0.000000000000000000e+00 1.000000000000000000e+00
3.013599999999994061e-02 9.998982475624252908e-01 -1.426515059826695929e-02 0.000000000000000000e+00 1.426515059826695929e-02 9.998982475624252908e-01 -0.000000000000000000e+00 0.000000000000000000e+00 0.000000000000000000e+00 1.000000000000000000e+00
3.513599999999991036e-02 9.998119794051801845e-01 -1.939086996232788560e-02 0.000000000000000000e+00 1.939086996232788560e-02 9.998119794051801845e-01 -0.000000000000000000e+00 0.000000000000000000e+00 0.000000000000000000e+00 1.000000000000000000e+00
4.013599999999988011e-02 9.996798725335743763e-01 -2.530123418446088637e-02 0.000000000000000000e+00 2.530123418446088637e-02 9.996798725335743763e-01 -0.000000000000000000e+00 0.000000000000000000e+00 0.000000000000000000e+00 1.000000000000000000e+00
4.513599999999984985e-02 9.994880058830112324e-01 -3.199571996380342481e-02 0.000000000000000000e+00 3.199571996380342481e-02 9.994880058830112324e-01 -0.000000000000000000e+00 0.000000000000000000e+00 0.000000000000000000e+00 1.000000000000000000e+00
5.013599999999981960e-02 9.992206149637465895e-01 -3.947356877041211659e-02 0.000000000000000000e+00 3.947356877041211659e-02 9.992206149637465895e-01 -0.000000000000000000e+00 0.000000000000000000e+00 0.000000000000000000e+00 1.000000000000000000e+00
5.513599999999978934e-02 9.988600960588162048e-01 -4.773372498949323556e-02 0.000000000000000000e+00 4.773372498949323556e-02 9.988600960588162048e-01 -0.000000000000000000e+00 0.000000000000000000e+00 0.000000000000000000e+00 1.000000000000000000e+00
6.013599999999975909e-02 9.983870120578367535e-01 -5.677476687953151441e-02 0.000000000000000000e+00 5.677476687953151441e-02 9.983870120578367535e-01 -0.000000000000000000e+00 0.000000000000000000e+00 0.000000000000000000e+00 1.000000000000000000e+00
6.513599999999981904e-02 9.977801003056190332e-01 -6.659483038576506642e-02 0.000000000000000000e+00 6.659483038576506642e-02 9.977801003056190332e-01 -0.000000000000000000e+00 0.000000000000000000e+00 0.000000000000000000e+00 1.000000000000000000e+00
7.013599999999996226e-02 9.970162828834232549e-01 -7.719152586470608146e-02 0.000000000000000000e+00 7.719152586470608146e-02 9.970162828834232549e-01 -0.000000000000000000e+00 0.000000000000000000e+00 0.000000000000000000e+00 1.000000000000000000e+00
7.513600000000010548e-02 9.960706797790803702e-01 -8.856184779260607709e-02 0.000000000000000000e+00 8.856184779260607709e-02 9.960706797790803702e-01 -0.000000000000000000e+00 0.000000000000000000e+00 0.000000000000000000e+00 1.000000000000000000e+00
8.013600000000024870e-02 9.949166254399801623e-01 -1.007020775511711513e-01 0.000000000000000000e+00 1.007020775511711513e-01 9.949166254399801623e-01 -0.000000000000000000e+00 0.000000000000000000e+00 0.000000000000000000e+00 1.000000000000000000e+00
8.513600000000039192e-02 9.935256892398880435e-01 -1.136076794077109930e-01 0.000000000000000000e+00 1.136076794077109930e-01 9.935256892398880435e-01 -0.000000000000000000e+00 0.000000000000000000e+00 0.000000000000000000e+00 1.000000000000000000e+00
9.007200000000036011e-02 9.918907415767082014e-01 -1.270934961924007345e-01 0.000000000000000000e+00 1.270934961924007345e-01 9.918907415767082014e-01 -0.000000000000000000e+00 0.000000000000000000e+00 0.000000000000000000e+00 1.000000000000000000e+00
9.505600000000048733e-02 9.899446146182535600e-01 -1.414555053305354415e-01 0.000000000000000000e+00 1.414555053305354415e-01 9.899446146182535600e-01 -0.000000000000000000e+00 0.000000000000000000e+00 0.000000000000000000e+00 1.000000000000000000e+00
1.000560000000006305e-01 9.876607962072161406e-01 -1.566082744791219561e-01 0.000000000000000000e+00 1.566082744791219561e-01 9.876607962072161406e-01 -0.000000000000000000e+00 0.000000000000000000e+00 0.000000000000000000e+00 1.000000000000000000e+00
1.050560000000007738e-01 9.850098773215157921e-01 -1.724979465937276912e-01 0.000000000000000000e+00 1.724979465937276912e-01 9.850098773215157921e-01 -0.000000000000000000e+00 0.000000000000000000e+00 0.000000000000000000e+00 1.000000000000000000e+00
1.100560000000009170e-01 9.819551124357759342e-01 -1.891141379200479977e-01 0.000000000000000000e+00 1.891141379200479977e-01 9.819551124357759342e-01 -0.000000000000000000e+00 0.000000000000000000e+00 0.000000000000000000e+00 1.000000000000000000e+00
1.150560000000010602e-01 9.784582290464631793e-01 -2.064448934007791780e-01 0.000000000000000000e+00 2.064448934007791780e-01 9.784582290464631793e-01 -0.000000000000000000e+00 0.000000000000000000e+00 0.000000000000000000e+00 1.000000000000000000e+00
1.200560000000012034e-01 9.744794930844610237e-01 -2.244765412194609788e-01 0.000000000000000000e+00 2.244765412194609788e-01 9.744794930844610237e-01 -0.000000000000000000e+00 0.000000000000000000e+00 0.000000000000000000e+00 1.000000000000000000e+00
1.250560000000013328e-01 9.699777836269776188e-01 -2.431935428215485917e-01 0.000000000000000000e+00 2.431935428215485917e-01 9.699777836269776188e-01 -0.000000000000000000e+00 0.000000000000000000e+00 0.000000000000000000e+00 1.000000000000000000e+00
1.300560000000014760e-01 9.649106776905389538e-01 -2.625783389367552512e-01 0.000000000000000000e+00 2.625783389367552512e-01 9.649106776905389538e-01 -0.000000000000000000e+00 0.000000000000000000e+00 0.000000000000000000e+00 1.000000000000000000e+00
1.351465600000013312e-01 9.591258487136009592e-01 -2.829798691239626129e-01 0.000000000000000000e+00 2.829798691239626129e-01 9.591258487136009592e-01 -0.000000000000000000e+00 0.000000000000000000e+00 0.000000000000000000e+00 1.000000000000000000e+00
1.401152000000014386e-01 9.528256152099334741e-01 -3.035182811624568266e-01 0.000000000000000000e+00 3.035182811624568266e-01 9.528256152099334741e-01 -0.000000000000000000e+00 0.000000000000000000e+00 0.000000000000000000e+00 1.000000000000000000e+00
1.451152000000015818e-01 9.457877082328807195e-01 -3.247854845210841335e-01 0.000000000000000000e+00 3.247854845210841335e-01 9.457877082328807195e-01 -0.000000000000000000e+00 0.000000000000000000e+00 0.000000000000000000e+00 1.000000000000000000e+00
1.501152000000017250e-01 9.380032298275762237e-01 -3.466265149018976088e-01 0.000000000000000000e+00 3.466265149018976088e-01 9.380032298275762237e-01 -0.000000000000000000e+00 0.000000000000000000e+00 0.000000000000000000e+00 1.000000000000000000e+00
1.550752000000017450e-01 9.294968219117945019e-01 -3.688301208630795358e-01 0.000000000000000000e+00 3.688301208630795358e-01 9.294968219117945019e-01 -0.000000000000000000e+00 0.000000000000000000e+00 0.000000000000000000e+00 1.000000000000000000e+00
1.600912000000017099e-01 9.200522855046846527e-01 -3.917955996914797567e-01 0.000000000000000000e+00 3.917955996914797567e-01 9.200522855046846527e-01 -0.000000000000000000e+00 0.000000000000000000e+00 0.000000000000000000e+00 1.000000000000000000e+00
1.650112000000017731e-01 9.099190952551827749e-01 -4.147857761423233702e-01 0.000000000000000000e+00 4.147857761423233702e-01 9.099190952551827749e-01 -0.000000000000000000e+00 0.000000000000000000e+00 0.000000000000000000e+00 1.000000000000000000e+00
1.700224000000016555e-01 8.986650506071460764e-01 -4.386355284484553252e-01 0.000000000000000000e+00 4.386355284484553252e-01 8.986650506071460764e-01 -0.000000000000000000e+00 0.000000000000000000e+00 0.000000000000000000e+00 1.000000000000000000e+00
1.750067200000017809e-01 8.864895199119552371e-01 -4.627486694592119476e-01 0.000000000000000000e+00 4.627486694592119476e-01 8.864895199119552371e-01 -0.000000000000000000e+00 0.000000000000000000e+00 0.000000000000000000e+00 1.000000000000000000e+00
1.800067200000019241e-01 8.732439379855867490e-01 -4.872833105816624655e-01 0.000000000000000000e+00 4.872833105816624655e-01 8.732439379855867490e-01 -0.000000000000000000e+00 0.000000000000000000e+00 0.000000000000000000e+00 1.000000000000000000e+00
1.850067200000020673e-01 8.589175530566537375e-01 -5.121138907032013465e-01 0.000000000000000000e+00 5.121138907032013465e-01 8.589175530566537375e-01 -0.000000000000000000e+00 0.000000000000000000e+00 0.000000000000000000e+00 1.000000000000000000e+00
1.900067200000022105e-01 8.434636622003510720e-01 -5.371862345105020697e-01 0.000000000000000000e+00 5.371862345105020697e-01 8.434636622003510720e-01 -0.000000000000000000e+00 0.000000000000000000e+00 0.000000000000000000e+00 1.000000000000000000e+00
1.950067200000023537e-01 8.268366268838469590e-01 -5.624421680878329832e-01 0.000000000000000000e+00 5.624421680878329832e-01 8.268366268838469590e-01 -0.000000000000000000e+00 0.000000000000000000e+00 0.000000000000000000e+00 1.000000000000000000e+00
2.001907200000022646e-01 8.083120534989390871e-01 -5.887542986410613244e-01 0.000000000000000000e+00 5.887542986410613244e-01 8.083120534989390871e-01 -0.000000000000000000e+00 0.000000000000000000e+00 0.000000000000000000e+00 1.000000000000000000e+00
2.051827200000023999e-01 7.894508355080493978e-01 -6.138137977559992020e-01 0.000000000000000000e+00 6.138137977559992020e-01 7.894508355080493978e-01 -0.000000000000000000e+00 0.000000000000000000e+00 0.000000000000000000e+00 1.000000000000000000e+00
2.100090848372023200e-01 7.704768562656018061e-01 -6.374679709280108852e-01 0.000000000000000000e+00 6.374679709280108852e-01 7.704768562656018061e-01 -0.000000000000000000e+00 0.000000000000000000e+00 0.000000000000000000e+00 1.000000000000000000e+00
2.150625224443838690e-01 7.498512219354185326e-01 -6.616064879986893743e-01 0.000000000000000000e+00 6.616064879986893743e-01 7.498512219354185326e-01 -0.000000000000000000e+00 0.000000000000000000e+00 0.000000000000000000e+00 1.000000000000000000e+00
2.200041328402731200e-01 7.289508512662443707e-01 -6.845660351187589088e-01 0.000000000000000000e+00 6.845660351187589088e-01 7.289508512662443707e-01 -0.000000000000000000e+00 0.000000000000000000e+00 0.000000000000000000e+00 1.000000000000000000e+00
2.251516405470644355e-01 7.064327391332725359e-01 -7.077801813279754883e-01 0.000000000000000000e+00 7.077801813279754883e-01 7.064327391332725359e-01 -0.000000000000000000e+00 0.000000000000000000e+00 0.000000000000000000e+00 1.000000000000000000e+00
2.300757108643441129e-01 6.842002541812371996e-01 -7.292941876762288889e-01 0.000000000000000000e+00 7.292941876762288889e-01 6.842002541812371996e-01 -0.000000000000000000e+00 0.000000000000000000e+00 0.000000000000000000e+00 1.000000000000000000e+00
2.350757108643442561e-01 6.609549586318697045e-01 -7.504255743642693766e-01 0.000000000000000000e+00 7.504255743642693766e-01 6.609549586318697045e-01 -0.000000000000000000e+00 0.000000000000000000e+00 0.000000000000000000e+00 1.000000000000000000e+00
2.400757108643443993e-01 6.370573803363918097e-01 -7.708163816103899002e-01 0.000000000000000000e+00 7.708163816103899002e-01 6.370573803363918097e-01 -0.000000000000000000e+00 0.000000000000000000e+00 0.000000000000000000e+00 1.000000000000000000e+00
2.450757108643445425e-01 6.125311033193912014e-01 -7.904464861496504069e-01 0.000000000000000000e+00 7.904464861496504069e-01 6.125311033193912014e-01 -0.000000000000000000e+00 0.000000000000000000e+00 0.000000000000000000e+00 1.000000000000000000e+00
2.501557108643445715e-01 5.869934610674928388e-01 -8.095916727980878580e-01 0.000000000000000000e+00 8.095916727980878580e-01 5.869934610674928388e-01 -0.000000000000000000e+00 0.000000000000000000e+00 0.000000000000000000e+00 1.000000000000000000e+00
2.550059487113152668e-01 5.620524637883758112e-01 -8.271015826060403864e-01 0.000000000000000000e+00 8.271015826060403864e-01 5.620524637883758112e-01 -0.000000000000000000e+00 0.000000000000000000e+00 0.000000000000000000e+00 1.000000000000000000e+00
2.600405129262728932e-01 5.356118537598372198e-01 -8.444642929762931072e-01 0.000000000000000000e+00 8.444642929762931072e-01 5.356118537598372198e-01 -0.000000000000000000e+00 0.000000000000000000e+00 0.000000000000000000e+00 1.000000000000000000e+00
2.650402822221218924e-01 5.088235450676731331e-01 -8.608708381544616373e-01 0.000000000000000000e+00 8.608708381544616373e-01 5.088235450676731331e-01 -0.000000000000000000e+00 0.000000000000000000e+00 0.000000000000000000e+00 1.000000000000000000e+00
2.700018822221215142e-01 4.817433105581884756e-01 -8.763123773703282993e-01 0.000000000000000000e+00 8.763123773703282993e-01 4.817433105581884756e-01 -0.000000000000000000e+00 0.000000000000000000e+00 0.000000000000000000e+00 1.000000000000000000e+00
2.750352278871868728e-01 4.537932702571522148e-01 -8.911069901360436640e-01 0.000000000000000000e+00 8.911069901360436640e-01 4.537932702571522148e-01 -0.000000000000000000e+00 0.000000000000000000e+00 0.000000000000000000e+00 1.000000000000000000e+00
2.800943587376861221e-01 4.252427688440407194e-01 -9.050793266591904418e-01 0.000000000000000000e+00 9.050793266591904418e-01 4.252427688440407194e-01 -0.000000000000000000e+00 0.000000000000000000e+00 0.000000000000000000e+00 1.000000000000000000e+00
2.850541649461988403e-01 3.968355296833420143e-01 -9.178897332364825967e-01 0.000000000000000000e+00 9.178897332364825967e-01 3.968355296833420143e-01 -0.000000000000000000e+00 0.000000000000000000e+00 0.000000000000000000e+00 1.000000000000000000e+00
2.900541649461982896e-01 3.678081020337348184e-01 -9.299017152787394380e-01 0.000000000000000000e+00 9.299017152787394380e-01 3.678081020337348184e-01 -0.000000000000000000e+00 0.000000000000000000e+00 0.000000000000000000e+00 1.000000000000000000e+00
2.950541649461977389e-01 3.384176921934310966e-01 -9.409959965964107553e-01 0.000000000000000000e+00 9.409959965964107553e-01 3.384176921934310966e-01 -0.000000000000000000e+00 0.000000000000000000e+00 0.000000000000000000e+00 1.000000000000000000e+00
3.000541649461971883e-01 3.086933049485952041e-01 -9.511616284732651305e-01 0.000000000000000000e+00 9.511616284732651305e-01 3.086933049485952041e-01 -0.000000000000000000e+00 0.000000000000000000e+00 0.000000000000000000e+00 1.000000000000000000e+00
3.050541649461966376e-01 2.786642746807695414e-01 -9.603885786579517969e-01 0.000000000000000000e+00 9.603885786579517969e-01 2.786642746807695414e-01 -0.000000000000000000e+00 0.000000000000000000e+00 0.000000000000000000e+00 1.000000000000000000e+00
3.100541649461960869e-01 2.483602364173800037e-01 -9.686677412646214069e-01 0.000000000000000000e+00 9.686677412646214069e-01 2.483602364173800037e-01 -0.000000000000000000e+00 0.000000000000000000e+00 0.000000000000000000e+00 1.000000000000000000e+00
3.150541649461955362e-01 2.178110965855408476e-01 -9.759909457593367588e-01 0.000000000000000000e+00 9.759909457593367588e-01 2.178110965855408476e-01 -0.000000000000000000e+00 0.000000000000000000e+00 0.000000000000000000e+00 1.000000000000000000e+00
3.201261649461952241e-01 1.866025792662300564e-01 -9.824354825693086823e-01 0.000000000000000000e+00 9.824354825693086823e-01 1.866025792662300564e-01 -0.000000000000000000e+00 0.000000000000000000e+00 0.000000000000000000e+00 1.000000000000000000e+00
3.250061649461953861e-01 1.563962063218010123e-01 -9.876943994212726841e-01 0.000000000000000000e+00 9.876943994212726841e-01 1.563962063218010123e-01 -0.000000000000000000e+00 0.000000000000000000e+00 0.000000000000000000e+00 1.000000000000000000e+00
3.300061649461948354e-01 1.252948034119176490e-01 -9.921195554155601837e-01 0.000000000000000000e+00 9.921195554155601837e-01 1.252948034119176490e-01 -0.000000000000000000e+00 0.000000000000000000e+00 0.000000000000000000e+00 1.000000000000000000e+00
3.350061649461942848e-01 9.406974965809214440e-02 -9.955656091886981862e-01 0.000000000000000000e+00 9.955656091886981862e-01 9.406974965809214440e-02 -0.000000000000000000e+00 0.000000000000000000e+00 0.000000000000000000e+00 1.000000000000000000e+00
3.400061649461937341e-01 6.275186041853217378e-02 -9.980291599016599680e-01 0.000000000000000000e+00 9.980291599016599680e-01 6.275186041853217378e-02 -0.000000000000000000e+00 0.000000000000000000e+00 0.000000000000000000e+00 1.000000000000000000e+00
3.450061649461931834e-01 3.137204266886350901e-02 -9.995077763273197968e-01 0.000000000000000000e+00 9.995077763273197968e-01 3.137204266886350901e-02 -0.000000000000000000e+00 0.000000000000000000e+00 0.000000000000000000e+00 1.000000000000000000e+00
3.500061649461926327e-01 -3.873549932716345296e-05 -9.999999992497805579e-01 0.000000000000000000e+00 9.999999992497805579e-01 -3.873549932716345296e-05 -0.000000000000000000e+00 0.000000000000000000e+00 0.000000000000000000e+00 1.000000000000000000e+00
3.550061649461920821e-01 -3.144947544025614161e-02 -9.995053429044454818e-01 0.000000000000000000e+00 9.995053429044454818e-01 -3.144947544025614161e-02 -0.000000000000000000e+00 0.000000000000000000e+00 0.000000000000000000e+00 1.000000000000000000e+00
3.600061649461915314e-01 -6.282917854586722584e-02 -9.980242954574060077e-01 0.000000000000000000e+00 9.980242954574060077e-01 -6.282917854586722584e-02 -0.000000000000000000e+00 0.000000000000000000e+00 0.000000000000000000e+00 1.000000000000000000e+00
3.650061649461909807e-01 -9.414687683771220950e-02 -9.955583185236838162e-01 0.000000000000000000e+00 9.955583185236838162e-01 -9.414687683771220950e-02 -0.000000000000000000e+00 0.000000000000000000e+00 0.000000000000000000e+00 1.000000000000000000e+00
3.700061649461904301e-01 -1.253716635286081515e-01 -9.921098457247913283e-01 0.000000000000000000e+00 9.921098457247913283e-01 -1.253716635286081515e-01 -0.000000000000000000e+00 0.000000000000000000e+00 0.000000000000000000e+00 1.000000000000000000e+00
3.750061649461898794e-01 -1.564727235239061764e-01 -9.876822802870420803e-01 0.000000000000000000e+00 9.876822802870420803e-01 -1.564727235239061764e-01 -0.000000000000000000e+00 0.000000000000000000e+00 0.000000000000000000e+00 1.000000000000000000e+00
3.800061649461893287e-01 -1.874193638322669830e-01 -9.822799916829765277e-01 0.000000000000000000e+00 9.822799916829765277e-01 -1.874193638322669830e-01 -0.000000000000000000e+00 0.000000000000000000e+00 0.000000000000000000e+00 1.000000000000000000e+00
3.850061649461887781e-01 -2.181810438559389775e-01 -9.759083113192208447e-01 0.000000000000000000e+00 9.759083113192208447e-01 -2.181810438559389775e-01 -0.000000000000000000e+00 0.000000000000000000e+00 0.000000000000000000e+00 1.000000000000000000e+00
3.901261649461882364e-01 -2.494576219966884445e-01 -9.683857159354208877e-01 0.000000000000000000e+00 9.683857159354208877e-01 -2.494576219966884445e-01 -0.000000000000000000e+00 0.000000000000000000e+00 0.000000000000000000e+00 1.000000000000000000e+00
3.950061649461882873e-01 -2.790283032853139167e-01 -9.602828780967196387e-01 0.000000000000000000e+00 9.602828780967196387e-01 -2.790283032853139167e-01 -0.000000000000000000e+00 0.000000000000000000e+00 0.000000000000000000e+00 1.000000000000000000e+00
4.000061649461877367e-01 -3.090538337921344136e-01 -9.510445456540843612e-01 0.000000000000000000e+00 9.510445456540843612e-01 -3.090538337921344136e-01 -0.000000000000000000e+00 0.000000000000000000e+00 0.000000000000000000e+00 1.000000000000000000e+00
4.050061649461871860e-01 -3.387743654775240421e-01 -9.408676470658883240e-01 0.000000000000000000e+00 9.408676470658883240e-01 -3.387743654775240421e-01 -0.000000000000000000e+00 0.000000000000000000e+00 0.000000000000000000e+00 1.000000000000000000e+00
4.100061649461866353e-01 -3.681605677649122943e-01 -9.297622257023661074e-01 0.000000000000000000e+00 9.297622257023661074e-01 -3.681605677649122943e-01 -0.000000000000000000e+00 0.000000000000000000e+00 0.000000000000000000e+00 1.000000000000000000e+00
4.150061649461860847e-01 -3.971834400204802273e-01 -9.177392412736296023e-01 0.000000000000000000e+00 9.177392412736296023e-01 -3.971834400204802273e-01 -0.000000000000000000e+00 0.000000000000000000e+00 0.000000000000000000e+00 1.000000000000000000e+00
4.200061649461855340e-01 -4.258143401732862876e-01 -9.048105590137576204e-01 0.000000000000000000e+00 9.048105590137576204e-01 -4.258143401732862876e-01 -0.000000000000000000e+00 0.000000000000000000e+00 0.000000000000000000e+00 1.000000000000000000e+00
4.250061649461849833e-01 -4.540250129815297520e-01 -8.909889379712419011e-01 0.000000000000000000e+00 8.909889379712419011e-01 -4.540250129815297520e-01 -0.000000000000000000e+00 0.000000000000000000e+00 0.000000000000000000e+00 1.000000000000000000e+00
4.300061649461844326e-01 -4.817876179170642037e-01 -8.762880184173470477e-01 0.000000000000000000e+00 8.762880184173470477e-01 -4.817876179170642037e-01 -0.000000000000000000e+00 0.000000000000000000e+00 0.000000000000000000e+00 1.000000000000000000e+00
4.350061649461838820e-01 -5.090747566406386149e-01 -8.607223083848091205e-01 0.000000000000000000e+00 8.607223083848091205e-01 -5.090747566406386149e-01 -0.000000000000000000e+00 0.000000000000000000e+00 0.000000000000000000e+00 1.000000000000000000e+00
4.400061649461833313e-01 -5.358595000407498921e-01 -8.443071693501587038e-01 0.000000000000000000e+00 8.443071693501587038e-01 -5.358595000407498921e-01 -0.000000000000000000e+00 0.000000000000000000e+00 0.000000000000000000e+00 1.000000000000000000e+00
4.450061649461827806e-01 -5.621154148094216207e-01 -8.270588010738001428e-01 0.000000000000000000e+00 8.270588010738001428e-01 -5.621154148094216207e-01 -0.000000000000000000e+00 0.000000000000000000e+00 0.000000000000000000e+00 1.000000000000000000e+00
4.500061649461822300e-01 -5.878165895286932008e-01 -8.089942256128010989e-01 0.000000000000000000e+00 8.089942256128010989e-01 -5.878165895286932008e-01 -0.000000000000000000e+00 0.000000000000000000e+00 0.000000000000000000e+00 1.000000000000000000e+00
4.551421649461821484e-01 -6.136126139803659285e-01 -7.896072187893057315e-01 0.000000000000000000e+00 7.896072187893057315e-01 -6.136126139803659285e-01 -0.000000000000000000e+00 0.000000000000000000e+00 0.000000000000000000e+00 1.000000000000000000e+00
4.601261649461816927e-01 -6.380345889191331166e-01 -7.700077034308117074e-01 0.000000000000000000e+00 7.700077034308117074e-01 -6.380345889191331166e-01 -0.000000000000000000e+00 0.000000000000000000e+00 0.000000000000000000e+00 1.000000000000000000e+00
4.651261649461811420e-01 -6.619062838256918324e-01 -7.495866003551976409e-01 0.000000000000000000e+00 7.495866003551976409e-01 -6.619062838256918324e-01 -0.000000000000000000e+00 0.000000000000000000e+00 0.000000000000000000e+00 1.000000000000000000e+00
4.701261649461805914e-01 -6.851247571430288952e-01 -7.284257458037199928e-01 0.000000000000000000e+00 7.284257458037199928e-01 -6.851247571430288952e-01 -0.000000000000000000e+00 0.000000000000000000e+00 0.000000000000000000e+00 1.000000000000000000e+00
4.751261649461800407e-01 -7.076670950411799721e-01 -7.065460229850406559e-01 0.000000000000000000e+00 7.065460229850406559e-01 -7.076670950411799721e-01 -0.000000000000000000e+00 0.000000000000000000e+00 0.000000000000000000e+00 1.000000000000000000e+00
4.801261649461794900e-01 -7.295110509542096500e-01 -6.839690245440100957e-01 0.000000000000000000e+00 6.839690245440100957e-01 -7.295110509542096500e-01 -0.000000000000000000e+00 0.000000000000000000e+00 0.000000000000000000e+00 1.000000000000000000e+00
4.851261649461789394e-01 -7.506350675348841817e-01 -6.607170312523357181e-01 0.000000000000000000e+00 6.607170312523357181e-01 -7.506350675348841817e-01 -0.000000000000000000e+00 0.000000000000000000e+00 0.000000000000000000e+00 1.000000000000000000e+00
4.900861649461785152e-01 -7.708582250190988416e-01 -6.370067479394582177e-01 0.000000000000000000e+00 6.370067479394582177e-01 -7.708582250190988416e-01 -0.000000000000000000e+00 0.000000000000000000e+00 0.000000000000000000e+00 1.000000000000000000e+00
4.950141009461784813e-01 -7.902093121392755881e-01 -6.128370444158647290e-01 0.000000000000000000e+00 6.128370444158647290e-01 -7.902093121392755881e-01 -0.000000000000000000e+00 0.000000000000000000e+00 0.000000000000000000e+00 1.000000000000000000e+00
5.000283158807069528e-01 -8.091215567519962626e-01 -5.876413076011812731e-01 0.000000000000000000e+00 5.876413076011812731e-01 -8.091215567519962626e-01 -0.000000000000000000e+00 0.000000000000000000e+00 0.000000000000000000e+00 1.000000000000000000e+00
5.051333694186014300e-01 -8.275513011347096493e-01 -5.613900996546421496e-01 0.000000000000000000e+00 5.613900996546421496e-01 -8.275513011347096493e-01 -0.000000000000000000e+00 0.000000000000000000e+00 0.000000000000000000e+00 1.000000000000000000e+00
5.101333694186008794e-01 -8.447766436924356581e-01 -5.351190729844554905e-01 0.000000000000000000e+00 5.351190729844554905e-01 -8.447766436924356581e-01 -0.000000000000000000e+00 0.000000000000000000e+00 0.000000000000000000e+00 1.000000000000000000e+00
5.151333694186009948e-01 -8.611682936939604183e-01 -5.083199483949384367e-01 0.000000000000000000e+00 5.083199483949384367e-01 -8.611682936939604183e-01 -0.000000000000000000e+00 0.000000000000000000e+00 0.000000000000000000e+00 1.000000000000000000e+00
5.201893694186022765e-01 -8.768792709117327888e-01 -4.807106658326890103e-01 0.000000000000000000e+00 4.807106658326890103e-01 -8.768792709117327888e-01 -0.000000000000000000e+00 0.000000000000000000e+00 0.000000000000000000e+00 1.000000000000000000e+00
5.251013694186016378e-01 -8.912955003603335591e-01 -4.534229052853666064e-01 0.000000000000000000e+00 4.534229052853666064e-01 -8.912955003603335591e-01 -0.000000000000000000e+00 0.000000000000000000e+00 0.000000000000000000e+00 1.000000000000000000e+00
5.301013694186010872e-01 -9.050980574730327355e-01 -4.252029002235783728e-01 0.000000000000000000e+00 4.252029002235783728e-01 -9.050980574730327355e-01 -0.000000000000000000e+00 0.000000000000000000e+00 0.000000000000000000e+00 1.000000000000000000e+00
5.351013694186005365e-01 -9.180073920768190288e-01 -3.965632712346383038e-01 0.000000000000000000e+00 3.965632712346383038e-01 -9.180073920768190288e-01 -0.000000000000000000e+00 0.000000000000000000e+00 0.000000000000000000e+00 1.000000000000000000e+00
5.401013694185999858e-01 -9.300107642170012401e-01 -3.675322821746532242e-01 0.000000000000000000e+00 3.675322821746532242e-01 -9.300107642170012401e-01 -0.000000000000000000e+00 0.000000000000000000e+00 0.000000000000000000e+00 1.000000000000000000e+00
5.451013694185994352e-01 -9.410963280144617471e-01 -3.381385831248723828e-01 0.000000000000000000e+00 3.381385831248723828e-01 -9.410963280144617471e-01 -0.000000000000000000e+00 0.000000000000000000e+00 0.000000000000000000e+00 1.000000000000000000e+00
5.501013694185988845e-01 -9.512531433561091099e-01 -3.084111821175128942e-01 0.000000000000000000e+00 3.084111821175128942e-01 -9.512531433561091099e-01 -0.000000000000000000e+00 0.000000000000000000e+00 0.000000000000000000e+00 1.000000000000000000e+00
5.550053694185985709e-01 -9.603030974679085396e-01 -2.789587084024101049e-01 0.000000000000000000e+00 2.789587084024101049e-01 -9.603030974679085396e-01 -0.000000000000000000e+00 0.000000000000000000e+00 0.000000000000000000e+00 1.000000000000000000e+00
5.600131297999884072e-01 -9.686036739938994611e-01 -2.486099811462119946e-01 0.000000000000000000e+00 2.486099811462119946e-01 -9.686036739938994611e-01 -0.000000000000000000e+00 0.000000000000000000e+00 0.000000000000000000e+00 1.000000000000000000e+00
5.650122334727483153e-01 -9.759335266744409987e-01 -2.180682267383038386e-01 0.000000000000000000e+00 2.180682267383038386e-01 -9.759335266744409987e-01 -0.000000000000000000e+00 0.000000000000000000e+00 0.000000000000000000e+00 1.000000000000000000e+00
5.700235941422626684e-01 -9.823150185340490115e-01 -1.872356920099668975e-01 0.000000000000000000e+00 1.872356920099668975e-01 -9.823150185340490115e-01 -0.000000000000000000e+00 0.000000000000000000e+00 0.000000000000000000e+00 1.000000000000000000e+00
5.750084796988041980e-01 -9.876966739462970102e-01 -1.563818412585750439e-01 0.000000000000000000e+00 1.563818412585750439e-01 -9.876966739462970102e-01 -0.000000000000000000e+00 0.000000000000000000e+00 0.000000000000000000e+00 1.000000000000000000e+00
5.800372382996999976e-01 -9.921439990184270918e-01 -1.251010999620835451e-01 0.000000000000000000e+00 1.251010999620835451e-01 -9.921439990184270918e-01 -0.000000000000000000e+00 0.000000000000000000e+00 0.000000000000000000e+00 1.000000000000000000e+00
5.850053177571059582e-01 -9.955651084369858683e-01 -9.407504909832538342e-02 0.000000000000000000e+00 9.407504909832538342e-02 -9.955651084369858683e-01 -0.000000000000000000e+00 0.000000000000000000e+00 0.000000000000000000e+00 1.000000000000000000e+00
5.900819567045038072e-01 -9.980589300275405362e-01 -6.227657819984175336e-02 0.000000000000000000e+00 6.227657819984175336e-02 -9.980589300275405362e-01 -0.000000000000000000e+00 0.000000000000000000e+00 0.000000000000000000e+00 1.000000000000000000e+00
5.950674099947531603e-01 -9.995197747234544350e-01 -3.098741578084761653e-02 0.000000000000000000e+00 3.098741578084761653e-02 -9.995197747234544350e-01 -0.000000000000000000e+00 0.000000000000000000e+00 0.000000000000000000e+00 1.000000000000000000e+00
6.000674099947526097e-01 -9.999999103029165726e-01 4.235494759224096156e-04 0.000000000000000000e+00 -4.235494759224096156e-04 -9.999999103029165726e-01 -0.000000000000000000e+00 0.000000000000000000e+00 -0.000000000000000000e+00 1.000000000000000000e+00
6.050674099947520590e-01 -9.994931667023627675e-01 3.183409674049544891e-02 0.000000000000000000e+00 -3.183409674049544891e-02 -9.994931667023627675e-01 -0.000000000000000000e+00 0.000000000000000000e+00 -0.000000000000000000e+00 1.000000000000000000e+00
6.100674099947515083e-01 -9.980000440165459619e-01 6.321322759496225685e-02 0.000000000000000000e+00 -6.321322759496225685e-02 -9.980000440165459619e-01 -0.000000000000000000e+00 0.000000000000000000e+00 -0.000000000000000000e+00 1.000000000000000000e+00
6.150674099947509577e-01 -9.955220157772903811e-01 9.452997462561875397e-02 0.000000000000000000e+00 -9.452997462561875397e-02 -9.955220157772903811e-01 -0.000000000000000000e+00 0.000000000000000000e+00 -0.000000000000000000e+00 1.000000000000000000e+00
6.200098099947509711e-01 -9.921069741381235430e-01 1.253943853069043879e-01 0.000000000000000000e+00 -1.253943853069043879e-01 -9.921069741381235430e-01 -0.000000000000000000e+00 0.000000000000000000e+00 -0.000000000000000000e+00 1.000000000000000000e+00
6.250066099947507725e-01 -9.876818427349708385e-01 1.564754854015550367e-01 0.000000000000000000e+00 -1.564754854015550367e-01 -9.876818427349708385e-01 -0.000000000000000000e+00 0.000000000000000000e+00 -0.000000000000000000e+00 1.000000000000000000e+00
6.300066099947502218e-01 -9.822794675941373121e-01 1.874221106032532558e-01 0.000000000000000000e+00 -1.874221106032532558e-01 -9.822794675941373121e-01 -0.000000000000000000e+00 0.000000000000000000e+00 -0.000000000000000000e+00 1.000000000000000000e+00
6.350066099947496712e-01 -9.759077012108261506e-01 2.181837728095313289e-01 0.000000000000000000e+00 -2.181837728095313289e-01 -9.759077012108261506e-01 -0.000000000000000000e+00 0.000000000000000000e+00 -0.000000000000000000e+00 1.000000000000000000e+00
6.400066099947491205e-01 -9.685728317491845152e-01 2.487301139736929623e-01 0.000000000000000000e+00 -2.487301139736929623e-01 -9.685728317491845152e-01 -0.000000000000000000e+00 0.000000000000000000e+00 -0.000000000000000000e+00 1.000000000000000000e+00
6.450066099947485698e-01 -9.602820978398217688e-01 2.790309885449132055e-01 0.000000000000000000e+00 -2.790309885449132055e-01 -9.602820978398217688e-01 -0.000000000000000000e+00 0.000000000000000000e+00 -0.000000000000000000e+00 1.000000000000000000e+00
6.500066099947480192e-01 -9.510436814361540314e-01 3.090564932182587321e-01 0.000000000000000000e+00 -3.090564932182587321e-01 -9.510436814361540314e-01 -0.000000000000000000e+00 0.000000000000000000e+00 -0.000000000000000000e+00 1.000000000000000000e+00
6.550866099947479926e-01 -9.406962929946868224e-01 3.392498848136201173e-01 0.000000000000000000e+00 -3.392498848136201173e-01 -9.406962929946868224e-01 -0.000000000000000000e+00 0.000000000000000000e+00 -0.000000000000000000e+00 1.000000000000000000e+00
6.600786099947475449e-01 -9.295945479748295437e-01 3.685837440466848691e-01 0.000000000000000000e+00 -3.685837440466848691e-01 -9.295945479748295437e-01 -0.000000000000000000e+00 0.000000000000000000e+00 -0.000000000000000000e+00 1.000000000000000000e+00
6.650786099947469943e-01 -9.175583539966952751e-01 3.976011406056011444e-01 0.000000000000000000e+00 -3.976011406056011444e-01 -9.175583539966952751e-01 -0.000000000000000000e+00 0.000000000000000000e+00 -0.000000000000000000e+00 1.000000000000000000e+00
6.700786099947464436e-01 -9.046166407013292998e-01 4.262261528417071177e-01 0.000000000000000000e+00 -4.262261528417071177e-01 -9.046166407013292998e-01 -0.000000000000000000e+00 0.000000000000000000e+00 -0.000000000000000000e+00 1.000000000000000000e+00
6.750786099947458929e-01 -8.907821799972818200e-01 4.544305313238651278e-01 0.000000000000000000e+00 -4.544305313238651278e-01 -8.907821799972818200e-01 -0.000000000000000000e+00 0.000000000000000000e+00 -0.000000000000000000e+00 1.000000000000000000e+00
6.800786099947453422e-01 -8.760686248270127541e-01 4.821864417356698795e-01 0.000000000000000000e+00 -4.821864417356698795e-01 -8.760686248270127541e-01 -0.000000000000000000e+00 0.000000000000000000e+00 -0.000000000000000000e+00 1.000000000000000000e+00
6.850786099947447916e-01 -8.604904956930869986e-01 5.094664923445558768e-01 0.000000000000000000e+00 -5.094664923445558768e-01 -8.604904956930869986e-01 -0.000000000000000000e+00 0.000000000000000000e+00 -0.000000000000000000e+00 1.000000000000000000e+00
6.900386099947446450e-01 -8.441979124257619205e-01 5.360316078889243441e-01 0.000000000000000000e+00 -5.360316078889243441e-01 -8.441979124257619205e-01 -0.000000000000000000e+00 0.000000000000000000e+00 -0.000000000000000000e+00 1.000000000000000000e+00
6.951986099947442543e-01 -8.263785047069756029e-01 5.631150565899150084e-01 0.000000000000000000e+00 -5.631150565899150084e-01 -8.263785047069756029e-01 -0.000000000000000000e+00 0.000000000000000000e+00 -0.000000000000000000e+00 1.000000000000000000e+00
7.001986099947437037e-01 -8.082828654240350463e-01 5.887943694210325818e-01 0.000000000000000000e+00 -5.887943694210325818e-01 -8.082828654240350463e-01 -0.000000000000000000e+00 0.000000000000000000e+00 -0.000000000000000000e+00 1.000000000000000000e+00
7.051986099947431530e-01 -7.893895485380945098e-01 6.138926132955367931e-01 0.000000000000000000e+00 -6.138926132955367931e-01 -7.893895485380945098e-01 -0.000000000000000000e+00 0.000000000000000000e+00 -0.000000000000000000e+00 1.000000000000000000e+00
7.101586099947433395e-01 -7.698776188153745315e-01 6.381915480850315348e-01 0.000000000000000000e+00 -6.381915480850315348e-01 -7.698776188153745315e-01 -0.000000000000000000e+00 0.000000000000000000e+00 -0.000000000000000000e+00 1.000000000000000000e+00
7.150786099947427088e-01 -7.497843422196370788e-01 6.616822803750046500e-01 0.000000000000000000e+00 -6.616822803750046500e-01 -7.497843422196370788e-01 -0.000000000000000000e+00 0.000000000000000000e+00 -0.000000000000000000e+00 1.000000000000000000e+00
7.200786099947421581e-01 -7.286304262129081888e-01 6.849070754465861333e-01 0.000000000000000000e+00 -6.849070754465861333e-01 -7.286304262129081888e-01 -0.000000000000000000e+00 0.000000000000000000e+00 -0.000000000000000000e+00 1.000000000000000000e+00
7.251586099947423536e-01 -7.064017445273655937e-01 7.078111155729995829e-01 0.000000000000000000e+00 -7.078111155729995829e-01 -7.064017445273655937e-01 -0.000000000000000000e+00 0.000000000000000000e+00 -0.000000000000000000e+00 1.000000000000000000e+00
7.300786099947431662e-01 -6.841869694099670385e-01 7.293066507921102115e-01 0.000000000000000000e+00 -7.293066507921102115e-01 -6.841869694099670385e-01 -0.000000000000000000e+00 0.000000000000000000e+00 -0.000000000000000000e+00 1.000000000000000000e+00
7.350626099947433767e-01 -6.610167278173304517e-01 7.503711651880486944e-01 0.000000000000000000e+00 -7.503711651880486944e-01 -6.610167278173304517e-01 -0.000000000000000000e+00 0.000000000000000000e+00 -0.000000000000000000e+00 1.000000000000000000e+00
7.400188456359766409e-01 -6.373327483270554428e-01 7.705887151456880524e-01 0.000000000000000000e+00 -7.705887151456880524e-01 -6.373327483270554428e-01 -0.000000000000000000e+00 0.000000000000000000e+00 -0.000000000000000000e+00 1.000000000000000000e+00
7.450918962603959583e-01 -6.124507150306309766e-01 7.905087739288343407e-01 0.000000000000000000e+00 -7.905087739288343407e-01 -6.124507150306309766e-01 -0.000000000000000000e+00 0.000000000000000000e+00 -0.000000000000000000e+00 1.000000000000000000e+00
7.500210583217846727e-01 -5.876782034086116546e-01 8.090947591218389245e-01 0.000000000000000000e+00 -8.090947591218389245e-01 -5.876782034086116546e-01 -0.000000000000000000e+00 0.000000000000000000e+00 -0.000000000000000000e+00 1.000000000000000000e+00
7.550210583217841220e-01 -5.619739391407042595e-01 8.271549381625429298e-01 0.000000000000000000e+00 -8.271549381625429298e-01 -5.619739391407042595e-01 -0.000000000000000000e+00 0.000000000000000000e+00 -0.000000000000000000e+00 1.000000000000000000e+00
7.600050583217842215e-01 -5.357999599632191634e-01 8.443449549226977879e-01 0.000000000000000000e+00 -8.443449549226977879e-01 -5.357999599632191634e-01 -0.000000000000000000e+00 0.000000000000000000e+00 -0.000000000000000000e+00 1.000000000000000000e+00
7.651330583217835768e-01 -5.083216317015064600e-01 8.611673000900103014e-01 0.000000000000000000e+00 -8.611673000900103014e-01 -5.083216317015064600e-01 -0.000000000000000000e+00 0.000000000000000000e+00 -0.000000000000000000e+00 1.000000000000000000e+00
7.701330583217830261e-01 -4.810208870723818864e-01 8.767091343199856501e-01 0.000000000000000000e+00 -8.767091343199856501e-01 -4.810208870723818864e-01 -0.000000000000000000e+00 0.000000000000000000e+00 -0.000000000000000000e+00 1.000000000000000000e+00
7.751330583217824755e-01 -4.532454329020732531e-01 8.913857624807633995e-01 0.000000000000000000e+00 -8.913857624807633995e-01 -4.532454329020732531e-01 -0.000000000000000000e+00 0.000000000000000000e+00 -0.000000000000000000e+00 1.000000000000000000e+00
7.800047286142622882e-01 -4.257524082780677066e-01 9.048397022928564848e-01 0.000000000000000000e+00 -9.048397022928564848e-01 -4.257524082780677066e-01 -0.000000000000000000e+00 0.000000000000000000e+00 -0.000000000000000000e+00 1.000000000000000000e+00
7.850139047162443262e-01 -3.970677086522728660e-01 9.177893193678130501e-01 0.000000000000000000e+00 -9.177893193678130501e-01 -3.970677086522728660e-01 -0.000000000000000000e+00 0.000000000000000000e+00 -0.000000000000000000e+00 1.000000000000000000e+00
7.900213871953868372e-01 -3.679996062650484623e-01 9.298259459644956371e-01 0.000000000000000000e+00 -9.298259459644956371e-01 -3.679996062650484623e-01 -0.000000000000000000e+00 0.000000000000000000e+00 -0.000000000000000000e+00 1.000000000000000000e+00
7.951364353125639495e-01 -3.379312273911792563e-01 9.411708057275741668e-01 0.000000000000000000e+00 -9.411708057275741668e-01 -3.379312273911792563e-01 -0.000000000000000000e+00 0.000000000000000000e+00 -0.000000000000000000e+00 1.000000000000000000e+00
8.000964353125635808e-01 -3.084406726265450094e-01 9.512435815655655436e-01 0.000000000000000000e+00 -9.512435815655655436e-01 -3.084406726265450094e-01 -0.000000000000000000e+00 0.000000000000000000e+00 -0.000000000000000000e+00 1.000000000000000000e+00
8.050964353125630302e-01 -2.784091928086823708e-01 9.604625559383448419e-01 0.000000000000000000e+00 -9.604625559383448419e-01 -2.784091928086823708e-01 -0.000000000000000000e+00 0.000000000000000000e+00 -0.000000000000000000e+00 1.000000000000000000e+00
8.100964353125624795e-01 -2.481029567302659722e-01 9.687336697264630203e-01 0.000000000000000000e+00 -9.687336697264630203e-01 -2.481029567302659722e-01 -0.000000000000000000e+00 0.000000000000000000e+00 -0.000000000000000000e+00 1.000000000000000000e+00
8.150964353125619288e-01 -2.175518729873907042e-01 9.760487603391945211e-01 0.000000000000000000e+00 -9.760487603391945211e-01 -2.175518729873907042e-01 -0.000000000000000000e+00 0.000000000000000000e+00 -0.000000000000000000e+00 1.000000000000000000e+00
8.200964353125613782e-01 -1.867860918112328183e-01 9.824006086652663505e-01 0.000000000000000000e+00 -9.824006086652663505e-01 -1.867860918112328183e-01 -0.000000000000000000e+00 0.000000000000000000e+00 -0.000000000000000000e+00 1.000000000000000000e+00
8.250964353125611606e-01 -1.558359753134119507e-01 9.877829461972491565e-01 0.000000000000000000e+00 -9.877829461972491565e-01 -1.558359753134119507e-01 -0.000000000000000000e+00 0.000000000000000000e+00 -0.000000000000000000e+00 1.000000000000000000e+00
8.300692353125613820e-01 -1.249016336694238338e-01 9.921691296884360689e-01 0.000000000000000000e+00 -9.921691296884360689e-01 -1.249016336694238338e-01 -0.000000000000000000e+00 0.000000000000000000e+00 -0.000000000000000000e+00 1.000000000000000000e+00
8.350794753125616587e-01 -9.361115965864534594e-02 9.956088342252510381e-01 0.000000000000000000e+00 -9.956088342252510381e-01 -9.361115965864534594e-02 -0.000000000000000000e+00 0.000000000000000000e+00 -0.000000000000000000e+00 1.000000000000000000e+00
8.400314753125610601e-01 -6.259314332576433604e-02 9.980391266922356008e-01 0.000000000000000000e+00 -9.980391266922356008e-01 -6.259314332576433604e-02 -0.000000000000000000e+00 0.000000000000000000e+00 -0.000000000000000000e+00 1.000000000000000000e+00
8.451514753125612955e-01 -3.045946716707936125e-02 9.995360027832403960e-01 0.000000000000000000e+00 -9.995360027832403960e-01 -3.045946716707936125e-02 -0.000000000000000000e+00 0.000000000000000000e+00 -0.000000000000000000e+00 1.000000000000000000e+00
8.500295310642415059e-01 1.855491478819209237e-04 9.999999827857566359e-01 0.000000000000000000e+00 -9.999999827857566359e-01 1.855491478819209237e-04 -0.000000000000000000e+00 -0.000000000000000000e+00 0.000000000000000000e+00 1.000000000000000000e+00
8.550897412733037273e-01 3.197433687338486347e-02 9.994886901718835759e-01 0.000000000000000000e+00 -9.994886901718835759e-01 3.197433687338486347e-02 -0.000000000000000000e+00 -0.000000000000000000e+00 0.000000000000000000e+00 1.000000000000000000e+00
8.601961101769796114e-01 6.402023667453630995e-02 9.979486005281715810e-01 0.000000000000000000e+00 -9.979486005281715810e-01 6.402023667453630995e-02 -0.000000000000000000e+00 -0.000000000000000000e+00 0.000000000000000000e+00 1.000000000000000000e+00
8.651961101769790607e-01 9.533496961590871843e-02 9.954452489053998709e-01 0.000000000000000000e+00 -9.954452489053998709e-01 9.533496961590871843e-02 -0.000000000000000000e+00 -0.000000000000000000e+00 0.000000000000000000e+00 1.000000000000000000e+00
8.701561101769792472e-01 1.263063078403604822e-01 9.919912885704873506e-01 0.000000000000000000e+00 -9.919912885704873506e-01 1.263063078403604822e-01 -0.000000000000000000e+00 -0.000000000000000000e+00 0.000000000000000000e+00 1.000000000000000000e+00
8.750681101769796078e-01 1.568571308052264246e-01 9.876213042029581279e-01 0.000000000000000000e+00 -9.876213042029581279e-01 1.568571308052264246e-01 -0.000000000000000000e+00 -0.000000000000000000e+00 0.000000000000000000e+00 1.000000000000000000e+00
8.801993101769797212e-01 1.886112883831914944e-01 9.820518224077753322e-01 0.000000000000000000e+00 -9.820518224077753322e-01 1.886112883831914944e-01 -0.000000000000000000e+00 -0.000000000000000000e+00 0.000000000000000000e+00 1.000000000000000000e+00
8.851993101769791705e-01 2.193652132939174770e-01 9.756428153768746947e-01 0.000000000000000000e+00 -9.756428153768746947e-01 2.193652132939174770e-01 -0.000000000000000000e+00 -0.000000000000000000e+00 0.000000000000000000e+00 1.000000000000000000e+00
8.900393101769789039e-01 2.489291129598446839e-01 9.685217068920164429e-01 0.000000000000000000e+00 -9.685217068920164429e-01 2.489291129598446839e-01 -0.000000000000000000e+00 -0.000000000000000000e+00 0.000000000000000000e+00 1.000000000000000000e+00
8.951113101769789804e-01 2.796626503206119385e-01 9.600983293473910329e-01 0.000000000000000000e+00 -9.600983293473910329e-01 2.796626503206119385e-01 -0.000000000000000000e+00 -0.000000000000000000e+00 0.000000000000000000e+00 1.000000000000000000e+00
9.001113101769784297e-01 3.096820709991600085e-01 9.508401626465257106e-01 0.000000000000000000e+00 -9.508401626465257106e-01 3.096820709991600085e-01 -0.000000000000000000e+00 -0.000000000000000000e+00 0.000000000000000000e+00 1.000000000000000000e+00
9.051113101769778790e-01 3.393958728620023457e-01 9.406436315014520266e-01 0.000000000000000000e+00 -9.406436315014520266e-01 3.393958728620023457e-01 -0.000000000000000000e+00 -0.000000000000000000e+00 0.000000000000000000e+00 1.000000000000000000e+00
9.101113101769773284e-01 3.687747319740894425e-01 9.295187986573689720e-01 0.000000000000000000e+00 -9.295187986573689720e-01 3.687747319740894425e-01 -0.000000000000000000e+00 -0.000000000000000000e+00 0.000000000000000000e+00 1.000000000000000000e+00
9.151113101769767777e-01 3.977896549484311040e-01 9.174766429811758162e-01 0.000000000000000000e+00 -9.174766429811758162e-01 3.977896549484311040e-01 -0.000000000000000000e+00 -0.000000000000000000e+00 0.000000000000000000e+00 1.000000000000000000e+00
9.201113101769762270e-01 4.264120075590666636e-01 9.045290486266575058e-01 0.000000000000000000e+00 -9.045290486266575058e-01 4.264120075590666636e-01 -0.000000000000000000e+00 -0.000000000000000000e+00 0.000000000000000000e+00 1.000000000000000000e+00
9.251113101769756764e-01 4.546135429995862287e-01 8.906887933062608287e-01 0.000000000000000000e+00 -8.906887933062608287e-01 4.546135429995862287e-01 -0.000000000000000000e+00 -0.000000000000000000e+00 0.000000000000000000e+00 1.000000000000000000e+00
9.301113101769751257e-01 4.823664297593235339e-01 8.759695356810323075e-01 0.000000000000000000e+00 -8.759695356810323075e-01 4.823664297593235339e-01 -0.000000000000000000e+00 -0.000000000000000000e+00 0.000000000000000000e+00 1.000000000000000000e+00
9.351113101769745750e-01 5.096432790896933129e-01 8.603858018811705310e-01 0.000000000000000000e+00 -8.603858018811705310e-01 5.096432790896933129e-01 -0.000000000000000000e+00 -0.000000000000000000e+00 0.000000000000000000e+00 1.000000000000000000e+00
9.401113101769740243e-01 5.364171720335811910e-01 8.439529711704885084e-01 0.000000000000000000e+00 -8.439529711704885084e-01 5.364171720335811910e-01 -0.000000000000000000e+00 -0.000000000000000000e+00 0.000000000000000000e+00 1.000000000000000000e+00
9.451113101769734737e-01 5.626616859911012236e-01 8.266872607689387253e-01 0.000000000000000000e+00 -8.266872607689387253e-01 5.626616859911012236e-01 -0.000000000000000000e+00 -0.000000000000000000e+00 0.000000000000000000e+00 1.000000000000000000e+00
9.501113101769729230e-01 5.883509207955168741e-01 8.086057098481728156e-01 0.000000000000000000e+00 -8.086057098481728156e-01 5.883509207955168741e-01 -0.000000000000000000e+00 -0.000000000000000000e+00 0.000000000000000000e+00 1.000000000000000000e+00
9.551113101769723723e-01 6.134595242735756404e-01 7.897261627159367636e-01 0.000000000000000000e+00 -7.897261627159367636e-01 6.134595242735756404e-01 -0.000000000000000000e+00 -0.000000000000000000e+00 0.000000000000000000e+00 1.000000000000000000e+00
9.601113101769718217e-01 6.379627172650418343e-01 7.700672512058959196e-01 0.000000000000000000e+00 -7.700672512058959196e-01 6.379627172650418343e-01 -0.000000000000000000e+00 -0.000000000000000000e+00 0.000000000000000000e+00 1.000000000000000000e+00
9.651529101769716901e-01 6.620322389402577556e-01 7.494753595707797089e-01 0.000000000000000000e+00 -7.494753595707797089e-01 6.620322389402577556e-01 -0.000000000000000000e+00 -0.000000000000000000e+00 0.000000000000000000e+00 1.000000000000000000e+00
9.701791501769715387e-01 6.853672237740888740e-01 7.281976164312803368e-01 0.000000000000000000e+00 -7.281976164312803368e-01 6.853672237740888740e-01 -0.000000000000000000e+00 -0.000000000000000000e+00 0.000000000000000000e+00 1.000000000000000000e+00
9.751791501769709880e-01 7.079022763128378637e-01 7.063103901197423928e-01 0.000000000000000000e+00 -7.063103901197423928e-01 7.079022763128378637e-01 -0.000000000000000000e+00 -0.000000000000000000e+00 0.000000000000000000e+00 1.000000000000000000e+00
9.800047501769719727e-01 7.289890582554175991e-01 6.845253486496167827e-01 0.000000000000000000e+00 -6.845253486496167827e-01 7.289890582554175991e-01 -0.000000000000000000e+00 -0.000000000000000000e+00 0.000000000000000000e+00 1.000000000000000000e+00
9.850313613769722254e-01 7.502413661353762864e-01 6.611640435923026304e-01 0.000000000000000000e+00 -6.611640435923026304e-01 7.502413661353762864e-01 -0.000000000000000000e+00 -0.000000000000000000e+00 0.000000000000000000e+00 1.000000000000000000e+00
9.901391501769719605e-01 7.710702520504284507e-01 6.367500815884430398e-01 0.000000000000000000e+00 -6.367500815884430398e-01 7.710702520504284507e-01 -0.000000000000000000e+00 -0.000000000000000000e+00 0.000000000000000000e+00 1.000000000000000000e+00
9.951391501769714099e-01 7.906905788330121920e-01 6.122159819415988746e-01 0.000000000000000000e+00 -6.122159819415988746e-01 7.906905788330121920e-01 -0.000000000000000000e+00 -0.000000000000000000e+00 0.000000000000000000e+00 1.000000000000000000e+00
1.000000000000000000e+00 8.090169943749474513e-01 5.877852522924732481e-01 0.000000000000000000e+00 -5.877852522924732481e-01 8.090169943749474513e-01 -0.000000000000000000e+00 -0.000000000000000000e+00 0.000000000000000000e+00 1.000000000000000000e+00
