time R11 R12 R13 R21 R22 R23 R31 R32 R33
0.000000000000000000e+00 1.000000000000000000e+00 -0.000000000000000000e+00 0.000000000000000000e+00 0.000000000000000000e+00 1.000000000000000000e+00 -0.000000000000000000e+00 0.000000000000000000e+00 0.000000000000000000e+00 1.000000000000000000e+00
5.040000000000002811e-03 9.999999908184982189e-01 1.355101583487790034e-04 0.000000000000000000e+00 -1.355101583487790034e-04 9.999999908184982189e-01 -0.000000000000000000e+00 -0.000000000000000000e+00 0.000000000000000000e+00 1.000000000000000000e+00
1.013600000000001305e-02 9.999999914309889437e-01 1.309122678316173270e-04 0.000000000000000000e+00 -1.309122678316173270e-04 9.999999914309889437e-01 -0.000000000000000000e+00 -0.000000000000000000e+00 0.000000000000000000e+00 1.000000000000000000e+00
1.513600000000002617e-02 9.999999936329627692e-01 1.128453555746912403e-04 0.000000000000000000e+00 -1.128453555746912403e-04 9.999999936329627692e-01 -0.000000000000000000e+00 -0.000000000000000000e+00 0.000000000000000000e+00 1.000000000000000000e+00
2.013600000000000112e-02 9.999999961320458208e-01 8.795401067652447555e-05 0.000000000000000000e+00 -8.795401067652447555e-05 9.999999961320458208e-01 -0.000000000000000000e+00 -0.000000000000000000e+00 0.000000000000000000e+00 1.000000000000000000e+00
2.513599999999997087e-02 9.999999984085946592e-01 5.641640290614208735e-05 0.000000000000000000e+00 -5.641640290614208735e-05 9.999999984085946592e-01 -0.000000000000000000e+00 -0.000000000000000000e+00 0.000000000000000000e+00 1.000000000000000000e+00
3.013599999999994061e-02 9.999999998380644239e-01 1.799641359246200771e-05 0.000000000000000000e+00 -1.799641359246200771e-05 9.999999998380644239e-01 -0.000000000000000000e+00 -0.000000000000000000e+00 0.000000000000000000e+00 1.000000000000000000e+00
3.513599999999991036e-02 9.999999996234206767e-01 -2.744373025251182937e-05 0.000000000000000000e+00 2.744373025251182937e-05 9.999999996234206767e-01 -0.000000000000000000e+00 0.000000000000000000e+00 0.000000000000000000e+00 1.000000000000000000e+00
4.013599999999988011e-02 9.999999968036393794e-01 -7.995449297883275080e-05 0.000000000000000000e+00 7.995449297883275080e-05 9.999999968036393794e-01 -0.000000000000000000e+00 0.000000000000000000e+00 0.000000000000000000e+00 1.000000000000000000e+00
4.513599999999984985e-02 9.999999903047970262e-01 -1.392494366012456163e-04 0.000000000000000000e+00 1.392494366012456163e-04 9.999999903047970262e-01 -0.000000000000000000e+00 0.000000000000000000e+00 0.000000000000000000e+00 1.000000000000000000e+00
5.013599999999981960e-02 9.999999788902870224e-01 -2.054736610558079558e-04 0.000000000000000000e+00 2.054736610558079558e-04 9.999999788902870224e-01 -0.000000000000000000e+00 0.000000000000000000e+00 0.000000000000000000e+00 1.000000000000000000e+00
5.513599999999978934e-02 9.999999613138280674e-01 -2.781588433240879464e-04 0.000000000000000000e+00 2.781588433240879464e-04 9.999999613138280674e-01 -0.000000000000000000e+00 0.000000000000000000e+00 0.000000000000000000e+00 1.000000000000000000e+00
6.013599999999975909e-02 9.999999360588399666e-01 -3.576063700396988655e-04 0.000000000000000000e+00 3.576063700396988655e-04 9.999999360588399666e-01 -0.000000000000000000e+00 0.000000000000000000e+00 0.000000000000000000e+00 1.000000000000000000e+00
6.513599999999981904e-02 9.999999014130749320e-01 -4.440426109355447362e-04 0.000000000000000000e+00 4.440426109355447362e-04 9.999999014130749320e-01 -0.000000000000000000e+00 0.000000000000000000e+00 0.000000000000000000e+00 1.000000000000000000e+00
7.013599999999996226e-02 9.999998554845852539e-01 -5.376158558218957408e-04 0.000000000000000000e+00 5.376158558218957408e-04 9.999998554845852539e-01 -0.000000000000000000e+00 0.000000000000000000e+00 0.000000000000000000e+00 1.000000000000000000e+00
7.513600000000010548e-02 9.999997962001616614e-01 -6.384353020344974783e-04 0.000000000000000000e+00 6.384353020344974783e-04 9.999997962001616614e-01 -0.000000000000000000e+00 0.000000000000000000e+00 0.000000000000000000e+00 1.000000000000000000e+00
8.013600000000024870e-02 9.999997216982300374e-01 -7.460586183577981980e-04 0.000000000000000000e+00 7.460586183577981980e-04 9.999997216982300374e-01 -0.000000000000000000e+00 0.000000000000000000e+00 0.000000000000000000e+00 1.000000000000000000e+00
8.513600000000039192e-02 9.999996291124851888e-01 -8.612635437750950718e-04 0.000000000000000000e+00 8.612635437750950718e-04 9.999996291124851888e-01 -0.000000000000000000e+00 0.000000000000000000e+00 0.000000000000000000e+00 1.000000000000000000e+00
9.007200000000036011e-02 9.999995191632732316e-01 -9.806493880146146831e-04 0.000000000000000000e+00 9.806493880146146831e-04 9.999995191632732316e-01 -0.000000000000000000e+00 0.000000000000000000e+00 0.000000000000000000e+00 1.000000000000000000e+00
9.505600000000048733e-02 9.999993869064118801e-01 -1.107333192953193846e-03 0.000000000000000000e+00 1.107333192953193846e-03 9.999993869064118801e-01 -0.000000000000000000e+00 0.000000000000000000e+00 0.000000000000000000e+00 1.000000000000000000e+00
1.000560000000006305e-01 9.999992292713484332e-01 -1.241554150571998628e-03 0.000000000000000000e+00 1.241554150571998628e-03 9.999992292713484332e-01 -0.000000000000000000e+00 0.000000000000000000e+00 0.000000000000000000e+00 1.000000000000000000e+00
1.050560000000007738e-01 9.999990437102201923e-01 -1.382960102414606662e-03 0.000000000000000000e+00 1.382960102414606662e-03 9.999990437102201923e-01 -0.000000000000000000e+00 0.000000000000000000e+00 0.000000000000000000e+00 1.000000000000000000e+00
1.100560000000009170e-01 9.999988271185461519e-01 -1.531587911913176100e-03 0.000000000000000000e+00 1.531587911913176100e-03 9.999988271185461519e-01 -0.000000000000000000e+00 0.000000000000000000e+00 0.000000000000000000e+00 1.000000000000000000e+00
1.150560000000010602e-01 9.999985746216356608e-01 -1.688417808715702044e-03 0.000000000000000000e+00 1.688417808715702044e-03 9.999985746216356608e-01 -0.000000000000000000e+00 0.000000000000000000e+00 0.000000000000000000e+00 1.000000000000000000e+00
1.200560000000012034e-01 9.999982819989409188e-01 -1.853644832864283177e-03 0.000000000000000000e+00 1.853644832864283177e-03 9.999982819989409188e-01 -0.000000000000000000e+00 0.000000000000000000e+00 0.000000000000000000e+00 1.000000000000000000e+00
1.250560000000013328e-01 9.999979465542819801e-01 -2.026545637111218205e-03 0.000000000000000000e+00 2.026545637111218205e-03 9.999979465542819801e-01 -0.000000000000000000e+00 0.000000000000000000e+00 0.000000000000000000e+00 1.000000000000000000e+00
1.300560000000014760e-01 9.999975559123636115e-01 -2.210920464215458941e-03 0.000000000000000000e+00 2.210920464215458941e-03 9.999975559123636115e-01 -0.000000000000000000e+00 0.000000000000000000e+00 0.000000000000000000e+00 1.000000000000000000e+00
1.351465600000013312e-01 9.999970296160890504e-01 -2.437367226897102848e-03 0.000000000000000000e+00 2.437367226897102848e-03 9.999970296160890504e-01 -0.000000000000000000e+00 0.000000000000000000e+00 0.000000000000000000e+00 1.000000000000000000e+00
1.401152000000014386e-01 9.999963526093602617e-01 -2.700882814167946538e-03 0.000000000000000000e+00 2.700882814167946538e-03 9.999963526093602617e-01 -0.000000000000000000e+00 0.000000000000000000e+00 0.000000000000000000e+00 1.000000000000000000e+00
1.451152000000015818e-01 9.999958302144037470e-01 -2.887828562346789196e-03 0.000000000000000000e+00 2.887828562346789196e-03 9.999958302144037470e-01 -0.000000000000000000e+00 0.000000000000000000e+00 0.000000000000000000e+00 1.000000000000000000e+00
1.501152000000017250e-01 9.999948788882471185e-01 -3.200343306580040025e-03 0.000000000000000000e+00 3.200343306580040025e-03 9.999948788882471185e-01 -0.000000000000000000e+00 0.000000000000000000e+00 0.000000000000000000e+00 1.000000000000000000e+00
1.550752000000017450e-01 9.999942736365499130e-01 -3.384182930729129520e-03 0.000000000000000000e+00 3.384182930729129520e-03 9.999942736365499130e-01 -0.000000000000000000e+00 0.000000000000000000e+00 0.000000000000000000e+00 1.000000000000000000e+00
1.600912000000017099e-01 9.999935627407787742e-01 -3.588102145181923039e-03 0.000000000000000000e+00 3.588102145181923039e-03 9.999935627407787742e-01 -0.000000000000000000e+00 0.000000000000000000e+00 0.000000000000000000e+00 1.000000000000000000e+00
1.650112000000017731e-01 9.999927805537801584e-01 -3.799847407348080040e-03 0.000000000000000000e+00 3.799847407348080040e-03 9.999927805537801584e-01 -0.000000000000000000e+00 0.000000000000000000e+00 0.000000000000000000e+00 1.000000000000000000e+00
1.700224000000016555e-01 9.999919701717912002e-01 -4.007442069377842829e-03 0.000000000000000000e+00 4.007442069377842829e-03 9.999919701717912002e-01 -0.000000000000000000e+00 0.000000000000000000e+00 0.000000000000000000e+00 1.000000000000000000e+00
1.750067200000017809e-01 9.999911035029716011e-01 -4.218164874581223356e-03 0.000000000000000000e+00 4.218164874581223356e-03 9.999911035029716011e-01 -0.000000000000000000e+00 0.000000000000000000e+00 0.000000000000000000e+00 1.000000000000000000e+00
1.800067200000019241e-01 9.999901223269908046e-01 -4.444687666171212928e-03 0.000000000000000000e+00 4.444687666171212928e-03 9.999901223269908046e-01 -0.000000000000000000e+00 0.000000000000000000e+00 0.000000000000000000e+00 1.000000000000000000e+00
1.850067200000020673e-01 9.999890217463597297e-01 -4.685764266211717849e-03 0.000000000000000000e+00 4.685764266211717849e-03 9.999890217463597297e-01 -0.000000000000000000e+00 0.000000000000000000e+00 0.000000000000000000e+00 1.000000000000000000e+00
1.900067200000022105e-01 9.999877590942297667e-01 -4.947894673537300142e-03 0.000000000000000000e+00 4.947894673537300142e-03 9.999877590942297667e-01 -0.000000000000000000e+00 0.000000000000000000e+00 0.000000000000000000e+00 1.000000000000000000e+00
1.950067200000023537e-01 9.999863846346254137e-01 -5.218289506239008266e-03 0.000000000000000000e+00 5.218289506239008266e-03 9.999863846346254137e-01 -0.000000000000000000e+00 0.000000000000000000e+00 0.000000000000000000e+00 1.000000000000000000e+00
2.001907200000022646e-01 9.999848009649778824e-01 -5.513423531137450796e-03 0.000000000000000000e+00 5.513423531137450796e-03 9.999848009649778824e-01 -0.000000000000000000e+00 0.000000000000000000e+00 0.000000000000000000e+00 1.000000000000000000e+00
2.051827200000023999e-01 9.999833248907932237e-01 -5.774940723036077299e-03 0.000000000000000000e+00 5.774940723036077299e-03 9.999833248907932237e-01 -0.000000000000000000e+00 0.000000000000000000e+00 0.000000000000000000e+00 1.000000000000000000e+00
2.100090848372023200e-01 9.999818697005059542e-01 -6.021650129365171272e-03 0.000000000000000000e+00 6.021650129365171272e-03 9.999818697005059542e-01 -0.000000000000000000e+00 0.000000000000000000e+00 0.000000000000000000e+00 1.000000000000000000e+00
2.150625224443838690e-01 9.999801867061999250e-01 -6.294934076978705821e-03 0.000000000000000000e+00 6.294934076978705821e-03 9.999801867061999250e-01 -0.000000000000000000e+00 0.000000000000000000e+00 0.000000000000000000e+00 1.000000000000000000e+00
2.200041328402731200e-01 9.999785431677159497e-01 -6.550817061434279984e-03 0.000000000000000000e+00 6.550817061434279984e-03 9.999785431677159497e-01 -0.000000000000000000e+00 0.000000000000000000e+00 0.000000000000000000e+00 1.000000000000000000e+00
2.251516405470644355e-01 9.999767534471836194e-01 -6.818545682960968669e-03 0.000000000000000000e+00 6.818545682960968669e-03 9.999767534471836194e-01 -0.000000000000000000e+00 0.000000000000000000e+00 0.000000000000000000e+00 1.000000000000000000e+00
2.300757108643441129e-01 9.999749946033045234e-01 -7.071786770064212961e-03 0.000000000000000000e+00 7.071786770064212961e-03 9.999749946033045234e-01 -0.000000000000000000e+00 0.000000000000000000e+00 0.000000000000000000e+00 1.000000000000000000e+00
2.350757108643442561e-01 9.999731338676399739e-01 -7.330180279569080935e-03 0.000000000000000000e+00 7.330180279569080935e-03 9.999731338676399739e-01 -0.000000000000000000e+00 0.000000000000000000e+00 0.000000000000000000e+00 1.000000000000000000e+00
2.400757108643443993e-01 9.999711290980247691e-01 -7.598747950925794151e-03 0.000000000000000000e+00 7.598747950925794151e-03 9.999711290980247691e-01 -0.000000000000000000e+00 0.000000000000000000e+00 0.000000000000000000e+00 1.000000000000000000e+00
2.450757108643445425e-01 9.999691325215450677e-01 -7.857098962644604515e-03 0.000000000000000000e+00 7.857098962644604515e-03 9.999691325215450677e-01 -0.000000000000000000e+00 0.000000000000000000e+00 0.000000000000000000e+00 1.000000000000000000e+00
2.501557108643445715e-01 9.999669883991929575e-01 -8.125399180871236554e-03 0.000000000000000000e+00 8.125399180871236554e-03 9.999669883991929575e-01 -0.000000000000000000e+00 0.000000000000000000e+00 0.000000000000000000e+00 1.000000000000000000e+00
2.550059487113152668e-01 9.999647863336496023e-01 -8.392025542065407323e-03 0.000000000000000000e+00 8.392025542065407323e-03 9.999647863336496023e-01 -0.000000000000000000e+00 0.000000000000000000e+00 0.000000000000000000e+00 1.000000000000000000e+00
2.600405129262728932e-01 9.999622513087996767e-01 -8.688840972021135214e-03 0.000000000000000000e+00 8.688840972021135214e-03 9.999622513087996767e-01 -0.000000000000000000e+00 0.000000000000000000e+00 0.000000000000000000e+00 1.000000000000000000e+00
2.650402822221218924e-01 9.999594453869860011e-01 -9.005974758552649437e-03 0.000000000000000000e+00 9.005974758552649437e-03 9.999594453869860011e-01 -0.000000000000000000e+00 0.000000000000000000e+00 0.000000000000000000e+00 1.000000000000000000e+00
2.700018822221215142e-01 9.999571646200454689e-01 -9.255750917098513539e-03 0.000000000000000000e+00 9.255750917098513539e-03 9.999571646200454689e-01 -0.000000000000000000e+00 0.000000000000000000e+00 0.000000000000000000e+00 1.000000000000000000e+00
2.750352278871868728e-01 9.999544226691837734e-01 -9.547386256956577263e-03 0.000000000000000000e+00 9.547386256956577263e-03 9.999544226691837734e-01 -0.000000000000000000e+00 0.000000000000000000e+00 0.000000000000000000e+00 1.000000000000000000e+00
2.800943587376861221e-01 9.999517080551248993e-01 -9.827591649958961756e-03 0.000000000000000000e+00 9.827591649958961756e-03 9.999517080551248993e-01 -0.000000000000000000e+00 0.000000000000000000e+00 0.000000000000000000e+00 1.000000000000000000e+00
2.850541649461988403e-01 9.999487749238124001e-01 -1.012163664469006331e-02 0.000000000000000000e+00 1.012163664469006331e-02 9.999487749238124001e-01 -0.000000000000000000e+00 0.000000000000000000e+00 0.000000000000000000e+00 1.000000000000000000e+00
2.900541649461982896e-01 9.999461036785580736e-01 -1.038218368507134656e-02 0.000000000000000000e+00 1.038218368507134656e-02 9.999461036785580736e-01 -0.000000000000000000e+00 0.000000000000000000e+00 0.000000000000000000e+00 1.000000000000000000e+00
2.950541649461977389e-01 9.999433041674745670e-01 -1.064840131819989877e-02 0.000000000000000000e+00 1.064840131819989877e-02 9.999433041674745670e-01 -0.000000000000000000e+00 0.000000000000000000e+00 0.000000000000000000e+00 1.000000000000000000e+00
3.000541649461971883e-01 9.999404827603204371e-01 -1.091013002018809130e-02 0.000000000000000000e+00 1.091013002018809130e-02 9.999404827603204371e-01 -0.000000000000000000e+00 0.000000000000000000e+00 0.000000000000000000e+00 1.000000000000000000e+00
3.050541649461966376e-01 9.999376459211927193e-01 -1.116710658961631887e-02 0.000000000000000000e+00 1.116710658961631887e-02 9.999376459211927193e-01 -0.000000000000000000e+00 0.000000000000000000e+00 0.000000000000000000e+00 1.000000000000000000e+00
3.100541649461960869e-01 9.999347485968334004e-01 -1.142359613203105910e-02 0.000000000000000000e+00 1.142359613203105910e-02 9.999347485968334004e-01 -0.000000000000000000e+00 0.000000000000000000e+00 0.000000000000000000e+00 1.000000000000000000e+00
3.150541649461955362e-01 9.999316132436631976e-01 -1.169482090180379297e-02 0.000000000000000000e+00 1.169482090180379297e-02 9.999316132436631976e-01 -0.000000000000000000e+00 0.000000000000000000e+00 0.000000000000000000e+00 1.000000000000000000e+00
3.201261649461952241e-01 9.999284494123473754e-01 -1.196227636442050157e-02 0.000000000000000000e+00 1.196227636442050157e-02 9.999284494123473754e-01 -0.000000000000000000e+00 0.000000000000000000e+00 0.000000000000000000e+00 1.000000000000000000e+00
3.250061649461953861e-01 9.999253394498091030e-01 -1.221947323677396134e-02 0.000000000000000000e+00 1.221947323677396134e-02 9.999253394498091030e-01 -0.000000000000000000e+00 0.000000000000000000e+00 0.000000000000000000e+00 1.000000000000000000e+00
3.300061649461948354e-01 9.999220864715100410e-01 -1.248282766291920233e-02 0.000000000000000000e+00 1.248282766291920233e-02 9.999220864715100410e-01 -0.000000000000000000e+00 0.000000000000000000e+00 0.000000000000000000e+00 1.000000000000000000e+00
3.350061649461942848e-01 9.999187627751678908e-01 -1.274628770182610095e-02 0.000000000000000000e+00 1.274628770182610095e-02 9.999187627751678908e-01 -0.000000000000000000e+00 0.000000000000000000e+00 0.000000000000000000e+00 1.000000000000000000e+00
3.400061649461937341e-01 9.999153510202947182e-01 -1.301117957608450247e-02 0.000000000000000000e+00 1.301117957608450247e-02 9.999153510202947182e-01 -0.000000000000000000e+00 0.000000000000000000e+00 0.000000000000000000e+00 1.000000000000000000e+00
3.450061649461931834e-01 9.999118515492018133e-01 -1.327739174112311724e-02 0.000000000000000000e+00 1.327739174112311724e-02 9.999118515492018133e-01 -0.000000000000000000e+00 0.000000000000000000e+00 0.000000000000000000e+00 1.000000000000000000e+00
3.500061649461926327e-01 9.999082558094642970e-01 -1.354547762447416877e-02 0.000000000000000000e+00 1.354547762447416877e-02 9.999082558094642970e-01 -0.000000000000000000e+00 0.000000000000000000e+00 0.000000000000000000e+00 1.000000000000000000e+00
3.550061649461920821e-01 9.999046034085502521e-01 -1.381246112718651463e-02 0.000000000000000000e+00 1.381246112718651463e-02 9.999046034085502521e-01 -0.000000000000000000e+00 0.000000000000000000e+00 0.000000000000000000e+00 1.000000000000000000e+00
3.600061649461915314e-01 9.999009142873535039e-01 -1.407698857408082489e-02 0.000000000000000000e+00 1.407698857408082489e-02 9.999009142873535039e-01 -0.000000000000000000e+00 0.000000000000000000e+00 0.000000000000000000e+00 1.000000000000000000e+00
3.650061649461909807e-01 9.998971879844329447e-01 -1.433922804142623297e-02 0.000000000000000000e+00 1.433922804142623297e-02 9.998971879844329447e-01 -0.000000000000000000e+00 0.000000000000000000e+00 0.000000000000000000e+00 1.000000000000000000e+00
3.700061649461904301e-01 9.998933898989275093e-01 -1.460167238475212209e-02 0.000000000000000000e+00 1.460167238475212209e-02 9.998933898989275093e-01 -0.000000000000000000e+00 0.000000000000000000e+00 0.000000000000000000e+00 1.000000000000000000e+00
3.750061649461898794e-01 9.998894397660137434e-01 -1.486970895503288322e-02 0.000000000000000000e+00 1.486970895503288322e-02 9.998894397660137434e-01 -0.000000000000000000e+00 0.000000000000000000e+00 0.000000000000000000e+00 1.000000000000000000e+00
3.800061649461893287e-01 9.998846034527248960e-01 -1.519143766031677903e-02 0.000000000000000000e+00 1.519143766031677903e-02 9.998846034527248960e-01 -0.000000000000000000e+00 0.000000000000000000e+00 0.000000000000000000e+00 1.000000000000000000e+00
3.850061649461887781e-01 9.998794329753351029e-01 -1.552802347121514173e-02 0.000000000000000000e+00 1.552802347121514173e-02 9.998794329753351029e-01 -0.000000000000000000e+00 0.000000000000000000e+00 0.000000000000000000e+00 1.000000000000000000e+00
3.901261649461882364e-01 9.998751186211932707e-01 -1.580339084674713124e-02 0.000000000000000000e+00 1.580339084674713124e-02 9.998751186211932707e-01 -0.000000000000000000e+00 0.000000000000000000e+00 0.000000000000000000e+00 1.000000000000000000e+00
3.950061649461882873e-01 9.998710065240720146e-01 -1.606145424733516208e-02 0.000000000000000000e+00 1.606145424733516208e-02 9.998710065240720146e-01 -0.000000000000000000e+00 0.000000000000000000e+00 0.000000000000000000e+00 1.000000000000000000e+00
4.000061649461877367e-01 9.998668515434299131e-01 -1.631806313962377158e-02 0.000000000000000000e+00 1.631806313962377158e-02 9.998668515434299131e-01 -0.000000000000000000e+00 0.000000000000000000e+00 0.000000000000000000e+00 1.000000000000000000e+00
4.050061649461871860e-01 9.998626744902807673e-01 -1.657202948172860693e-02 0.000000000000000000e+00 1.657202948172860693e-02 9.998626744902807673e-01 -0.000000000000000000e+00 0.000000000000000000e+00 0.000000000000000000e+00 1.000000000000000000e+00
4.100061649461866353e-01 9.998584470353234499e-01 -1.682515652562029812e-02 0.000000000000000000e+00 1.682515652562029812e-02 9.998584470353234499e-01 -0.000000000000000000e+00 0.000000000000000000e+00 0.000000000000000000e+00 1.000000000000000000e+00
4.150061649461860847e-01 9.998541959158355752e-01 -1.707591606615192770e-02 0.000000000000000000e+00 1.707591606615192770e-02 9.998541959158355752e-01 -0.000000000000000000e+00 0.000000000000000000e+00 0.000000000000000000e+00 1.000000000000000000e+00
4.200061649461855340e-01 9.998492625100654507e-01 -1.736238054180729712e-02 0.000000000000000000e+00 1.736238054180729712e-02 9.998492625100654507e-01 -0.000000000000000000e+00 0.000000000000000000e+00 0.000000000000000000e+00 1.000000000000000000e+00
4.250061649461849833e-01 9.998446842375821042e-01 -1.762405747409455728e-02 0.000000000000000000e+00 1.762405747409455728e-02 9.998446842375821042e-01 -0.000000000000000000e+00 0.000000000000000000e+00 0.000000000000000000e+00 1.000000000000000000e+00
4.300061649461844326e-01 9.998399306095503425e-01 -1.789170642197038946e-02 0.000000000000000000e+00 1.789170642197038946e-02 9.998399306095503425e-01 -0.000000000000000000e+00 0.000000000000000000e+00 0.000000000000000000e+00 1.000000000000000000e+00
4.350061649461838820e-01 9.998351070948521269e-01 -1.815925716062390116e-02 0.000000000000000000e+00 1.815925716062390116e-02 9.998351070948521269e-01 -0.000000000000000000e+00 0.000000000000000000e+00 0.000000000000000000e+00 1.000000000000000000e+00
4.400061649461833313e-01 9.998302452525654749e-01 -1.842500144355647615e-02 0.000000000000000000e+00 1.842500144355647615e-02 9.998302452525654749e-01 -0.000000000000000000e+00 0.000000000000000000e+00 0.000000000000000000e+00 1.000000000000000000e+00
4.450061649461827806e-01 9.998253625261757094e-01 -1.868808308526693357e-02 0.000000000000000000e+00 1.868808308526693357e-02 9.998253625261757094e-01 -0.000000000000000000e+00 0.000000000000000000e+00 0.000000000000000000e+00 1.000000000000000000e+00
4.500061649461822300e-01 9.998204082216458621e-01 -1.895128764758572879e-02 0.000000000000000000e+00 1.895128764758572879e-02 9.998204082216458621e-01 -0.000000000000000000e+00 0.000000000000000000e+00 0.000000000000000000e+00 1.000000000000000000e+00
4.551421649461821484e-01 9.998152610906421156e-01 -1.922091803872969309e-02 0.000000000000000000e+00 1.922091803872969309e-02 9.998152610906421156e-01 -0.000000000000000000e+00 0.000000000000000000e+00 0.000000000000000000e+00 1.000000000000000000e+00
4.601261649461816927e-01 9.998101811454238597e-01 -1.948336926599344293e-02 0.000000000000000000e+00 1.948336926599344293e-02 9.998101811454238597e-01 -0.000000000000000000e+00 0.000000000000000000e+00 0.000000000000000000e+00 1.000000000000000000e+00
4.651261649461811420e-01 9.998049963716515443e-01 -1.974763860014637842e-02 0.000000000000000000e+00 1.974763860014637842e-02 9.998049963716515443e-01 -0.000000000000000000e+00 0.000000000000000000e+00 0.000000000000000000e+00 1.000000000000000000e+00
4.701261649461805914e-01 9.997997403554093054e-01 -2.001197604576620756e-02 0.000000000000000000e+00 2.001197604576620756e-02 9.997997403554093054e-01 -0.000000000000000000e+00 0.000000000000000000e+00 0.000000000000000000e+00 1.000000000000000000e+00
4.751261649461800407e-01 9.997944281599684402e-01 -2.027563612521231934e-02 0.000000000000000000e+00 2.027563612521231934e-02 9.997944281599684402e-01 -0.000000000000000000e+00 0.000000000000000000e+00 0.000000000000000000e+00 1.000000000000000000e+00
4.801261649461794900e-01 9.997890641605083895e-01 -2.053843190350896838e-02 0.000000000000000000e+00 2.053843190350896838e-02 9.997890641605083895e-01 -0.000000000000000000e+00 0.000000000000000000e+00 0.000000000000000000e+00 1.000000000000000000e+00
4.851261649461789394e-01 9.997836751820835532e-01 -2.079910669731452333e-02 0.000000000000000000e+00 2.079910669731452333e-02 9.997836751820835532e-01 -0.000000000000000000e+00 0.000000000000000000e+00 0.000000000000000000e+00 1.000000000000000000e+00
4.900861649461785152e-01 9.997775332700561401e-01 -2.109227271874590873e-02 0.000000000000000000e+00 2.109227271874590873e-02 9.997775332700561401e-01 -0.000000000000000000e+00 0.000000000000000000e+00 0.000000000000000000e+00 1.000000000000000000e+00
4.950141009461784813e-01 9.997711574066304729e-01 -2.139235419038307273e-02 0.000000000000000000e+00 2.139235419038307273e-02 9.997711574066304729e-01 -0.000000000000000000e+00 0.000000000000000000e+00 0.000000000000000000e+00 1.000000000000000000e+00
5.000283158807069528e-01 9.997655271234312524e-01 -2.165388592396143286e-02 0.000000000000000000e+00 2.165388592396143286e-02 9.997655271234312524e-01 -0.000000000000000000e+00 0.000000000000000000e+00 0.000000000000000000e+00 1.000000000000000000e+00
5.051333694186014300e-01 9.997597569573897225e-01 -2.191867624884390534e-02 0.000000000000000000e+00 2.191867624884390534e-02 9.997597569573897225e-01 -0.000000000000000000e+00 0.000000000000000000e+00 0.000000000000000000e+00 1.000000000000000000e+00
5.101333694186008794e-01 9.997528094353496098e-01 -2.223330893335302011e-02 0.000000000000000000e+00 2.223330893335302011e-02 9.997528094353496098e-01 -0.000000000000000000e+00 0.000000000000000000e+00 0.000000000000000000e+00 1.000000000000000000e+00
5.151333694186009948e-01 9.997464024778930369e-01 -2.251956332860891030e-02 0.000000000000000000e+00 2.251956332860891030e-02 9.997464024778930369e-01 -0.000000000000000000e+00 0.000000000000000000e+00 0.000000000000000000e+00 1.000000000000000000e+00
5.201893694186022765e-01 9.997403060626038895e-01 -2.278860315709483123e-02 0.000000000000000000e+00 2.278860315709483123e-02 9.997403060626038895e-01 -0.000000000000000000e+00 0.000000000000000000e+00 0.000000000000000000e+00 1.000000000000000000e+00
5.251013694186016378e-01 9.997345356834923535e-01 -2.304035940935924079e-02 0.000000000000000000e+00 2.304035940935924079e-02 9.997345356834923535e-01 -0.000000000000000000e+00 0.000000000000000000e+00 0.000000000000000000e+00 1.000000000000000000e+00
5.301013694186010872e-01 9.997286711111366131e-01 -2.329343595009590942e-02 0.000000000000000000e+00 2.329343595009590942e-02 9.997286711111366131e-01 -0.000000000000000000e+00 0.000000000000000000e+00 0.000000000000000000e+00 1.000000000000000000e+00
5.351013694186005365e-01 9.997227190100552718e-01 -2.354750719593251898e-02 0.000000000000000000e+00 2.354750719593251898e-02 9.997227190100552718e-01 -0.000000000000000000e+00 0.000000000000000000e+00 0.000000000000000000e+00 1.000000000000000000e+00
5.401013694185999858e-01 9.997166752094135411e-01 -2.380271640456701684e-02 0.000000000000000000e+00 2.380271640456701684e-02 9.997166752094135411e-01 -0.000000000000000000e+00 0.000000000000000000e+00 0.000000000000000000e+00 1.000000000000000000e+00
5.451013694185994352e-01 9.997102789045063664e-01 -2.406986191639674463e-02 0.000000000000000000e+00 2.406986191639674463e-02 9.997102789045063664e-01 -0.000000000000000000e+00 0.000000000000000000e+00 0.000000000000000000e+00 1.000000000000000000e+00
5.501013694185988845e-01 9.997039852400301241e-01 -2.432985604565274934e-02 0.000000000000000000e+00 2.432985604565274934e-02 9.997039852400301241e-01 -0.000000000000000000e+00 0.000000000000000000e+00 0.000000000000000000e+00 1.000000000000000000e+00
5.550053694185985709e-01 9.996976700360080681e-01 -2.458797520287034702e-02 0.000000000000000000e+00 2.458797520287034702e-02 9.996976700360080681e-01 -0.000000000000000000e+00 0.000000000000000000e+00 0.000000000000000000e+00 1.000000000000000000e+00
5.600131297999884072e-01 9.996911603537046442e-01 -2.485123559632176557e-02 0.000000000000000000e+00 2.485123559632176557e-02 9.996911603537046442e-01 -0.000000000000000000e+00 0.000000000000000000e+00 0.000000000000000000e+00 1.000000000000000000e+00
5.650122334727483153e-01 9.996846441877422773e-01 -2.511199265743961975e-02 0.000000000000000000e+00 2.511199265743961975e-02 9.996846441877422773e-01 -0.000000000000000000e+00 0.000000000000000000e+00 0.000000000000000000e+00 1.000000000000000000e+00
5.700235941422626684e-01 9.996780059543273200e-01 -2.537487755990395014e-02 0.000000000000000000e+00 2.537487755990395014e-02 9.996780059543273200e-01 -0.000000000000000000e+00 0.000000000000000000e+00 0.000000000000000000e+00 1.000000000000000000e+00
5.750084796988041980e-01 9.996712631484091505e-01 -2.563914263902934004e-02 0.000000000000000000e+00 2.563914263902934004e-02 9.996712631484091505e-01 -0.000000000000000000e+00 0.000000000000000000e+00 0.000000000000000000e+00 1.000000000000000000e+00
5.800372382996999976e-01 9.996643772286031293e-01 -2.590623284364851342e-02 0.000000000000000000e+00 2.590623284364851342e-02 9.996643772286031293e-01 -0.000000000000000000e+00 0.000000000000000000e+00 0.000000000000000000e+00 1.000000000000000000e+00
5.850053177571059582e-01 9.996574701116968109e-01 -2.617140519502992799e-02 0.000000000000000000e+00 2.617140519502992799e-02 9.996574701116968109e-01 -0.000000000000000000e+00 0.000000000000000000e+00 0.000000000000000000e+00 1.000000000000000000e+00
5.900819567045038072e-01 9.996504081418875476e-01 -2.643977121228596391e-02 0.000000000000000000e+00 2.643977121228596391e-02 9.996504081418875476e-01 -0.000000000000000000e+00 0.000000000000000000e+00 0.000000000000000000e+00 1.000000000000000000e+00
5.950674099947531603e-01 9.996434648796427291e-01 -2.670099480212071580e-02 0.000000000000000000e+00 2.670099480212071580e-02 9.996434648796427291e-01 -0.000000000000000000e+00 0.000000000000000000e+00 0.000000000000000000e+00 1.000000000000000000e+00
6.000674099947526097e-01 9.996364001843629499e-01 -2.696418785071044016e-02 0.000000000000000000e+00 2.696418785071044016e-02 9.996364001843629499e-01 -0.000000000000000000e+00 0.000000000000000000e+00 0.000000000000000000e+00 1.000000000000000000e+00
6.050674099947520590e-01 9.996292868575820112e-01 -2.722662036688472051e-02 0.000000000000000000e+00 2.722662036688472051e-02 9.996292868575820112e-01 -0.000000000000000000e+00 0.000000000000000000e+00 0.000000000000000000e+00 1.000000000000000000e+00
6.100674099947515083e-01 9.996212843940794901e-01 -2.751886237349123257e-02 0.000000000000000000e+00 2.751886237349123257e-02 9.996212843940794901e-01 -0.000000000000000000e+00 0.000000000000000000e+00 0.000000000000000000e+00 1.000000000000000000e+00
6.150674099947509577e-01 9.996134087758635767e-01 -2.780347092538637196e-02 0.000000000000000000e+00 2.780347092538637196e-02 9.996134087758635767e-01 -0.000000000000000000e+00 0.000000000000000000e+00 0.000000000000000000e+00 1.000000000000000000e+00
6.200098099947509711e-01 9.996037079069386433e-01 -2.815008239242083529e-02 0.000000000000000000e+00 2.815008239242083529e-02 9.996037079069386433e-01 -0.000000000000000000e+00 0.000000000000000000e+00 0.000000000000000000e+00 1.000000000000000000e+00
6.250066099947507725e-01 9.995964878633920581e-01 -2.840530674314089080e-02 0.000000000000000000e+00 2.840530674314089080e-02 9.995964878633920581e-01 -0.000000000000000000e+00 0.000000000000000000e+00 0.000000000000000000e+00 1.000000000000000000e+00
6.300066099947502218e-01 9.995892729484293637e-01 -2.865807750758662953e-02 0.000000000000000000e+00 2.865807750758662953e-02 9.995892729484293637e-01 -0.000000000000000000e+00 0.000000000000000000e+00 0.000000000000000000e+00 1.000000000000000000e+00
6.350066099947496712e-01 9.995819855112727526e-01 -2.891114389542706956e-02 0.000000000000000000e+00 2.891114389542706956e-02 9.995819855112727526e-01 -0.000000000000000000e+00 0.000000000000000000e+00 0.000000000000000000e+00 1.000000000000000000e+00
6.400066099947491205e-01 9.995746055636259841e-01 -2.916518322112557696e-02 0.000000000000000000e+00 2.916518322112557696e-02 9.995746055636259841e-01 -0.000000000000000000e+00 0.000000000000000000e+00 0.000000000000000000e+00 1.000000000000000000e+00
6.450066099947485698e-01 9.995670072595155276e-01 -2.942444558961134979e-02 0.000000000000000000e+00 2.942444558961134979e-02 9.995670072595155276e-01 -0.000000000000000000e+00 0.000000000000000000e+00 0.000000000000000000e+00 1.000000000000000000e+00
6.500066099947480192e-01 9.995589841127342501e-01 -2.969574514167049734e-02 0.000000000000000000e+00 2.969574514167049734e-02 9.995589841127342501e-01 -0.000000000000000000e+00 0.000000000000000000e+00 0.000000000000000000e+00 1.000000000000000000e+00
6.550866099947479926e-01 9.995509001611965205e-01 -2.996661453921664262e-02 0.000000000000000000e+00 2.996661453921664262e-02 9.995509001611965205e-01 -0.000000000000000000e+00 0.000000000000000000e+00 0.000000000000000000e+00 1.000000000000000000e+00
6.600786099947475449e-01 9.995431008963016062e-01 -3.022564226954006089e-02 0.000000000000000000e+00 3.022564226954006089e-02 9.995431008963016062e-01 -0.000000000000000000e+00 0.000000000000000000e+00 0.000000000000000000e+00 1.000000000000000000e+00
6.650786099947469943e-01 9.995346808560262586e-01 -3.050281570678657975e-02 0.000000000000000000e+00 3.050281570678657975e-02 9.995346808560262586e-01 -0.000000000000000000e+00 0.000000000000000000e+00 0.000000000000000000e+00 1.000000000000000000e+00
6.700786099947464436e-01 9.995266594337943733e-01 -3.076454259565906263e-02 0.000000000000000000e+00 3.076454259565906263e-02 9.995266594337943733e-01 -0.000000000000000000e+00 0.000000000000000000e+00 0.000000000000000000e+00 1.000000000000000000e+00
6.750786099947458929e-01 9.995185235795527312e-01 -3.102774599211630471e-02 0.000000000000000000e+00 3.102774599211630471e-02 9.995185235795527312e-01 -0.000000000000000000e+00 0.000000000000000000e+00 0.000000000000000000e+00 1.000000000000000000e+00
6.800786099947453422e-01 9.995104026158206922e-01 -3.128825758587968492e-02 0.000000000000000000e+00 3.128825758587968492e-02 9.995104026158206922e-01 -0.000000000000000000e+00 0.000000000000000000e+00 0.000000000000000000e+00 1.000000000000000000e+00
6.850786099947447916e-01 9.995021586408270320e-01 -3.155051302796278712e-02 0.000000000000000000e+00 3.155051302796278712e-02 9.995021586408270320e-01 -0.000000000000000000e+00 0.000000000000000000e+00 0.000000000000000000e+00 1.000000000000000000e+00
6.900386099947446450e-01 9.994938757808051744e-01 -3.181182605045957540e-02 0.000000000000000000e+00 3.181182605045957540e-02 9.994938757808051744e-01 -0.000000000000000000e+00 0.000000000000000000e+00 0.000000000000000000e+00 1.000000000000000000e+00
6.951986099947442543e-01 9.994853237833065673e-01 -3.207939434869655493e-02 0.000000000000000000e+00 3.207939434869655493e-02 9.994853237833065673e-01 -0.000000000000000000e+00 0.000000000000000000e+00 0.000000000000000000e+00 1.000000000000000000e+00
7.001986099947437037e-01 9.994770592935074971e-01 -3.233586160910169316e-02 0.000000000000000000e+00 3.233586160910169316e-02 9.994770592935074971e-01 -0.000000000000000000e+00 0.000000000000000000e+00 0.000000000000000000e+00 1.000000000000000000e+00
7.051986099947431530e-01 9.994686210924729197e-01 -3.259563546721007399e-02 0.000000000000000000e+00 3.259563546721007399e-02 9.994686210924729197e-01 -0.000000000000000000e+00 0.000000000000000000e+00 0.000000000000000000e+00 1.000000000000000000e+00
7.101586099947433395e-01 9.994601053866984941e-01 -3.285571092534658039e-02 0.000000000000000000e+00 3.285571092534658039e-02 9.994601053866984941e-01 -0.000000000000000000e+00 0.000000000000000000e+00 0.000000000000000000e+00 1.000000000000000000e+00
7.150786099947427088e-01 9.994514799705864760e-01 -3.311705277655180996e-02 0.000000000000000000e+00 3.311705277655180996e-02 9.994514799705864760e-01 -0.000000000000000000e+00 0.000000000000000000e+00 0.000000000000000000e+00 1.000000000000000000e+00
7.200786099947421581e-01 9.994425233904008499e-01 -3.338626123165643750e-02 0.000000000000000000e+00 3.338626123165643750e-02 9.994425233904008499e-01 -0.000000000000000000e+00 0.000000000000000000e+00 0.000000000000000000e+00 1.000000000000000000e+00
7.251586099947423536e-01 9.994327989390437983e-01 -3.367611029898481823e-02 0.000000000000000000e+00 3.367611029898481823e-02 9.994327989390437983e-01 -0.000000000000000000e+00 0.000000000000000000e+00 0.000000000000000000e+00 1.000000000000000000e+00
7.300786099947431662e-01 9.994226322461976508e-01 -3.397649414053446199e-02 0.000000000000000000e+00 3.397649414053446199e-02 9.994226322461976508e-01 -0.000000000000000000e+00 0.000000000000000000e+00 0.000000000000000000e+00 1.000000000000000000e+00
7.350626099947433767e-01 9.994140781074357660e-01 -3.422718920192890230e-02 0.000000000000000000e+00 3.422718920192890230e-02 9.994140781074357660e-01 -0.000000000000000000e+00 0.000000000000000000e+00 0.000000000000000000e+00 1.000000000000000000e+00
7.400188456359766409e-01 9.994053637740023532e-01 -3.448070271549212584e-02 0.000000000000000000e+00 3.448070271549212584e-02 9.994053637740023532e-01 -0.000000000000000000e+00 0.000000000000000000e+00 0.000000000000000000e+00 1.000000000000000000e+00
7.450918962603959583e-01 9.993938007278644342e-01 -3.481423655221957403e-02 0.000000000000000000e+00 3.481423655221957403e-02 9.993938007278644342e-01 -0.000000000000000000e+00 0.000000000000000000e+00 0.000000000000000000e+00 1.000000000000000000e+00
7.500210583217846727e-01 9.993846412848869099e-01 -3.507618513861253395e-02 0.000000000000000000e+00 3.507618513861253395e-02 9.993846412848869099e-01 -0.000000000000000000e+00 0.000000000000000000e+00 0.000000000000000000e+00 1.000000000000000000e+00
7.550210583217841220e-01 9.993751478330764604e-01 -3.534563471797913525e-02 0.000000000000000000e+00 3.534563471797913525e-02 9.993751478330764604e-01 -0.000000000000000000e+00 0.000000000000000000e+00 0.000000000000000000e+00 1.000000000000000000e+00
7.600050583217842215e-01 9.993661639717765777e-01 -3.559874026333487151e-02 0.000000000000000000e+00 3.559874026333487151e-02 9.993661639717765777e-01 -0.000000000000000000e+00 0.000000000000000000e+00 0.000000000000000000e+00 1.000000000000000000e+00
7.651330583217835768e-01 9.993568013393825389e-01 -3.586061372478416970e-02 0.000000000000000000e+00 3.586061372478416970e-02 9.993568013393825389e-01 -0.000000000000000000e+00 0.000000000000000000e+00 0.000000000000000000e+00 1.000000000000000000e+00
7.701330583217830261e-01 9.993475777271869642e-01 -3.611673975879060861e-02 0.000000000000000000e+00 3.611673975879060861e-02 9.993475777271869642e-01 -0.000000000000000000e+00 0.000000000000000000e+00 0.000000000000000000e+00 1.000000000000000000e+00
7.751330583217824755e-01 9.993381308431392718e-01 -3.637719399487977096e-02 0.000000000000000000e+00 3.637719399487977096e-02 9.993381308431392718e-01 -0.000000000000000000e+00 0.000000000000000000e+00 0.000000000000000000e+00 1.000000000000000000e+00
7.800047286142622882e-01 9.993287787963486268e-01 -3.663320719509627343e-02 0.000000000000000000e+00 3.663320719509627343e-02 9.993287787963486268e-01 -0.000000000000000000e+00 0.000000000000000000e+00 0.000000000000000000e+00 1.000000000000000000e+00
7.850139047162443262e-01 9.993184540735413623e-01 -3.691378263017346811e-02 0.000000000000000000e+00 3.691378263017346811e-02 9.993184540735413623e-01 -0.000000000000000000e+00 0.000000000000000000e+00 0.000000000000000000e+00 1.000000000000000000e+00
7.900213871953868372e-01 9.993089503333438817e-01 -3.717017330697729161e-02 0.000000000000000000e+00 3.717017330697729161e-02 9.993089503333438817e-01 -0.000000000000000000e+00 0.000000000000000000e+00 0.000000000000000000e+00 1.000000000000000000e+00
7.951364353125639495e-01 9.992990927083210684e-01 -3.743425319579307686e-02 0.000000000000000000e+00 3.743425319579307686e-02 9.992990927083210684e-01 -0.000000000000000000e+00 0.000000000000000000e+00 0.000000000000000000e+00 1.000000000000000000e+00
8.000964353125635808e-01 9.992895057764306088e-01 -3.768930412063016544e-02 0.000000000000000000e+00 3.768930412063016544e-02 9.992895057764306088e-01 -0.000000000000000000e+00 0.000000000000000000e+00 0.000000000000000000e+00 1.000000000000000000e+00
8.050964353125630302e-01 9.992797104652448859e-01 -3.794812581006955232e-02 0.000000000000000000e+00 3.794812581006955232e-02 9.992797104652448859e-01 -0.000000000000000000e+00 0.000000000000000000e+00 0.000000000000000000e+00 1.000000000000000000e+00
8.100964353125624795e-01 9.992698154736835425e-01 -3.820779872212709538e-02 0.000000000000000000e+00 3.820779872212709538e-02 9.992698154736835425e-01 -0.000000000000000000e+00 0.000000000000000000e+00 0.000000000000000000e+00 1.000000000000000000e+00
8.150964353125619288e-01 9.992597827513484132e-01 -3.846929393332164382e-02 0.000000000000000000e+00 3.846929393332164382e-02 9.992597827513484132e-01 -0.000000000000000000e+00 0.000000000000000000e+00 0.000000000000000000e+00 1.000000000000000000e+00
8.200964353125613782e-01 9.992498539373377842e-01 -3.872633995369886145e-02 0.000000000000000000e+00 3.872633995369886145e-02 9.992498539373377842e-01 -0.000000000000000000e+00 0.000000000000000000e+00 0.000000000000000000e+00 1.000000000000000000e+00
8.250964353125611606e-01 9.992402394546171518e-01 -3.897363024764125689e-02 0.000000000000000000e+00 3.897363024764125689e-02 9.992402394546171518e-01 -0.000000000000000000e+00 0.000000000000000000e+00 0.000000000000000000e+00 1.000000000000000000e+00
8.300692353125613820e-01 9.992317877948561078e-01 -3.918972136027712438e-02 0.000000000000000000e+00 3.918972136027712438e-02 9.992317877948561078e-01 -0.000000000000000000e+00 0.000000000000000000e+00 0.000000000000000000e+00 1.000000000000000000e+00
8.350794753125616587e-01 9.992230372545899408e-01 -3.941220394386346637e-02 0.000000000000000000e+00 3.941220394386346637e-02 9.992230372545899408e-01 -0.000000000000000000e+00 0.000000000000000000e+00 0.000000000000000000e+00 1.000000000000000000e+00
8.400314753125610601e-01 9.992129504061116885e-01 -3.966711157513039959e-02 0.000000000000000000e+00 3.966711157513039959e-02 9.992129504061116885e-01 -0.000000000000000000e+00 0.000000000000000000e+00 0.000000000000000000e+00 1.000000000000000000e+00
8.451514753125612955e-01 9.992015354122343318e-01 -3.995361848235664398e-02 0.000000000000000000e+00 3.995361848235664398e-02 9.992015354122343318e-01 -0.000000000000000000e+00 0.000000000000000000e+00 0.000000000000000000e+00 1.000000000000000000e+00
8.500295310642415059e-01 9.991911562643818190e-01 -4.021235187163022667e-02 0.000000000000000000e+00 4.021235187163022667e-02 9.991911562643818190e-01 -0.000000000000000000e+00 0.000000000000000000e+00 0.000000000000000000e+00 1.000000000000000000e+00
8.550897412733037273e-01 9.991709662245608081e-01 -4.071093531076967059e-02 0.000000000000000000e+00 4.071093531076967059e-02 9.991709662245608081e-01 -0.000000000000000000e+00 0.000000000000000000e+00 0.000000000000000000e+00 1.000000000000000000e+00
8.601961101769796114e-01 9.991615397556835587e-01 -4.094163495821564330e-02 0.000000000000000000e+00 4.094163495821564330e-02 9.991615397556835587e-01 -0.000000000000000000e+00 0.000000000000000000e+00 0.000000000000000000e+00 1.000000000000000000e+00
8.651961101769790607e-01 9.991502967404098934e-01 -4.121510067379773740e-02 0.000000000000000000e+00 4.121510067379773740e-02 9.991502967404098934e-01 -0.000000000000000000e+00 0.000000000000000000e+00 0.000000000000000000e+00 1.000000000000000000e+00
8.701561101769792472e-01 9.991399672416350075e-01 -4.146475443536195432e-02 0.000000000000000000e+00 4.146475443536195432e-02 9.991399672416350075e-01 -0.000000000000000000e+00 0.000000000000000000e+00 0.000000000000000000e+00 1.000000000000000000e+00
8.750681101769796078e-01 9.991304621728830382e-01 -4.169315960923836162e-02 0.000000000000000000e+00 4.169315960923836162e-02 9.991304621728830382e-01 -0.000000000000000000e+00 0.000000000000000000e+00 0.000000000000000000e+00 1.000000000000000000e+00
8.801993101769797212e-01 9.991187172283587659e-01 -4.197366893612212296e-02 0.000000000000000000e+00 4.197366893612212296e-02 9.991187172283587659e-01 -0.000000000000000000e+00 0.000000000000000000e+00 0.000000000000000000e+00 1.000000000000000000e+00
8.851993101769791705e-01 9.991100619568870078e-01 -4.217919032539457769e-02 0.000000000000000000e+00 4.217919032539457769e-02 9.991100619568870078e-01 -0.000000000000000000e+00 0.000000000000000000e+00 0.000000000000000000e+00 1.000000000000000000e+00
8.900393101769789039e-01 9.991024901688361215e-01 -4.235816495589586617e-02 0.000000000000000000e+00 4.235816495589586617e-02 9.991024901688361215e-01 -0.000000000000000000e+00 0.000000000000000000e+00 0.000000000000000000e+00 1.000000000000000000e+00
8.951113101769789804e-01 9.990911993551673254e-01 -4.262364802610953823e-02 0.000000000000000000e+00 4.262364802610953823e-02 9.990911993551673254e-01 -0.000000000000000000e+00 0.000000000000000000e+00 0.000000000000000000e+00 1.000000000000000000e+00
9.001113101769784297e-01 9.990798322964611344e-01 -4.288926087583492391e-02 0.000000000000000000e+00 4.288926087583492391e-02 9.990798322964611344e-01 -0.000000000000000000e+00 0.000000000000000000e+00 0.000000000000000000e+00 1.000000000000000000e+00
9.051113101769778790e-01 9.990696310867274166e-01 -4.312623610089816317e-02 0.000000000000000000e+00 4.312623610089816317e-02 9.990696310867274166e-01 -0.000000000000000000e+00 0.000000000000000000e+00 0.000000000000000000e+00 1.000000000000000000e+00
9.101113101769773284e-01 9.990594690446242820e-01 -4.336101143047377954e-02 0.000000000000000000e+00 4.336101143047377954e-02 9.990594690446242820e-01 -0.000000000000000000e+00 0.000000000000000000e+00 0.000000000000000000e+00 1.000000000000000000e+00
9.151113101769767777e-01 9.990477592545783381e-01 -4.362997511352174201e-02 0.000000000000000000e+00 4.362997511352174201e-02 9.990477592545783381e-01 -0.000000000000000000e+00 0.000000000000000000e+00 0.000000000000000000e+00 1.000000000000000000e+00
9.201113101769762270e-01 9.990359932261193565e-01 -4.389856761560094467e-02 0.000000000000000000e+00 4.389856761560094467e-02 9.990359932261193565e-01 -0.000000000000000000e+00 0.000000000000000000e+00 0.000000000000000000e+00 1.000000000000000000e+00
9.251113101769756764e-01 9.990241539629282075e-01 -4.416718010758443475e-02 0.000000000000000000e+00 4.416718010758443475e-02 9.990241539629282075e-01 -0.000000000000000000e+00 0.000000000000000000e+00 0.000000000000000000e+00 1.000000000000000000e+00
9.301113101769751257e-01 9.990120895767973241e-01 -4.443922680922264556e-02 0.000000000000000000e+00 4.443922680922264556e-02 9.990120895767973241e-01 -0.000000000000000000e+00 0.000000000000000000e+00 0.000000000000000000e+00 1.000000000000000000e+00
9.351113101769745750e-01 9.989998522278092929e-01 -4.471347949797117166e-02 0.000000000000000000e+00 4.471347949797117166e-02 9.989998522278092929e-01 -0.000000000000000000e+00 0.000000000000000000e+00 0.000000000000000000e+00 1.000000000000000000e+00
9.401113101769740243e-01 9.989875738140261419e-01 -4.498696883727550805e-02 0.000000000000000000e+00 4.498696883727550805e-02 9.989875738140261419e-01 -0.000000000000000000e+00 0.000000000000000000e+00 0.000000000000000000e+00 1.000000000000000000e+00
9.451113101769734737e-01 9.989751904445932640e-01 -4.526111881282657290e-02 0.000000000000000000e+00 4.526111881282657290e-02 9.989751904445932640e-01 -0.000000000000000000e+00 0.000000000000000000e+00 0.000000000000000000e+00 1.000000000000000000e+00
9.501113101769729230e-01 9.989626888030788132e-01 -4.553620954057877729e-02 0.000000000000000000e+00 4.553620954057877729e-02 9.989626888030788132e-01 -0.000000000000000000e+00 0.000000000000000000e+00 0.000000000000000000e+00 1.000000000000000000e+00
9.551113101769723723e-01 9.989501024124078921e-01 -4.581149299291637639e-02 0.000000000000000000e+00 4.581149299291637639e-02 9.989501024124078921e-01 -0.000000000000000000e+00 0.000000000000000000e+00 0.000000000000000000e+00 1.000000000000000000e+00
9.601113101769718217e-01 9.989373975244679738e-01 -4.608769713321864137e-02 0.000000000000000000e+00 4.608769713321864137e-02 9.989373975244679738e-01 -0.000000000000000000e+00 0.000000000000000000e+00 0.000000000000000000e+00 1.000000000000000000e+00
9.651529101769716901e-01 9.989247221981391034e-01 -4.636161538784900477e-02 0.000000000000000000e+00 4.636161538784900477e-02 9.989247221981391034e-01 -0.000000000000000000e+00 0.000000000000000000e+00 0.000000000000000000e+00 1.000000000000000000e+00
9.701791501769715387e-01 9.989120824842798729e-01 -4.663315844889086292e-02 0.000000000000000000e+00 4.663315844889086292e-02 9.989120824842798729e-01 -0.000000000000000000e+00 0.000000000000000000e+00 0.000000000000000000e+00 1.000000000000000000e+00
9.751791501769709880e-01 9.988995409152534588e-01 -4.690103580195362221e-02 0.000000000000000000e+00 4.690103580195362221e-02 9.988995409152534588e-01 -0.000000000000000000e+00 0.000000000000000000e+00 0.000000000000000000e+00 1.000000000000000000e+00
9.800047501769719727e-01 9.988873658916268550e-01 -4.715962533870960566e-02 0.000000000000000000e+00 4.715962533870960566e-02 9.988873658916268550e-01 -0.000000000000000000e+00 0.000000000000000000e+00 0.000000000000000000e+00 1.000000000000000000e+00
9.850313613769722254e-01 9.988745257218883955e-01 -4.743081133475335331e-02 0.000000000000000000e+00 4.743081133475335331e-02 9.988745257218883955e-01 -0.000000000000000000e+00 0.000000000000000000e+00 0.000000000000000000e+00 1.000000000000000000e+00
9.901391501769719605e-01 9.988614335266461364e-01 -4.770572935291796102e-02 0.000000000000000000e+00 4.770572935291796102e-02 9.988614335266461364e-01 -0.000000000000000000e+00 0.000000000000000000e+00 0.000000000000000000e+00 1.000000000000000000e+00
9.951391501769714099e-01 9.988484956201878484e-01 -4.797585639973307031e-02 0.000000000000000000e+00 4.797585639973307031e-02 9.988484956201878484e-01 -0.000000000000000000e+00 0.000000000000000000e+00 0.000000000000000000e+00 1.000000000000000000e+00
1.000000000000000000e+00 9.988359800615215223e-01 -4.823572259788521527e-02 0.000000000000000000e+00 4.823572259788521527e-02 9.988359800615215223e-01 -0.000000000000000000e+00 0.000000000000000000e+00 0.000000000000000000e+00 1.000000000000000000e+00
