time torque_Nm angle_arcmin
0.000000000000000000e+00 0.000000000000000000e+00 0.000000000000000000e+00
1.000000000000000048e-04 3.200000000000000000e+01 5.903884543490447827e-03
2.000000000000000096e-04 6.400000000000000000e+01 4.660908727910376137e-02
3.000000000000001363e-04 9.600000000000004263e+01 1.572031095162776393e-01
4.003215549231927697e-04 1.281028975754216788e+02 3.534261282454689290e-01
5.000070771518155474e-04 1.600022646885809650e+02 5.153325381428598417e-01
6.013011619517321304e-04 1.924163718245542896e+02 5.760311039416375900e-01
7.044481536752659687e-04 2.254234091760851300e+02 6.348297953808957894e-01
8.013009202104149362e-04 2.564162944673327615e+02 6.914938762727096400e-01
9.040804978320429817e-04 2.893057593062537762e+02 7.516909756591046987e-01
1.005559068142005113e-03 3.217789018054416488e+02 8.116031014536870813e-01
1.108598847225967469e-03 3.547516311123095534e+02 8.604075941823356999e-01
1.206700605157957386e-03 3.861441936505463559e+02 8.977135953759158848e-01
1.306700605157957648e-03 4.181441936505464696e+02 9.330716748617260414e-01
1.406700605157957910e-03 4.501441936505465264e+02 9.675377664847533143e-01
1.506700605157958173e-03 4.821441936505466401e+02 1.001443441173592408e+00
1.606700605157958435e-03 5.141441936505467538e+02 1.034484710655780626e+00
1.706700605157958697e-03 5.461441936505467538e+02 1.066947360955532442e+00
1.806700605157958960e-03 5.781441936505468675e+02 1.099136619559561989e+00
1.902681105125957886e-03 6.088579536403065049e+02 1.126562690407056477e+00
2.000670783984197405e-03 6.402146508749431177e+02 1.153760352456386196e+00
2.103646919873090708e-03 6.731670143593889861e+02 1.185715100065722671e+00
2.200500150384810706e-03 7.041600481231394042e+02 1.218037909578670641e+00
2.300693147465900958e-03 7.362218071890882811e+02 1.252295839596889060e+00
2.404092320453585577e-03 7.693095425451473375e+02 1.287450620078978591e+00
2.505086861511323336e-03 8.016277956836233898e+02 1.321345975145364227e+00
2.606081402569061095e-03 8.339460488220995558e+02 1.354741372554943757e+00
2.702648152047122058e-03 8.648474086550789934e+02 1.386237878380935928e+00
2.802648152047122320e-03 8.968474086550792208e+02 1.418552953805330308e+00
2.902648152047122582e-03 9.288474086550792208e+02 1.450641529069016444e+00
3.002648152047122845e-03 9.608474086550792208e+02 1.482368578285354621e+00
3.102648152047123107e-03 9.928474086550794482e+02 1.513765733640098698e+00
3.202648152047123369e-03 1.024847408655079562e+03 1.544906015590976844e+00
3.302648152047123632e-03 1.056847408655079562e+03 1.575835896591163854e+00
3.402648152047123894e-03 1.088847408655079562e+03 1.606533200081975421e+00
3.502648152047124156e-03 1.120847408655079789e+03 1.637144803238222091e+00
3.602648152047124418e-03 1.152847408655079789e+03 1.667594132082177438e+00
3.702648152047124681e-03 1.184847408655079789e+03 1.697998681845462654e+00
3.802648152047124943e-03 1.216847408655080017e+03 1.728223709071552427e+00
3.902648152047125205e-03 1.248847408655080017e+03 1.758232209566983339e+00
4.002648152047121564e-03 1.280847408655078880e+03 1.788047735458767384e+00
4.102648152047117490e-03 1.312847408655077516e+03 1.817785651395417146e+00
4.202648152047113415e-03 1.344847408655076151e+03 1.847508930699953256e+00
4.302648152047109341e-03 1.376847408655075014e+03 1.877215094974389764e+00
4.402648152047105266e-03 1.408847408655073650e+03 1.906916708346803713e+00
4.502648152047101192e-03 1.440847408655072286e+03 1.936564383589371552e+00
4.602648152047097117e-03 1.472847408655070922e+03 1.966056322231093834e+00
4.702648152047093043e-03 1.504847408655069785e+03 1.995345555632019208e+00
4.802648152047088968e-03 1.536847408655068421e+03 2.024422678271832865e+00
4.902648152047084894e-03 1.568847408655067284e+03 2.053287093182374790e+00
5.002648152047080819e-03 1.600847408655065919e+03 2.081969068488157326e+00
5.102648152047076745e-03 1.632847408655064555e+03 2.110521397289251144e+00
5.202648152047072670e-03 1.664847408655063191e+03 2.139043724918807676e+00
5.302648152047068596e-03 1.696847408655061827e+03 2.167631032990446016e+00
5.400648152047065123e-03 1.728207408655060817e+03 2.195730072334868943e+00
5.501448152047067573e-03 1.760463408655061357e+03 2.225386309717951594e+00
5.608648152047067577e-03 1.794767408655061672e+03 2.258951897299390055e+00
5.708648152047063502e-03 1.826767408655060308e+03 2.290282843929205114e+00
5.808648152047059428e-03 1.858767408655058944e+03 2.321148215714535556e+00
5.908648152047055353e-03 1.890767408655057807e+03 2.351381907129399096e+00
6.008648152047051279e-03 1.922767408655056443e+03 2.380969295365814364e+00
6.108648152047047204e-03 1.954767408655055078e+03 2.409975844082019147e+00
6.208648152047043130e-03 1.986767408655053714e+03 2.438557656488799186e+00
6.308648152047039055e-03 2.018767408655052577e+03 2.466830341759504552e+00
6.408648152047034981e-03 2.050767408655051440e+03 2.494912406194888188e+00
6.508648152047030906e-03 2.082767408655049621e+03 2.522904929481935898e+00
6.608648152047026832e-03 2.114767408655048257e+03 2.550838281671910401e+00
6.708648152047022757e-03 2.146767408655047348e+03 2.578725532944848631e+00
6.808648152047018683e-03 2.178767408655045983e+03 2.606536122808980505e+00
6.908648152047014608e-03 2.210767408655044619e+03 2.634279437695455250e+00
7.008648152047010534e-03 2.242767408655043255e+03 2.661954153085442698e+00
7.108648152047006459e-03 2.274767408655042345e+03 2.689528593096663478e+00
7.208648152047002385e-03 2.306767408655040981e+03 2.716908475447872728e+00
7.308648152046998310e-03 2.338767408655039617e+03 2.743963296586481526e+00
7.408648152046994236e-03 2.370767408655037798e+03 2.770670527689104379e+00
7.508648152046990161e-03 2.402767408655036888e+03 2.797069352580601631e+00
7.608648152046986086e-03 2.434767408655035524e+03 2.823235856924549481e+00
7.708648152046982012e-03 2.466767408655034160e+03 2.849272146270195982e+00
7.808648152046977937e-03 2.498767408655032796e+03 2.875264427697681313e+00
7.908648152046974730e-03 2.530767408655031886e+03 2.901292969597001115e+00
8.008648152046970656e-03 2.562767408655030522e+03 2.927418537364186779e+00
8.108648152046966581e-03 2.594767408655029158e+03 2.953684408461962896e+00
8.208648152046962507e-03 2.626767408655027793e+03 2.980094809705898129e+00
8.308648152046958432e-03 2.658767408655026429e+03 3.006605971382500186e+00
8.408648152046954358e-03 2.690767408655025520e+03 3.033145589780812834e+00
8.508648152046950283e-03 2.722767408655024155e+03 3.059631526638844523e+00
8.608648152046946209e-03 2.754767408655022791e+03 3.085989581122114078e+00
8.708648152046942134e-03 2.786767408655021427e+03 3.112169064178660793e+00
8.808648152046938060e-03 2.818767408655020517e+03 3.138153592766736111e+00
8.908648152046933985e-03 2.850767408655018698e+03 3.163964929502761869e+00
9.008648152046929911e-03 2.882767408655017334e+03 3.189657322738874257e+00
9.108648152046925836e-03 2.914767408655015970e+03 3.215304960837773951e+00
9.208648152046921762e-03 2.946767408655015061e+03 3.240981418657921331e+00
9.308648152046917687e-03 2.978767408655013696e+03 3.266750813066380488e+00
9.408648152046913613e-03 3.010767408655012332e+03 3.292649900133456597e+00
9.508648152046909538e-03 3.042767408655010968e+03 3.318679625730003746e+00
9.608648152046905463e-03 3.074767408655010058e+03 3.344805747888920600e+00
9.708648152046901389e-03 3.106767408655008694e+03 3.370963400491561401e+00
9.808648152046897314e-03 3.138767408655006875e+03 3.397045541861209994e+00
9.908648152046893240e-03 3.170767408655005511e+03 3.422962626720064794e+00
1.000864815204688917e-02 3.197232591344995853e+03 3.448647944073021776e+00
1.010864815204688509e-02 3.165232591344996763e+03 3.468409423723815443e+00
1.020864815204688102e-02 3.133232591344998127e+03 3.476497147389534970e+00
1.030864815204687694e-02 3.101232591344999491e+03 3.475010637863976459e+00
1.040864815204687287e-02 3.069232591345000401e+03 3.466395308612202797e+00
1.050864815204686879e-02 3.037232591345001765e+03 3.452547304652503257e+00
1.060864815204686472e-02 3.005232591345003129e+03 3.434825233457459603e+00
1.070864815204686064e-02 2.973232591345004948e+03 3.414219895596204424e+00
1.080864815204685657e-02 2.941232591345006313e+03 3.391540270822445358e+00
1.090864815204685249e-02 2.909232591345007222e+03 3.367410198704201552e+00
1.100864815204684842e-02 2.877232591345008586e+03 3.342180340040196818e+00
1.110864815204684435e-02 2.845232591345009951e+03 3.316051681442997445e+00
1.120864815204684027e-02 2.813232591345010860e+03 3.289146295812966692e+00
1.130864815204683620e-02 2.781232591345012224e+03 3.261665707596446584e+00
1.140864815204683212e-02 2.749232591345013589e+03 3.233841681160798398e+00
1.150864815204682805e-02 2.717232591345014953e+03 3.205753160226497478e+00
1.160864815204682397e-02 2.685232591345016772e+03 3.177579885518250880e+00
1.170864815204681990e-02 2.653232591345017681e+03 3.149505064368282703e+00
1.180864815204681582e-02 2.621232591345019046e+03 3.121616592481903929e+00
1.190864815204681175e-02 2.589232591345020410e+03 3.093988397462225315e+00
1.200864815204680768e-02 2.557232591345021319e+03 3.066720297034394527e+00
1.210864815204680360e-02 2.525232591345022684e+03 3.039912373450220695e+00
1.220864815204679953e-02 2.493232591345024048e+03 3.013500420635002008e+00
1.230864815204679545e-02 2.461232591345025412e+03 2.987371841754660196e+00
1.240864815204679138e-02 2.429232591345026776e+03 2.961391824341228940e+00
1.250864815204678730e-02 2.397232591345028595e+03 2.935403328193062045e+00
1.260864815204678323e-02 2.365232591345029505e+03 2.909252698941263038e+00
1.270864815204677915e-02 2.333232591345030869e+03 2.882863461422035645e+00
1.280864815204677508e-02 2.301232591345031778e+03 2.856223784853111791e+00
1.290864815204677100e-02 2.269232591345033143e+03 2.829412631350483487e+00
1.300864815204676693e-02 2.237232591345034507e+03 2.802524897461897702e+00
1.310864815204676286e-02 2.205232591345035871e+03 2.775629461080268978e+00
1.320864815204675878e-02 2.173232591345037235e+03 2.748793025157177716e+00
1.330864815204675471e-02 2.141232591345038600e+03 2.722078334355825913e+00
1.340864815204675063e-02 2.109232591345039964e+03 2.695517417375372204e+00
1.350864815204674656e-02 2.077232591345041328e+03 2.669094358848963289e+00
1.360864815204674248e-02 2.045232591345042238e+03 2.642752857598084759e+00
1.370864815204673841e-02 2.013232591345043602e+03 2.616412830801973843e+00
1.380864815204673433e-02 1.981232591345044966e+03 2.589960561179706744e+00
1.390864815204673026e-02 1.949232591345046558e+03 2.563307289229491470e+00
1.400864815204672618e-02 1.917232591345047922e+03 2.536400920947321058e+00
1.410864815204672211e-02 1.885232591345049286e+03 2.509247259233024607e+00
1.420864815204671804e-02 1.853232591345050196e+03 2.481894909459792853e+00
1.430864815204671396e-02 1.821232591345051787e+03 2.454420534368441320e+00
1.440864815204670989e-02 1.789232591345052697e+03 2.426905882598388242e+00
1.450864815204670581e-02 1.757232591345054061e+03 2.399427091105132526e+00
1.460864815204670174e-02 1.725232591345055425e+03 2.372035101944268920e+00
1.470864815204669766e-02 1.693232591345056790e+03 2.344752589717127300e+00
1.480864815204669359e-02 1.661232591345058381e+03 2.317573623154924878e+00
1.490864815204668951e-02 1.629232591345059745e+03 2.290505702625245554e+00
1.500864815204668544e-02 1.597232591345060655e+03 2.263508293870367893e+00
1.510864815204668136e-02 1.565232591345062019e+03 2.235730833483195124e+00
1.520864815204667729e-02 1.533232591345063611e+03 2.206622484981600962e+00
1.530864815204667322e-02 1.501232591345064520e+03 2.177520906624400343e+00
1.540864815204666914e-02 1.469232591345065885e+03 2.148552461282589032e+00
1.550864815204666507e-02 1.437232591345067249e+03 2.119677237012969062e+00
1.560864815204666099e-02 1.405232591345068613e+03 2.090869293541889107e+00
1.570864815204665865e-02 1.373232591345069523e+03 2.062148121731381067e+00
1.580864815204665458e-02 1.341232591345070887e+03 2.033549192106477221e+00
1.590864815204665050e-02 1.309232591345071796e+03 2.005102988195186065e+00
1.600864815204664643e-02 1.277232591345073160e+03 1.976826060202001800e+00
1.610864815204664235e-02 1.245232591345074525e+03 1.948705406993517908e+00
1.620864815204663828e-02 1.213232591345076116e+03 1.920701584858841349e+00
1.630864815204663421e-02 1.181232591345077026e+03 1.892743886046105661e+00
1.640864815204663013e-02 1.149232591345078390e+03 1.864737345174237282e+00
1.650864815204662606e-02 1.117232591345079754e+03 1.836591744108832636e+00
1.660864815204662198e-02 1.085232591345081346e+03 1.808235049547475271e+00
1.670864815204661791e-02 1.053232591345082255e+03 1.779624410424331060e+00
1.680864815204661383e-02 1.021232591345083620e+03 1.750736525031836965e+00
1.690864815204660976e-02 9.892325913450850976e+02 1.721584748058082148e+00
1.700864815204660568e-02 9.572325913450864618e+02 1.692209459061965404e+00
1.710864815204660161e-02 9.252325913450874850e+02 1.662668336555310322e+00
1.720864815204659753e-02 8.932325913450888493e+02 1.633040864420716609e+00
1.730864815204659346e-02 8.612325913450902135e+02 1.603382878737960704e+00
1.740864815204658939e-02 8.292325913450916914e+02 1.573743145108043251e+00
1.750864815204658531e-02 7.972325913450927146e+02 1.544127491296777954e+00
1.760864815204658124e-02 7.652325913450940789e+02 1.514496287051976031e+00
1.770864815204657716e-02 7.332325913450954431e+02 1.484762988316685961e+00
1.780864815204657309e-02 7.012325913450969210e+02 1.454822208879815060e+00
1.790864815204656901e-02 6.692325913450979442e+02 1.424573421508591009e+00
1.800864815204656494e-02 6.372325913450993085e+02 1.393901830390994023e+00
1.810864815204656086e-02 6.052325913451006727e+02 1.362751234250930477e+00
1.820864815204655679e-02 5.732325913451020369e+02 1.331205660305889715e+00
1.830864815204655272e-02 5.412325913451031738e+02 1.299281922686036816e+00
1.840864815204654864e-02 5.092325913451045380e+02 1.266958140880926731e+00
1.850864815204654457e-02 4.772325913451059023e+02 1.234255176996136516e+00
1.860864815204654049e-02 4.452325913451073234e+02 1.201191365409653544e+00
1.870864815204653642e-02 4.132325913451083466e+02 1.167602881816167448e+00
1.880864815204653234e-02 3.812325913451097676e+02 1.133422029650261731e+00
1.890864815204652827e-02 3.492325913451111319e+02 1.098700650710863647e+00
1.900864815204652419e-02 3.172325913451124961e+02 1.063383158051989907e+00
1.910864815204652012e-02 2.852325913451135762e+02 1.027593886911392529e+00
1.920864815204651604e-02 2.532325913451149404e+02 9.913177221463348454e-01
1.930864815204651197e-02 2.212325913451163615e+02 9.541275627197651765e-01
1.940864815204650790e-02 1.892325913451177257e+02 9.155087626155866687e-01
1.950864815204650382e-02 1.572325913451187773e+02 8.750937237632699928e-01
1.960864815204649975e-02 1.252325913451201700e+02 8.319917929492542941e-01
1.970864815204649567e-02 9.323259134512156265e+01 7.848795691364233162e-01
1.980864815204649160e-02 6.123259134512295532e+01 7.332473485521545653e-01
1.990864815204648752e-02 2.923259134512399271e+01 6.771910351601840850e-01
2.000864815204648345e-02 -2.767408654874570217e+00 6.157416619867936980e-01
2.010292015204647592e-02 -3.293444865487216333e+01 5.508691726048693393e-01
2.020384559204647240e-02 -6.523058945487103699e+01 4.696070924915262124e-01
2.030047858133288141e-02 -9.615314602652192377e+01 3.689838258467479926e-01
2.040182479981038008e-02 -1.285839359393214920e+02 2.040441377204114115e-01
2.050024071788457067e-02 -1.600770297230624806e+02 -6.670527373237064572e-02
2.060100956957488377e-02 -1.923230622639626688e+02 -4.574731730229825155e-01
2.070019514449202014e-02 -2.240624462374463235e+02 -7.748150370249301533e-01
2.080069286490071612e-02 -2.562217167682290437e+02 -8.814878802192902540e-01
2.090145680157527372e-02 -2.884661765040874570e+02 -9.355928722369221129e-01
2.100170405809206539e-02 -3.205452985894607991e+02 -9.728535837520997376e-01
2.110632263224994365e-02 -3.540232423199818186e+02 -1.011683543534817042e+00
2.120506849989205883e-02 -3.856219199654586873e+02 -1.050726446147046023e+00
2.130837186911765241e-02 -4.186789981176485753e+02 -1.091698767469531095e+00
2.140660187545157661e-02 -4.501126001445043130e+02 -1.128209341437738544e+00
2.150660187545157254e-02 -4.821126001445030624e+02 -1.161844409950015145e+00
2.160660187545156846e-02 -5.141126001445016982e+02 -1.192956534196124796e+00
2.170660187545156439e-02 -5.461126001445004476e+02 -1.222303941442032693e+00
2.180157966745155732e-02 -5.765054935844982538e+02 -1.249739132617226467e+00
2.190136215961155028e-02 -6.084358910756959631e+02 -1.276843617998276503e+00
2.200101882265156558e-02 -6.403260232485008601e+02 -1.303022031333243236e+00
2.210158145535558866e-02 -6.725060657137881890e+02 -1.333528267368700559e+00
2.220464456433224668e-02 -7.054862605863188492e+02 -1.368619613068894125e+00
2.230640307699272365e-02 -7.380489846376714240e+02 -1.405761199893647451e+00
2.240640307699271958e-02 -7.700489846376701735e+02 -1.443003397256809262e+00
2.250640307699271550e-02 -8.020489846376686955e+02 -1.479571825711522681e+00
2.260640307699271143e-02 -8.340489846376675587e+02 -1.514793383146700423e+00
2.270640307699270735e-02 -8.660489846376660807e+02 -1.548585451632459087e+00
2.280640307699270328e-02 -8.980489846376649439e+02 -1.581055739969770446e+00
2.290640307699269920e-02 -9.300489846376635796e+02 -1.612454473469852045e+00
2.300640307699269513e-02 -9.620489846376623291e+02 -1.642991452367661420e+00
2.310640307699269105e-02 -9.940489846376609648e+02 -1.672973694259133115e+00
2.320640307699268698e-02 -1.026048984637659714e+03 -1.702492316644560688e+00
2.330640307699268290e-02 -1.058048984637658350e+03 -1.731683975890206950e+00
2.340640307699267883e-02 -1.090048984637656986e+03 -1.760848047000739935e+00
2.350640307699267476e-02 -1.122048984637655622e+03 -1.790106828350044088e+00
2.360640307699267068e-02 -1.154048984637654485e+03 -1.819441579748088289e+00
2.370640307699266661e-02 -1.186048984637653120e+03 -1.848738059025756719e+00
2.380640307699266253e-02 -1.218048984637651984e+03 -1.877845083771286117e+00
2.390640307699265846e-02 -1.250048984637650392e+03 -1.906661924147530218e+00
2.400640307699265438e-02 -1.282048984637649255e+03 -1.935189193895371140e+00
2.410640307699265031e-02 -1.314048984637647891e+03 -1.963462282773645651e+00
2.420640307699264623e-02 -1.346048984637646754e+03 -1.991532180085199055e+00
2.430640307699264216e-02 -1.378048984637645162e+03 -2.019473405307440128e+00
2.440640307699263808e-02 -1.410048984637644025e+03 -2.047355851379930591e+00
2.450640307699263401e-02 -1.442048984637642661e+03 -2.075394263378209203e+00
2.460640307699262994e-02 -1.474048984637641524e+03 -2.103753446919440773e+00
2.470640307699262586e-02 -1.506048984637640160e+03 -2.132410820125803408e+00
2.480640307699262179e-02 -1.538048984637638796e+03 -2.161341135933696922e+00
2.490640307699261771e-02 -1.570048984637637432e+03 -2.190474525706427755e+00
2.500640307699261364e-02 -1.602048984637636067e+03 -2.219681947438018721e+00
2.510640307699260956e-02 -1.634048984637634931e+03 -2.248777844950511362e+00
2.520640307699260549e-02 -1.666048984637633566e+03 -2.277597376929923811e+00
2.530640307699260141e-02 -1.698048984637632202e+03 -2.306001465365452141e+00
2.540640307699259734e-02 -1.730048984637630838e+03 -2.334168011559410338e+00
2.550640307699259327e-02 -1.762048984637629701e+03 -2.362080129423944630e+00
2.560640307699258919e-02 -1.794048984637628337e+03 -2.389795978645156804e+00
2.570240307699258805e-02 -1.824768984637627909e+03 -2.416336926654758077e+00
2.580480307699259054e-02 -1.857536984637628620e+03 -2.444704144577292571e+00
2.590240307699257991e-02 -1.888768984637625408e+03 -2.471864151749682215e+00
2.600240307699257583e-02 -1.920768984637624044e+03 -2.499936227761116569e+00
2.610240307699257176e-02 -1.952768984637622680e+03 -2.528247357997247757e+00
2.620240307699256768e-02 -1.984768984637621543e+03 -2.556700875676110041e+00
2.630240307699256361e-02 -2.016768984637620179e+03 -2.585154817762450818e+00
2.640240307699255953e-02 -2.048768984637618814e+03 -2.613485413189776452e+00
2.650240307699255546e-02 -2.080768984637617450e+03 -2.641525658165853496e+00
2.660240307699255138e-02 -2.112768984637616541e+03 -2.669162921880871675e+00
2.670240307699254731e-02 -2.144768984637615176e+03 -2.696358122862207995e+00
2.680240307699254323e-02 -2.176768984637613812e+03 -2.723153443417523523e+00
2.690240307699253916e-02 -2.208768984637612448e+03 -2.749654796378993016e+00
2.700240307699253509e-02 -2.240768984637611084e+03 -2.776006915972883959e+00
2.710240307699253101e-02 -2.272768984637609719e+03 -2.802370746232972110e+00
2.720240307699252694e-02 -2.304768984637608355e+03 -2.828886499703631152e+00
2.730240307699252286e-02 -2.336768984637606991e+03 -2.855637625200065255e+00
2.740240307699251879e-02 -2.368768984637606081e+03 -2.882651796926232191e+00
2.750240307699251471e-02 -2.400768984637604717e+03 -2.909888215603738448e+00
2.760240307699251064e-02 -2.432768984637603353e+03 -2.937244366262008910e+00
2.770240307699250656e-02 -2.464768984637601989e+03 -2.964580139662554181e+00
2.780240307699250249e-02 -2.496768984637600624e+03 -2.991752444639976805e+00
2.790240307699249842e-02 -2.528768984637599260e+03 -3.018640773745080441e+00
2.800240307699249434e-02 -2.560768984637597896e+03 -3.045177628975697992e+00
2.810240307699249027e-02 -2.592768984637596532e+03 -3.071365371393834920e+00
2.820240307699248619e-02 -2.624768984637595622e+03 -3.097276265475298551e+00
2.830240307699248212e-02 -2.656768984637594258e+03 -3.123036947329914881e+00
2.840240307699247804e-02 -2.688768984637592894e+03 -3.148801571910077701e+00
2.850240307699247397e-02 -2.720768984637591529e+03 -3.174709219602379395e+00
2.860240307699246989e-02 -2.752768984637590165e+03 -3.200860453542772710e+00
2.870240307699246582e-02 -2.784768984637588801e+03 -3.227302334870629341e+00
2.880240307699246174e-02 -2.816768984637587437e+03 -3.254009590105720662e+00
2.890240307699245767e-02 -2.848768984637586072e+03 -3.280889622127150407e+00
2.900240307699245360e-02 -2.880768984637585163e+03 -3.307802803050788665e+00
2.910240307699244952e-02 -2.912768984637583799e+03 -3.334595025787299605e+00
2.920240307699244545e-02 -2.944768984637582435e+03 -3.361131917482090170e+00
2.930240307699244137e-02 -2.976768984637581070e+03 -3.387328698584438413e+00
2.940240307699243730e-02 -3.008768984637579706e+03 -3.413169194184297872e+00
2.950240307699243322e-02 -3.040768984637578342e+03 -3.438709747912958470e+00
2.960240307699242915e-02 -3.072768984637576978e+03 -3.464065077852942043e+00
2.970240307699242507e-02 -3.104768984637575613e+03 -3.489373191578940325e+00
2.980240307699242100e-02 -3.136768984637574704e+03 -3.514780265219836775e+00
2.990240307699241692e-02 -3.168768984637573340e+03 -3.540411830706338137e+00
3.000240307699241285e-02 -3.199231015362427570e+03 -3.566330520264265669e+00
3.010240307699240878e-02 -3.167231015362428934e+03 -3.587505400271103984e+00
3.020240307699240470e-02 -3.135231015362430298e+03 -3.597311738955641491e+00
3.030240307699240063e-02 -3.103231015362431663e+03 -3.597477312805429595e+00
3.040240307699239655e-02 -3.071231015362432572e+03 -3.590238844508050864e+00
3.050240307699239248e-02 -3.039231015362433936e+03 -3.577247300364360338e+00
3.060240307699238840e-02 -3.007231015362435301e+03 -3.559598963379337899e+00
3.070240307699238433e-02 -2.975231015362436665e+03 -3.538288784499436179e+00
3.080240307699238025e-02 -2.943231015362438029e+03 -3.514289384326946930e+00
3.090240307699237618e-02 -2.911231015362439393e+03 -3.488275127985837276e+00
3.100240307699237211e-02 -2.879231015362440758e+03 -3.460780311739157789e+00
3.110240307699236803e-02 -2.847231015362442122e+03 -3.432303992768281908e+00
3.120240307699236396e-02 -2.815231015362443031e+03 -3.403454926860035368e+00
3.130240307699237723e-02 -2.783231015362438939e+03 -3.374697311521109633e+00
3.140240307699240785e-02 -2.751231015362428934e+03 -3.346184848662961286e+00
3.150240307699243847e-02 -2.719231015362419384e+03 -3.317929501055437491e+00
3.160240307699246909e-02 -2.687231015362409380e+03 -3.290036998924054767e+00
3.170240307699249971e-02 -2.655231015362399830e+03 -3.262452199683641751e+00
3.180240307699253033e-02 -2.623231015362389826e+03 -3.234973930666601216e+00
3.190240307699256095e-02 -2.591231015362379821e+03 -3.207433473065306906e+00
3.200240307699259157e-02 -2.559231015362370272e+03 -3.179733421974072272e+00
3.210240307699262219e-02 -2.527231015362360722e+03 -3.151854302333657376e+00
3.220240307699265281e-02 -2.495231015362350718e+03 -3.124034688409635052e+00
3.230240307699268343e-02 -2.463231015362340713e+03 -3.096484908483202680e+00
3.240240307699271405e-02 -2.431231015362331163e+03 -3.069300938430243875e+00
3.250240307699274467e-02 -2.399231015362321614e+03 -3.042541582719326065e+00
3.260240307699277529e-02 -2.367231015362311609e+03 -3.016227873116120950e+00
3.270240307699280591e-02 -2.335231015362301605e+03 -2.990332762358776542e+00
3.280240307699283653e-02 -2.303231015362292055e+03 -2.964771689600627536e+00
3.290240307699286715e-02 -2.271231015362282506e+03 -2.939404499831042905e+00
3.300240307699289777e-02 -2.239231015362272501e+03 -2.914060852756592546e+00
3.310240307699292839e-02 -2.207231015362262497e+03 -2.888571451627176767e+00
3.320240307699295901e-02 -2.175231015362252947e+03 -2.862798268604657359e+00
3.330240307699298963e-02 -2.143231015362242943e+03 -2.836661993661485859e+00
3.340240307699302025e-02 -2.111231015362232938e+03 -2.810157261239351723e+00
3.350240307699305087e-02 -2.079231015362223388e+03 -2.783352719516454243e+00
3.360240307699308149e-02 -2.047231015362213611e+03 -2.756377580682182860e+00
3.370240307699311211e-02 -2.015231015362203834e+03 -2.729391233837329622e+00
3.380240307699314273e-02 -1.983231015362194057e+03 -2.702548194493842981e+00
3.390240307699317335e-02 -1.951231015362184053e+03 -2.675988053393768773e+00
3.400240307699320397e-02 -1.919231015362174276e+03 -2.649767650080464332e+00
3.410240307699323459e-02 -1.887231015362164726e+03 -2.623843585784453314e+00
3.420240307699326521e-02 -1.855231015362154722e+03 -2.598108398235304595e+00
3.430240307699329583e-02 -1.823231015362144717e+03 -2.572411749145937954e+00
3.440240307699332645e-02 -1.791231015362135167e+03 -2.546586449524213869e+00
3.450240307699335707e-02 -1.759231015362125618e+03 -2.520483592114628468e+00
3.460240307699338769e-02 -1.727231015362115613e+03 -2.494004825661942704e+00
3.470240307699341831e-02 -1.695231015362105609e+03 -2.467123852869957723e+00
3.480240307699344893e-02 -1.663231015362096059e+03 -2.439888271653589680e+00
3.490240307699347955e-02 -1.631231015362086282e+03 -2.412408940019455272e+00
3.500240307699351017e-02 -1.599231015362076505e+03 -2.384840755501836718e+00
3.510240307699354079e-02 -1.567231015362066728e+03 -2.357350479736271875e+00
3.520240307699357141e-02 -1.535231015362056723e+03 -2.330081804446151317e+00
3.530240307699360203e-02 -1.503231015362047174e+03 -2.303123001400483094e+00
3.540240307699363265e-02 -1.471231015362037169e+03 -2.276503206854751049e+00
3.550240307699366327e-02 -1.439231015362027620e+03 -2.250128782343923994e+00
3.560240307699369389e-02 -1.407231015362017615e+03 -2.223845445462807824e+00
3.570240307699372451e-02 -1.375231015362008065e+03 -2.197478724801551930e+00
3.580240307699375513e-02 -1.343231015361998061e+03 -2.170858688573602535e+00
3.590240307699378575e-02 -1.311231015361988284e+03 -2.143839309672891602e+00
3.600240307699381637e-02 -1.279231015361978507e+03 -2.116356433615958821e+00
3.610240307699384699e-02 -1.247231015361968730e+03 -2.088461554504226214e+00
3.620240307699387761e-02 -1.215231015361958725e+03 -2.060289917746070731e+00
3.630240307699390823e-02 -1.183231015361949176e+03 -2.032012305303728894e+00
3.640240307699393885e-02 -1.151231015361939171e+03 -2.003794676377747219e+00
3.650240307699396947e-02 -1.119231015361929622e+03 -1.975771257686105731e+00
3.660240307699400009e-02 -1.087231015361919617e+03 -1.948018422972236818e+00
3.670240307699403071e-02 -1.055231015361910067e+03 -1.920516969890876613e+00
3.680240307699406133e-02 -1.023231015361900063e+03 -1.893260126070152483e+00
3.690240307699409195e-02 -9.912310153618903996e+02 -1.866178020665304693e+00
3.700240307699412257e-02 -9.592310153618803952e+02 -1.839080726417914535e+00
3.710240307699415319e-02 -9.272310153618708455e+02 -1.811760550589212926e+00
3.720240307699418381e-02 -8.952310153618608410e+02 -1.784034352057709105e+00
3.730240307699421443e-02 -8.632310153618511777e+02 -1.755804691597101508e+00
3.740240307699424505e-02 -8.312310153618411732e+02 -1.727064740888782035e+00
3.750240307699427567e-02 -7.992310153618316235e+02 -1.697883465475139575e+00
3.760240307699430629e-02 -7.672310153618216191e+02 -1.668389900676011672e+00
3.770240307699433691e-02 -7.352310153618120694e+02 -1.638716752710274838e+00
3.780240307699436753e-02 -7.032310153618020649e+02 -1.608952679825660592e+00
3.790240307699439815e-02 -6.712310153617924016e+02 -1.579228515128003218e+00
3.800240307699442877e-02 -6.392310153617823971e+02 -1.549639352813736215e+00
3.810240307699445939e-02 -6.072310153617728474e+02 -1.520180654497594430e+00
3.820240307699449001e-02 -5.752310153617628430e+02 -1.490737736064181584e+00
3.830240307699452063e-02 -5.432310153617531796e+02 -1.461123587803681234e+00
3.840240307699455125e-02 -5.112310153617432320e+02 -1.431123956297451594e+00
3.850240307699458187e-02 -4.792310153617336255e+02 -1.400490190103401700e+00
3.860240307699461249e-02 -4.472310153617236210e+02 -1.369007374063876625e+00
3.870240307699464311e-02 -4.152310153617140145e+02 -1.336590782256886545e+00
3.880240307699467373e-02 -3.832310153617040669e+02 -1.303228002762950810e+00
3.890240307699470435e-02 -3.512310153616944035e+02 -1.268974911690455176e+00
3.900240307699473497e-02 -3.192310153616844559e+02 -1.233890998093454705e+00
3.910240307699476559e-02 -2.872310153616748494e+02 -1.198104324410172117e+00
3.920240307699479620e-02 -2.552310153616648449e+02 -1.161573239731498841e+00
3.930240307699482682e-02 -2.232310153616552384e+02 -1.124342778840965451e+00
3.940240307699485744e-02 -1.912310153616452624e+02 -1.086542444732617074e+00
3.950240307699488806e-02 -1.592310153616356274e+02 -1.047823812980254621e+00
3.960240307699491868e-02 -1.272310153616256656e+02 -1.007521599603557805e+00
3.970240307699494930e-02 -9.523101536161604486e+01 -9.648814331288586565e-01
3.980240307699497992e-02 -6.323101536160606884e+01 -9.189383732506108959e-01
3.990240307699501054e-02 -3.123101536159644809e+01 -8.687396804162089703e-01
4.000240307699504116e-02 7.689846384129062073e-01 -8.129055901937551898e-01
4.010240307699507178e-02 3.276898463842270814e+01 -7.491573804949921422e-01
4.020240307699510240e-02 6.476898463843249942e+01 -6.708274326769612106e-01
4.030099067379512567e-02 9.631701561443995274e+01 -5.629875471483862803e-01
4.040066250880711834e-02 1.282120028182775968e+02 -3.937964219625384454e-01
4.050051527503258780e-02 1.601648880104278305e+02 -1.404483836136710961e-01
4.060101699372895001e-02 1.923254379932637335e+02 1.165323467747140795e-01
4.070040573350216379e-02 2.241298347206921449e+02 3.600166641026719683e-01
4.080102654101859516e-02 2.563284931259501604e+02 5.868336912894671631e-01
4.090112533095378172e-02 2.883601059052098776e+02 7.054180029261313267e-01
4.100187460900572151e-02 3.205998748818306012e+02 7.926088071113355227e-01
4.110150518928806784e-02 3.524816605721814540e+02 8.470333942060667143e-01
4.120180773442583960e-02 3.845784750162683849e+02 8.834646176479485913e-01
4.130308554739210020e-02 4.169873751654718035e+02 9.205400108141752469e-01
4.140280125137116990e-02 4.488964004387740943e+02 9.588369510756343805e-01
4.150046974994564541e-02 4.801503199826062769e+02 9.951060888922045322e-01
4.160853232726747369e-02 5.147303447255912943e+02 1.032864454239585505e+00
4.170595029310996543e-02 5.459040937951887145e+02 1.064066012760112478e+00
4.180182549310999113e-02 5.765841577951969157e+02 1.093236024060264766e+00
4.190209557310994870e-02 6.086705833951833711e+02 1.119608550883664622e+00
4.200628208446996470e-02 6.420102670303884906e+02 1.147700787161728853e+00
4.210004994469394163e-02 6.720159823020610474e+02 1.176140467242423382e+00
4.220604839538197317e-02 7.059354865222311446e+02 1.210770436126084704e+00
4.230540181249560494e-02 7.377285799985933181e+02 1.244190814805534284e+00
4.240540181249563556e-02 7.697285799986030952e+02 1.278135318170339874e+00
4.250540181249566618e-02 8.017285799986128723e+02 1.312068469417951633e+00
4.260540181249569680e-02 8.337285799986226493e+02 1.346015835246402670e+00
4.270540181249572742e-02 8.657285799986324264e+02 1.380137138168218147e+00
4.280540181249575804e-02 8.977285799986422035e+02 1.414235626106008503e+00
4.290540181249578866e-02 9.297285799986519805e+02 1.448099262872341919e+00
4.300540181249581928e-02 9.617285799986618713e+02 1.481408371843235816e+00
4.310540181249584990e-02 9.937285799986716484e+02 1.513965468868097464e+00
4.320540181249588052e-02 1.025728579998681425e+03 1.545717335442070350e+00
4.330540181249591114e-02 1.057728579998691202e+03 1.576693420599657225e+00
4.340460181249591876e-02 1.089472579998693618e+03 1.606759312167009623e+00
4.350140181249591287e-02 1.120448579998691685e+03 1.635686215125756293e+00
4.360140181249594349e-02 1.152448579998701462e+03 1.665385455255609326e+00
4.370140181249597411e-02 1.184448579998711466e+03 1.695113423281196852e+00
4.380140181249600473e-02 1.216448579998721243e+03 1.724964661425556711e+00
4.390140181249603535e-02 1.248448579998731020e+03 1.755144256169881123e+00
4.400140181249606597e-02 1.280448579998740797e+03 1.785600562260821533e+00
4.410140181249609659e-02 1.312448579998750574e+03 1.816279380185520376e+00
4.420140181249612721e-02 1.344448579998760351e+03 1.847038344297477819e+00
4.430140181249615783e-02 1.376448579998770128e+03 1.877634574312613269e+00
4.440140181249618845e-02 1.408448579998779906e+03 1.907863422660692532e+00
4.450140181249621907e-02 1.440448579998789683e+03 1.937554051838468183e+00
4.460140181249624969e-02 1.472448579998799460e+03 1.966695851968374598e+00
4.470140181249628031e-02 1.504448579998809237e+03 1.995373868006102391e+00
4.480140181249631093e-02 1.536448579998819241e+03 2.023643521851327343e+00
4.490140181249634155e-02 1.568448579998829018e+03 2.051723699392666411e+00
4.500140181249637217e-02 1.600448579998838795e+03 2.079853129273055323e+00
4.510140181249640279e-02 1.632448579998848800e+03 2.108202729972056932e+00
4.520140181249643341e-02 1.664448579998858349e+03 2.136945545711363081e+00
4.530140181249646403e-02 1.696448579998868354e+03 2.166152118397373094e+00
4.540140181249649465e-02 1.728448579998877904e+03 2.195735546564951957e+00
4.550140181249652527e-02 1.760448579998887908e+03 2.225928023923751553e+00
4.560140181249655589e-02 1.792448579998897458e+03 2.258047585615644781e+00
4.570140181249658651e-02 1.824448579998907462e+03 2.290027175454923736e+00
4.580140181249661713e-02 1.856448579998917012e+03 2.321174770430908474e+00
4.590140181249664775e-02 1.888448579998927016e+03 2.351253137582512753e+00
4.600140181249667837e-02 1.920448579998936793e+03 2.380303961016557501e+00
4.610140181249670899e-02 1.952448579998946798e+03 2.408532463520578926e+00
4.620140181249673961e-02 1.984448579998956347e+03 2.436277981617732458e+00
4.630140181249677023e-02 2.016448579998966352e+03 2.463860058933425634e+00
4.640140181249680085e-02 2.048448579998976129e+03 2.491576788054163494e+00
4.650140181249683147e-02 2.080448579998985679e+03 2.519612315208565878e+00
4.660140181249686209e-02 2.112448579998995683e+03 2.547991817866535502e+00
4.670140181249689271e-02 2.144448579999005688e+03 2.576660925991665074e+00
4.680140181249692333e-02 2.176448579999015237e+03 2.605425400955214688e+00
4.690140181249695395e-02 2.208448579999025242e+03 2.634055357497081307e+00
4.700140181249698457e-02 2.240448579999034791e+03 2.662358995840345521e+00
4.710140181249701519e-02 2.272448579999044796e+03 2.690174724820749930e+00
4.720140181249704581e-02 2.304448579999054346e+03 2.717330942423800799e+00
4.730140181249707643e-02 2.336448579999064350e+03 2.743777988016112168e+00
4.740140181249710705e-02 2.368448579999073900e+03 2.769642295729337178e+00
4.750140181249713767e-02 2.400448579999083904e+03 2.795150900422078255e+00
4.760140181249716829e-02 2.432448579999093454e+03 2.820567197435709161e+00
4.770140181249719891e-02 2.464448579999103458e+03 2.846154050583143302e+00
4.780140181249722953e-02 2.496448579999113008e+03 2.872099547804981778e+00
4.790140181249726015e-02 2.528448579999123012e+03 2.898488659188485972e+00
4.800140181249729077e-02 2.560448579999132562e+03 2.925305204572040907e+00
4.810140181249732139e-02 2.592448579999142567e+03 2.952445125947612770e+00
4.820140181249735201e-02 2.624448579999152116e+03 2.979717343113528649e+00
4.830140181249738263e-02 2.656448579999162121e+03 3.006890120989246462e+00
4.840140181249741325e-02 2.688448579999171670e+03 3.033748040443901672e+00
4.850140181249744387e-02 2.720448579999181675e+03 3.060141218146873232e+00
4.860140181249747449e-02 2.752448579999191679e+03 3.086018183485833788e+00
4.870140181249750511e-02 2.784448579999201684e+03 3.111436512472677940e+00
4.880140181249753573e-02 2.816448579999211233e+03 3.136549439320603039e+00
4.890140181249756635e-02 2.848448579999221238e+03 3.161572072581576354e+00
4.900140181249759697e-02 2.880448579999230788e+03 3.186733282127265365e+00
4.910140181249762759e-02 2.912448579999240792e+03 3.212225253796523017e+00
4.920140181249765821e-02 2.944448579999250342e+03 3.238159546187416193e+00
4.930140181249768883e-02 2.976448579999260346e+03 3.264543560484208129e+00
4.940140181249771945e-02 3.008448579999269896e+03 3.291277073048818114e+00
4.950140181249775007e-02 3.040448579999279900e+03 3.318180565573174423e+00
4.960140181249778069e-02 3.072448579999289450e+03 3.345028641355570986e+00
4.970140181249781131e-02 3.104448579999299454e+03 3.371600578391133141e+00
4.980140181249784193e-02 3.136448579999309004e+03 3.397708476974762526e+00
4.990140181249787255e-02 3.168448579999319008e+03 3.423249496230806432e+00
5.000000000000000278e-02 3.200000000000000000e+03 3.447909040313652085e+00
