time R11 R12 R13 R21 R22 R23 R31 R32 R33
0.000000000000000000e+00 1.000000000000000000e+00 -0.000000000000000000e+00 0.000000000000000000e+00 0.000000000000000000e+00 1.000000000000000000e+00 -0.000000000000000000e+00 0.000000000000000000e+00 0.000000000000000000e+00 1.000000000000000000e+00
5.009375546221790827e-03 9.999999942407515885e-01 1.073242585162553227e-04 0.000000000000000000e+00 -1.073242585162553227e-04 9.999999942407515885e-01 -0.000000000000000000e+00 -0.000000000000000000e+00 0.000000000000000000e+00 1.000000000000000000e+00
1.000546968854310916e-02 9.999999941174905205e-01 1.084666702738191558e-04 0.000000000000000000e+00 -1.084666702738191558e-04 9.999999941174905205e-01 -0.000000000000000000e+00 -0.000000000000000000e+00 0.000000000000000000e+00 1.000000000000000000e+00
1.511798684338843540e-02 9.999999959583583120e-01 8.990708019504551490e-05 0.000000000000000000e+00 -8.990708019504551490e-05 9.999999959583583120e-01 -0.000000000000000000e+00 -0.000000000000000000e+00 0.000000000000000000e+00 1.000000000000000000e+00
2.011798684338840862e-02 9.999999979291916974e-01 6.435539071481942864e-05 0.000000000000000000e+00 -6.435539071481942864e-05 9.999999979291916974e-01 -0.000000000000000000e+00 -0.000000000000000000e+00 0.000000000000000000e+00 1.000000000000000000e+00
2.511798684338837837e-02 9.999999995195324454e-01 3.099894968966112355e-05 0.000000000000000000e+00 -3.099894968966112355e-05 9.999999995195324454e-01 -0.000000000000000000e+00 -0.000000000000000000e+00 0.000000000000000000e+00 1.000000000000000000e+00
3.011798684338834811e-02 9.999999999462214628e-01 -1.037095361528005649e-05 0.000000000000000000e+00 1.037095361528005649e-05 9.999999999462214628e-01 -0.000000000000000000e+00 0.000000000000000000e+00 0.000000000000000000e+00 1.000000000000000000e+00
3.500598684338832728e-02 9.999999983491638655e-01 -5.746017874445070707e-05 0.000000000000000000e+00 5.746017874445070707e-05 9.999999983491638655e-01 -0.000000000000000000e+00 0.000000000000000000e+00 0.000000000000000000e+00 1.000000000000000000e+00
4.018198684338829263e-02 9.999999933812434572e-01 -1.150543903317503743e-04 0.000000000000000000e+00 1.150543903317503743e-04 9.999999933812434572e-01 -0.000000000000000000e+00 0.000000000000000000e+00 0.000000000000000000e+00 1.000000000000000000e+00
4.505398684338829396e-02 9.999999845808160703e-01 -1.756085629505088847e-04 0.000000000000000000e+00 1.756085629505088847e-04 9.999999845808160703e-01 -0.000000000000000000e+00 0.000000000000000000e+00 0.000000000000000000e+00 1.000000000000000000e+00
5.018198684338825294e-02 9.999999699604608105e-01 -2.451103368913244511e-04 0.000000000000000000e+00 2.451103368913244511e-04 9.999999699604608105e-01 -0.000000000000000000e+00 0.000000000000000000e+00 0.000000000000000000e+00 1.000000000000000000e+00
5.518198684338822269e-02 9.999999489605286840e-01 -3.194979499105356680e-04 0.000000000000000000e+00 3.194979499105356680e-04 9.999999489605286840e-01 -0.000000000000000000e+00 0.000000000000000000e+00 0.000000000000000000e+00 1.000000000000000000e+00
6.018198684338819243e-02 9.999999196949483915e-01 -4.007618951268014781e-04 0.000000000000000000e+00 4.007618951268014781e-04 9.999999196949483915e-01 -0.000000000000000000e+00 0.000000000000000000e+00 0.000000000000000000e+00 1.000000000000000000e+00
6.518198684338825932e-02 9.999998803251128887e-01 -4.892338495481263422e-04 0.000000000000000000e+00 4.892338495481263422e-04 9.999998803251128887e-01 -0.000000000000000000e+00 0.000000000000000000e+00 0.000000000000000000e+00 1.000000000000000000e+00
7.018198684338840254e-02 9.999998287612966719e-01 -5.852156673184824142e-04 0.000000000000000000e+00 5.852156673184824142e-04 9.999998287612966719e-01 -0.000000000000000000e+00 0.000000000000000000e+00 0.000000000000000000e+00 1.000000000000000000e+00
7.518198684338854576e-02 9.999997635065615009e-01 -6.877403730761831721e-04 0.000000000000000000e+00 6.877403730761831721e-04 9.999997635065615009e-01 -0.000000000000000000e+00 0.000000000000000000e+00 0.000000000000000000e+00 1.000000000000000000e+00
8.018198684338868898e-02 9.999996819718008911e-01 -7.975313768064240397e-04 0.000000000000000000e+00 7.975313768064240397e-04 9.999996819718008911e-01 -0.000000000000000000e+00 0.000000000000000000e+00 0.000000000000000000e+00 1.000000000000000000e+00
8.518198684338883220e-02 9.999995806909867113e-01 -9.157608042531172835e-04 0.000000000000000000e+00 9.157608042531172835e-04 9.999995806909867113e-01 -0.000000000000000000e+00 0.000000000000000000e+00 0.000000000000000000e+00 1.000000000000000000e+00
9.018198684338897542e-02 9.999994599808822437e-01 -1.039248740022894954e-03 0.000000000000000000e+00 1.039248740022894954e-03 9.999994599808822437e-01 -0.000000000000000000e+00 0.000000000000000000e+00 0.000000000000000000e+00 1.000000000000000000e+00
9.518198684338911864e-02 9.999993157333101346e-01 -1.169843113874322570e-03 0.000000000000000000e+00 1.169843113874322570e-03 9.999993157333101346e-01 -0.000000000000000000e+00 0.000000000000000000e+00 0.000000000000000000e+00 1.000000000000000000e+00
1.001819868433892619e-01 9.999991438743487393e-01 -1.308529926829008405e-03 0.000000000000000000e+00 1.308529926829008405e-03 9.999991438743487393e-01 -0.000000000000000000e+00 0.000000000000000000e+00 0.000000000000000000e+00 1.000000000000000000e+00
1.051819868433894051e-01 9.999989450307010808e-01 -1.452562385894282364e-03 0.000000000000000000e+00 1.452562385894282364e-03 9.999989450307010808e-01 -0.000000000000000000e+00 0.000000000000000000e+00 0.000000000000000000e+00 1.000000000000000000e+00
1.101819868433895483e-01 9.999987137531903825e-01 -1.603898988268441777e-03 0.000000000000000000e+00 1.603898988268441777e-03 9.999987137531903825e-01 -0.000000000000000000e+00 0.000000000000000000e+00 0.000000000000000000e+00 1.000000000000000000e+00
1.151819868433896915e-01 9.999984501159168149e-01 -1.760615166387151116e-03 0.000000000000000000e+00 1.760615166387151116e-03 9.999984501159168149e-01 -0.000000000000000000e+00 0.000000000000000000e+00 0.000000000000000000e+00 1.000000000000000000e+00
1.201819868433898347e-01 9.999981489998996942e-01 -1.924057372909952768e-03 0.000000000000000000e+00 1.924057372909952768e-03 9.999981489998996942e-01 -0.000000000000000000e+00 0.000000000000000000e+00 0.000000000000000000e+00 1.000000000000000000e+00
1.251819868433899641e-01 9.999978054254082815e-01 -2.095028488403226363e-03 0.000000000000000000e+00 2.095028488403226363e-03 9.999978054254082815e-01 -0.000000000000000000e+00 0.000000000000000000e+00 0.000000000000000000e+00 1.000000000000000000e+00
1.301819868433901073e-01 9.999973862692403959e-01 -2.286362763756241093e-03 0.000000000000000000e+00 2.286362763756241093e-03 9.999973862692403959e-01 -0.000000000000000000e+00 0.000000000000000000e+00 0.000000000000000000e+00 1.000000000000000000e+00
1.351819868433902505e-01 9.999969563462013378e-01 -2.467245089834412767e-03 0.000000000000000000e+00 2.467245089834412767e-03 9.999969563462013378e-01 -0.000000000000000000e+00 0.000000000000000000e+00 0.000000000000000000e+00 1.000000000000000000e+00
1.401819868433903937e-01 9.999964599334187909e-01 -2.660849606818394431e-03 0.000000000000000000e+00 2.660849606818394431e-03 9.999964599334187909e-01 -0.000000000000000000e+00 0.000000000000000000e+00 0.000000000000000000e+00 1.000000000000000000e+00
1.451019868433905124e-01 9.999959324881635414e-01 -2.852193388953442200e-03 0.000000000000000000e+00 2.852193388953442200e-03 9.999959324881635414e-01 -0.000000000000000000e+00 0.000000000000000000e+00 0.000000000000000000e+00 1.000000000000000000e+00
1.501579868433903786e-01 9.999950676508339020e-01 -3.140807858474541255e-03 0.000000000000000000e+00 3.140807858474541255e-03 9.999950676508339020e-01 -0.000000000000000000e+00 0.000000000000000000e+00 0.000000000000000000e+00 1.000000000000000000e+00
1.551499868433905138e-01 9.999944750133912263e-01 -3.324145407773797939e-03 0.000000000000000000e+00 3.324145407773797939e-03 9.999944750133912263e-01 -0.000000000000000000e+00 0.000000000000000000e+00 0.000000000000000000e+00 1.000000000000000000e+00
1.601499868433906570e-01 9.999937831316086934e-01 -3.526144939342191857e-03 0.000000000000000000e+00 3.526144939342191857e-03 9.999937831316086934e-01 -0.000000000000000000e+00 0.000000000000000000e+00 0.000000000000000000e+00 1.000000000000000000e+00
1.651499868433908003e-01 9.999930206106549813e-01 -3.736138377813380800e-03 0.000000000000000000e+00 3.736138377813380800e-03 9.999930206106549813e-01 -0.000000000000000000e+00 0.000000000000000000e+00 0.000000000000000000e+00 1.000000000000000000e+00
1.701499868433909435e-01 9.999922655243859149e-01 -3.933051157298259395e-03 0.000000000000000000e+00 3.933051157298259395e-03 9.999922655243859149e-01 -0.000000000000000000e+00 0.000000000000000000e+00 0.000000000000000000e+00 1.000000000000000000e+00
1.751499868433910867e-01 9.999913529913487809e-01 -4.158598625933158932e-03 0.000000000000000000e+00 4.158598625933158932e-03 9.999913529913487809e-01 -0.000000000000000000e+00 0.000000000000000000e+00 0.000000000000000000e+00 1.000000000000000000e+00
1.801499868433912299e-01 9.999903194957737718e-01 -4.400103946534816499e-03 0.000000000000000000e+00 4.400103946534816499e-03 9.999903194957737718e-01 -0.000000000000000000e+00 0.000000000000000000e+00 0.000000000000000000e+00 1.000000000000000000e+00
1.851499868433913731e-01 9.999892138539585584e-01 -4.644585637250849865e-03 0.000000000000000000e+00 4.644585637250849865e-03 9.999892138539585584e-01 -0.000000000000000000e+00 0.000000000000000000e+00 0.000000000000000000e+00 1.000000000000000000e+00
1.901499868433915164e-01 9.999880506139878777e-01 -4.888622427279894211e-03 0.000000000000000000e+00 4.888622427279894211e-03 9.999880506139878777e-01 -0.000000000000000000e+00 0.000000000000000000e+00 0.000000000000000000e+00 1.000000000000000000e+00
1.951499868433916596e-01 9.999866875117872089e-01 -5.159922402813109203e-03 0.000000000000000000e+00 5.159922402813109203e-03 9.999866875117872089e-01 -0.000000000000000000e+00 0.000000000000000000e+00 0.000000000000000000e+00 1.000000000000000000e+00
2.001499868433918028e-01 9.999851733851112812e-01 -5.445457735483666059e-03 0.000000000000000000e+00 5.445457735483666059e-03 9.999851733851112812e-01 -0.000000000000000000e+00 0.000000000000000000e+00 0.000000000000000000e+00 1.000000000000000000e+00
2.051099868433919338e-01 9.999836888873426810e-01 -5.711563644257422814e-03 0.000000000000000000e+00 5.711563644257422814e-03 9.999836888873426810e-01 -0.000000000000000000e+00 0.000000000000000000e+00 0.000000000000000000e+00 1.000000000000000000e+00
2.100619868433918902e-01 9.999822083101735926e-01 -5.965154072484460564e-03 0.000000000000000000e+00 5.965154072484460564e-03 9.999822083101735926e-01 -0.000000000000000000e+00 0.000000000000000000e+00 0.000000000000000000e+00 1.000000000000000000e+00
2.150619868433920334e-01 9.999805960509391412e-01 -6.229568332427645738e-03 0.000000000000000000e+00 6.229568332427645738e-03 9.999805960509391412e-01 -0.000000000000000000e+00 0.000000000000000000e+00 0.000000000000000000e+00 1.000000000000000000e+00
2.200619868433921766e-01 9.999789433577938036e-01 -6.489440733233113080e-03 0.000000000000000000e+00 6.489440733233113080e-03 9.999789433577938036e-01 -0.000000000000000000e+00 0.000000000000000000e+00 0.000000000000000000e+00 1.000000000000000000e+00
2.250619868433923199e-01 9.999772452702269110e-01 -6.746031557021844871e-03 0.000000000000000000e+00 6.746031557021844871e-03 9.999772452702269110e-01 -0.000000000000000000e+00 0.000000000000000000e+00 0.000000000000000000e+00 1.000000000000000000e+00
2.300619868433924631e-01 9.999754469418230540e-01 -7.007532625775435287e-03 0.000000000000000000e+00 7.007532625775435287e-03 9.999754469418230540e-01 -0.000000000000000000e+00 0.000000000000000000e+00 0.000000000000000000e+00 1.000000000000000000e+00
2.350619868433926063e-01 9.999735168949474007e-01 -7.277740635010973916e-03 0.000000000000000000e+00 7.277740635010973916e-03 9.999735168949474007e-01 -0.000000000000000000e+00 0.000000000000000000e+00 0.000000000000000000e+00 1.000000000000000000e+00
2.400619868433927495e-01 9.999715675910045842e-01 -7.540822872146746292e-03 0.000000000000000000e+00 7.540822872146746292e-03 9.999715675910045842e-01 -0.000000000000000000e+00 0.000000000000000000e+00 0.000000000000000000e+00 1.000000000000000000e+00
2.450619868433928927e-01 9.999695148988675397e-01 -7.808282328631180151e-03 0.000000000000000000e+00 7.808282328631180151e-03 9.999695148988675397e-01 -0.000000000000000000e+00 0.000000000000000000e+00 0.000000000000000000e+00 1.000000000000000000e+00
2.500619868433930360e-01 9.999673643461943762e-01 -8.079000094406563540e-03 0.000000000000000000e+00 8.079000094406563540e-03 9.999673643461943762e-01 -0.000000000000000000e+00 0.000000000000000000e+00 0.000000000000000000e+00 1.000000000000000000e+00
2.550619868433924853e-01 9.999651475458920524e-01 -8.348873787651476738e-03 0.000000000000000000e+00 8.348873787651476738e-03 9.999651475458920524e-01 -0.000000000000000000e+00 0.000000000000000000e+00 0.000000000000000000e+00 1.000000000000000000e+00
2.600619868433919346e-01 9.999627176314890287e-01 -8.635007066985044347e-03 0.000000000000000000e+00 8.635007066985044347e-03 9.999627176314890287e-01 -0.000000000000000000e+00 0.000000000000000000e+00 0.000000000000000000e+00 1.000000000000000000e+00
2.650619868433913839e-01 9.999599792135619447e-01 -8.946506089685241775e-03 0.000000000000000000e+00 8.946506089685241775e-03 9.999599792135619447e-01 -0.000000000000000000e+00 0.000000000000000000e+00 0.000000000000000000e+00 1.000000000000000000e+00
2.700619868433908333e-01 9.999576512552171836e-01 -9.203026466854337742e-03 0.000000000000000000e+00 9.203026466854337742e-03 9.999576512552171836e-01 -0.000000000000000000e+00 0.000000000000000000e+00 0.000000000000000000e+00 1.000000000000000000e+00
2.750619868433902826e-01 9.999550006548012515e-01 -9.486657233007999082e-03 0.000000000000000000e+00 9.486657233007999082e-03 9.999550006548012515e-01 -0.000000000000000000e+00 0.000000000000000000e+00 0.000000000000000000e+00 1.000000000000000000e+00
2.800619868433897319e-01 9.999522460478958985e-01 -9.772697875626732908e-03 0.000000000000000000e+00 9.772697875626732908e-03 9.999522460478958985e-01 -0.000000000000000000e+00 0.000000000000000000e+00 0.000000000000000000e+00 1.000000000000000000e+00
2.850619868433891813e-01 9.999493258799005968e-01 -1.006705877267244538e-02 0.000000000000000000e+00 1.006705877267244538e-02 9.999493258799005968e-01 -0.000000000000000000e+00 0.000000000000000000e+00 0.000000000000000000e+00 1.000000000000000000e+00
2.900619868433886306e-01 9.999466269027805776e-01 -1.033166713321072988e-02 0.000000000000000000e+00 1.033166713321072988e-02 9.999466269027805776e-01 -0.000000000000000000e+00 0.000000000000000000e+00 0.000000000000000000e+00 1.000000000000000000e+00
2.950619868433880799e-01 9.999438651446006521e-01 -1.059559152085565170e-02 0.000000000000000000e+00 1.059559152085565170e-02 9.999438651446006521e-01 -0.000000000000000000e+00 0.000000000000000000e+00 0.000000000000000000e+00 1.000000000000000000e+00
3.000619868433875292e-01 9.999410809244158038e-01 -1.085516834098674069e-02 0.000000000000000000e+00 1.085516834098674069e-02 9.999410809244158038e-01 -0.000000000000000000e+00 0.000000000000000000e+00 0.000000000000000000e+00 1.000000000000000000e+00
3.050619868433869786e-01 9.999382485867865933e-01 -1.111301098667246204e-02 0.000000000000000000e+00 1.111301098667246204e-02 9.999382485867865933e-01 -0.000000000000000000e+00 0.000000000000000000e+00 0.000000000000000000e+00 1.000000000000000000e+00
3.100619868433864279e-01 9.999353587553261313e-01 -1.137006204281034577e-02 0.000000000000000000e+00 1.137006204281034577e-02 9.999353587553261313e-01 -0.000000000000000000e+00 0.000000000000000000e+00 0.000000000000000000e+00 1.000000000000000000e+00
3.150619868433858772e-01 9.999322704575215326e-01 -1.163849207012678140e-02 0.000000000000000000e+00 1.163849207012678140e-02 9.999322704575215326e-01 -0.000000000000000000e+00 0.000000000000000000e+00 0.000000000000000000e+00 1.000000000000000000e+00
3.200619868433853266e-01 9.999291297813749368e-01 -1.190526835742601597e-02 0.000000000000000000e+00 1.190526835742601597e-02 9.999291297813749368e-01 -0.000000000000000000e+00 0.000000000000000000e+00 0.000000000000000000e+00 1.000000000000000000e+00
3.250619868433847759e-01 9.999259926141969013e-01 -1.216590705674283797e-02 0.000000000000000000e+00 1.216590705674283797e-02 9.999259926141969013e-01 -0.000000000000000000e+00 0.000000000000000000e+00 0.000000000000000000e+00 1.000000000000000000e+00
3.301419868433843607e-01 9.999226819826265711e-01 -1.243503344069272869e-02 0.000000000000000000e+00 1.243503344069272869e-02 9.999226819826265711e-01 -0.000000000000000000e+00 0.000000000000000000e+00 0.000000000000000000e+00 1.000000000000000000e+00
3.350459868433843802e-01 9.999194394432573407e-01 -1.269309353476230640e-02 0.000000000000000000e+00 1.269309353476230640e-02 9.999194394432573407e-01 -0.000000000000000000e+00 0.000000000000000000e+00 0.000000000000000000e+00 1.000000000000000000e+00
3.400459868433838295e-01 9.999160366899902952e-01 -1.295837837780064276e-02 0.000000000000000000e+00 1.295837837780064276e-02 9.999160366899902952e-01 -0.000000000000000000e+00 0.000000000000000000e+00 0.000000000000000000e+00 1.000000000000000000e+00
3.450459868433832789e-01 9.999125585492094626e-01 -1.322404081867370636e-02 0.000000000000000000e+00 1.322404081867370636e-02 9.999125585492094626e-01 -0.000000000000000000e+00 0.000000000000000000e+00 0.000000000000000000e+00 1.000000000000000000e+00
3.501659868433832923e-01 9.999088903308221976e-01 -1.349855686301103253e-02 0.000000000000000000e+00 1.349855686301103253e-02 9.999088903308221976e-01 -0.000000000000000000e+00 0.000000000000000000e+00 0.000000000000000000e+00 1.000000000000000000e+00
3.551659868433827416e-01 9.999052529935648082e-01 -1.376535636571560653e-02 0.000000000000000000e+00 1.376535636571560653e-02 9.999052529935648082e-01 -0.000000000000000000e+00 0.000000000000000000e+00 0.000000000000000000e+00 1.000000000000000000e+00
3.601339868433824920e-01 9.999016100311036714e-01 -1.402748221195632312e-02 0.000000000000000000e+00 1.402748221195632312e-02 9.999016100311036714e-01 -0.000000000000000000e+00 0.000000000000000000e+00 0.000000000000000000e+00 1.000000000000000000e+00
3.650859868433822264e-01 9.998979205099570722e-01 -1.428805654607282795e-02 0.000000000000000000e+00 1.428805654607282795e-02 9.998979205099570722e-01 -0.000000000000000000e+00 0.000000000000000000e+00 0.000000000000000000e+00 1.000000000000000000e+00
3.700859868433816757e-01 9.998940898379666820e-01 -1.455366301329480243e-02 0.000000000000000000e+00 1.455366301329480243e-02 9.998940898379666820e-01 -0.000000000000000000e+00 0.000000000000000000e+00 0.000000000000000000e+00 1.000000000000000000e+00
3.750859868433811251e-01 9.998901346347817132e-01 -1.482290997201257503e-02 0.000000000000000000e+00 1.482290997201257503e-02 9.998901346347817132e-01 -0.000000000000000000e+00 0.000000000000000000e+00 0.000000000000000000e+00 1.000000000000000000e+00
3.800859868433805744e-01 9.998853362570351289e-01 -1.514312841377258440e-02 0.000000000000000000e+00 1.514312841377258440e-02 9.998853362570351289e-01 -0.000000000000000000e+00 0.000000000000000000e+00 0.000000000000000000e+00 1.000000000000000000e+00
3.850699868433802853e-01 9.998798876267348534e-01 -1.549871993257042127e-02 0.000000000000000000e+00 1.549871993257042127e-02 9.998798876267348534e-01 -0.000000000000000000e+00 0.000000000000000000e+00 0.000000000000000000e+00 1.000000000000000000e+00
3.900517468433803425e-01 9.998756257748852017e-01 -1.577127075672706685e-02 0.000000000000000000e+00 1.577127075672706685e-02 9.998756257748852017e-01 -0.000000000000000000e+00 0.000000000000000000e+00 0.000000000000000000e+00 1.000000000000000000e+00
3.950463068433801572e-01 9.998715402899580607e-01 -1.602819135732928488e-02 0.000000000000000000e+00 1.602819135732928488e-02 9.998715402899580607e-01 -0.000000000000000000e+00 0.000000000000000000e+00 0.000000000000000000e+00 1.000000000000000000e+00
4.000063068433803437e-01 9.998675321316549125e-01 -1.627630759583780298e-02 0.000000000000000000e+00 1.627630759583780298e-02 9.998675321316549125e-01 -0.000000000000000000e+00 0.000000000000000000e+00 0.000000000000000000e+00 1.000000000000000000e+00
4.050063068433797930e-01 9.998634142739801778e-01 -1.652733482383725999e-02 0.000000000000000000e+00 1.652733482383725999e-02 9.998634142739801778e-01 -0.000000000000000000e+00 0.000000000000000000e+00 0.000000000000000000e+00 1.000000000000000000e+00
4.100063068433792424e-01 9.998592294042727424e-01 -1.677859872260330926e-02 0.000000000000000000e+00 1.677859872260330926e-02 9.998592294042727424e-01 -0.000000000000000000e+00 0.000000000000000000e+00 0.000000000000000000e+00 1.000000000000000000e+00
4.150063068433786917e-01 9.998549719182955320e-01 -1.703041779477688228e-02 0.000000000000000000e+00 1.703041779477688228e-02 9.998549719182955320e-01 -0.000000000000000000e+00 0.000000000000000000e+00 0.000000000000000000e+00 1.000000000000000000e+00
4.200063068433781410e-01 9.998499484392777692e-01 -1.732283481344391168e-02 0.000000000000000000e+00 1.732283481344391168e-02 9.998499484392777692e-01 -0.000000000000000000e+00 0.000000000000000000e+00 0.000000000000000000e+00 1.000000000000000000e+00
4.251583068433779644e-01 9.998452242706602489e-01 -1.759339373609883697e-02 0.000000000000000000e+00 1.759339373609883697e-02 9.998452242706602489e-01 -0.000000000000000000e+00 0.000000000000000000e+00 0.000000000000000000e+00 1.000000000000000000e+00
4.301263068433776038e-01 9.998405412215781718e-01 -1.785755105668369869e-02 0.000000000000000000e+00 1.785755105668369869e-02 9.998405412215781718e-01 -0.000000000000000000e+00 0.000000000000000000e+00 0.000000000000000000e+00 1.000000000000000000e+00
4.351743068433776007e-01 9.998355500664792839e-01 -1.813485106807368949e-02 0.000000000000000000e+00 1.813485106807368949e-02 9.998355500664792839e-01 -0.000000000000000000e+00 0.000000000000000000e+00 0.000000000000000000e+00 1.000000000000000000e+00
4.401663068433782633e-01 9.998307787212976638e-01 -1.839603004899870858e-02 0.000000000000000000e+00 1.839603004899870858e-02 9.998307787212976638e-01 -0.000000000000000000e+00 0.000000000000000000e+00 0.000000000000000000e+00 1.000000000000000000e+00
4.450249819419298536e-01 9.998260739554131193e-01 -1.864998227627082464e-02 0.000000000000000000e+00 1.864998227627082464e-02 9.998260739554131193e-01 -0.000000000000000000e+00 0.000000000000000000e+00 0.000000000000000000e+00 1.000000000000000000e+00
4.500095167513829542e-01 9.998211838780902694e-01 -1.891032174803917998e-02 0.000000000000000000e+00 1.891032174803917998e-02 9.998211838780902694e-01 -0.000000000000000000e+00 0.000000000000000000e+00 0.000000000000000000e+00 1.000000000000000000e+00
4.550525979156299083e-01 9.998161465839964235e-01 -1.917480195279384556e-02 0.000000000000000000e+00 1.917480195279384556e-02 9.998161465839964235e-01 -0.000000000000000000e+00 0.000000000000000000e+00 0.000000000000000000e+00 1.000000000000000000e+00
4.601558329760398469e-01 9.998109604067423328e-01 -1.944333949063213954e-02 0.000000000000000000e+00 1.944333949063213954e-02 9.998109604067423328e-01 -0.000000000000000000e+00 0.000000000000000000e+00 0.000000000000000000e+00 1.000000000000000000e+00
4.650192549068112302e-01 9.998059315787952706e-01 -1.970023298993634625e-02 0.000000000000000000e+00 1.970023298993634625e-02 9.998059315787952706e-01 -0.000000000000000000e+00 0.000000000000000000e+00 0.000000000000000000e+00 1.000000000000000000e+00
4.700192549068106795e-01 9.998006628533425699e-01 -1.996583476885163341e-02 0.000000000000000000e+00 1.996583476885163341e-02 9.998006628533425699e-01 -0.000000000000000000e+00 0.000000000000000000e+00 0.000000000000000000e+00 1.000000000000000000e+00
4.750192549068101289e-01 9.997953449193979214e-01 -2.023038006322324528e-02 0.000000000000000000e+00 2.023038006322324528e-02 9.997953449193979214e-01 -0.000000000000000000e+00 0.000000000000000000e+00 0.000000000000000000e+00 1.000000000000000000e+00
4.800192549068095782e-01 9.997899452225230688e-01 -2.049549784573688471e-02 0.000000000000000000e+00 2.049549784573688471e-02 9.997899452225230688e-01 -0.000000000000000000e+00 0.000000000000000000e+00 0.000000000000000000e+00 1.000000000000000000e+00
4.850192549068090275e-01 9.997844676755975879e-01 -2.076097768945906960e-02 0.000000000000000000e+00 2.076097768945906960e-02 9.997844676755975879e-01 -0.000000000000000000e+00 0.000000000000000000e+00 0.000000000000000000e+00 1.000000000000000000e+00
4.900192549068084769e-01 9.997785239657996925e-01 -2.104526114751401056e-02 0.000000000000000000e+00 2.104526114751401056e-02 9.997785239657996925e-01 -0.000000000000000000e+00 0.000000000000000000e+00 0.000000000000000000e+00 1.000000000000000000e+00
4.950192549068079262e-01 9.997723237925414397e-01 -2.133777351229154337e-02 0.000000000000000000e+00 2.133777351229154337e-02 9.997723237925414397e-01 -0.000000000000000000e+00 0.000000000000000000e+00 0.000000000000000000e+00 1.000000000000000000e+00
5.000192549068074310e-01 9.997663069727982244e-01 -2.161785007748890167e-02 0.000000000000000000e+00 2.161785007748890167e-02 9.997663069727982244e-01 -0.000000000000000000e+00 0.000000000000000000e+00 0.000000000000000000e+00 1.000000000000000000e+00
5.050192549068068804e-01 9.997606763120289175e-01 -2.187670222211195864e-02 0.000000000000000000e+00 2.187670222211195864e-02 9.997606763120289175e-01 -0.000000000000000000e+00 0.000000000000000000e+00 0.000000000000000000e+00 1.000000000000000000e+00
5.100192549068063297e-01 9.997543247120276311e-01 -2.216506755229836687e-02 0.000000000000000000e+00 2.216506755229836687e-02 9.997543247120276311e-01 -0.000000000000000000e+00 0.000000000000000000e+00 0.000000000000000000e+00 1.000000000000000000e+00
5.150192549068057790e-01 9.997470981499771980e-01 -2.248865804578577612e-02 0.000000000000000000e+00 2.248865804578577612e-02 9.997470981499771980e-01 -0.000000000000000000e+00 0.000000000000000000e+00 0.000000000000000000e+00 1.000000000000000000e+00
5.200264741068062468e-01 9.997409881181195113e-01 -2.275866157326295047e-02 0.000000000000000000e+00 2.275866157326295047e-02 9.997409881181195113e-01 -0.000000000000000000e+00 0.000000000000000000e+00 0.000000000000000000e+00 1.000000000000000000e+00
5.250615766752545488e-01 9.997352039091298437e-01 -2.301134643542199903e-02 0.000000000000000000e+00 2.301134643542199903e-02 9.997352039091298437e-01 -0.000000000000000000e+00 0.000000000000000000e+00 0.000000000000000000e+00 1.000000000000000000e+00
5.300781462745173256e-01 9.997294356926822445e-01 -2.326059779093039501e-02 0.000000000000000000e+00 2.326059779093039501e-02 9.997294356926822445e-01 -0.000000000000000000e+00 0.000000000000000000e+00 0.000000000000000000e+00 1.000000000000000000e+00
5.350781462745167749e-01 9.997234743497622755e-01 -2.351541694379076855e-02 0.000000000000000000e+00 2.351541694379076855e-02 9.997234743497622755e-01 -0.000000000000000000e+00 0.000000000000000000e+00 0.000000000000000000e+00 1.000000000000000000e+00
5.400781462745162242e-01 9.997174116681085687e-01 -2.377176492433970625e-02 0.000000000000000000e+00 2.377176492433970625e-02 9.997174116681085687e-01 -0.000000000000000000e+00 0.000000000000000000e+00 0.000000000000000000e+00 1.000000000000000000e+00
5.450781462745156736e-01 9.997110536842228612e-01 -2.403766090078673923e-02 0.000000000000000000e+00 2.403766090078673923e-02 9.997110536842228612e-01 -0.000000000000000000e+00 0.000000000000000000e+00 0.000000000000000000e+00 1.000000000000000000e+00
5.500781462745151229e-01 9.997048180055267963e-01 -2.429561393619602758e-02 0.000000000000000000e+00 2.429561393619602758e-02 9.997048180055267963e-01 -0.000000000000000000e+00 0.000000000000000000e+00 0.000000000000000000e+00 1.000000000000000000e+00
5.550781462745145722e-01 9.996982850070970095e-01 -2.456295898033051400e-02 0.000000000000000000e+00 2.456295898033051400e-02 9.996982850070970095e-01 -0.000000000000000000e+00 0.000000000000000000e+00 0.000000000000000000e+00 1.000000000000000000e+00
5.600781462745140216e-01 9.996918566641791459e-01 -2.482320928741251972e-02 0.000000000000000000e+00 2.482320928741251972e-02 9.996918566641791459e-01 -0.000000000000000000e+00 0.000000000000000000e+00 0.000000000000000000e+00 1.000000000000000000e+00
5.650781462745134709e-01 9.996853803575127539e-01 -2.508266930482719315e-02 0.000000000000000000e+00 2.508266930482719315e-02 9.996853803575127539e-01 -0.000000000000000000e+00 0.000000000000000000e+00 0.000000000000000000e+00 1.000000000000000000e+00
5.700781462745129202e-01 9.996787977128741565e-01 -2.534366594127043446e-02 0.000000000000000000e+00 2.534366594127043446e-02 9.996787977128741565e-01 -0.000000000000000000e+00 0.000000000000000000e+00 0.000000000000000000e+00 1.000000000000000000e+00
5.750781462745123696e-01 9.996720424279970096e-01 -2.560874045784426734e-02 0.000000000000000000e+00 2.560874045784426734e-02 9.996720424279970096e-01 -0.000000000000000000e+00 0.000000000000000000e+00 0.000000000000000000e+00 1.000000000000000000e+00
5.800781462745118189e-01 9.996651924210178120e-01 -2.587475723267201877e-02 0.000000000000000000e+00 2.587475723267201877e-02 9.996651924210178120e-01 -0.000000000000000000e+00 0.000000000000000000e+00 0.000000000000000000e+00 1.000000000000000000e+00
5.850781462745112682e-01 9.996582707205201590e-01 -2.614080679817342920e-02 0.000000000000000000e+00 2.614080679817342920e-02 9.996582707205201590e-01 -0.000000000000000000e+00 0.000000000000000000e+00 0.000000000000000000e+00 1.000000000000000000e+00
5.900781462745107175e-01 9.996513375465879703e-01 -2.640460833487260836e-02 0.000000000000000000e+00 2.640460833487260836e-02 9.996513375465879703e-01 -0.000000000000000000e+00 0.000000000000000000e+00 0.000000000000000000e+00 1.000000000000000000e+00
5.950781462745101669e-01 9.996443684053805123e-01 -2.666714674291775777e-02 0.000000000000000000e+00 2.666714674291775777e-02 9.996443684053805123e-01 -0.000000000000000000e+00 0.000000000000000000e+00 0.000000000000000000e+00 1.000000000000000000e+00
6.000781462745096162e-01 9.996373426722522382e-01 -2.692922455546231317e-02 0.000000000000000000e+00 2.692922455546231317e-02 9.996373426722522382e-01 -0.000000000000000000e+00 0.000000000000000000e+00 0.000000000000000000e+00 1.000000000000000000e+00
6.050781462745090655e-01 9.996302597735077233e-01 -2.719087613795934458e-02 0.000000000000000000e+00 2.719087613795934458e-02 9.996302597735077233e-01 -0.000000000000000000e+00 0.000000000000000000e+00 0.000000000000000000e+00 1.000000000000000000e+00
6.100781462745085149e-01 9.996225725161861364e-01 -2.747203152521987546e-02 0.000000000000000000e+00 2.747203152521987546e-02 9.996225725161861364e-01 -0.000000000000000000e+00 0.000000000000000000e+00 0.000000000000000000e+00 1.000000000000000000e+00
6.150781462745079642e-01 9.996142193959142164e-01 -2.777431153957668139e-02 0.000000000000000000e+00 2.777431153957668139e-02 9.996142193959142164e-01 -0.000000000000000000e+00 0.000000000000000000e+00 0.000000000000000000e+00 1.000000000000000000e+00
6.200781462745074135e-01 9.996041640228400249e-01 -2.813388114355139941e-02 0.000000000000000000e+00 2.813388114355139941e-02 9.996041640228400249e-01 -0.000000000000000000e+00 0.000000000000000000e+00 0.000000000000000000e+00 1.000000000000000000e+00
6.250781462745068628e-01 9.995970536260265771e-01 -2.838539029442715966e-02 0.000000000000000000e+00 2.838539029442715966e-02 9.995970536260265771e-01 -0.000000000000000000e+00 0.000000000000000000e+00 0.000000000000000000e+00 1.000000000000000000e+00
6.300781462745063122e-01 9.995899540593443655e-01 -2.863431060176127932e-02 0.000000000000000000e+00 2.863431060176127932e-02 9.995899540593443655e-01 -0.000000000000000000e+00 0.000000000000000000e+00 0.000000000000000000e+00 1.000000000000000000e+00
6.350781462745057615e-01 9.995827710698836910e-01 -2.888397099176019320e-02 0.000000000000000000e+00 2.888397099176019320e-02 9.995827710698836910e-01 -0.000000000000000000e+00 0.000000000000000000e+00 0.000000000000000000e+00 1.000000000000000000e+00
6.400781462745052108e-01 9.995753916251446380e-01 -2.913823016998667165e-02 0.000000000000000000e+00 2.913823016998667165e-02 9.995753916251446380e-01 -0.000000000000000000e+00 0.000000000000000000e+00 0.000000000000000000e+00 1.000000000000000000e+00
6.450781462745046602e-01 9.995678719413303437e-01 -2.939505711306721406e-02 0.000000000000000000e+00 2.939505711306721406e-02 9.995678719413303437e-01 -0.000000000000000000e+00 0.000000000000000000e+00 0.000000000000000000e+00 1.000000000000000000e+00
6.500781462745041095e-01 9.995595626620672469e-01 -2.967626477198919213e-02 0.000000000000000000e+00 2.967626477198919213e-02 9.995595626620672469e-01 -0.000000000000000000e+00 0.000000000000000000e+00 0.000000000000000000e+00 1.000000000000000000e+00
6.550621462745042090e-01 9.995516913524546965e-01 -2.994021233137129576e-02 0.000000000000000000e+00 2.994021233137129576e-02 9.995516913524546965e-01 -0.000000000000000000e+00 0.000000000000000000e+00 0.000000000000000000e+00 1.000000000000000000e+00
6.601501462745035242e-01 9.995437652341684354e-01 -3.020366503426272220e-02 0.000000000000000000e+00 3.020366503426272220e-02 9.995437652341684354e-01 -0.000000000000000000e+00 0.000000000000000000e+00 0.000000000000000000e+00 1.000000000000000000e+00
6.651501462745029736e-01 9.995354609447028027e-01 -3.047724255999958651e-02 0.000000000000000000e+00 3.047724255999958651e-02 9.995354609447028027e-01 -0.000000000000000000e+00 0.000000000000000000e+00 0.000000000000000000e+00 1.000000000000000000e+00
6.701501462745024229e-01 9.995272848449479053e-01 -3.074421653720799813e-02 0.000000000000000000e+00 3.074421653720799813e-02 9.995272848449479053e-01 -0.000000000000000000e+00 0.000000000000000000e+00 0.000000000000000000e+00 1.000000000000000000e+00
6.751501462745018722e-01 9.995192237696093329e-01 -3.100518206684232253e-02 0.000000000000000000e+00 3.100518206684232253e-02 9.995192237696093329e-01 -0.000000000000000000e+00 0.000000000000000000e+00 0.000000000000000000e+00 1.000000000000000000e+00
6.801501462745013216e-01 9.995111448212912197e-01 -3.126453866655252989e-02 0.000000000000000000e+00 3.126453866655252989e-02 9.995111448212912197e-01 -0.000000000000000000e+00 0.000000000000000000e+00 0.000000000000000000e+00 1.000000000000000000e+00
6.851501462745007709e-01 9.995029285349646964e-01 -3.152611377936839765e-02 0.000000000000000000e+00 3.152611377936839765e-02 9.995029285349646964e-01 -0.000000000000000000e+00 0.000000000000000000e+00 0.000000000000000000e+00 1.000000000000000000e+00
6.901501462745002202e-01 9.994945961981828164e-01 -3.178918323316836519e-02 0.000000000000000000e+00 3.178918323316836519e-02 9.994945961981828164e-01 -0.000000000000000000e+00 0.000000000000000000e+00 0.000000000000000000e+00 1.000000000000000000e+00
6.951341462745003197e-01 9.994863169017336180e-01 -3.204843718822669024e-02 0.000000000000000000e+00 3.204843718822669024e-02 9.994863169017336180e-01 -0.000000000000000000e+00 0.000000000000000000e+00 0.000000000000000000e+00 1.000000000000000000e+00
7.000541462744996890e-01 9.994781730842321466e-01 -3.230141681422431937e-02 0.000000000000000000e+00 3.230141681422431937e-02 9.994781730842321466e-01 -0.000000000000000000e+00 0.000000000000000000e+00 0.000000000000000000e+00 1.000000000000000000e+00
7.050541462744991383e-01 9.994697394001347268e-01 -3.256132711403374874e-02 0.000000000000000000e+00 3.256132711403374874e-02 9.994697394001347268e-01 -0.000000000000000000e+00 0.000000000000000000e+00 0.000000000000000000e+00 1.000000000000000000e+00
7.100541462744985877e-01 9.994611576571829081e-01 -3.282368557252565017e-02 0.000000000000000000e+00 3.282368557252565017e-02 9.994611576571829081e-01 -0.000000000000000000e+00 0.000000000000000000e+00 0.000000000000000000e+00 1.000000000000000000e+00
7.150541462744980370e-01 9.994524425286424041e-01 -3.308799062395787610e-02 0.000000000000000000e+00 3.308799062395787610e-02 9.994524425286424041e-01 -0.000000000000000000e+00 0.000000000000000000e+00 0.000000000000000000e+00 1.000000000000000000e+00
7.200541462744974863e-01 9.994436805613732266e-01 -3.335160244929882833e-02 0.000000000000000000e+00 3.335160244929882833e-02 9.994436805613732266e-01 -0.000000000000000000e+00 0.000000000000000000e+00 0.000000000000000000e+00 1.000000000000000000e+00
7.250541462744969357e-01 9.994340362351449292e-01 -3.363937001085971767e-02 0.000000000000000000e+00 3.363937001085971767e-02 9.994340362351449292e-01 -0.000000000000000000e+00 0.000000000000000000e+00 0.000000000000000000e+00 1.000000000000000000e+00
7.300541462744963850e-01 9.994236330077282959e-01 -3.394704384234611960e-02 0.000000000000000000e+00 3.394704384234611960e-02 9.994236330077282959e-01 -0.000000000000000000e+00 0.000000000000000000e+00 0.000000000000000000e+00 1.000000000000000000e+00
7.350541462744958343e-01 9.994149799065715767e-01 -3.420084704137309195e-02 0.000000000000000000e+00 3.420084704137309195e-02 9.994149799065715767e-01 -0.000000000000000000e+00 0.000000000000000000e+00 0.000000000000000000e+00 1.000000000000000000e+00
7.400541462744952836e-01 9.994062244298212994e-01 -3.445574801002104087e-02 0.000000000000000000e+00 3.445574801002104087e-02 9.994062244298212994e-01 -0.000000000000000000e+00 0.000000000000000000e+00 0.000000000000000000e+00 1.000000000000000000e+00
7.450541462744947330e-01 9.993947158633675887e-01 -3.478795631219638862e-02 0.000000000000000000e+00 3.478795631219638862e-02 9.993947158633675887e-01 -0.000000000000000000e+00 0.000000000000000000e+00 0.000000000000000000e+00 1.000000000000000000e+00
7.500941462744947774e-01 9.993852274781834799e-01 -3.505947943680842033e-02 0.000000000000000000e+00 3.505947943680842033e-02 9.993852274781834799e-01 -0.000000000000000000e+00 0.000000000000000000e+00 0.000000000000000000e+00 1.000000000000000000e+00
7.551581462744941797e-01 9.993755381205821076e-01 -3.533459786380998419e-02 0.000000000000000000e+00 3.533459786380998419e-02 9.993755381205821076e-01 -0.000000000000000000e+00 0.000000000000000000e+00 0.000000000000000000e+00 1.000000000000000000e+00
7.601581462744936291e-01 9.993666927126343413e-01 -3.558389378091556671e-02 0.000000000000000000e+00 3.558389378091556671e-02 9.993666927126343413e-01 -0.000000000000000000e+00 0.000000000000000000e+00 0.000000000000000000e+00 1.000000000000000000e+00
7.651581462744930784e-01 9.993576266789742091e-01 -3.583760592685363011e-02 0.000000000000000000e+00 3.583760592685363011e-02 9.993576266789742091e-01 -0.000000000000000000e+00 0.000000000000000000e+00 0.000000000000000000e+00 1.000000000000000000e+00
7.701581462744925277e-01 9.993484883458136903e-01 -3.609153420038489768e-02 0.000000000000000000e+00 3.609153420038489768e-02 9.993484883458136903e-01 -0.000000000000000000e+00 0.000000000000000000e+00 0.000000000000000000e+00 1.000000000000000000e+00
7.751581462744919770e-01 9.993391631145731591e-01 -3.634882481545757132e-02 0.000000000000000000e+00 3.634882481545757132e-02 9.993391631145731591e-01 -0.000000000000000000e+00 0.000000000000000000e+00 0.000000000000000000e+00 1.000000000000000000e+00
7.801018262744922049e-01 9.993291460729915032e-01 -3.662318676775634663e-02 0.000000000000000000e+00 3.662318676775634663e-02 9.993291460729915032e-01 -0.000000000000000000e+00 0.000000000000000000e+00 0.000000000000000000e+00 1.000000000000000000e+00
7.850760086744928978e-01 9.993194994821317234e-01 -3.688547078162562193e-02 0.000000000000000000e+00 3.688547078162562193e-02 9.993194994821317234e-01 -0.000000000000000000e+00 0.000000000000000000e+00 0.000000000000000000e+00 1.000000000000000000e+00
7.900685334744930177e-01 9.993098779918794250e-01 -3.714522510169213088e-02 0.000000000000000000e+00 3.714522510169213088e-02 9.993098779918794250e-01 -0.000000000000000000e+00 0.000000000000000000e+00 0.000000000000000000e+00 1.000000000000000000e+00
7.950685334744924671e-01 9.993002319460178029e-01 -3.740382911728940690e-02 0.000000000000000000e+00 3.740382911728940690e-02 9.993002319460178029e-01 -0.000000000000000000e+00 0.000000000000000000e+00 0.000000000000000000e+00 1.000000000000000000e+00
8.000685334744919164e-01 9.992906091704327753e-01 -3.766003749049917637e-02 0.000000000000000000e+00 3.766003749049917637e-02 9.992906091704327753e-01 -0.000000000000000000e+00 0.000000000000000000e+00 0.000000000000000000e+00 1.000000000000000000e+00
8.050685334744913657e-01 9.992808643408177538e-01 -3.791772886485286070e-02 0.000000000000000000e+00 3.791772886485286070e-02 9.992808643408177538e-01 -0.000000000000000000e+00 0.000000000000000000e+00 0.000000000000000000e+00 1.000000000000000000e+00
8.100685334744908150e-01 9.992710509997511092e-01 -3.817547162581160641e-02 0.000000000000000000e+00 3.817547162581160641e-02 9.992710509997511092e-01 -0.000000000000000000e+00 0.000000000000000000e+00 0.000000000000000000e+00 1.000000000000000000e+00
8.150685334744902644e-01 9.992612306046144699e-01 -3.843166676781036017e-02 0.000000000000000000e+00 3.843166676781036017e-02 9.992612306046144699e-01 -0.000000000000000000e+00 0.000000000000000000e+00 0.000000000000000000e+00 1.000000000000000000e+00
8.200213567364132983e-01 9.992517720286778760e-01 -3.867681602132742175e-02 0.000000000000000000e+00 3.867681602132742175e-02 9.992517720286778760e-01 -0.000000000000000000e+00 0.000000000000000000e+00 0.000000000000000000e+00 1.000000000000000000e+00
8.250969291295243702e-01 9.992417215786290052e-01 -3.893561167591966937e-02 0.000000000000000000e+00 3.893561167591966937e-02 9.992417215786290052e-01 -0.000000000000000000e+00 0.000000000000000000e+00 0.000000000000000000e+00 1.000000000000000000e+00
8.301731479161983396e-01 9.992313205368377194e-01 -3.920163336147740318e-02 0.000000000000000000e+00 3.920163336147740318e-02 9.992313205368377194e-01 -0.000000000000000000e+00 0.000000000000000000e+00 0.000000000000000000e+00 1.000000000000000000e+00
8.350748259748356217e-01 9.992212771504758173e-01 -3.945680283262259502e-02 0.000000000000000000e+00 3.945680283262259502e-02 9.992212771504758173e-01 -0.000000000000000000e+00 0.000000000000000000e+00 0.000000000000000000e+00 1.000000000000000000e+00
8.401256650041543095e-01 9.992106069786117484e-01 -3.972609849248575492e-02 0.000000000000000000e+00 3.972609849248575492e-02 9.992106069786117484e-01 -0.000000000000000000e+00 0.000000000000000000e+00 0.000000000000000000e+00 1.000000000000000000e+00
8.451256650041537588e-01 9.991997603983865384e-01 -3.999798519684912013e-02 0.000000000000000000e+00 3.999798519684912013e-02 9.991997603983865384e-01 -0.000000000000000000e+00 0.000000000000000000e+00 0.000000000000000000e+00 1.000000000000000000e+00
8.501256650041532081e-01 9.991877521287959585e-01 -4.029684845995008119e-02 0.000000000000000000e+00 4.029684845995008119e-02 9.991877521287959585e-01 -0.000000000000000000e+00 0.000000000000000000e+00 0.000000000000000000e+00 1.000000000000000000e+00
8.551115850041535182e-01 9.991729851646007354e-01 -4.066135410018964502e-02 0.000000000000000000e+00 4.066135410018964502e-02 9.991729851646007354e-01 -0.000000000000000000e+00 0.000000000000000000e+00 0.000000000000000000e+00 1.000000000000000000e+00
8.600425136441540719e-01 9.991629852060016637e-01 -4.090634418072409961e-02 0.000000000000000000e+00 4.090634418072409961e-02 9.991629852060016637e-01 -0.000000000000000000e+00 0.000000000000000000e+00 0.000000000000000000e+00 1.000000000000000000e+00
8.650934074681548847e-01 9.991530943941463461e-01 -4.114722302418907102e-02 0.000000000000000000e+00 4.114722302418907102e-02 9.991530943941463461e-01 -0.000000000000000000e+00 0.000000000000000000e+00 0.000000000000000000e+00 1.000000000000000000e+00
8.700377237071966752e-01 9.991435895326835626e-01 -4.137737903425808134e-02 0.000000000000000000e+00 4.137737903425808134e-02 9.991435895326835626e-01 -0.000000000000000000e+00 0.000000000000000000e+00 0.000000000000000000e+00 1.000000000000000000e+00
8.750918621708582146e-01 9.991319864084761138e-01 -4.165661694680697358e-02 0.000000000000000000e+00 4.165661694680697358e-02 9.991319864084761138e-01 -0.000000000000000000e+00 0.000000000000000000e+00 0.000000000000000000e+00 1.000000000000000000e+00
8.801122069793453351e-01 9.991214807447981183e-01 -4.190783595370016490e-02 0.000000000000000000e+00 4.190783595370016490e-02 9.991214807447981183e-01 -0.000000000000000000e+00 0.000000000000000000e+00 0.000000000000000000e+00 1.000000000000000000e+00
8.851122069793447844e-01 9.991107051900969260e-01 -4.216395112590361205e-02 0.000000000000000000e+00 4.216395112590361205e-02 9.991107051900969260e-01 -0.000000000000000000e+00 0.000000000000000000e+00 0.000000000000000000e+00 1.000000000000000000e+00
8.901122069793442337e-01 9.990997976905381384e-01 -4.242162484778307097e-02 0.000000000000000000e+00 4.242162484778307097e-02 9.990997976905381384e-01 -0.000000000000000000e+00 0.000000000000000000e+00 0.000000000000000000e+00 1.000000000000000000e+00
8.951122069793436831e-01 9.990884524611628459e-01 -4.268798611739479942e-02 0.000000000000000000e+00 4.268798611739479942e-02 9.990884524611628459e-01 -0.000000000000000000e+00 0.000000000000000000e+00 0.000000000000000000e+00 1.000000000000000000e+00
9.001122069793431324e-01 9.990771228086764433e-01 -4.295233032487649066e-02 0.000000000000000000e+00 4.295233032487649066e-02 9.990771228086764433e-01 -0.000000000000000000e+00 0.000000000000000000e+00 0.000000000000000000e+00 1.000000000000000000e+00
9.051563669793430966e-01 9.990672138599631102e-01 -4.318219760608378588e-02 0.000000000000000000e+00 4.318219760608378588e-02 9.990672138599631102e-01 -0.000000000000000000e+00 0.000000000000000000e+00 0.000000000000000000e+00 1.000000000000000000e+00
9.100471875873439309e-01 9.990580711212181386e-01 -4.339320831134121231e-02 0.000000000000000000e+00 4.339320831134121231e-02 9.990580711212181386e-01 -0.000000000000000000e+00 0.000000000000000000e+00 0.000000000000000000e+00 1.000000000000000000e+00
9.150362727713436950e-01 9.990463362490904498e-01 -4.366254719172340398e-02 0.000000000000000000e+00 4.366254719172340398e-02 9.990463362490904498e-01 -0.000000000000000000e+00 0.000000000000000000e+00 0.000000000000000000e+00 1.000000000000000000e+00
9.200362727713431443e-01 9.990344569265994235e-01 -4.393351651501205268e-02 0.000000000000000000e+00 4.393351651501205268e-02 9.990344569265994235e-01 -0.000000000000000000e+00 0.000000000000000000e+00 0.000000000000000000e+00 1.000000000000000000e+00
9.250362727713425937e-01 9.990226459240558743e-01 -4.420127748039217458e-02 0.000000000000000000e+00 4.420127748039217458e-02 9.990226459240558743e-01 -0.000000000000000000e+00 0.000000000000000000e+00 0.000000000000000000e+00 1.000000000000000000e+00
9.300442727713429392e-01 9.990104016818746047e-01 -4.447715516329642238e-02 0.000000000000000000e+00 4.447715516329642238e-02 9.990104016818746047e-01 -0.000000000000000000e+00 0.000000000000000000e+00 0.000000000000000000e+00 1.000000000000000000e+00
9.350560154913443167e-01 9.989980049976652232e-01 -4.475473171280770074e-02 0.000000000000000000e+00 4.475473171280770074e-02 9.989980049976652232e-01 -0.000000000000000000e+00 0.000000000000000000e+00 0.000000000000000000e+00 1.000000000000000000e+00
9.400415478627874855e-01 9.989858944521649020e-01 -4.502424553069555441e-02 0.000000000000000000e+00 4.502424553069555441e-02 9.989858944521649020e-01 -0.000000000000000000e+00 0.000000000000000000e+00 0.000000000000000000e+00 1.000000000000000000e+00
9.450547339493216015e-01 9.989734303770235746e-01 -4.529994923575713511e-02 0.000000000000000000e+00 4.529994923575713511e-02 9.989734303770235746e-01 -0.000000000000000000e+00 0.000000000000000000e+00 0.000000000000000000e+00 1.000000000000000000e+00
9.501309924932996864e-01 9.989607419742675409e-01 -4.557889856305526177e-02 0.000000000000000000e+00 4.557889856305526177e-02 9.989607419742675409e-01 -0.000000000000000000e+00 0.000000000000000000e+00 0.000000000000000000e+00 1.000000000000000000e+00
9.551309924932991358e-01 9.989480909721262236e-01 -4.585533276670135383e-02 0.000000000000000000e+00 4.585533276670135383e-02 9.989480909721262236e-01 -0.000000000000000000e+00 0.000000000000000000e+00 0.000000000000000000e+00 1.000000000000000000e+00
9.601309924932985851e-01 9.989352191378592094e-01 -4.613488881527089136e-02 0.000000000000000000e+00 4.613488881527089136e-02 9.989352191378592094e-01 -0.000000000000000000e+00 0.000000000000000000e+00 0.000000000000000000e+00 1.000000000000000000e+00
9.650557924932988696e-01 9.989229123363090324e-01 -4.640059492664890678e-02 0.000000000000000000e+00 4.640059492664890678e-02 9.989229123363090324e-01 -0.000000000000000000e+00 0.000000000000000000e+00 0.000000000000000000e+00 1.000000000000000000e+00
9.701142705732991312e-01 9.989101303020919698e-01 -4.667495666691138384e-02 0.000000000000000000e+00 4.667495666691138384e-02 9.989101303020919698e-01 -0.000000000000000000e+00 0.000000000000000000e+00 0.000000000000000000e+00 1.000000000000000000e+00
9.750334759492998993e-01 9.988977521858096731e-01 -4.693911671662515106e-02 0.000000000000000000e+00 4.693911671662515106e-02 9.988977521858096731e-01 -0.000000000000000000e+00 0.000000000000000000e+00 0.000000000000000000e+00 1.000000000000000000e+00
9.800574759492999277e-01 9.988856738460731854e-01 -4.719545089387958137e-02 0.000000000000000000e+00 4.719545089387958137e-02 9.988856738460731854e-01 -0.000000000000000000e+00 0.000000000000000000e+00 0.000000000000000000e+00 1.000000000000000000e+00
9.850414759492994721e-01 9.988729419247758257e-01 -4.746415374304898543e-02 0.000000000000000000e+00 4.746415374304898543e-02 9.988729419247758257e-01 -0.000000000000000000e+00 0.000000000000000000e+00 0.000000000000000000e+00 1.000000000000000000e+00
9.901371559492992969e-01 9.988598586860194528e-01 -4.773869191489758801e-02 0.000000000000000000e+00 4.773869191489758801e-02 9.988598586860194528e-01 -0.000000000000000000e+00 0.000000000000000000e+00 0.000000000000000000e+00 1.000000000000000000e+00
9.950430759492989718e-01 9.988470357771893626e-01 -4.800624041853734231e-02 0.000000000000000000e+00 4.800624041853734231e-02 9.988470357771893626e-01 -0.000000000000000000e+00 0.000000000000000000e+00 0.000000000000000000e+00 1.000000000000000000e+00
1.000000000000000000e+00 9.988341905871871429e-01 -4.827276368760202024e-02 0.000000000000000000e+00 4.827276368760202024e-02 9.988341905871871429e-01 -0.000000000000000000e+00 0.000000000000000000e+00 0.000000000000000000e+00 1.000000000000000000e+00
