0       , 0.2      , 0
0.016722407, 0.204064652, 0.097143993
0.033444814, 0.208240613, 0.189839378
0.050167225, 0.212544933, 0.280286342
0.066889629, 0.216998592, 0.370147705
0.083612040, 0.221624225, 0.460802019
0.100334451, 0.226445153, 0.553498745
0.117056854, 0.231484920, 0.649470270
0.133779258, 0.236766964, 0.750032246
0.150501668, 0.242314026, 0.856694758
0.167224079, 0.248147234, 0.971311390
0.183946490, 0.254283875, 1.096309185
0.200668901, 0.260732859, 1.235088229
0.217391297, 0.267483532, 1.392788053
0.234113708, 0.274475455, 1.577941775
0.250836134, 0.281498551, 1.806507587
0.267558515, 0.287756354, 2.111885309
0.284280926, 0.290003091, 2.532222033
0.301003337, 0.285006791, 2.938813925
0.317725748, 0.276693076, 3.249839306
0.334448159, 0.267413408, 3.502645969
0.351170570, 0.257877946, 3.721201897
0.367892981, 0.248377547, 3.917799950
0.384615391, 0.239067867, 4.099628449
0.401337802, 0.230050251, 4.271516323
0.418060213, 0.221402988, 4.437196732
0.434782594, 0.213198289, 4.600036621
0.451505005, 0.205517054, 4.763648987
0.468227416, 0.198471680, 4.932692528
0.484949827, 0.192260116, 5.114334106
0.501672268, 0.187341645, 5.320823669
0.518394649, 0.184975013, 5.562285900
0.535117030, 0.186287701, 5.787986755
0.551839471, 0.189431563, 5.956871510
0.568561852, 0.193095550, 6.090041637
0.585284293, 0.196951076, 6.203667641
0.602006674, 0.200921208, 6.305959702
0.618729115, 0.204995215, 6.401510239
0.635451496, 0.209183559, 6.493215561
0.652173936, 0.213504583, 6.583106041
0.668896317, 0.217979819, 6.672752857
0.685618699, 0.222632214, 6.763486385
0.702341139, 0.227485269, 6.856537819
0.719063520, 0.232562602, 6.953143120
0.735785961, 0.237887532, 7.054641724
0.752508342, 0.243482500, 7.162593365
0.769230783, 0.249367878, 7.278936863
0.785953164, 0.255559623, 7.406246662
0.802675605, 0.262063801, 7.548182011
0.819397986, 0.268863291, 7.710372925
0.836120427, 0.275880307, 7.902368546
0.852842808, 0.282845706, 8.142500877
0.869565189, 0.288698137, 8.469079971
0.886287630, 0.289515883, 8.903103828
0.903010011, 0.283518314, 9.289484978
0.919732451, 0.274917006, 9.586173058
0.936454833, 0.265555292, 9.830803871
0.953177273, 0.256013572, 10.044238091
0.969899654, 0.246544585, 10.237405777
0.986622095, 0.237289354, 10.416879654
1.003344536, 0.228342831, 10.587197304
1.020066857, 0.219780624, 10.751968384
1.036789298, 0.211674929, 10.914558411
1.053511739, 0.204110011, 11.078709602
1.070234060, 0.197208315, 11.249417305
1.086956501, 0.191196948, 11.434596062
1.103678942, 0.186632499, 11.647616386
1.120401382, 0.184966773, 11.892624855
1.137123704, 0.186815664, 12.107651711
1.153846145, 0.190123856, 12.268225670
1.170568585, 0.193851441, 12.397051811
1.187291026, 0.197747618, 12.508324623
1.204013348, 0.201754346, 12.609327316
1.220735788, 0.205866575, 12.704236031
1.237458229, 0.210096911, 12.795742035
1.254180551, 0.214464545, 12.885771751
1.270902991, 0.218991339, 12.975841522
1.287625432, 0.223700315, 13.067256927
1.304347873, 0.228614882, 13.161249161
1.321070194, 0.233758584, 13.259073257
1.337792635, 0.239154577, 13.362115860
1.354515076, 0.244825050, 13.472013474
1.371237397, 0.250789791, 13.590836525
1.387959838, 0.257063240, 13.721371651
1.404682279, 0.263647795, 13.867652893
1.421404719, 0.270516872, 14.036013603
1.438127041, 0.277565509, 14.237494469
1.454849482, 0.284426540, 14.493968010
1.471571922, 0.289582759, 14.849401474
1.488294363, 0.288525313, 15.289231300
1.505016685, 0.281573594, 15.650737762
1.521739125, 0.272694290, 15.932167053
1.538461566, 0.263250917, 16.167963028
1.555183888, 0.253705323, 16.375804901
1.571906328, 0.244272828, 16.565246582
1.588628769, 0.235079691, 16.742227554
1.605351210, 0.226214558, 16.910987854
1.622073531, 0.217751339, 17.075023651
1.638795972, 0.209764048, 17.237733841
1.655518413, 0.202343643, 17.403064728
1.672240853, 0.195629761, 17.576532364
1.688963175, 0.189898655, 17.767185211
1.705685616, 0.185871333, 17.989450455
1.722408056, 0.185166627, 18.234588623
1.739130378, 0.187555641, 18.434322357
1.755852819, 0.191002920, 18.584789276
1.772575259, 0.194768250, 18.707996368
1.789297700, 0.198677093, 18.815906525
1.806020021, 0.202691540, 18.914791107
1.822742462, 0.206813022, 19.008350372
1.839464903, 0.211056381, 19.099035263
1.856187344, 0.215441689, 19.188634872
1.872909665, 0.219991177, 19.278594971
1.889632106, 0.224728033, 19.370183945
1.906354547, 0.229675815, 19.464626312
1.923076868, 0.234858081, 19.563186646
1.939799309, 0.240297854, 19.667285919
1.956521750, 0.246016860, 19.778625488
1.973244190, 0.252033979, 19.899381638
1.989966512, 0.258361816, 20.032529831
2.006689072, 0.264998794, 20.182439804
2.023411274, 0.271908611, 20.356105804
2.040133715, 0.278957635, 20.566013336
2.056856155, 0.285669178, 20.837493896
2.073578596, 0.290024668, 21.217136383
2.090301037, 0.287460268, 21.651525497
2.107023478, 0.279925615, 21.993747711
2.123745918, 0.270879477, 22.264114380
2.140468121, 0.261395842, 22.493341446
2.157190561, 0.251863778, 22.696922302
2.173913002, 0.242474318, 22.883460999
2.190635443, 0.233343750, 23.058452606
2.207357884, 0.224556282, 23.225931168
2.224080324, 0.216184378, 23.389324188
2.240802765, 0.208303258, 23.552076340
2.257524967, 0.201009318, 23.718338013
2.274247408, 0.194457650, 23.894100189
2.290969849, 0.188972205, 24.089401245
2.307692289, 0.185431242, 24.318737030
2.324414730, 0.185456336, 24.560358047
2.341137171, 0.188170359, 24.749254227
2.357859612, 0.191718444, 24.893550873
2.374582052, 0.195532963, 25.013511658
2.391304255, 0.199479714, 25.119647980
2.408026695, 0.203531399, 25.217590332
2.424749136, 0.207692891, 25.310741425
2.441471577, 0.211980447, 25.401397705
2.458194017, 0.216414705, 25.491275787
2.474916458, 0.221018150, 25.581781387
2.491638899, 0.225814000, 25.674173355
2.508361101, 0.230825767, 25.769680023
2.525083542, 0.236076847, 25.869602203
2.541805983, 0.241590038, 25.975414276
2.558528423, 0.247386709, 26.088914871
2.575250864, 0.253484786, 26.212444305
2.591973305, 0.259894639, 26.349243164
2.608695746, 0.266609222, 26.504167557
2.625417948, 0.273577690, 26.685174942
2.642140389, 0.280620545, 26.906892776
2.658862829, 0.287073374, 27.199724197
2.675585270, 0.290143043, 27.607624054
2.692307711, 0.285910040, 28.025915146
2.709030151, 0.277824461, 28.347072601
2.725752592, 0.268611997, 28.605592728
2.742474794, 0.259087682, 28.827671051
2.759197235, 0.249571756, 29.026597977
2.775919676, 0.240230769, 29.210012436
2.792642117, 0.231170714, 29.382953644
2.809364557, 0.222471744, 29.549247742
2.826086998, 0.214206085, 29.712278366
2.842809439, 0.206452653, 29.875589371
2.859531879, 0.199318022, 30.043649673
2.876254082, 0.192984015, 30.223188400
2.892976522, 0.187857524, 30.425691605
2.909698963, 0.185063660, 30.663652420
2.926421404, 0.185975224, 30.895694733
2.943143845, 0.188994527, 31.070777893
2.959866285, 0.192619562, 31.207284927
2.976588726, 0.196455881, 31.322771072
2.993310928, 0.200410813, 31.426145554
3.010033369, 0.204469234, 31.522321701
3.026755810, 0.208640203, 31.614351273
3.043478251, 0.212941483, 31.704347610
3.060200691, 0.217394263, 31.793918610
3.076923132, 0.222021252, 31.884418488
3.093645573, 0.226845801, 31.977077484
3.110367775, 0.231891468, 32.073123932
3.127090216, 0.237181634, 32.173881531
3.143812656, 0.242738888, 32.280868530
3.160535097, 0.248584002, 32.395961761
3.177257538, 0.254733741, 32.521633148
3.193979979, 0.261195987, 32.661365509
3.210702419, 0.267958015, 32.820446014
3.227424860, 0.274954051, 33.007728577
3.244147062, 0.281956166, 33.239906311
3.260869503, 0.288089037, 33.551971436
3.277591944, 0.289876759, 33.977497101
3.294314385, 0.284526676, 34.377426147
3.311036825, 0.276113093, 34.683448792
3.327759266, 0.266806871, 34.933406830
3.344481707, 0.257271200, 35.150180817
3.361203909, 0.247783467, 35.345573425
3.377926350, 0.238494352, 35.526554108
3.394648790, 0.229503006, 35.697853088
3.411371231, 0.220886707, 35.863151550
3.428093672, 0.212717369, 36.025810242
3.444816113, 0.205076471, 36.189476013
3.461538553, 0.198078841, 36.358909607
3.478260756, 0.191930234, 36.541492462
3.494983196, 0.187116534, 36.749816895
3.511705637, 0.184956595, 36.992565155
3.528428078, 0.186443180, 37.215290070
3.545150518, 0.189646661, 37.381752014
3.561872959, 0.193339154, 37.513748169
3.578595400, 0.197216809, 37.626819611
3.595317602, 0.201208398, 37.728885651
3.612040043, 0.205304831, 37.824413300
3.628762484, 0.209517285, 37.916233063
3.645484924, 0.213864386, 38.006351471
3.662207365, 0.218367785, 38.096324921
3.678929806, 0.223050341, 38.187480927
3.695652247, 0.227935463, 38.281047821
3.712374687, 0.233046606, 38.378273010
3.729096890, 0.238406956, 38.480518341
3.745819330, 0.244038835, 38.589370728
3.762541771, 0.249962404, 38.706836700
3.779264212, 0.256193072, 38.835571289
3.795986652, 0.262735546, 38.979400635
3.812709093, 0.269569039, 39.144245148
3.829431534, 0.276604861, 39.340270996
3.846153736, 0.283535570, 39.587257385
3.862876177, 0.289121687, 39.926139832
3.879598618, 0.289134294, 40.364452362
3.896321058, 0.282685488, 40.740013123
3.913043499, 0.273951232, 41.029850006
3.929765940, 0.264548302, 41.270545959
3.946488380, 0.255000919, 41.481513977
3.963210583, 0.245544329, 41.673053741
3.979933024, 0.236312792, 41.851459503
3.996655464, 0.227398410, 42.021125793
4.013378143, 0.218876168, 42.185611725
4.030100346, 0.210819244, 42.348293304
4.046822548, 0.203315005, 42.512996674
4.063545227, 0.196493402, 42.684932709
4.080267429, 0.190602154, 42.872509003
4.096990109, 0.186266258, 43.089637756
4.113712311, 0.185028881, 43.335308075
4.130434990, 0.187136248, 43.543285370
4.147157192, 0.190504834, 43.698913574
4.163879395, 0.194240496, 43.824901581
4.180602074, 0.198130846, 43.934391022
4.197324276, 0.202128217, 44.034194946
4.214046955, 0.206231147, 44.128261566
4.230769157, 0.210453555, 44.219165802
4.247491837, 0.214815125, 44.308776855
4.264214039, 0.219337821, 44.398559570
4.280936241, 0.224044636, 44.489803314
4.297658920, 0.228959009, 44.583728790
4.314381123, 0.234104455, 44.681579590
4.331103802, 0.239504054, 44.784755707
4.347826004, 0.245179832, 44.894901276
4.364548683, 0.251151204, 45.014106750
4.381270886, 0.257432044, 45.145206451
4.397993088, 0.264023662, 45.292308807
4.414715767, 0.270897090, 45.461910248
4.431437969, 0.277940482, 45.665397644
4.448160648, 0.284761339, 45.925472260
4.464882851, 0.289725184, 46.286991119
4.481605530, 0.288270473, 46.725975037
4.498327732, 0.281158149, 47.082218170
4.515049934, 0.272236496, 47.360588074
4.531772614, 0.262785643, 47.594570160
4.548494816, 0.253246993, 47.801223755
4.565217495, 0.243829206, 47.989837646
4.581939697, 0.234655961, 48.166225433
4.598662376, 0.225814730, 48.334560394
4.615384579, 0.217378840, 48.498317719
4.632106781, 0.209422261, 48.660900116
4.648829460, 0.202036560, 48.826293945
4.665551662, 0.195363998, 49.000110626
4.682274342, 0.189689651, 49.191596985
4.698996544, 0.185765073, 49.415267944
4.715719223, 0.185220048, 49.659900665
4.732441425, 0.187688932, 49.857414246
4.749164105, 0.191166639, 50.006683350
4.765886307, 0.194952115, 50.129356384
4.782608509, 0.198879570, 50.237060547
4.799331188, 0.202913105, 50.335922241
4.816053391, 0.207054749, 50.429576874
4.832776070, 0.211319700, 50.520442963
4.849498272, 0.215728179, 50.610301971
4.866220951, 0.220302492, 50.700595856
4.882943153, 0.225065783, 50.792587280
4.899665356, 0.230041489, 50.887508392
4.916388035, 0.235253036, 50.986637115
4.933110237, 0.240723267, 51.091411591
4.949832916, 0.246473804, 51.203571320
4.966555119, 0.252523243, 51.325347900
4.983277798, 0.258883566, 51.459804535
5       , 0.265551507, 51.611480713
