0.000000000000e00,2.000000000000e-01,0.000000000000e00
4.000000000000e-03,2.009633000000e-01,2.380276543211e-02
8.000000000000e-03,2.019333000000e-01,4.724487602760e-02
1.200000000000e-02,2.029102000000e-01,7.037197214638e-02
1.600000000000e-02,2.038941000000e-01,9.322550535822e-02
2.000000000000e-02,2.048854000000e-01,1.158434889342e-01
2.400000000000e-02,2.058843000000e-01,1.382607945528e-01
2.800000000000e-02,2.068911000000e-01,1.605096933518e-01
3.200000000000e-02,2.079062000000e-01,1.826200828215e-01
3.600000000000e-02,2.089298000000e-01,2.046201325758e-01
4.000000000000e-02,2.099624000000e-01,2.265360574602e-01
4.400000000000e-02,2.110043000000e-01,2.483926411500e-01
4.800000000000e-02,2.120559000000e-01,2.702136201230e-01
5.200000000000e-02,2.131175000000e-01,2.920213345938e-01
5.600000000000e-02,2.141896000000e-01,3.138376011778e-01
6.000000000000e-02,2.152725000000e-01,3.356831892933e-01
6.400000000000e-02,2.163667000000e-01,3.575781702267e-01
6.800000000000e-02,2.174725000000e-01,3.795424407313e-01
7.200000000000e-02,2.185904000000e-01,4.015950248961e-01
7.600000000000e-02,2.197207000000e-01,4.237552958758e-01
8.000000000000e-02,2.208639000000e-01,4.460415796274e-01
8.400000000000e-02,2.220203000000e-01,4.684729002399e-01
8.800000000000e-02,2.231904000000e-01,4.910677582033e-01
9.200000000000e-02,2.243745000000e-01,5.138446540077e-01
9.600000000000e-02,2.255732000000e-01,5.368229608077e-01
1.000000000000e-01,2.267867000000e-01,5.600213536265e-01
1.040000000000e-01,2.280154000000e-01,5.834593801515e-01
1.080000000000e-01,2.292599000000e-01,6.071569371363e-01
1.120000000000e-01,2.305205000000e-01,6.311344449331e-01
1.160000000000e-01,2.317975000000e-01,6.554128474930e-01
1.200000000000e-01,2.330915000000e-01,6.800141359645e-01
1.240000000000e-01,2.344027000000e-01,7.049604760291e-01
1.280000000000e-01,2.357316000000e-01,7.302759532305e-01
1.320000000000e-01,2.370786000000e-01,7.559848276453e-01
1.360000000000e-01,2.384439000000e-01,7.821134537452e-01
1.400000000000e-01,2.398281000000e-01,8.086888841336e-01
1.440000000000e-01,2.412315000000e-01,8.357406148749e-01
1.480000000000e-01,2.426543000000e-01,8.632990146980e-01
1.520000000000e-01,2.440970000000e-01,8.913975939247e-01
1.560000000000e-01,2.455599000000e-01,9.200714336728e-01
1.600000000000e-01,2.470432000000e-01,9.493585821200e-01
1.640000000000e-01,2.485472000000e-01,9.793000545038e-01
1.680000000000e-01,2.500722000000e-01,1.009940531253e00
1.720000000000e-01,2.516183000000e-01,1.041328532521e00
1.760000000000e-01,2.531858000000e-01,1.073516941784e00
1.800000000000e-01,2.547746000000e-01,1.106563878506e00
1.840000000000e-01,2.563849000000e-01,1.140533745336e00
1.880000000000e-01,2.580165000000e-01,1.175497577175e00
1.920000000000e-01,2.596692000000e-01,1.211534262906e00
1.960000000000e-01,2.613428000000e-01,1.248732465254e00
2.000000000000e-01,2.630368000000e-01,1.287191842519e00
2.040000000000e-01,2.647504000000e-01,1.327024619373e00
2.080000000000e-01,2.664826000000e-01,1.368358553916e00
2.120000000000e-01,2.682320000000e-01,1.411339730207e00
2.160000000000e-01,2.699968000000e-01,1.456135699855e00
2.200000000000e-01,2.717744000000e-01,1.502939845340e00
2.240000000000e-01,2.735614000000e-01,1.551976441471e00
2.280000000000e-01,2.753531000000e-01,1.603505193241e00
2.320000000000e-01,2.771432000000e-01,1.657828391676e00
2.360000000000e-01,2.789229000000e-01,1.715293706364e00
2.400000000000e-01,2.806799000000e-01,1.776294883583e00
2.440000000000e-01,2.823973000000e-01,1.841266510318e00
2.480000000000e-01,2.840512000000e-01,1.910643348085e00
2.520000000000e-01,2.856083000000e-01,1.984804133331e00
2.560000000000e-01,2.870242000000e-01,2.063949578921e00
2.600000000000e-01,2.882439000000e-01,2.147941803844e00
2.640000000000e-01,2.892065000000e-01,2.236218812081e00
2.680000000000e-01,2.898554000000e-01,2.327883504396e00
2.720000000000e-01,2.901466000000e-01,2.421968968383e00
2.760000000000e-01,2.900522000000e-01,2.517604284746e00
2.800000000000e-01,2.895598000000e-01,2.613901080896e00
2.840000000000e-01,2.886771000000e-01,2.709691731562e00
2.880000000000e-01,2.874361000000e-01,2.803564265381e00
2.920000000000e-01,2.858905000000e-01,2.894211430741e00
2.960000000000e-01,2.841021000000e-01,2.980797214933e00
3.000000000000e-01,2.821285000000e-01,3.063028402641e00
3.040000000000e-01,2.800167000000e-01,3.141007968290e00
3.080000000000e-01,2.778022000000e-01,3.215044835160e00
3.120000000000e-01,2.755115000000e-01,3.285521230356e00
3.160000000000e-01,2.731643000000e-01,3.352819380983e00
3.200000000000e-01,2.707755000000e-01,3.417291843552e00
3.240000000000e-01,2.683566000000e-01,3.479254522656e00
3.280000000000e-01,2.659166000000e-01,3.538981434989e00
3.320000000000e-01,2.634627000000e-01,3.596706454669e00
3.360000000000e-01,2.610008000000e-01,3.652639021208e00
3.400000000000e-01,2.585357000000e-01,3.706958903518e00
3.440000000000e-01,2.560716000000e-01,3.759823181231e00
3.480000000000e-01,2.536120000000e-01,3.811371480689e00
3.520000000000e-01,2.511599000000e-01,3.861724229609e00
3.560000000000e-01,2.487180000000e-01,3.910991383734e00
3.600000000000e-01,2.462887000000e-01,3.959275917491e00
3.640000000000e-01,2.438742000000e-01,4.006663352012e00
3.680000000000e-01,2.414763000000e-01,4.053237463101e00
3.720000000000e-01,2.390968000000e-01,4.099073299917e00
3.760000000000e-01,2.367374000000e-01,4.144240675629e00
3.800000000000e-01,2.343997000000e-01,4.188805912750e00
3.840000000000e-01,2.320851000000e-01,4.232830097802e00
3.880000000000e-01,2.297949000000e-01,4.276372571981e00
3.920000000000e-01,2.275306000000e-01,4.319492676480e00
3.960000000000e-01,2.252934000000e-01,4.362241025850e00
4.000000000000e-01,2.230848000000e-01,4.404676961283e00
4.040000000000e-01,2.209059000000e-01,4.446851097328e00
4.080000000000e-01,2.187582000000e-01,4.488817539192e00
4.120000000000e-01,2.166429000000e-01,4.530630392082e00
4.160000000000e-01,2.145616000000e-01,4.572346728264e00
4.200000000000e-01,2.125157000000e-01,4.614023969072e00
4.240000000000e-01,2.105068000000e-01,4.655721979297e00
4.280000000000e-01,2.085367000000e-01,4.697504637991e00
4.320000000000e-01,2.066072000000e-01,4.739440012994e00
4.360000000000e-01,2.047205000000e-01,4.781601582669e00
4.400000000000e-01,2.028790000000e-01,4.824069108561e00
4.440000000000e-01,2.010853000000e-01,4.866930555266e00
4.480000000000e-01,1.993426000000e-01,4.910283137622e00
4.520000000000e-01,1.976545000000e-01,4.954235764175e00
4.560000000000e-01,1.960256000000e-01,4.998909909841e00
4.600000000000e-01,1.944610000000e-01,5.044442233900e00
4.640000000000e-01,1.929674000000e-01,5.090985976260e00
4.680000000000e-01,1.915527000000e-01,5.138710084794e00
4.720000000000e-01,1.902273000000e-01,5.187797120940e00
4.760000000000e-01,1.890042000000e-01,5.238432089600e00
4.800000000000e-01,1.878997000000e-01,5.290779924388e00
4.840000000000e-01,1.869346000000e-01,5.344939236407e00
4.880000000000e-01,1.861334000000e-01,5.400862029102e00
4.920000000000e-01,1.855229000000e-01,5.458241299058e00
4.960000000000e-01,1.851270000000e-01,5.516408410638e00
5.000000000000e-01,1.849586000000e-01,5.574337284775e00
5.040000000000e-01,1.850126000000e-01,5.630840573979e00
5.080000000000e-01,1.852656000000e-01,5.684886439596e00
5.120000000000e-01,1.856830000000e-01,5.735838360048e00
5.160000000000e-01,1.862286000000e-01,5.783489164753e00
5.200000000000e-01,1.868704000000e-01,5.827943573466e00
5.240000000000e-01,1.875837000000e-01,5.869472112221e00
5.280000000000e-01,1.883497000000e-01,5.908402379318e00
5.320000000000e-01,1.891550000000e-01,5.945059878664e00
5.360000000000e-01,1.899902000000e-01,5.979742188895e00
5.400000000000e-01,1.908481000000e-01,6.012710062202e00
5.440000000000e-01,1.917240000000e-01,6.044188296992e00
5.480000000000e-01,1.926142000000e-01,6.074368879483e00
5.520000000000e-01,1.935163000000e-01,6.103416394224e00
5.560000000000e-01,1.944284000000e-01,6.131471113327e00
5.600000000000e-01,1.953493000000e-01,6.158654319721e00
5.640000000000e-01,1.962779000000e-01,6.185070733161e00
5.680000000000e-01,1.972138000000e-01,6.210811494741e00
5.720000000000e-01,1.981566000000e-01,6.235956523088e00
5.760000000000e-01,1.991060000000e-01,6.260576259689e00
5.800000000000e-01,2.000620000000e-01,6.284733208452e00
5.840000000000e-01,2.010245000000e-01,6.308483156556e00
5.880000000000e-01,2.019938000000e-01,6.331876275759e00
5.920000000000e-01,2.029700000000e-01,6.354957836238e00
5.960000000000e-01,2.039532000000e-01,6.377769062668e00
6.000000000000e-01,2.049437000000e-01,6.400347584350e00
6.040000000000e-01,2.059419000000e-01,6.422728063521e00
6.080000000000e-01,2.069480000000e-01,6.444942509521e00
6.120000000000e-01,2.079624000000e-01,6.467020662759e00
6.160000000000e-01,2.089853000000e-01,6.488990518317e00
6.200000000000e-01,2.100172000000e-01,6.510877994335e00
6.240000000000e-01,2.110585000000e-01,6.532707874487e00
6.280000000000e-01,2.121094000000e-01,6.554503720719e00
6.320000000000e-01,2.131704000000e-01,6.576287873245e00
6.360000000000e-01,2.142419000000e-01,6.598081974148e00
6.400000000000e-01,2.153242000000e-01,6.619906618312e00
6.440000000000e-01,2.164178000000e-01,6.641782051558e00
6.480000000000e-01,2.175231000000e-01,6.663727821572e00
6.520000000000e-01,2.186404000000e-01,6.685763126978e00
6.560000000000e-01,2.197702000000e-01,6.707906817329e00
6.600000000000e-01,2.209128000000e-01,6.730177916716e00
6.640000000000e-01,2.220687000000e-01,6.752594925629e00
6.680000000000e-01,2.232383000000e-01,6.775176170024e00
6.720000000000e-01,2.244220000000e-01,6.797940673991e00
6.760000000000e-01,2.256201000000e-01,6.820907287085e00
6.800000000000e-01,2.268332000000e-01,6.844094858862e00
6.840000000000e-01,2.280615000000e-01,6.867522762478e00
6.880000000000e-01,2.293056000000e-01,6.891211243750e00
6.920000000000e-01,2.305657000000e-01,6.915180199434e00
6.960000000000e-01,2.318424000000e-01,6.939451097078e00
7.000000000000e-01,2.331360000000e-01,6.964045404233e00
7.040000000000e-01,2.344468000000e-01,6.988985635645e00
7.080000000000e-01,2.357754000000e-01,7.014295702325e00
7.120000000000e-01,2.371220000000e-01,7.040000038884e00
7.160000000000e-01,2.384870000000e-01,7.066124825260e00
7.200000000000e-01,2.398709000000e-01,7.092697288588e00
7.240000000000e-01,2.412740000000e-01,7.119746750402e00
7.280000000000e-01,2.426965000000e-01,7.147303928494e00
7.320000000000e-01,2.441390000000e-01,7.175401984122e00
7.360000000000e-01,2.456015000000e-01,7.204075998403e00
7.400000000000e-01,2.470846000000e-01,7.233364543114e00
7.440000000000e-01,2.485884000000e-01,7.263308284426e00
7.480000000000e-01,2.501131000000e-01,7.293952077301e00
7.520000000000e-01,2.516590000000e-01,7.325344441892e00
7.560000000000e-01,2.532262000000e-01,7.357538261675e00
7.600000000000e-01,2.548149000000e-01,7.390592005181e00
7.640000000000e-01,2.564249000000e-01,7.424570075059e00
7.680000000000e-01,2.580563000000e-01,7.459543331676e00
7.720000000000e-01,2.597088000000e-01,7.495591187514e00
7.760000000000e-01,2.613822000000e-01,7.532802479831e00
7.800000000000e-01,2.630759000000e-01,7.571276692395e00
7.840000000000e-01,2.647893000000e-01,7.611126573475e00
7.880000000000e-01,2.665212000000e-01,7.652480055706e00
7.920000000000e-01,2.682704000000e-01,7.695483746745e00
7.960000000000e-01,2.700349000000e-01,7.740305372732e00
8.000000000000e-01,2.718121000000e-01,7.787138839749e00
8.040000000000e-01,2.735987000000e-01,7.836208771669e00
8.080000000000e-01,2.753899000000e-01,7.887775920682e00
8.120000000000e-01,2.771793000000e-01,7.942142926882e00
8.160000000000e-01,2.789581000000e-01,7.999658332519e00
8.200000000000e-01,2.807141000000e-01,8.060717629202e00
8.240000000000e-01,2.824301000000e-01,8.125752087790e00
8.280000000000e-01,2.840820000000e-01,8.195200484056e00
8.320000000000e-01,2.856364000000e-01,8.269438063790e00
8.360000000000e-01,2.870489000000e-01,8.348656813209e00
8.400000000000e-01,2.882641000000e-01,8.432715360643e00
8.440000000000e-01,2.892213000000e-01,8.521042983428e00
8.480000000000e-01,2.898639000000e-01,8.612740836999e00
8.520000000000e-01,2.901484000000e-01,8.706842008949e00
8.560000000000e-01,2.900470000000e-01,8.802479070642e00
8.600000000000e-01,2.895478000000e-01,8.898760158828e00
8.640000000000e-01,2.886586000000e-01,8.994512412251e00
8.680000000000e-01,2.874122000000e-01,9.088320368887e00
8.720000000000e-01,2.858622000000e-01,9.178888994431e00
8.760000000000e-01,2.840706000000e-01,9.265385766831e00
8.800000000000e-01,2.820948000000e-01,9.347531433405e00
8.840000000000e-01,2.799814000000e-01,9.425428968580e00
8.880000000000e-01,2.777659000000e-01,9.499390786292e00
8.920000000000e-01,2.754745000000e-01,9.569800858976e00
8.960000000000e-01,2.731270000000e-01,9.637039668409e00
9.000000000000e-01,2.707381000000e-01,9.701459771100e00
9.040000000000e-01,2.683193000000e-01,9.763373580986e00
9.080000000000e-01,2.658795000000e-01,9.823056860087e00
9.120000000000e-01,2.634259000000e-01,9.880743482524e00
9.160000000000e-01,2.609643000000e-01,9.936639397148e00
9.200000000000e-01,2.584997000000e-01,9.990926118202e00
9.240000000000e-01,2.560361000000e-01,1.004376072532e01
9.280000000000e-01,2.535771000000e-01,1.009527935418e01
9.320000000000e-01,2.511256000000e-01,1.014560592316e01
9.360000000000e-01,2.486844000000e-01,1.019485038801e01
9.400000000000e-01,2.462558000000e-01,1.024311048715e01
9.440000000000e-01,2.438420000000e-01,1.029047697772e01
9.480000000000e-01,2.414448000000e-01,1.033703014486e01
9.520000000000e-01,2.390661000000e-01,1.038284678305e01
9.560000000000e-01,2.367076000000e-01,1.042799670547e01
9.600000000000e-01,2.343707000000e-01,1.047254274397e01
9.640000000000e-01,2.320568000000e-01,1.051655122106e01
9.680000000000e-01,2.297675000000e-01,1.056007973261e01
9.720000000000e-01,2.275041000000e-01,1.060318238381e01
9.760000000000e-01,2.252678000000e-01,1.064591851588e01
9.800000000000e-01,2.230601000000e-01,1.068833874335e01
9.840000000000e-01,2.208821000000e-01,1.073049891676e01
9.880000000000e-01,2.187353000000e-01,1.077245139599e01
9.920000000000e-01,2.166210000000e-01,1.081425203157e01
9.960000000000e-01,2.145406000000e-01,1.085595632499e01
1.000000000000e00,2.124956000000e-01,1.089762117395e01
1.004000000000e00,2.104877000000e-01,1.093930731594e01
1.008000000000e00,2.085186000000e-01,1.098107810640e01
1.012000000000e00,2.065901000000e-01,1.102300196223e01
1.016000000000e00,2.047044000000e-01,1.106515183820e01
1.020000000000e00,2.028639000000e-01,1.110760801945e01
1.024000000000e00,2.010712000000e-01,1.115045794698e01
1.028000000000e00,1.993296000000e-01,1.119379918469e01
1.032000000000e00,1.976426000000e-01,1.123773994301e01
1.036000000000e00,1.960147000000e-01,1.128240222044e01
1.040000000000e00,1.944512000000e-01,1.132792215266e01
1.044000000000e00,1.929587000000e-01,1.137445280505e01
1.048000000000e00,1.915451000000e-01,1.142216312548e01
1.052000000000e00,1.902209000000e-01,1.147123497726e01
1.056000000000e00,1.889988000000e-01,1.152185301623e01
1.060000000000e00,1.878955000000e-01,1.157418165240e01
1.064000000000e00,1.869314000000e-01,1.162831862420e01
1.068000000000e00,1.861313000000e-01,1.168421471336e01
1.072000000000e00,1.855217000000e-01,1.174156239285e01
1.076000000000e00,1.851266000000e-01,1.179969267799e01
1.080000000000e00,1.849586000000e-01,1.185758106048e01
1.084000000000e00,1.850126000000e-01,1.191404193819e01
1.088000000000e00,1.852654000000e-01,1.196804626497e01
1.092000000000e00,1.856824000000e-01,1.201895926458e01
1.096000000000e00,1.862273000000e-01,1.206657429003e01
1.100000000000e00,1.868683000000e-01,1.211099658469e01
1.104000000000e00,1.875807000000e-01,1.215249545285e01
1.108000000000e00,1.883457000000e-01,1.219139831827e01
1.112000000000e00,1.891501000000e-01,1.222803033581e01
1.116000000000e00,1.899842000000e-01,1.226268821143e01
1.120000000000e00,1.908410000000e-01,1.229563287186e01
1.124000000000e00,1.917158000000e-01,1.232708859190e01
1.128000000000e00,1.926049000000e-01,1.235724735778e01
1.132000000000e00,1.935059000000e-01,1.238627323044e01
1.136000000000e00,1.944168000000e-01,1.241430684851e01
1.140000000000e00,1.953365000000e-01,1.244146916331e01
1.144000000000e00,1.962639000000e-01,1.246786482479e01
1.148000000000e00,1.971986000000e-01,1.249358495658e01
1.152000000000e00,1.981401000000e-01,1.251870940749e01
1.156000000000e00,1.990883000000e-01,1.254330856666e01
1.160000000000e00,2.000430000000e-01,1.256744489174e01
1.164000000000e00,2.010043000000e-01,1.259117416904e01
1.168000000000e00,2.019723000000e-01,1.261454650137e01
1.172000000000e00,2.029471000000e-01,1.263760717026e01
1.176000000000e00,2.039290000000e-01,1.266039733056e01
1.180000000000e00,2.049182000000e-01,1.268295462904e01
1.184000000000e00,2.059150000000e-01,1.270531367557e01
1.188000000000e00,2.069197000000e-01,1.272750647949e01
1.192000000000e00,2.079326000000e-01,1.274956281611e01
1.196000000000e00,2.089542000000e-01,1.277151033145e01
1.200000000000e00,2.099846000000e-01,1.279337546726e01
1.204000000000e00,2.110244000000e-01,1.281518248360e01
1.208000000000e00,2.120738000000e-01,1.283695529148e01
1.212000000000e00,2.131334000000e-01,1.285871605660e01
1.216000000000e00,2.142033000000e-01,1.288048624649e01
1.220000000000e00,2.152841000000e-01,1.290228645604e01
1.224000000000e00,2.163762000000e-01,1.292413710561e01
1.228000000000e00,2.174799000000e-01,1.294605774289e01
1.232000000000e00,2.185956000000e-01,1.296806739195e01
1.236000000000e00,2.197238000000e-01,1.299018490236e01
1.240000000000e00,2.208648000000e-01,1.301242912368e01
1.244000000000e00,2.220190000000e-01,1.303481873092e01
1.248000000000e00,2.231869000000e-01,1.305737205005e01
1.252000000000e00,2.243689000000e-01,1.308010775608e01
1.256000000000e00,2.255654000000e-01,1.310304469858e01
1.260000000000e00,2.267767000000e-01,1.312620207616e01
1.264000000000e00,2.280033000000e-01,1.314959891292e01
1.268000000000e00,2.292456000000e-01,1.317325528013e01
1.272000000000e00,2.305040000000e-01,1.319719142363e01
1.276000000000e00,2.317788000000e-01,1.322142828735e01
1.280000000000e00,2.330706000000e-01,1.324598751339e01
1.284000000000e00,2.343796000000e-01,1.327089161648e01
1.288000000000e00,2.357063000000e-01,1.329616398405e01
1.292000000000e00,2.370510000000e-01,1.332182957430e01
1.296000000000e00,2.384142000000e-01,1.334791386904e01
1.300000000000e00,2.397962000000e-01,1.337444444446e01
1.304000000000e00,2.411973000000e-01,1.340145027305e01
1.308000000000e00,2.426179000000e-01,1.342896189805e01
1.312000000000e00,2.440583000000e-01,1.345701230618e01
1.316000000000e00,2.455189000000e-01,1.348563675312e01
1.320000000000e00,2.470000000000e-01,1.351487293795e01
1.324000000000e00,2.485018000000e-01,1.354476205045e01
1.328000000000e00,2.500245000000e-01,1.357534807293e01
1.332000000000e00,2.515684000000e-01,1.360667952553e01
1.336000000000e00,2.531336000000e-01,1.363880894267e01
1.340000000000e00,2.547202000000e-01,1.367179444380e01
1.344000000000e00,2.563282000000e-01,1.370569990798e01
1.348000000000e00,2.579576000000e-01,1.374059567198e01
1.352000000000e00,2.596081000000e-01,1.377656062468e01
1.356000000000e00,2.612795000000e-01,1.381368290520e01
1.360000000000e00,2.629714000000e-01,1.385206112466e01
1.364000000000e00,2.646829000000e-01,1.389180715865e01
1.368000000000e00,2.664130000000e-01,1.393304771807e01
1.372000000000e00,2.681605000000e-01,1.397592818887e01
1.376000000000e00,2.699235000000e-01,1.402061455184e01
1.380000000000e00,2.716994000000e-01,1.406729896774e01
1.384000000000e00,2.734850000000e-01,1.411620379151e01
1.388000000000e00,2.752755000000e-01,1.416758715735e01
1.392000000000e00,2.770647000000e-01,1.422174856377e01
1.396000000000e00,2.788440000000e-01,1.427903341141e01
1.400000000000e00,2.806014000000e-01,1.433983282857e01
1.404000000000e00,2.823202000000e-01,1.440457930783e01
1.408000000000e00,2.839767000000e-01,1.447371005417e01
1.412000000000e00,2.855384000000e-01,1.454760554937e01
1.416000000000e00,2.869614000000e-01,1.462647872360e01
1.420000000000e00,2.881912000000e-01,1.471021263979e01
1.424000000000e00,2.891671000000e-01,1.479826450055e01
1.428000000000e00,2.898319000000e-01,1.488975116928e01
1.432000000000e00,2.901412000000e-01,1.498370049759e01
1.436000000000e00,2.900661000000e-01,1.507924331150e01
1.440000000000e00,2.895936000000e-01,1.517549472909e01
1.444000000000e00,2.887301000000e-01,1.527130632371e01
1.448000000000e00,2.875064000000e-01,1.536527485064e01
1.452000000000e00,2.859752000000e-01,1.545607560497e01
1.456000000000e00,2.841984000000e-01,1.554284813939e01
1.460000000000e00,2.822338000000e-01,1.562527305865e01
1.464000000000e00,2.801289000000e-01,1.570343762920e01
1.468000000000e00,2.779198000000e-01,1.577764204768e01
1.472000000000e00,2.756334000000e-01,1.584827028652e01
1.476000000000e00,2.732896000000e-01,1.591570282750e01
1.480000000000e00,2.709037000000e-01,1.598029397245e01
1.484000000000e00,2.684870000000e-01,1.604235962598e01
1.488000000000e00,2.660489000000e-01,1.610217729544e01
1.492000000000e00,2.635965000000e-01,1.615998434559e01
1.496000000000e00,2.611358000000e-01,1.621598847063e01
1.500000000000e00,2.586717000000e-01,1.627037293012e01
1.504000000000e00,2.562084000000e-01,1.632329305837e01
1.508000000000e00,2.537495000000e-01,1.637488848172e01
1.512000000000e00,2.512979000000e-01,1.642528486387e01
1.516000000000e00,2.488563000000e-01,1.647459216057e01
1.520000000000e00,2.464273000000e-01,1.652290985558e01
1.524000000000e00,2.440129000000e-01,1.657032521537e01
1.528000000000e00,2.416150000000e-01,1.661692550640e01
1.532000000000e00,2.392355000000e-01,1.666278054184e01
1.536000000000e00,2.368759000000e-01,1.670796537084e01
1.540000000000e00,2.345379000000e-01,1.675254457060e01
1.544000000000e00,2.322230000000e-01,1.679657922762e01
1.548000000000e00,2.299324000000e-01,1.684012868312e01
1.552000000000e00,2.276676000000e-01,1.688325053295e01
1.556000000000e00,2.254298000000e-01,1.692600062765e01
1.560000000000e00,2.232205000000e-01,1.696843132709e01
1.564000000000e00,2.210409000000e-01,1.701059673649e01
1.568000000000e00,2.188923000000e-01,1.705255270638e01
1.572000000000e00,2.167761000000e-01,1.709435159664e01
1.576000000000e00,2.146938000000e-01,1.713604873420e01
1.580000000000e00,2.126467000000e-01,1.717770241306e01
1.584000000000e00,2.106366000000e-01,1.721937232348e01
1.588000000000e00,2.086651000000e-01,1.726112164639e01
1.592000000000e00,2.067341000000e-01,1.730301827508e01
1.596000000000e00,2.048457000000e-01,1.734513464073e01
1.600000000000e00,2.030023000000e-01,1.738755015581e01
1.604000000000e00,2.012065000000e-01,1.743035173772e01
1.608000000000e00,1.994614000000e-01,1.747363590317e01
1.612000000000e00,1.977707000000e-01,1.751750998991e01
1.616000000000e00,1.961388000000e-01,1.756209425112e01
1.620000000000e00,1.945707000000e-01,1.760752377528e01
1.624000000000e00,1.930729000000e-01,1.765394988245e01
1.628000000000e00,1.916535000000e-01,1.770153994970e01
1.632000000000e00,1.903223000000e-01,1.775047461860e01
1.636000000000e00,1.890922000000e-01,1.780093871953e01
1.640000000000e00,1.879792000000e-01,1.785309875689e01
1.644000000000e00,1.870036000000e-01,1.790706014857e01
1.648000000000e00,1.861897000000e-01,1.796278903519e01
1.652000000000e00,1.855639000000e-01,1.802000319699e01
1.656000000000e00,1.851507000000e-01,1.807806663602e01
1.660000000000e00,1.849639000000e-01,1.813598050032e01
1.664000000000e00,1.850000000000e-01,1.819256355107e01
1.668000000000e00,1.852371000000e-01,1.824676440193e01
1.672000000000e00,1.856412000000e-01,1.829791249739e01
1.676000000000e00,1.861759000000e-01,1.834576942548e01
1.680000000000e00,1.868091000000e-01,1.839041966013e01
1.684000000000e00,1.875154000000e-01,1.843212325541e01
1.688000000000e00,1.882756000000e-01,1.847120484255e01
1.692000000000e00,1.890761000000e-01,1.850799062360e01
1.696000000000e00,1.899069000000e-01,1.854278027158e01
1.700000000000e00,1.907610000000e-01,1.857583698215e01
1.704000000000e00,1.916333000000e-01,1.860738799717e01
1.708000000000e00,1.925202000000e-01,1.863762757179e01
1.712000000000e00,1.934191000000e-01,1.866672186135e01
1.716000000000e00,1.943281000000e-01,1.869481318001e01
1.720000000000e00,1.952458000000e-01,1.872202385788e01
1.724000000000e00,1.961715000000e-01,1.874845978411e01
1.728000000000e00,1.971043000000e-01,1.877421307715e01
1.732000000000e00,1.980441000000e-01,1.879936437123e01
1.736000000000e00,1.989904000000e-01,1.882398477106e01
1.740000000000e00,1.999433000000e-01,1.884813730832e01
1.744000000000e00,2.009027000000e-01,1.887187826379e01
1.748000000000e00,2.018688000000e-01,1.889525813595e01
1.752000000000e00,2.028418000000e-01,1.891832257475e01
1.756000000000e00,2.038217000000e-01,1.894111303176e01
1.760000000000e00,2.048089000000e-01,1.896366738063e01
1.764000000000e00,2.058037000000e-01,1.898602049304e01
1.768000000000e00,2.068063000000e-01,1.900820450050e01
1.772000000000e00,2.078172000000e-01,1.903024933540e01
1.776000000000e00,2.088365000000e-01,1.905218288811e01
1.780000000000e00,2.098648000000e-01,1.907403144328e01
1.784000000000e00,2.109023000000e-01,1.909581995913e01
1.788000000000e00,2.119494000000e-01,1.911757164853e01
1.792000000000e00,2.130066000000e-01,1.913930902624e01
1.796000000000e00,2.140742000000e-01,1.916105373432e01
1.800000000000e00,2.151525000000e-01,1.918282654221e01
1.804000000000e00,2.162420000000e-01,1.920464752118e01
1.808000000000e00,2.173432000000e-01,1.922653621893e01
1.812000000000e00,2.184563000000e-01,1.924851183407e01
1.816000000000e00,2.195818000000e-01,1.927059339070e01
1.820000000000e00,2.207200000000e-01,1.929279956384e01
1.824000000000e00,2.218715000000e-01,1.931514867945e01
1.828000000000e00,2.230366000000e-01,1.933765941254e01
1.832000000000e00,2.242157000000e-01,1.936035043815e01
1.836000000000e00,2.254092000000e-01,1.938324025675e01
1.840000000000e00,2.266176000000e-01,1.940634806698e01
1.844000000000e00,2.278411000000e-01,1.942969289293e01
1.848000000000e00,2.290803000000e-01,1.945329480587e01
1.852000000000e00,2.303355000000e-01,1.947717352803e01
1.856000000000e00,2.316072000000e-01,1.950135035243e01
1.860000000000e00,2.328957000000e-01,1.952584657208e01
1.864000000000e00,2.342014000000e-01,1.955068452720e01
1.868000000000e00,2.355247000000e-01,1.957588760519e01
1.872000000000e00,2.368660000000e-01,1.960148006615e01
1.876000000000e00,2.382257000000e-01,1.962748791546e01
1.880000000000e00,2.396042000000e-01,1.965393803121e01
1.884000000000e00,2.410017000000e-01,1.968085903679e01
1.888000000000e00,2.424187000000e-01,1.970828147546e01
1.892000000000e00,2.438555000000e-01,1.973623781036e01
1.896000000000e00,2.453124000000e-01,1.976476277352e01
1.900000000000e00,2.467898000000e-01,1.979389406407e01
1.904000000000e00,2.482878000000e-01,1.982367182457e01
1.908000000000e00,2.498067000000e-01,1.985413986278e01
1.912000000000e00,2.513468000000e-01,1.988534600074e01
1.916000000000e00,2.529081000000e-01,1.991734207472e01
1.920000000000e00,2.544909000000e-01,1.995018515699e01
1.924000000000e00,2.560951000000e-01,1.998393807939e01
1.928000000000e00,2.577206000000e-01,2.001867065511e01
1.932000000000e00,2.593674000000e-01,2.005445985315e01
1.936000000000e00,2.610351000000e-01,2.009139259092e01
1.940000000000e00,2.627233000000e-01,2.012956555965e01
1.944000000000e00,2.644313000000e-01,2.016908871510e01
1.948000000000e00,2.661582000000e-01,2.021008632469e01
1.952000000000e00,2.679026000000e-01,2.025270045824e01
1.956000000000e00,2.696628000000e-01,2.029709395497e01
1.960000000000e00,2.714364000000e-01,2.034345443775e01
1.964000000000e00,2.732202000000e-01,2.039199972370e01
1.968000000000e00,2.750097000000e-01,2.044298166382e01
1.972000000000e00,2.767991000000e-01,2.049669347341e01
1.976000000000e00,2.785800000000e-01,2.055347304824e01
1.980000000000e00,2.803411000000e-01,2.061370505886e01
1.984000000000e00,2.820665000000e-01,2.067781623827e01
1.988000000000e00,2.837337000000e-01,2.074624536225e01
1.992000000000e00,2.853117000000e-01,2.081939036588e01
1.996000000000e00,2.867585000000e-01,2.089749559523e01
2.000000000000e00,2.880209000000e-01,2.098050345446e01
2.004000000000e00,2.890386000000e-01,2.106793746866e01
2.008000000000e00,2.897534000000e-01,2.115894940784e01
2.012000000000e00,2.901186000000e-01,2.125256537826e01
2.016000000000e00,2.901029000000e-01,2.134790224332e01
2.020000000000e00,2.896908000000e-01,2.144409257438e01
2.024000000000e00,2.888853000000e-01,2.154004030468e01
2.028000000000e00,2.877136000000e-01,2.163436138812e01
2.032000000000e00,2.862255000000e-01,2.172569795853e01
2.036000000000e00,2.844824000000e-01,2.181310055682e01
2.040000000000e00,2.825434000000e-01,2.189617473855e01
2.044000000000e00,2.804577000000e-01,2.197495890099e01
2.048000000000e00,2.782630000000e-01,2.204973055147e01
2.052000000000e00,2.759873000000e-01,2.212086668112e01
2.056000000000e00,2.736517000000e-01,2.218875126238e01
2.060000000000e00,2.712718000000e-01,2.225374557840e01
2.064000000000e00,2.688597000000e-01,2.231616902442e01
2.068000000000e00,2.664248000000e-01,2.237630434380e01
2.072000000000e00,2.639746000000e-01,2.243439413729e01
2.076000000000e00,2.615153000000e-01,2.249065482573e01
2.080000000000e00,2.590520000000e-01,2.254526617803e01
2.084000000000e00,2.565888000000e-01,2.259839225513e01
2.088000000000e00,2.541294000000e-01,2.265017442871e01
2.092000000000e00,2.516770000000e-01,2.270073836247e01
2.096000000000e00,2.492342000000e-01,2.275019750281e01
2.100000000000e00,2.468036000000e-01,2.279865307883e01
2.104000000000e00,2.443873000000e-01,2.284619235700e01
2.108000000000e00,2.419872000000e-01,2.289290434910e01
2.112000000000e00,2.396053000000e-01,2.293886061363e01
2.116000000000e00,2.372430000000e-01,2.298413619976e01
2.120000000000e00,2.349021000000e-01,2.302879568466e01
2.124000000000e00,2.325840000000e-01,2.307290015486e01
2.128000000000e00,2.302900000000e-01,2.311651244220e01
2.132000000000e00,2.280216000000e-01,2.315968665191e01
2.136000000000e00,2.257801000000e-01,2.320248037984e01
2.140000000000e00,2.235668000000e-01,2.324494773120e01
2.144000000000e00,2.213830000000e-01,2.328714106587e01
2.148000000000e00,2.192299000000e-01,2.332911448905e01
2.152000000000e00,2.171091000000e-01,2.337092385128e01
2.156000000000e00,2.150219000000e-01,2.341262151244e01
2.160000000000e00,2.129697000000e-01,2.345426611559e01
2.164000000000e00,2.109542000000e-01,2.349591700193e01
2.168000000000e00,2.089770000000e-01,2.353763647970e01
2.172000000000e00,2.070401000000e-01,2.357949156956e01
2.176000000000e00,2.051453000000e-01,2.362155400453e01
2.180000000000e00,2.032951000000e-01,2.366390162630e01
2.184000000000e00,2.014921000000e-01,2.370662013054e01
2.188000000000e00,1.997393000000e-01,2.374980411409e01
2.192000000000e00,1.980402000000e-01,2.379355864578e01
2.196000000000e00,1.963990000000e-01,2.383800205892e01
2.200000000000e00,1.948208000000e-01,2.388326630040e01
2.204000000000e00,1.933118000000e-01,2.392949989775e01
2.208000000000e00,1.918795000000e-01,2.397686726099e01
2.212000000000e00,1.905338000000e-01,2.402554693729e01
2.216000000000e00,1.892867000000e-01,2.407572358249e01
2.220000000000e00,1.881537000000e-01,2.412756893698e01
2.224000000000e00,1.871544000000e-01,2.418120168317e01
2.228000000000e00,1.863124000000e-01,2.423661798131e01
2.232000000000e00,1.856539000000e-01,2.429358500450e01
2.236000000000e00,1.852042000000e-01,2.435153080833e01
2.240000000000e00,1.849793000000e-01,2.440951151874e01
2.244000000000e00,1.849790000000e-01,2.446635863781e01
2.248000000000e00,1.851842000000e-01,2.452097924035e01
2.252000000000e00,1.855623000000e-01,2.457263121237e01
2.256000000000e00,1.860767000000e-01,2.462100877217e01
2.260000000000e00,1.866945000000e-01,2.466615241141e01
2.264000000000e00,1.873891000000e-01,2.470830158924e01
2.268000000000e00,1.881403000000e-01,2.474777482827e01
2.272000000000e00,1.889338000000e-01,2.478490059945e01
2.276000000000e00,1.897590000000e-01,2.481998328822e01
2.280000000000e00,1.906085000000e-01,2.485329237339e01
2.284000000000e00,1.914769000000e-01,2.488506050737e01
2.288000000000e00,1.923605000000e-01,2.491548718129e01
2.292000000000e00,1.932563000000e-01,2.494474291381e01
2.296000000000e00,1.941626000000e-01,2.497297331775e01
2.300000000000e00,1.950777000000e-01,2.500030396956e01
2.304000000000e00,1.960009000000e-01,2.502684318437e01
2.308000000000e00,1.969314000000e-01,2.505268517504e01
2.312000000000e00,1.978687000000e-01,2.507791233859e01
2.316000000000e00,1.988127000000e-01,2.510259719342e01
2.320000000000e00,1.997632000000e-01,2.512680405144e01
2.324000000000e00,2.007203000000e-01,2.515059016993e01
2.328000000000e00,2.016839000000e-01,2.517400697325e01
2.332000000000e00,2.026544000000e-01,2.519710080339e01
2.336000000000e00,2.036318000000e-01,2.521991377515e01
2.340000000000e00,2.046164000000e-01,2.524248430322e01
2.344000000000e00,2.056085000000e-01,2.526484769562e01
2.348000000000e00,2.066084000000e-01,2.528703650274e01
2.352000000000e00,2.076164000000e-01,2.530908091876e01
2.356000000000e00,2.086329000000e-01,2.533100941001e01
2.360000000000e00,2.096582000000e-01,2.535284819135e01
2.364000000000e00,2.106927000000e-01,2.537462239549e01
2.368000000000e00,2.117367000000e-01,2.539635558441e01
2.372000000000e00,2.127906000000e-01,2.541807044736e01
2.376000000000e00,2.138549000000e-01,2.543978880097e01
2.380000000000e00,2.149299000000e-01,2.546153124013e01
2.384000000000e00,2.160159000000e-01,2.548331801065e01
2.388000000000e00,2.171135000000e-01,2.550516883475e01
2.392000000000e00,2.182230000000e-01,2.552710291106e01
2.396000000000e00,2.193447000000e-01,2.554913926367e01
2.400000000000e00,2.204792000000e-01,2.557129639305e01
2.404000000000e00,2.216268000000e-01,2.559359279971e01
2.408000000000e00,2.227879000000e-01,2.561604698414e01
2.412000000000e00,2.239629000000e-01,2.563867779589e01
2.416000000000e00,2.251523000000e-01,2.566150338638e01
2.420000000000e00,2.263563000000e-01,2.568454295423e01
2.424000000000e00,2.275756000000e-01,2.570781552354e01
2.428000000000e00,2.288103000000e-01,2.573134081653e01
2.432000000000e00,2.300610000000e-01,2.575513872995e01
2.436000000000e00,2.313281000000e-01,2.577923003321e01
2.440000000000e00,2.326119000000e-01,2.580363584481e01
2.444000000000e00,2.339128000000e-01,2.582837867948e01
2.448000000000e00,2.352313000000e-01,2.585348122651e01
2.452000000000e00,2.365677000000e-01,2.587896774598e01
2.456000000000e00,2.379223000000e-01,2.590486371969e01
2.460000000000e00,2.392957000000e-01,2.593119567665e01
2.464000000000e00,2.406880000000e-01,2.595799189119e01
2.468000000000e00,2.420998000000e-01,2.598528238297e01
2.472000000000e00,2.435312000000e-01,2.601309926606e01
2.476000000000e00,2.449828000000e-01,2.604147674890e01
2.480000000000e00,2.464546000000e-01,2.607045148341e01
2.484000000000e00,2.479471000000e-01,2.610006308857e01
2.488000000000e00,2.494605000000e-01,2.613035467400e01
2.492000000000e00,2.509949000000e-01,2.616137266546e01
2.496000000000e00,2.525507000000e-01,2.619316820111e01
2.500000000000e00,2.541278000000e-01,2.622579713148e01
2.504000000000e00,2.557263000000e-01,2.625932054309e01
2.508000000000e00,2.573462000000e-01,2.629380650378e01
2.512000000000e00,2.589875000000e-01,2.632933041177e01
2.516000000000e00,2.606497000000e-01,2.636597656648e01
2.520000000000e00,2.623325000000e-01,2.640383921567e01
2.524000000000e00,2.640354000000e-01,2.644302499897e01
2.528000000000e00,2.657573000000e-01,2.648365451863e01
2.532000000000e00,2.674972000000e-01,2.652586530659e01
2.536000000000e00,2.692533000000e-01,2.656981496608e01
2.540000000000e00,2.710234000000e-01,2.661568501135e01
2.544000000000e00,2.728046000000e-01,2.666368523097e01
2.548000000000e00,2.745927000000e-01,2.671405944744e01
2.552000000000e00,2.763821000000e-01,2.676709005503e01
2.556000000000e00,2.781654000000e-01,2.682310430298e01
2.560000000000e00,2.799319000000e-01,2.688247569174e01
2.564000000000e00,2.816669000000e-01,2.694562344941e01
2.568000000000e00,2.833497000000e-01,2.701298443189e01
2.572000000000e00,2.849516000000e-01,2.708497577288e01
2.576000000000e00,2.864332000000e-01,2.716188894235e01
2.580000000000e00,2.877438000000e-01,2.724375361092e01
2.584000000000e00,2.888244000000e-01,2.733019104212e01
2.588000000000e00,2.896151000000e-01,2.742042980044e01
2.592000000000e00,2.900659000000e-01,2.751349773747e01
2.596000000000e00,2.901420000000e-01,2.760848553668e01
2.600000000000e00,2.898240000000e-01,2.770454147740e01
2.604000000000e00,2.891101000000e-01,2.780064454200e01
2.608000000000e00,2.880214000000e-01,2.789546478960e01
2.612000000000e00,2.866030000000e-01,2.798759548483e01
2.616000000000e00,2.849150000000e-01,2.807596848617e01
2.620000000000e00,2.830179000000e-01,2.816006368552e01
2.624000000000e00,2.809636000000e-01,2.823983046833e01
2.628000000000e00,2.787922000000e-01,2.831550969002e01
2.632000000000e00,2.765341000000e-01,2.838746088843e01
2.636000000000e00,2.742115000000e-01,2.845607152666e01
2.640000000000e00,2.718414000000e-01,2.852170986917e01
2.644000000000e00,2.694364000000e-01,2.858470752852e01
2.648000000000e00,2.670067000000e-01,2.864535248404e01
2.652000000000e00,2.645600000000e-01,2.870389955380e01
2.656000000000e00,2.621029000000e-01,2.876056690395e01
2.660000000000e00,2.596406000000e-01,2.881554652072e01
2.664000000000e00,2.571775000000e-01,2.886900246505e01
2.668000000000e00,2.547174000000e-01,2.892108483526e01
2.672000000000e00,2.522635000000e-01,2.897191929505e01
2.676000000000e00,2.498187000000e-01,2.902162452682e01
2.680000000000e00,2.473855000000e-01,2.907030001433e01
2.684000000000e00,2.449660000000e-01,2.911804175069e01
2.688000000000e00,2.425624000000e-01,2.916493525703e01
2.692000000000e00,2.401765000000e-01,2.921105732784e01
2.696000000000e00,2.378099000000e-01,2.925647952162e01
2.700000000000e00,2.354642000000e-01,2.930127165155e01
2.704000000000e00,2.331410000000e-01,2.934549480413e01
2.708000000000e00,2.308416000000e-01,2.938921006591e01
2.712000000000e00,2.285675000000e-01,2.943247503274e01
2.716000000000e00,2.263199000000e-01,2.947534555515e01
2.720000000000e00,2.241002000000e-01,2.951787573837e01
2.724000000000e00,2.219096000000e-01,2.956011968758e01
2.728000000000e00,2.197496000000e-01,2.960212976268e01
2.732000000000e00,2.176214000000e-01,2.964396181419e01
2.736000000000e00,2.155265000000e-01,2.968567029639e01
2.740000000000e00,2.134662000000e-01,2.972731071075e01
2.744000000000e00,2.114422000000e-01,2.976894204940e01
2.748000000000e00,2.094561000000e-01,2.981062609699e01
2.752000000000e00,2.075098000000e-01,2.985242865244e01
2.756000000000e00,2.056051000000e-01,2.989441970344e01
2.760000000000e00,2.037444000000e-01,2.993667586996e01
2.764000000000e00,2.019302000000e-01,2.997928040420e01
2.768000000000e00,2.001653000000e-01,3.002232528501e01
2.772000000000e00,1.984533000000e-01,3.006591296322e01
2.776000000000e00,1.967980000000e-01,3.011015793242e01
2.780000000000e00,1.952044000000e-01,3.015518847432e01
2.784000000000e00,1.936782000000e-01,3.020114857858e01
2.788000000000e00,1.922268000000e-01,3.024819864095e01
2.792000000000e00,1.908592000000e-01,3.029651354344e01
2.796000000000e00,1.895869000000e-01,3.034627759280e01
2.800000000000e00,1.884245000000e-01,3.039766759090e01
2.804000000000e00,1.873903000000e-01,3.045082037154e01
2.808000000000e00,1.865070000000e-01,3.050577084130e01
2.812000000000e00,1.858004000000e-01,3.056235459019e01
2.816000000000e00,1.852965000000e-01,3.062009357250e01
2.820000000000e00,1.850145000000e-01,3.067813257691e01
2.824000000000e00,1.849587000000e-01,3.073533748848e01
2.828000000000e00,1.851144000000e-01,3.079056790906e01
2.832000000000e00,1.854517000000e-01,3.084297805210e01
2.836000000000e00,1.859343000000e-01,3.089215584537e01
2.840000000000e00,1.865280000000e-01,3.093806847667e01
2.844000000000e00,1.872044000000e-01,3.098091735701e01
2.848000000000e00,1.879419000000e-01,3.102100931525e01
2.852000000000e00,1.887248000000e-01,3.105867386958e01
2.856000000000e00,1.895417000000e-01,3.109422291031e01
2.860000000000e00,1.903846000000e-01,3.112793446842e01
2.864000000000e00,1.912475000000e-01,3.116005027198e01
2.868000000000e00,1.921264000000e-01,3.119077784066e01
2.872000000000e00,1.930183000000e-01,3.122029397631e01
2.876000000000e00,1.939209000000e-01,3.124875047020e01
2.880000000000e00,1.948327000000e-01,3.127627740174e01
2.884000000000e00,1.957527000000e-01,3.130298706540e01
2.888000000000e00,1.966802000000e-01,3.132897693782e01
2.892000000000e00,1.976146000000e-01,3.135433215617e01
2.896000000000e00,1.985557000000e-01,3.137912756016e01
2.900000000000e00,1.995033000000e-01,3.140342935188e01
2.904000000000e00,2.004574000000e-01,3.142729642920e01
2.908000000000e00,2.014180000000e-01,3.145078156391e01
2.912000000000e00,2.023854000000e-01,3.147393230924e01
2.916000000000e00,2.033597000000e-01,3.149679174167e01
2.920000000000e00,2.043411000000e-01,3.151939914855e01
2.924000000000e00,2.053300000000e-01,3.154179053603e01
2.928000000000e00,2.063265000000e-01,3.156399913517e01
2.932000000000e00,2.073310000000e-01,3.158605569869e01
2.936000000000e00,2.083439000000e-01,3.160798884997e01
2.940000000000e00,2.093655000000e-01,3.162982571144e01
2.944000000000e00,2.103961000000e-01,3.165159136348e01
2.948000000000e00,2.114362000000e-01,3.167330989162e01
2.952000000000e00,2.124861000000e-01,3.169500398516e01
2.956000000000e00,2.135462000000e-01,3.171669580977e01
2.960000000000e00,2.146169000000e-01,3.173840596033e01
2.964000000000e00,2.156986000000e-01,3.176015520627e01
2.968000000000e00,2.167916000000e-01,3.178196309528e01
2.972000000000e00,2.178965000000e-01,3.180384882597e01
2.976000000000e00,2.190135000000e-01,3.182583142243e01
2.980000000000e00,2.201431000000e-01,3.184792973422e01
2.984000000000e00,2.212857000000e-01,3.187016191276e01
2.988000000000e00,2.224416000000e-01,3.189254680762e01
2.992000000000e00,2.236114000000e-01,3.191510257021e01
2.996000000000e00,2.247954000000e-01,3.193784787555e01
3.000000000000e00,2.259940000000e-01,3.196080157321e01
3.004000000000e00,2.272076000000e-01,3.198398268727e01
3.008000000000e00,2.284366000000e-01,3.200741041635e01
3.012000000000e00,2.296815000000e-01,3.203110483174e01
3.016000000000e00,2.309426000000e-01,3.205508635380e01
3.020000000000e00,2.322203000000e-01,3.207937592646e01
3.024000000000e00,2.335150000000e-01,3.210399554089e01
3.028000000000e00,2.348271000000e-01,3.212896788636e01
3.032000000000e00,2.361570000000e-01,3.215431669935e01
3.036000000000e00,2.375052000000e-01,3.218006676354e01
3.040000000000e00,2.388718000000e-01,3.220624460792e01
3.044000000000e00,2.402574000000e-01,3.223287763418e01
3.048000000000e00,2.416622000000e-01,3.225999551290e01
3.052000000000e00,2.430867000000e-01,3.228762948548e01
3.056000000000e00,2.445311000000e-01,3.231581306224e01
3.060000000000e00,2.459958000000e-01,3.234458202243e01
3.064000000000e00,2.474811000000e-01,3.237397493783e01
3.068000000000e00,2.489871000000e-01,3.240403404541e01
3.072000000000e00,2.505142000000e-01,3.243480437465e01
3.076000000000e00,2.520624000000e-01,3.246633549292e01
3.080000000000e00,2.536321000000e-01,3.249868167995e01
3.084000000000e00,2.552231000000e-01,3.253190227693e01
3.088000000000e00,2.568356000000e-01,3.256606308278e01
3.092000000000e00,2.584695000000e-01,3.260123687773e01
3.096000000000e00,2.601244000000e-01,3.263750481958e01
3.100000000000e00,2.618001000000e-01,3.267495801453e01
3.104000000000e00,2.634961000000e-01,3.271369873888e01
3.108000000000e00,2.652114000000e-01,3.275384288247e01
3.112000000000e00,2.669451000000e-01,3.279552239220e01
3.116000000000e00,2.686957000000e-01,3.283888771546e01
3.120000000000e00,2.704610000000e-01,3.288411251251e01
3.124000000000e00,2.722385000000e-01,3.293139679807e01
3.128000000000e00,2.740243000000e-01,3.298097270094e01
3.132000000000e00,2.758135000000e-01,3.303310969995e01
3.136000000000e00,2.775992000000e-01,3.308812020905e01
3.140000000000e00,2.793719000000e-01,3.314636306792e01
3.144000000000e00,2.811183000000e-01,3.320824179669e01
3.148000000000e00,2.828200000000e-01,3.327419429846e01
3.152000000000e00,2.844511000000e-01,3.334464974970e01
3.156000000000e00,2.859757000000e-01,3.341995372561e01
3.160000000000e00,2.873468000000e-01,3.350023712587e01
3.164000000000e00,2.885074000000e-01,3.358525909505e01
3.168000000000e00,2.893967000000e-01,3.367436513469e01
3.172000000000e00,2.899609000000e-01,3.376661276697e01
3.176000000000e00,2.901599000000e-01,3.386105776878e01
3.180000000000e00,2.899695000000e-01,3.395685016478e01
3.184000000000e00,2.893817000000e-01,3.405305096782e01
3.188000000000e00,2.884096000000e-01,3.414842448480e01
3.192000000000e00,2.870913000000e-01,3.424154129105e01
3.196000000000e00,2.854834000000e-01,3.433119012808e01
3.200000000000e00,2.836477000000e-01,3.441666937352e01
3.204000000000e00,2.816394000000e-01,3.449779751314e01
3.208000000000e00,2.795024000000e-01,3.457474384388e01
3.212000000000e00,2.772698000000e-01,3.464783997828e01
3.216000000000e00,2.749664000000e-01,3.471747337945e01
3.220000000000e00,2.726105000000e-01,3.478402103849e01
3.224000000000e00,2.702160000000e-01,3.484782503996e01
3.228000000000e00,2.677937000000e-01,3.490918907113e01
3.232000000000e00,2.653522000000e-01,3.496837667672e01
3.236000000000e00,2.628983000000e-01,3.502561998553e01
3.240000000000e00,2.604376000000e-01,3.508111447443e01
3.244000000000e00,2.579748000000e-01,3.513503642167e01
3.248000000000e00,2.555139000000e-01,3.518753941623e01
3.252000000000e00,2.530581000000e-01,3.523875435780e01
3.256000000000e00,2.506106000000e-01,3.528880341943e01
3.260000000000e00,2.481739000000e-01,3.533779306620e01
3.264000000000e00,2.457502000000e-01,3.538581929123e01
3.268000000000e00,2.433418000000e-01,3.543296936097e01
3.272000000000e00,2.409504000000e-01,3.547932356057e01
3.276000000000e00,2.385778000000e-01,3.552495519387e01
3.280000000000e00,2.362257000000e-01,3.556993581935e01
3.284000000000e00,2.338955000000e-01,3.561432652355e01
3.288000000000e00,2.315888000000e-01,3.565819013831e01
3.292000000000e00,2.293068000000e-01,3.570158600483e01
3.296000000000e00,2.270510000000e-01,3.574456822832e01
3.300000000000e00,2.248226000000e-01,3.578719265931e01
3.304000000000e00,2.226229000000e-01,3.582951340301e01
3.308000000000e00,2.204533000000e-01,3.587158456463e01
3.312000000000e00,2.183151000000e-01,3.591345675872e01
3.316000000000e00,2.162097000000e-01,3.595518845380e01
3.320000000000e00,2.141385000000e-01,3.599683288241e01
3.324000000000e00,2.121030000000e-01,3.603844833856e01
3.328000000000e00,2.101049000000e-01,3.608009555971e01
3.332000000000e00,2.081458000000e-01,3.612183859943e01
3.336000000000e00,2.062278000000e-01,3.616374622370e01
3.340000000000e00,2.043530000000e-01,3.620589225994e01
3.344000000000e00,2.025237000000e-01,3.624835751691e01
3.348000000000e00,2.007429000000e-01,3.629123118091e01
3.352000000000e00,1.990136000000e-01,3.633461151401e01
3.356000000000e00,1.973397000000e-01,3.637860864646e01
3.360000000000e00,1.957257000000e-01,3.642334614757e01
3.364000000000e00,1.941770000000e-01,3.646896207290e01
3.368000000000e00,1.927005000000e-01,3.651561123315e01
3.372000000000e00,1.913045000000e-01,3.656346379792e01
3.376000000000e00,1.899996000000e-01,3.661270163051e01
3.380000000000e00,1.887993000000e-01,3.666350589611e01
3.384000000000e00,1.877205000000e-01,3.671603192901e01
3.388000000000e00,1.867845000000e-01,3.677035704731e01
3.392000000000e00,1.860161000000e-01,3.682639660253e01
3.396000000000e00,1.854419000000e-01,3.688378913699e01
3.400000000000e00,1.850840000000e-01,3.694180649932e01
3.404000000000e00,1.849527000000e-01,3.699938683121e01
3.408000000000e00,1.850397000000e-01,3.705535727139e01
3.412000000000e00,1.853192000000e-01,3.710874863854e01
3.416000000000e00,1.857563000000e-01,3.715900172916e01
3.420000000000e00,1.863152000000e-01,3.720597011012e01
3.424000000000e00,1.869655000000e-01,3.724979236058e01
3.428000000000e00,1.876834000000e-01,3.729075104934e01
3.432000000000e00,1.884515000000e-01,3.732917360015e01
3.436000000000e00,1.892569000000e-01,3.736537993189e01
3.440000000000e00,1.900907000000e-01,3.739966029279e01
3.444000000000e00,1.909464000000e-01,3.743226810467e01
3.448000000000e00,1.918192000000e-01,3.746342153369e01
3.452000000000e00,1.927058000000e-01,3.749330767914e01
3.456000000000e00,1.936038000000e-01,3.752208571504e01
3.460000000000e00,1.945114000000e-01,3.754989261484e01
3.464000000000e00,1.954276000000e-01,3.757684631044e01
3.468000000000e00,1.963514000000e-01,3.760304888614e01
3.472000000000e00,1.972823000000e-01,3.762858933628e01
3.476000000000e00,1.982199000000e-01,3.765354574690e01
3.480000000000e00,1.991640000000e-01,3.767798702358e01
3.484000000000e00,2.001147000000e-01,3.770197434362e01
3.488000000000e00,2.010718000000e-01,3.772556243006e01
3.492000000000e00,2.020356000000e-01,3.774880047676e01
3.496000000000e00,2.030062000000e-01,3.777173295122e01
3.500000000000e00,2.039838000000e-01,3.779440034506e01
3.504000000000e00,2.049688000000e-01,3.781683971165e01
3.508000000000e00,2.059613000000e-01,3.783908511979e01
3.512000000000e00,2.069617000000e-01,3.786116810759e01
3.516000000000e00,2.079703000000e-01,3.788311806639e01
3.520000000000e00,2.089875000000e-01,3.790496225824e01
3.524000000000e00,2.100136000000e-01,3.792672668855e01
3.528000000000e00,2.110489000000e-01,3.794843579192e01
3.532000000000e00,2.120940000000e-01,3.797011243216e01
3.536000000000e00,2.131491000000e-01,3.799177912403e01
3.540000000000e00,2.142146000000e-01,3.801345681147e01
3.544000000000e00,2.152910000000e-01,3.803516626390e01
3.548000000000e00,2.163786000000e-01,3.805692737808e01
3.552000000000e00,2.174779000000e-01,3.807875935263e01
3.556000000000e00,2.185891000000e-01,3.810068138617e01
3.560000000000e00,2.197128000000e-01,3.812271197918e01
3.564000000000e00,2.208493000000e-01,3.814486998123e01
3.568000000000e00,2.219991000000e-01,3.816717354375e01
3.572000000000e00,2.231625000000e-01,3.818964134174e01
3.576000000000e00,2.243399000000e-01,3.821229170117e01
3.580000000000e00,2.255318000000e-01,3.823514312254e01
3.584000000000e00,2.267386000000e-01,3.825821480445e01
3.588000000000e00,2.279606000000e-01,3.828152577101e01
3.592000000000e00,2.291983000000e-01,3.830509556989e01
3.596000000000e00,2.304520000000e-01,3.832894462145e01
3.600000000000e00,2.317222000000e-01,3.835309352058e01
3.604000000000e00,2.330093000000e-01,3.837756390936e01
3.608000000000e00,2.343137000000e-01,3.840237777894e01
3.612000000000e00,2.356357000000e-01,3.842755886578e01
3.616000000000e00,2.369757000000e-01,3.845313142999e01
3.620000000000e00,2.383341000000e-01,3.847912112788e01
3.624000000000e00,2.397114000000e-01,3.850555501206e01
3.628000000000e00,2.411077000000e-01,3.853246170594e01
3.632000000000e00,2.425236000000e-01,3.855987175278e01
3.636000000000e00,2.439592000000e-01,3.858781796476e01
3.640000000000e00,2.454150000000e-01,3.861633472488e01
3.644000000000e00,2.468913000000e-01,3.864545990677e01
3.648000000000e00,2.483882000000e-01,3.867523400208e01
3.652000000000e00,2.499061000000e-01,3.870570064404e01
3.656000000000e00,2.514452000000e-01,3.873690765466e01
3.660000000000e00,2.530055000000e-01,3.876890721930e01
3.664000000000e00,2.545873000000e-01,3.880175675928e01
3.668000000000e00,2.561905000000e-01,3.883551893193e01
3.672000000000e00,2.578152000000e-01,3.887026389948e01
3.676000000000e00,2.594610000000e-01,3.890606932909e01
3.680000000000e00,2.611278000000e-01,3.894302178907e01
3.684000000000e00,2.628150000000e-01,3.898121884335e01
3.688000000000e00,2.645220000000e-01,3.902077079673e01
3.692000000000e00,2.662479000000e-01,3.906180226571e01
3.696000000000e00,2.679912000000e-01,3.910445636730e01
3.700000000000e00,2.697503000000e-01,3.914889646432e01
3.704000000000e00,2.715227000000e-01,3.919531122685e01
3.708000000000e00,2.733051000000e-01,3.924391934465e01
3.712000000000e00,2.750931000000e-01,3.929497441406e01
3.716000000000e00,2.768806000000e-01,3.934877052306e01
3.720000000000e00,2.786593000000e-01,3.940564748725e01
3.724000000000e00,2.804178000000e-01,3.946599242068e01
3.728000000000e00,2.821397000000e-01,3.953022926380e01
3.732000000000e00,2.838026000000e-01,3.959879975945e01
3.736000000000e00,2.853748000000e-01,3.967209486138e01
3.740000000000e00,2.868141000000e-01,3.975034844373e01
3.744000000000e00,2.880669000000e-01,3.983349069330e01
3.748000000000e00,2.890730000000e-01,3.992102768194e01
3.752000000000e00,2.897744000000e-01,4.001210245297e01
3.756000000000e00,2.901251000000e-01,4.010574460332e01
3.760000000000e00,2.900946000000e-01,4.020107274174e01
3.764000000000e00,2.896678000000e-01,4.029721943957e01
3.768000000000e00,2.888487000000e-01,4.039307990341e01
3.772000000000e00,2.876652000000e-01,4.048726310583e01
3.776000000000e00,2.861677000000e-01,4.057842165267e01
3.780000000000e00,2.844177000000e-01,4.066562702874e01
3.784000000000e00,2.824740000000e-01,4.074850573360e01
3.788000000000e00,2.803851000000e-01,4.082710489114e01
3.792000000000e00,2.781885000000e-01,4.090170899001e01
3.796000000000e00,2.759118000000e-01,4.097269327602e01
3.800000000000e00,2.735758000000e-01,4.104044172159e01
3.804000000000e00,2.711960000000e-01,4.110531211923e01
3.808000000000e00,2.687844000000e-01,4.116762560952e01
3.812000000000e00,2.663503000000e-01,4.122765969980e01
3.816000000000e00,2.639011000000e-01,4.128566048150e01
3.820000000000e00,2.614431000000e-01,4.134183564880e01
3.824000000000e00,2.589811000000e-01,4.139637020661e01
3.828000000000e00,2.565194000000e-01,4.144942472521e01
3.832000000000e00,2.540616000000e-01,4.150114057628e01
3.836000000000e00,2.516109000000e-01,4.155164342352e01
3.840000000000e00,2.491700000000e-01,4.160104496799e01
3.844000000000e00,2.467412000000e-01,4.164944294815e01
3.848000000000e00,2.443268000000e-01,4.169693335710e01
3.852000000000e00,2.419287000000e-01,4.174359298932e01
3.856000000000e00,2.395487000000e-01,4.178950387529e01
3.860000000000e00,2.371886000000e-01,4.183473233753e01
3.864000000000e00,2.348498000000e-01,4.187934818920e01
3.868000000000e00,2.325338000000e-01,4.192341077150e01
3.872000000000e00,2.302420000000e-01,4.196698291627e01
3.876000000000e00,2.279758000000e-01,4.201011698341e01
3.880000000000e00,2.257365000000e-01,4.205287231409e01
3.884000000000e00,2.235254000000e-01,4.209530126821e01
3.888000000000e00,2.213438000000e-01,4.213745620563e01
3.892000000000e00,2.191931000000e-01,4.217939297690e01
3.896000000000e00,2.170746000000e-01,4.222116568722e01
3.900000000000e00,2.149896000000e-01,4.226282687099e01
3.904000000000e00,2.129398000000e-01,4.230443499676e01
3.908000000000e00,2.109266000000e-01,4.234604923118e01
3.912000000000e00,2.089518000000e-01,4.238773188251e01
3.916000000000e00,2.070171000000e-01,4.242954944779e01
3.920000000000e00,2.051247000000e-01,4.247157366005e01
3.924000000000e00,2.032769000000e-01,4.251388201192e01
3.928000000000e00,2.014762000000e-01,4.255656002452e01
3.932000000000e00,1.997257000000e-01,4.259970159657e01
3.936000000000e00,1.980289000000e-01,4.264341197142e01
3.940000000000e00,1.963900000000e-01,4.268780826067e01
3.944000000000e00,1.948140000000e-01,4.273302223667e01
3.948000000000e00,1.933072000000e-01,4.277920137975e01
3.952000000000e00,1.918770000000e-01,4.282650922726e01
3.956000000000e00,1.905332000000e-01,4.287512345371e01
3.960000000000e00,1.892879000000e-01,4.292522714415e01
3.964000000000e00,1.881565000000e-01,4.297699046817e01
3.968000000000e00,1.871583000000e-01,4.303053123550e01
3.972000000000e00,1.863168000000e-01,4.308584508282e01
3.976000000000e00,1.856582000000e-01,4.314270110306e01
3.980000000000e00,1.852074000000e-01,4.320053188970e01
3.984000000000e00,1.849806000000e-01,4.325840107357e01
3.988000000000e00,1.849776000000e-01,4.331514766168e01
3.992000000000e00,1.851795000000e-01,4.336968291762e01
3.996000000000e00,1.855539000000e-01,4.342126420380e01
4.000000000000e00,1.860648000000e-01,4.346958242241e01
4.004000000000e00,1.866789000000e-01,4.351467422536e01
4.008000000000e00,1.873698000000e-01,4.355677558118e01
4.012000000000e00,1.881175000000e-01,4.359620326711e01
4.016000000000e00,1.889075000000e-01,4.363328418333e01
4.020000000000e00,1.897292000000e-01,4.366832184260e01
4.024000000000e00,1.905751000000e-01,4.370158537468e01
4.028000000000e00,1.914400000000e-01,4.373330725744e01
4.032000000000e00,1.923200000000e-01,4.376368663293e01
4.036000000000e00,1.932123000000e-01,4.379289401983e01
4.040000000000e00,1.941149000000e-01,4.382107539748e01
4.044000000000e00,1.950264000000e-01,4.384835592343e01
4.048000000000e00,1.959459000000e-01,4.387484401754e01
4.052000000000e00,1.968726000000e-01,4.390063391014e01
4.056000000000e00,1.978062000000e-01,4.392580798077e01
4.060000000000e00,1.987463000000e-01,4.395043878276e01
4.064000000000e00,1.996929000000e-01,4.397459057564e01
4.068000000000e00,2.006460000000e-01,4.399832065160e01
4.072000000000e00,2.016057000000e-01,4.402168038266e01
4.076000000000e00,2.025721000000e-01,4.404471614569e01
4.080000000000e00,2.035454000000e-01,4.406746998570e01
4.084000000000e00,2.045258000000e-01,4.408998033482e01
4.088000000000e00,2.055137000000e-01,4.411228244871e01
4.092000000000e00,2.065093000000e-01,4.413440887775e01
4.096000000000e00,2.075130000000e-01,4.415638979870e01
4.100000000000e00,2.085251000000e-01,4.417825346843e01
4.104000000000e00,2.095460000000e-01,4.420002627631e01
4.108000000000e00,2.105759000000e-01,4.422173311075e01
4.112000000000e00,2.116154000000e-01,4.424339770822e01
4.116000000000e00,2.126647000000e-01,4.426504258348e01
4.120000000000e00,2.137242000000e-01,4.428668937859e01
4.124000000000e00,2.147945000000e-01,4.430835868845e01
4.128000000000e00,2.158757000000e-01,4.433007093341e01
4.132000000000e00,2.169684000000e-01,4.435184548663e01
4.136000000000e00,2.180729000000e-01,4.437370154672e01
4.140000000000e00,2.191897000000e-01,4.439565796324e01
4.144000000000e00,2.203191000000e-01,4.441773306215e01
4.148000000000e00,2.214616000000e-01,4.443994569301e01
4.152000000000e00,2.226175000000e-01,4.446231383270e01
4.156000000000e00,2.237873000000e-01,4.448485598172e01
4.160000000000e00,2.249713000000e-01,4.450759081509e01
4.164000000000e00,2.261700000000e-01,4.453053700783e01
4.168000000000e00,2.273838000000e-01,4.455371358404e01
4.172000000000e00,2.286130000000e-01,4.457713974232e01
4.176000000000e00,2.298581000000e-01,4.460083555398e01
4.180000000000e00,2.311195000000e-01,4.462482126482e01
4.184000000000e00,2.323976000000e-01,4.464911816787e01
4.188000000000e00,2.336928000000e-01,4.467374825428e01
4.192000000000e00,2.350054000000e-01,4.469873403878e01
4.196000000000e00,2.363359000000e-01,4.472409943240e01
4.200000000000e00,2.376846000000e-01,4.474986956787e01
4.204000000000e00,2.390519000000e-01,4.477607079967e01
4.208000000000e00,2.404382000000e-01,4.480273087853e01
4.212000000000e00,2.418438000000e-01,4.482987930051e01
4.216000000000e00,2.432690000000e-01,4.485754783061e01
4.220000000000e00,2.447143000000e-01,4.488576997914e01
4.224000000000e00,2.461799000000e-01,4.491458187444e01
4.228000000000e00,2.476660000000e-01,4.494402243733e01
4.232000000000e00,2.491730000000e-01,4.497413407931e01
4.236000000000e00,2.507010000000e-01,4.500496217895e01
4.240000000000e00,2.522503000000e-01,4.503655700174e01
4.244000000000e00,2.538210000000e-01,4.506897300194e01
4.248000000000e00,2.554131000000e-01,4.510227039341e01
4.252000000000e00,2.570266000000e-01,4.513651532413e01
4.256000000000e00,2.586615000000e-01,4.517178162152e01
4.260000000000e00,2.603175000000e-01,4.520815149061e01
4.264000000000e00,2.619942000000e-01,4.524571673570e01
4.268000000000e00,2.636910000000e-01,4.528458120388e01
4.272000000000e00,2.654072000000e-01,4.532486200676e01
4.276000000000e00,2.671416000000e-01,4.536669283654e01
4.280000000000e00,2.688927000000e-01,4.541022675860e01
4.284000000000e00,2.706583000000e-01,4.545563935308e01
4.288000000000e00,2.724357000000e-01,4.550313412535e01
4.292000000000e00,2.742210000000e-01,4.555294652033e01
4.296000000000e00,2.760091000000e-01,4.560535020565e01
4.300000000000e00,2.777928000000e-01,4.566066195858e01
4.304000000000e00,2.795624000000e-01,4.571924533118e01
4.308000000000e00,2.813040000000e-01,4.578150820692e01
4.312000000000e00,2.829987000000e-01,4.584789005969e01
4.316000000000e00,2.846194000000e-01,4.591881325917e01
4.320000000000e00,2.861294000000e-01,4.599460941793e01
4.324000000000e00,2.874805000000e-01,4.607537452907e01
4.328000000000e00,2.886147000000e-01,4.616082759457e01
4.332000000000e00,2.894719000000e-01,4.625027048275e01
4.336000000000e00,2.899993000000e-01,4.634275198915e01
4.340000000000e00,2.901585000000e-01,4.643733836264e01
4.344000000000e00,2.899270000000e-01,4.653318311851e01
4.348000000000e00,2.892987000000e-01,4.662932632568e01
4.352000000000e00,2.882892000000e-01,4.672449563914e01
4.356000000000e00,2.869388000000e-01,4.681727210619e01
4.360000000000e00,2.853054000000e-01,4.690648461090e01
4.364000000000e00,2.834505000000e-01,4.699149087212e01
4.368000000000e00,2.814280000000e-01,4.707215300883e01
4.372000000000e00,2.792808000000e-01,4.714866475258e01
4.376000000000e00,2.770409000000e-01,4.722136818790e01
4.380000000000e00,2.747323000000e-01,4.729065077789e01
4.384000000000e00,2.723728000000e-01,4.735688427767e01
4.388000000000e00,2.699760000000e-01,4.742040728113e01
4.392000000000e00,2.675524000000e-01,4.748152173021e01
4.396000000000e00,2.651103000000e-01,4.754048593366e01
4.400000000000e00,2.626564000000e-01,4.759752503895e01
4.404000000000e00,2.601962000000e-01,4.765283801360e01
4.408000000000e00,2.577344000000e-01,4.770659415456e01
4.412000000000e00,2.552748000000e-01,4.775894356015e01
4.416000000000e00,2.528207000000e-01,4.781002062071e01
4.420000000000e00,2.503751000000e-01,4.785994401863e01
4.424000000000e00,2.479405000000e-01,4.790881498302e01
4.428000000000e00,2.455192000000e-01,4.795673474296e01
4.432000000000e00,2.431134000000e-01,4.800378532894e01
4.436000000000e00,2.407247000000e-01,4.805004702609e01
4.440000000000e00,2.383551000000e-01,4.809559488358e01
4.444000000000e00,2.360060000000e-01,4.814049696924e01
4.448000000000e00,2.336791000000e-01,4.818481611494e01
4.452000000000e00,2.313757000000e-01,4.822861340719e01
4.456000000000e00,2.290971000000e-01,4.827194644186e01
4.460000000000e00,2.268449000000e-01,4.831487281481e01
4.464000000000e00,2.246202000000e-01,4.835744663125e01
4.468000000000e00,2.224243000000e-01,4.839972025107e01
4.472000000000e00,2.202587000000e-01,4.844174777946e01
4.476000000000e00,2.181245000000e-01,4.848358332163e01
4.480000000000e00,2.160233000000e-01,4.852528185545e01
4.484000000000e00,2.139564000000e-01,4.856689748613e01
4.488000000000e00,2.119253000000e-01,4.860848903127e01
4.492000000000e00,2.099317000000e-01,4.865011687926e01
4.496000000000e00,2.079774000000e-01,4.869184560728e01
4.500000000000e00,2.060643000000e-01,4.873374398131e01
4.504000000000e00,2.041945000000e-01,4.877588635236e01
4.508000000000e00,2.023705000000e-01,4.881835387825e01
4.512000000000e00,2.005951000000e-01,4.886123591984e01
4.516000000000e00,1.988716000000e-01,4.890463196090e01
4.520000000000e00,1.972038000000e-01,4.894865230623e01
4.524000000000e00,1.955962000000e-01,4.899342122327e01
4.528000000000e00,1.940544000000e-01,4.903907781477e01
4.532000000000e00,1.925853000000e-01,4.908577741503e01
4.536000000000e00,1.911974000000e-01,4.913369071726e01
4.540000000000e00,1.899015000000e-01,4.918299923569e01
4.544000000000e00,1.887111000000e-01,4.923388256470e01
4.548000000000e00,1.876436000000e-01,4.928649080261e01
4.552000000000e00,1.867204000000e-01,4.934089201726e01
4.556000000000e00,1.859665000000e-01,4.939698410690e01
4.560000000000e00,1.854082000000e-01,4.945438152828e01
4.564000000000e00,1.850671000000e-01,4.951233012463e01
4.568000000000e00,1.849519000000e-01,4.956975442408e01
4.572000000000e00,1.850531000000e-01,4.962549046655e01
4.576000000000e00,1.853441000000e-01,4.967859734503e01
4.580000000000e00,1.857895000000e-01,4.972854971542e01
4.584000000000e00,1.863542000000e-01,4.977522610280e01
4.588000000000e00,1.870082000000e-01,4.981877887442e01
4.592000000000e00,1.877282000000e-01,4.985949513695e01
4.596000000000e00,1.884973000000e-01,4.989770196507e01
4.600000000000e00,1.893029000000e-01,4.993371683418e01
4.604000000000e00,1.901363000000e-01,4.996782650189e01
4.608000000000e00,1.909911000000e-01,5.000028194652e01
4.612000000000e00,1.918627000000e-01,5.003129819266e01
4.616000000000e00,1.927479000000e-01,5.006105989613e01
4.620000000000e00,1.936443000000e-01,5.008972431110e01
4.624000000000e00,1.945503000000e-01,5.011742704965e01
4.628000000000e00,1.954646000000e-01,5.014428440308e01
4.632000000000e00,1.963865000000e-01,5.017039740848e01
4.636000000000e00,1.973154000000e-01,5.019585417008e01
4.640000000000e00,1.982510000000e-01,5.022073195362e01
4.644000000000e00,1.991931000000e-01,5.024509901890e01
4.648000000000e00,2.001416000000e-01,5.026901599694e01
4.652000000000e00,2.010966000000e-01,5.029253713778e01
4.656000000000e00,2.020583000000e-01,5.031571120071e01
4.660000000000e00,2.030267000000e-01,5.033858234430e01
4.664000000000e00,2.040021000000e-01,5.036119074602e01
4.668000000000e00,2.049848000000e-01,5.038357316250e01
4.672000000000e00,2.059751000000e-01,5.040576347060e01
4.676000000000e00,2.069733000000e-01,5.042779296406e01
4.680000000000e00,2.079796000000e-01,5.044969078988e01
4.684000000000e00,2.089945000000e-01,5.047148436718e01
4.688000000000e00,2.100184000000e-01,5.049319905560e01
4.692000000000e00,2.110515000000e-01,5.051485946428e01
4.696000000000e00,2.120943000000e-01,5.053648845704e01
4.700000000000e00,2.131471000000e-01,5.055810802502e01
4.704000000000e00,2.142103000000e-01,5.057973946123e01
4.708000000000e00,2.152844000000e-01,5.060140301151e01
4.712000000000e00,2.163696000000e-01,5.062311857259e01
4.716000000000e00,2.174665000000e-01,5.064490551765e01
4.720000000000e00,2.185754000000e-01,5.066678287076e01
4.724000000000e00,2.196968000000e-01,5.068876895788e01
4.728000000000e00,2.208309000000e-01,5.071088245403e01
4.732000000000e00,2.219783000000e-01,5.073314168518e01
4.736000000000e00,2.231393000000e-01,5.075556497728e01
4.740000000000e00,2.243143000000e-01,5.077817083081e01
4.744000000000e00,2.255038000000e-01,5.080097757175e01
4.748000000000e00,2.267081000000e-01,5.082400422417e01
4.752000000000e00,2.279277000000e-01,5.084726998670e01
4.756000000000e00,2.291629000000e-01,5.087079405795e01
4.760000000000e00,2.304142000000e-01,5.089459685829e01
4.764000000000e00,2.316820000000e-01,5.091869880807e01
4.768000000000e00,2.329666000000e-01,5.094312154936e01
4.772000000000e00,2.342684000000e-01,5.096788724784e01
4.776000000000e00,2.355879000000e-01,5.099301911641e01
4.780000000000e00,2.369254000000e-01,5.101854141512e01
4.784000000000e00,2.382813000000e-01,5.104447962580e01
4.788000000000e00,2.396560000000e-01,5.107086097558e01
4.792000000000e00,2.410498000000e-01,5.109771356425e01
4.796000000000e00,2.424630000000e-01,5.112506810962e01
4.800000000000e00,2.438961000000e-01,5.115295690027e01
4.804000000000e00,2.453493000000e-01,5.118141466826e01
4.808000000000e00,2.468230000000e-01,5.121047841456e01
4.812000000000e00,2.483173000000e-01,5.124018880535e01
4.816000000000e00,2.498326000000e-01,5.127058912479e01
4.820000000000e00,2.513691000000e-01,5.130172684585e01
4.824000000000e00,2.529268000000e-01,5.133365415385e01
4.828000000000e00,2.545060000000e-01,5.136642742295e01
4.832000000000e00,2.561066000000e-01,5.140010948499e01
4.836000000000e00,2.577286000000e-01,5.143476980407e01
4.840000000000e00,2.593719000000e-01,5.147048517468e01
4.844000000000e00,2.610361000000e-01,5.150734199063e01
4.848000000000e00,2.627209000000e-01,5.154543676861e01
4.852000000000e00,2.644255000000e-01,5.158487876625e01
4.856000000000e00,2.661490000000e-01,5.162579190191e01
4.860000000000e00,2.678901000000e-01,5.166831737273e01
4.864000000000e00,2.696471000000e-01,5.171261731981e01
4.868000000000e00,2.714176000000e-01,5.175887884243e01
4.872000000000e00,2.731983000000e-01,5.180731801235e01
4.876000000000e00,2.749850000000e-01,5.185818580794e01
4.880000000000e00,2.767717000000e-01,5.191177369916e01
4.884000000000e00,2.785502000000e-01,5.196841801097e01
4.888000000000e00,2.803093000000e-01,5.202850236673e01
4.892000000000e00,2.820332000000e-01,5.209244773986e01
4.896000000000e00,2.836997000000e-01,5.216069709493e01
4.900000000000e00,2.852781000000e-01,5.223364662168e01
4.904000000000e00,2.867267000000e-01,5.231154590218e01
4.908000000000e00,2.879927000000e-01,5.239434432190e01
4.912000000000e00,2.890161000000e-01,5.248158111390e01
4.916000000000e00,2.897388000000e-01,5.257241502949e01
4.920000000000e00,2.901135000000e-01,5.266587915627e01
4.924000000000e00,2.901088000000e-01,5.276108337630e01
4.928000000000e00,2.897087000000e-01,5.285717073294e01
4.932000000000e00,2.889155000000e-01,5.295305388606e01
4.936000000000e00,2.877555000000e-01,5.304736100686e01
4.940000000000e00,2.862780000000e-01,5.313872550254e01
4.944000000000e00,2.845438000000e-01,5.322618744202e01
4.948000000000e00,2.826123000000e-01,5.330933318226e01
4.952000000000e00,2.805329000000e-01,5.338819064852e01
4.956000000000e00,2.783435000000e-01,5.346303211217e01
4.960000000000e00,2.760725000000e-01,5.353422932835e01
4.964000000000e00,2.737409000000e-01,5.360216626949e01
4.968000000000e00,2.713646000000e-01,5.366720421873e01
4.972000000000e00,2.689558000000e-01,5.372966606200e01
4.976000000000e00,2.665239000000e-01,5.378983105198e01
4.980000000000e00,2.640766000000e-01,5.384794702541e01
4.984000000000e00,2.616199000000e-01,5.390422516714e01
4.988000000000e00,2.591590000000e-01,5.395885222740e01
4.992000000000e00,2.566981000000e-01,5.401198877648e01
4.996000000000e00,2.542410000000e-01,5.406377793137e01
5.000000000000e00,2.517906000000e-01,5.411434361046e01
5.004000000000e00,2.493498000000e-01,5.416380275080e01