0.0000000e+00, 2.0000000e-01, 2.4000000e-01, 0.0000000e+00
1.0000000e-03, 2.0024021e-01, 2.4042241e-01, 5.9753957e-03
2.7279814e-03, 2.0065630e-01, 2.4117059e-01, 1.6227348e-02
5.2329785e-03, 2.0126177e-01, 2.4223633e-01, 3.0951312e-02
9.0634880e-03, 2.0219288e-01, 2.4391292e-01, 5.3166309e-02
1.4063488e-02, 2.0341800e-01, 2.4613640e-01, 8.1732775e-02
1.9063488e-02, 2.0465444e-01, 2.4843695e-01, 1.0994026e-01
2.4063488e-02, 2.0590265e-01, 2.5083931e-01, 1.3785243e-01
2.9063488e-02, 2.0716313e-01, 2.5334830e-01, 1.6552974e-01
3.4063488e-02, 2.0843646e-01, 2.5597874e-01, 1.9302530e-01
3.9063488e-02, 2.0972325e-01, 2.5873372e-01, 2.2038998e-01
4.4063488e-02, 2.1102416e-01, 2.6162118e-01, 2.4766998e-01
4.9063488e-02, 2.1233983e-01, 2.6464357e-01, 2.7490949e-01
5.4063488e-02, 2.1367097e-01, 2.6780499e-01, 3.0214984e-01
5.9063488e-02, 2.1501827e-01, 2.7110713e-01, 3.2943079e-01
6.4063488e-02, 2.1638243e-01, 2.7455205e-01, 3.5679038e-01
6.9063488e-02, 2.1776418e-01, 2.7814072e-01, 3.8426558e-01
7.4063488e-02, 2.1916423e-01, 2.8187403e-01, 4.1189245e-01
7.9063488e-02, 2.2058331e-01, 2.8575231e-01, 4.3970647e-01
8.4063488e-02, 2.2202215e-01, 2.8977573e-01, 4.6774281e-01
8.9063488e-02, 2.2348147e-01, 2.9394405e-01, 4.9603659e-01
9.4063488e-02, 2.2496198e-01, 2.9825682e-01, 5.2462311e-01
9.9063488e-02, 2.2646443e-01, 3.0271326e-01, 5.5353810e-01
1.0406349e-01, 2.2798950e-01, 3.0731231e-01, 5.8281800e-01
1.0906349e-01, 2.2953793e-01, 3.1205254e-01, 6.1250021e-01
1.1406349e-01, 2.3111041e-01, 3.1693213e-01, 6.4262332e-01
1.1906349e-01, 2.3270763e-01, 3.2194879e-01, 6.7322746e-01
1.2406349e-01, 2.3433026e-01, 3.2709967e-01, 7.0435460e-01
1.2906349e-01, 2.3597898e-01, 3.3238125e-01, 7.3604886e-01
1.3406349e-01, 2.3765442e-01, 3.3778921e-01, 7.6835694e-01
1.3906349e-01, 2.3935720e-01, 3.4331820e-01, 8.0132851e-01
1.4406349e-01, 2.4108791e-01, 3.4896168e-01, 8.3501675e-01
1.4906349e-01, 2.4284711e-01, 3.5471156e-01, 8.6947885e-01
1.5406349e-01, 2.4463529e-01, 3.6055788e-01, 9.0477671e-01
1.5906349e-01, 2.4645292e-01, 3.6648830e-01, 9.4097769e-01
1.6406349e-01, 2.4830036e-01, 3.7248755e-01, 9.7815546e-01
1.6906349e-01, 2.5017793e-01, 3.7853656e-01, 1.0163911e+00
1.7406349e-01, 2.5208580e-01, 3.8461153e-01, 1.0557744e+00
1.7906349e-01, 2.5402404e-01, 3.9068250e-01, 1.0964051e+00
1.8406349e-01, 2.5599252e-01, 3.9671161e-01, 1.1383953e+00
1.8906349e-01, 2.5799091e-01, 4.0265062e-01, 1.1818709e+00
1.9406349e-01, 2.6001861e-01, 4.0843762e-01, 1.2269752e+00
1.9906349e-01, 2.6207466e-01, 4.1399251e-01, 1.2738717e+00
2.0406349e-01, 2.6415763e-01, 4.1921063e-01, 1.3227485e+00
2.0906349e-01, 2.6626548e-01, 4.2395349e-01, 1.3738239e+00
2.1406349e-01, 2.6839538e-01, 4.2803577e-01, 1.4273526e+00
2.1885485e-01, 2.7045345e-01, 4.3108204e-01, 1.4811747e+00
2.2330394e-01, 2.7237530e-01, 4.3289572e-01, 1.5335909e+00
2.2754266e-01, 2.7421122e-01, 4.3341918e-01, 1.5859986e+00
2.3153839e-01, 2.7594100e-01, 4.3246154e-01, 1.6378550e+00
2.3524805e-01, 2.7754047e-01, 4.2994128e-01, 1.6883519e+00
2.3881021e-01, 2.7906413e-01, 4.2561511e-01, 1.7392461e+00
2.4217600e-01, 2.8048580e-01, 4.1927143e-01, 1.7897164e+00
2.4531886e-01, 2.8179011e-01, 4.1085731e-01, 1.8391313e+00
2.4837626e-01, 2.8302910e-01, 3.9975782e-01, 1.8895725e+00
2.5128331e-01, 2.8417066e-01, 3.8577895e-01, 1.9398739e+00
2.5403101e-01, 2.8520714e-01, 3.6882690e-01, 1.9896746e+00
2.5677338e-01, 2.8618903e-01, 3.4746792e-01, 2.0417760e+00
2.5943068e-01, 2.8707756e-01, 3.2152295e-01, 2.0946379e+00
2.6202191e-01, 2.8787018e-01, 2.9050501e-01, 2.1485117e+00
2.6481099e-01, 2.8862335e-01, 2.4991339e-01, 2.2091790e+00
2.6777765e-01, 2.8928631e-01, 1.9745501e-01, 2.2765792e+00
2.7050333e-01, 2.8974647e-01, 1.4057755e-01, 2.3406290e+00
2.7273920e-01, 2.9000248e-01, 8.8642478e-02, 2.3943078e+00
2.7480324e-01, 2.9013260e-01, 3.7560029e-02, 2.4445370e+00
2.7689299e-01, 2.9015486e-01, -1.6172910e-02, 2.4957529e+00
2.7894081e-01, 2.9006738e-01, -6.9254334e-02, 2.5459578e+00
2.8087691e-01, 2.8988563e-01, -1.1854591e-01, 2.5931624e+00
2.8278226e-01, 2.8961546e-01, -1.6513929e-01, 2.6391303e+00
2.8470553e-01, 2.8925538e-01, -2.0943901e-01, 2.6848377e+00
2.8666799e-01, 2.8880350e-01, -2.5124319e-01, 2.7305926e+00
2.8872888e-01, 2.8824477e-01, -2.9116149e-01, 2.7775376e+00
2.9090530e-01, 2.8757035e-01, -3.2879155e-01, 2.8257906e+00
2.9326310e-01, 2.8675321e-01, -3.6457091e-01, 2.8764571e+00
2.9585107e-01, 2.8576637e-01, -3.9831547e-01, 2.9301354e+00
2.9877522e-01, 2.8455516e-01, -4.3037000e-01, 2.9883839e+00
3.0216243e-01, 2.8304663e-01, -4.6065194e-01, 3.0528126e+00
3.0557925e-01, 2.8143175e-01, -4.8488226e-01, 3.1149709e+00
3.0897724e-01, 2.7975157e-01, -5.0423382e-01, 3.1741929e+00
3.1297044e-01, 2.7770288e-01, -5.2207406e-01, 3.2405362e+00
3.1665795e-01, 2.7575513e-01, -5.3450410e-01, 3.2993657e+00
3.2052283e-01, 2.7366967e-01, -5.4478718e-01, 3.3585386e+00
3.2464611e-01, 2.7140709e-01, -5.5281770e-01, 3.4191947e+00
3.2839116e-01, 2.6932671e-01, -5.5825297e-01, 3.4724419e+00
3.3234497e-01, 2.6711134e-01, -5.6244182e-01, 3.5267948e+00
3.3702647e-01, 2.6447060e-01, -5.6578719e-01, 3.5888294e+00
3.4132713e-01, 2.6203341e-01, -5.6766537e-01, 3.6441194e+00
3.4545083e-01, 2.5969045e-01, -5.6870496e-01, 3.6957125e+00
3.4948403e-01, 2.5739595e-01, -5.6912529e-01, 3.7449818e+00
3.5368654e-01, 2.5500431e-01, -5.6909409e-01, 3.7951468e+00
3.5767151e-01, 2.5273729e-01, -5.6870239e-01, 3.8417964e+00
3.6168505e-01, 2.5045626e-01, -5.6798343e-01, 3.8879321e+00
3.6598322e-01, 2.4801735e-01, -5.6688978e-01, 3.9364865e+00
3.7016285e-01, 2.4565087e-01, -5.6550846e-01, 3.9829876e+00
3.7476574e-01, 2.4305238e-01, -5.6358274e-01, 4.0334262e+00
3.7973848e-01, 2.4025625e-01, -5.6102013e-01, 4.0871404e+00
3.8442172e-01, 2.3763577e-01, -5.5809146e-01, 4.1371303e+00
3.8928861e-01, 2.3492847e-01, -5.5447395e-01, 4.1885115e+00
3.9422813e-01, 2.3220032e-01, -5.5017644e-01, 4.2401624e+00
3.9895614e-01, 2.2961034e-01, -5.4543940e-01, 4.2892113e+00
4.0395614e-01, 2.2689742e-01, -5.3976037e-01, 4.3407149e+00
4.0895614e-01, 2.2421468e-01, -5.3336839e-01, 4.3919304e+00
4.1395614e-01, 2.2156566e-01, -5.2626827e-01, 4.4429277e+00
4.1895614e-01, 2.1895396e-01, -5.1844518e-01, 4.4937864e+00
4.2387139e-01, 2.1642640e-01, -5.1004326e-01, 4.5437252e+00
4.2887139e-01, 2.1389948e-01, -5.0075805e-01, 4.5945500e+00
4.3387139e-01, 2.1142094e-01, -4.9069208e-01, 4.6454954e+00
4.3887139e-01, 2.0899478e-01, -4.7980831e-01, 4.6966636e+00
4.4387139e-01, 2.0662527e-01, -4.6803597e-01, 4.7481705e+00
4.4887139e-01, 2.0431708e-01, -4.5528603e-01, 4.8001448e+00
4.5387139e-01, 2.0207542e-01, -4.4142672e-01, 4.8527336e+00
4.5887139e-01, 1.9990630e-01, -4.2628093e-01, 4.9061040e+00
4.6387139e-01, 1.9781677e-01, -4.0960141e-01, 4.9604492e+00
4.6887139e-01, 1.9581537e-01, -3.9104775e-01, 5.0159908e+00
4.7387139e-01, 1.9391266e-01, -3.7014513e-01, 5.0729836e+00
4.7881985e-01, 1.9213988e-01, -3.4648854e-01, 5.1310918e+00
4.8369518e-01, 1.9051703e-01, -3.1942632e-01, 5.1902841e+00
4.8855805e-01, 1.8904172e-01, -2.8756764e-01, 5.2515328e+00
4.9279719e-01, 1.8789332e-01, -2.5448898e-01, 5.3067894e+00
4.9650353e-01, 1.8701268e-01, -2.2092317e-01, 5.3565400e+00
5.0024775e-01, 1.8625911e-01, -1.8183704e-01, 5.4081491e+00
5.0365576e-01, 1.8570863e-01, -1.4143124e-01, 5.4560203e+00
5.0679748e-01, 1.8532806e-01, -1.0096644e-01, 5.5005765e+00
5.0985387e-01, 1.8508290e-01, -5.9540876e-02, 5.5439102e+00
5.1289685e-01, 1.8496461e-01, -1.8189725e-02, 5.5865675e+00
5.1596895e-01, 1.8497001e-01, 2.1798534e-02, 5.6286526e+00
5.1916535e-01, 1.8509976e-01, 5.9577555e-02, 5.6709346e+00
5.2247623e-01, 1.8535246e-01, 9.3322342e-02, 5.7127889e+00
5.2613078e-01, 1.8574895e-01, 1.2396228e-01, 5.7564288e+00
5.2932817e-01, 1.8617833e-01, 1.4488232e-01, 5.7926887e+00
5.3238450e-01, 1.8664628e-01, 1.6145798e-01, 5.8256238e+00
5.3320519e-01, 1.8678005e-01, 1.6460395e-01, 5.8343632e+00
5.3478222e-01, 1.8704547e-01, 1.7190418e-01, 5.8507050e+00
5.3651145e-01, 1.8734803e-01, 1.7815597e-01, 5.8681552e+00
5.3818847e-01, 1.8765168e-01, 1.8395642e-01, 5.8846321e+00
5.4012888e-01, 1.8801409e-01, 1.8964568e-01, 5.9031507e+00
5.4219335e-01, 1.8841110e-01, 1.9498970e-01, 5.9222651e+00
5.4508110e-01, 1.8898333e-01, 2.0138183e-01, 5.9479406e+00
5.4807589e-01, 1.8959429e-01, 2.0669254e-01, 5.9735514e+00
5.5307589e-01, 1.9064597e-01, 2.1403797e-01, 6.0137553e+00
5.5716052e-01, 1.9152839e-01, 2.1812372e-01, 6.0452421e+00
5.6097111e-01, 1.9236644e-01, 2.2172346e-01, 6.0734819e+00
5.6470744e-01, 1.9319971e-01, 2.2436418e-01, 6.1002780e+00
5.6819990e-01, 1.9398740e-01, 2.2671148e-01, 6.1245857e+00
5.7245773e-01, 1.9495777e-01, 2.2911957e-01, 6.1532802e+00
5.7656774e-01, 1.9590374e-01, 2.3120971e-01, 6.1802025e+00
5.8156774e-01, 1.9706567e-01, 2.3357253e-01, 6.2119492e+00
5.8656774e-01, 1.9823891e-01, 2.3573280e-01, 6.2428498e+00
5.9156774e-01, 1.9942291e-01, 2.3786721e-01, 6.2730119e+00
5.9656774e-01, 2.0061747e-01, 2.3995915e-01, 6.3025524e+00
6.0156774e-01, 2.0182262e-01, 2.4209449e-01, 6.3315572e+00
6.0656774e-01, 2.0303854e-01, 2.4427419e-01, 6.3601135e+00
6.1156774e-01, 2.0426558e-01, 2.4653808e-01, 6.3882920e+00
6.1656774e-01, 2.0550417e-01, 2.4889259e-01, 6.4161609e+00
6.2156774e-01, 2.0675481e-01, 2.5135666e-01, 6.4437792e+00
6.2656774e-01, 2.0801805e-01, 2.5393651e-01, 6.4712027e+00
6.3156774e-01, 2.0929451e-01, 2.5664163e-01, 6.4984819e+00
6.3656774e-01, 2.1058482e-01, 2.5947656e-01, 6.5256641e+00
6.4156774e-01, 2.1188964e-01, 2.6244630e-01, 6.5527936e+00
6.4656774e-01, 2.1320966e-01, 2.6555378e-01, 6.5799123e+00
6.5156774e-01, 2.1454556e-01, 2.6880168e-01, 6.6070600e+00
6.5656774e-01, 2.1589806e-01, 2.7219170e-01, 6.6342750e+00
6.6156774e-01, 2.1726787e-01, 2.7572520e-01, 6.6615942e+00
6.6656774e-01, 2.1865571e-01, 2.7940302e-01, 6.6890536e+00
6.7156774e-01, 2.2006230e-01, 2.8322569e-01, 6.7166886e+00
6.7656774e-01, 2.2148836e-01, 2.8719338e-01, 6.7445341e+00
6.8156774e-01, 2.2293462e-01, 2.9130601e-01, 6.7726249e+00
6.8656774e-01, 2.2440181e-01, 2.9556318e-01, 6.8009960e+00
6.9156774e-01, 2.2589065e-01, 2.9996426e-01, 6.8296827e+00
6.9656774e-01, 2.2740185e-01, 3.0450830e-01, 6.8587207e+00
7.0156774e-01, 2.2893612e-01, 3.0919401e-01, 6.8881468e+00
7.0656774e-01, 2.3049417e-01, 3.1401975e-01, 6.9179989e+00
7.1156774e-01, 2.3207669e-01, 3.1898344e-01, 6.9483162e+00
7.1656774e-01, 2.3368437e-01, 3.2408251e-01, 6.9791397e+00
7.2156774e-01, 2.3531788e-01, 3.2931374e-01, 7.0105122e+00
7.2656774e-01, 2.3697786e-01, 3.3467318e-01, 7.0424792e+00
7.3156774e-01, 2.3866494e-01, 3.4015599e-01, 7.0750888e+00
7.3656774e-01, 2.4037974e-01, 3.4575617e-01, 7.1083925e+00
7.4156774e-01, 2.4212281e-01, 3.5146638e-01, 7.1424453e+00
7.4656774e-01, 2.4389468e-01, 3.5727755e-01, 7.1773070e+00
7.5156774e-01, 2.4569583e-01, 3.6317847e-01, 7.2130422e+00
7.5656774e-01, 2.4752667e-01, 3.6915528e-01, 7.2497215e+00
7.6156774e-01, 2.4938754e-01, 3.7519073e-01, 7.2874225e+00
7.6656774e-01, 2.5127868e-01, 3.8126329e-01, 7.3262307e+00
7.7156774e-01, 2.5320020e-01, 3.8734595e-01, 7.3662411e+00
7.7656774e-01, 2.5515208e-01, 3.9340468e-01, 7.4075599e+00
7.8156774e-01, 2.5713407e-01, 3.9939623e-01, 7.4503065e+00
7.8656774e-01, 2.5914571e-01, 4.0526535e-01, 7.4946157e+00
7.9156774e-01, 2.6118620e-01, 4.1094079e-01, 7.5406414e+00
7.9656774e-01, 2.6325434e-01, 4.1632978e-01, 7.5885599e+00
8.0156774e-01, 2.6534839e-01, 4.2131050e-01, 7.6385751e+00
8.0656774e-01, 2.6746590e-01, 4.2572061e-01, 7.6909241e+00
8.1156774e-01, 2.6960347e-01, 4.2934140e-01, 7.7458854e+00
8.1646469e-01, 2.7171189e-01, 4.3182697e-01, 7.8025346e+00
8.2104942e-01, 2.7369391e-01, 4.3284866e-01, 7.8583603e+00
8.2534849e-01, 2.7555339e-01, 4.3228444e-01, 7.9134605e+00
8.2946370e-01, 2.7732721e-01, 4.2988443e-01, 7.9690352e+00
8.3330547e-01, 2.7897000e-01, 4.2544444e-01, 8.0236851e+00
8.3692446e-01, 2.8049736e-01, 4.1875015e-01, 8.0779029e+00
8.4043187e-01, 2.8194910e-01, 4.0920486e-01, 8.1333054e+00
8.4373824e-01, 2.8328095e-01, 3.9659208e-01, 8.1883454e+00
8.4689339e-01, 2.8450648e-01, 3.8044140e-01, 8.2436726e+00
8.5005289e-01, 2.8567444e-01, 3.5913175e-01, 8.3021262e+00
8.5313494e-01, 2.8673908e-01, 3.3202384e-01, 8.3622617e+00
8.5620672e-01, 2.8770554e-01, 2.9757161e-01, 8.4254256e+00
8.5954849e-01, 2.8861983e-01, 2.5007874e-01, 8.4979671e+00
8.6223118e-01, 2.8922618e-01, 2.0241007e-01, 8.5586011e+00
8.6449112e-01, 2.8963234e-01, 1.5721842e-01, 8.6111896e+00
8.6677118e-01, 2.8993192e-01, 1.0584279e-01, 8.6655228e+00
8.6884729e-01, 2.9009932e-01, 5.5550454e-02, 8.7157885e+00
8.7095120e-01, 2.9015988e-01, 2.1194781e-03, 8.7672077e+00
8.7299360e-01, 2.9011018e-01, -5.0751146e-02, 8.8172561e+00
8.7508929e-01, 2.8994763e-01, -1.0442129e-01, 8.8684021e+00
8.7704556e-01, 2.8969613e-01, -1.5279059e-01, 8.9157024e+00
8.7931685e-01, 2.8928916e-01, -2.0572037e-01, 8.9696905e+00
8.8139837e-01, 2.8881508e-01, -2.4999825e-01, 9.0182002e+00
8.8378360e-01, 2.8816406e-01, -2.9607970e-01, 9.0722864e+00
8.8600023e-01, 2.8746669e-01, -3.3339362e-01, 9.1211969e+00
8.8834326e-01, 2.8664469e-01, -3.6843471e-01, 9.1712908e+00
8.9063912e-01, 2.8576540e-01, -3.9777951e-01, 9.2188798e+00
8.9288073e-01, 2.8484580e-01, -4.2285250e-01, 9.2639204e+00
8.9541736e-01, 2.8374265e-01, -4.4710713e-01, 9.3131484e+00
8.9789219e-01, 2.8261162e-01, -4.6707797e-01, 9.3596140e+00
9.0163207e-01, 2.8081815e-01, -4.9224473e-01, 9.4264294e+00
9.0230268e-01, 2.8048716e-01, -4.9500621e-01, 9.4383425e+00
9.0332685e-01, 2.7997687e-01, -5.0133787e-01, 9.4562638e+00
9.0425790e-01, 2.7950823e-01, -5.0548105e-01, 9.4723960e+00
9.0512978e-01, 2.7906552e-01, -5.0997400e-01, 9.4873278e+00
9.0601627e-01, 2.7861180e-01, -5.1371314e-01, 9.5023603e+00
9.0695891e-01, 2.7812561e-01, -5.1781572e-01, 9.5181607e+00
9.0802164e-01, 2.7757315e-01, -5.2191855e-01, 9.5357600e+00
9.0924133e-01, 2.7693384e-01, -5.2639588e-01, 9.5556766e+00
9.1073026e-01, 2.7614643e-01, -5.3132479e-01, 9.5795903e+00
9.1251686e-01, 2.7519246e-01, -5.3662077e-01, 9.6077328e+00
9.1490943e-01, 2.7390125e-01, -5.4276718e-01, 9.6444845e+00
9.1779844e-01, 2.7232447e-01, -5.4886629e-01, 9.6876001e+00
9.2257551e-01, 2.6968433e-01, -5.5658037e-01, 9.7557283e+00
9.2741393e-01, 2.6697943e-01, -5.6163929e-01, 9.8220136e+00
9.3122711e-01, 2.6483255e-01, -5.6443191e-01, 9.8727134e+00
9.3490242e-01, 2.6275492e-01, -5.6619943e-01, 9.9202961e+00
9.3857734e-01, 2.6067212e-01, -5.6734258e-01, 9.9667083e+00
9.4205702e-01, 2.5869699e-01, -5.6791811e-01, 1.0009714e+01
9.4594145e-01, 2.5649059e-01, -5.6812384e-01, 1.0056651e+01
9.4965138e-01, 2.5438321e-01, -5.6796856e-01, 1.0100619e+01
9.5385403e-01, 2.5199742e-01, -5.6741940e-01, 1.0149415e+01
9.5805499e-01, 2.4961554e-01, -5.6656207e-01, 1.0197320e+01
9.6198666e-01, 2.4739021e-01, -5.6545717e-01, 1.0241463e+01
9.6685559e-01, 2.4464141e-01, -5.6367800e-01, 1.0295188e+01
9.7137536e-01, 2.4209835e-01, -5.6164553e-01, 1.0344373e+01
9.7596152e-01, 2.3952844e-01, -5.5909951e-01, 1.0393637e+01
9.8038038e-01, 2.3706428e-01, -5.5621190e-01, 1.0440595e+01
9.8467472e-01, 2.3468283e-01, -5.5292179e-01, 1.0485796e+01
9.8967472e-01, 2.3192934e-01, -5.4850187e-01, 1.0537914e+01
9.9425813e-01, 2.2942606e-01, -5.4384487e-01, 1.0585335e+01
9.9925813e-01, 2.2672124e-01, -5.3811487e-01, 1.0636695e+01
1.0042581e+00, 2.2404686e-01, -5.3167044e-01, 1.0687774e+01
1.0088659e+00, 2.2161224e-01, -5.2510549e-01, 1.0734661e+01
1.0138659e+00, 2.1900629e-01, -5.1730432e-01, 1.0785391e+01
1.0187805e+00, 2.1648462e-01, -5.0891347e-01, 1.0835196e+01
1.0237618e+00, 2.1397264e-01, -4.9969246e-01, 1.0885691e+01
1.0287618e+00, 2.1149936e-01, -4.8965647e-01, 1.0936490e+01
1.0334975e+00, 2.0920484e-01, -4.7940360e-01, 1.0984794e+01
1.0384975e+00, 2.0683708e-01, -4.6774044e-01, 1.1036109e+01
1.0434975e+00, 2.0453009e-01, -4.5509841e-01, 1.1087874e+01
1.0484696e+00, 2.0230132e-01, -4.4146549e-01, 1.1139930e+01
1.0534696e+00, 2.0013156e-01, -4.2649862e-01, 1.1193030e+01
1.0583911e+00, 1.9807250e-01, -4.1031449e-01, 1.1246205e+01
1.0633911e+00, 1.9606668e-01, -3.9209232e-01, 1.1301374e+01
1.0683911e+00, 1.9415771e-01, -3.7160343e-01, 1.1357940e+01
1.0733397e+00, 1.9237629e-01, -3.4850697e-01, 1.1415561e+01
1.0783117e+00, 1.9071076e-01, -3.2162772e-01, 1.1475402e+01
1.0831821e+00, 1.8922046e-01, -2.9057372e-01, 1.1536173e+01
1.0875190e+00, 1.8803191e-01, -2.5777249e-01, 1.1592181e+01
1.0913139e+00, 1.8711762e-01, -2.2429943e-01, 1.1642676e+01
1.0951540e+00, 1.8633172e-01, -1.8524917e-01, 1.1695183e+01
1.0986138e+00, 1.8576068e-01, -1.4507118e-01, 1.1743427e+01
1.1017911e+00, 1.8536371e-01, -1.0493994e-01, 1.1788191e+01
1.1048851e+00, 1.8510312e-01, -6.3603435e-02, 1.1831808e+01
1.1079195e+00, 1.8497197e-01, -2.2823560e-02, 1.1874148e+01
1.1109911e+00, 1.8496283e-01, 1.6953973e-02, 1.1916081e+01
1.1142185e+00, 1.8507879e-01, 5.5087633e-02, 1.1958659e+01
1.1175199e+00, 1.8531599e-01, 8.8855931e-02, 1.2000327e+01
1.1211511e+00, 1.8569395e-01, 1.1960447e-01, 1.2043663e+01
1.1243806e+00, 1.8611439e-01, 1.4103613e-01, 1.2080255e+01
1.1274554e+00, 1.8657376e-01, 1.5789516e-01, 1.2113356e+01
1.1282908e+00, 1.8670700e-01, 1.6116923e-01, 1.2122240e+01
1.1299030e+00, 1.8697299e-01, 1.6869042e-01, 1.2138916e+01
1.1316764e+00, 1.8727777e-01, 1.7516814e-01, 1.2156764e+01
1.1333878e+00, 1.8758266e-01, 1.8111099e-01, 1.2173526e+01
1.1353752e+00, 1.8794834e-01, 1.8695896e-01, 1.2192417e+01
1.1374806e+00, 1.8834766e-01, 1.9240021e-01, 1.2211820e+01
1.1404661e+00, 1.8893182e-01, 1.9898196e-01, 1.2238204e+01
1.1435296e+00, 1.8954952e-01, 2.0434056e-01, 1.2264222e+01
1.1485296e+00, 1.9058919e-01, 2.1158468e-01, 1.2304147e+01
1.1526183e+00, 1.9146233e-01, 2.1561173e-01, 1.2335443e+01
1.1564064e+00, 1.9228579e-01, 2.1913431e-01, 1.2363324e+01
1.1601419e+00, 1.9310910e-01, 2.2173313e-01, 1.2389926e+01
1.1636430e+00, 1.9388948e-01, 2.2404275e-01, 1.2414120e+01
1.1679334e+00, 1.9485575e-01, 2.2642378e-01, 1.2442816e+01
1.1720795e+00, 1.9579879e-01, 2.2848449e-01, 1.2469762e+01
1.1770795e+00, 1.9694697e-01, 2.3079391e-01, 1.2501255e+01
1.1820795e+00, 1.9810619e-01, 2.3290398e-01, 1.2531905e+01
1.1870795e+00, 1.9927593e-01, 2.3498942e-01, 1.2561819e+01
1.1920795e+00, 2.0045598e-01, 2.3703407e-01, 1.2591112e+01
1.1970795e+00, 2.0164638e-01, 2.3912263e-01, 1.2619869e+01
1.2020795e+00, 2.0284733e-01, 2.4125629e-01, 1.2648178e+01
1.2070795e+00, 2.0405917e-01, 2.4347432e-01, 1.2676108e+01
1.2120795e+00, 2.0528232e-01, 2.4578320e-01, 1.2703726e+01
1.2170795e+00, 2.0651730e-01, 2.4820161e-01, 1.2731092e+01
1.2220795e+00, 2.0776465e-01, 2.5073576e-01, 1.2758260e+01
1.2270795e+00, 2.0902499e-01, 2.5339502e-01, 1.2785282e+01
1.2320795e+00, 2.1029896e-01, 2.5618391e-01, 1.2812202e+01
1.2370795e+00, 2.1158720e-01, 2.5910736e-01, 1.2839066e+01
1.2420795e+00, 2.1289040e-01, 2.6216828e-01, 1.2865915e+01
1.2470795e+00, 2.1420926e-01, 2.6536934e-01, 1.2892788e+01
1.2520795e+00, 2.1554448e-01, 2.6871223e-01, 1.2919723e+01
1.2570795e+00, 2.1689678e-01, 2.7219832e-01, 1.2946757e+01
1.2620795e+00, 2.1826686e-01, 2.7582845e-01, 1.2973924e+01
1.2670795e+00, 2.1965545e-01, 2.7960318e-01, 1.3001260e+01
1.2720795e+00, 2.2106328e-01, 2.8352272e-01, 1.3028798e+01
1.2770795e+00, 2.2249108e-01, 2.8758704e-01, 1.3056574e+01
1.2820795e+00, 2.2393955e-01, 2.9179581e-01, 1.3084621e+01
1.2870795e+00, 2.2540942e-01, 2.9614847e-01, 1.3112974e+01
1.2920795e+00, 2.2690142e-01, 3.0064417e-01, 1.3141668e+01
1.2970795e+00, 2.2841625e-01, 3.0528178e-01, 1.3170739e+01
1.3020795e+00, 2.2995462e-01, 3.1005981e-01, 1.3200223e+01
1.3070795e+00, 2.3151723e-01, 3.1497639e-01, 1.3230159e+01
1.3120795e+00, 2.3310476e-01, 3.2002917e-01, 1.3260586e+01
1.3170795e+00, 2.3471788e-01, 3.2521526e-01, 1.3291546e+01
1.3220795e+00, 2.3635726e-01, 3.3053108e-01, 1.3323083e+01
1.3270795e+00, 2.3802354e-01, 3.3597224e-01, 1.3355243e+01
1.3320795e+00, 2.3971731e-01, 3.4153332e-01, 1.3388076e+01
1.3370795e+00, 2.4143918e-01, 3.4720767e-01, 1.3421634e+01
1.3420795e+00, 2.4318968e-01, 3.5298710e-01, 1.3455976e+01
1.3470795e+00, 2.4496931e-01, 3.5886150e-01, 1.3491162e+01
1.3520795e+00, 2.4677852e-01, 3.6481837e-01, 1.3527261e+01
1.3570795e+00, 2.4861768e-01, 3.7084219e-01, 1.3564346e+01
1.3620795e+00, 2.5048707e-01, 3.7691362e-01, 1.3602498e+01
1.3670795e+00, 2.5238688e-01, 3.8300850e-01, 1.3641807e+01
1.3720795e+00, 2.5431714e-01, 3.8909640e-01, 1.3682374e+01
1.3770795e+00, 2.5627772e-01, 3.9513884e-01, 1.3724312e+01
1.3820795e+00, 2.5826827e-01, 4.0108679e-01, 1.3767746e+01
1.3870795e+00, 2.6028816e-01, 4.0687726e-01, 1.3812821e+01
1.3920795e+00, 2.6233640e-01, 4.1242877e-01, 1.3859702e+01
1.3970795e+00, 2.6441152e-01, 4.1763478e-01, 1.3908578e+01
1.4020795e+00, 2.6651143e-01, 4.2235415e-01, 1.3959669e+01
1.4070795e+00, 2.6863323e-01, 4.2639796e-01, 1.4013232e+01
1.4120795e+00, 2.7077289e-01, 4.2950977e-01, 1.4069569e+01
1.4168293e+00, 2.7281701e-01, 4.3125972e-01, 1.4125914e+01
1.4212322e+00, 2.7471616e-01, 4.3148428e-01, 1.4180875e+01
1.4254613e+00, 2.7653764e-01, 4.3000709e-01, 1.4236490e+01
1.4294410e+00, 2.7824188e-01, 4.2655477e-01, 1.4291638e+01
1.4331349e+00, 2.7980713e-01, 4.2102741e-01, 1.4345533e+01
1.4367212e+00, 2.8130222e-01, 4.1287244e-01, 1.4400693e+01
1.4401311e+00, 2.8269077e-01, 4.0172567e-01, 1.4455988e+01
1.4433238e+00, 2.8395036e-01, 3.8749021e-01, 1.4510512e+01
1.4465060e+00, 2.8515317e-01, 3.6867978e-01, 1.4567828e+01
1.4496374e+00, 2.8626909e-01, 3.4432575e-01, 1.4627342e+01
1.4526574e+00, 2.8726291e-01, 3.1413262e-01, 1.4687805e+01
1.4559284e+00, 2.8822196e-01, 2.7268198e-01, 1.4756958e+01
1.4587712e+00, 2.8893172e-01, 2.2708625e-01, 1.4819823e+01
1.4615849e+00, 2.8949611e-01, 1.7440724e-01, 1.4884494e+01
1.4641535e+00, 2.8987134e-01, 1.1814132e-01, 1.4945264e+01
1.4661921e+00, 2.9006284e-01, 6.9864041e-02, 1.4994336e+01
1.4682522e+00, 2.9015351e-01, 1.8281249e-02, 1.5044478e+01
1.4703511e+00, 2.9013521e-01, -3.5666813e-02, 1.5095807e+01
1.4724499e+00, 2.9000384e-01, -8.9534519e-02, 1.5147021e+01
1.4744116e+00, 2.8978028e-01, -1.3845889e-01, 1.5194520e+01
1.4766146e+00, 2.8941795e-01, -1.9062471e-01, 1.5247073e+01
1.4786900e+00, 2.8897553e-01, -2.3591046e-01, 1.5295675e+01
1.4810660e+00, 2.8835914e-01, -2.8314675e-01, 1.5349885e+01
1.4833320e+00, 2.8767307e-01, -3.2264695e-01, 1.5400195e+01
1.4860283e+00, 2.8674765e-01, -3.6402547e-01, 1.5457944e+01
1.4885105e+00, 2.8580493e-01, -3.9586153e-01, 1.5509381e+01
1.4907672e+00, 2.8488307e-01, -4.2124409e-01, 1.5554701e+01
1.4930865e+00, 2.8388047e-01, -4.4350541e-01, 1.5599833e+01
1.4952789e+00, 2.8288827e-01, -4.6173666e-01, 1.5641253e+01
1.4982012e+00, 2.8150885e-01, -4.8249531e-01, 1.5694360e+01
1.5011336e+00, 2.8006961e-01, -4.9931530e-01, 1.5745738e+01
1.5045320e+00, 2.7834550e-01, -5.1547687e-01, 1.5802853e+01
1.5053229e+00, 2.7793676e-01, -5.1815437e-01, 1.5816047e+01
1.5066453e+00, 2.7724790e-01, -5.2358807e-01, 1.5837741e+01
1.5079391e+00, 2.7656782e-01, -5.2779652e-01, 1.5858680e+01
1.5091916e+00, 2.7590415e-01, -5.3193578e-01, 1.5878660e+01
1.5105142e+00, 2.7519818e-01, -5.3567596e-01, 1.5899467e+01
1.5119527e+00, 2.7442482e-01, -5.3952027e-01, 1.5921753e+01
1.5136331e+00, 2.7351493e-01, -5.4345802e-01, 1.5947344e+01
1.5155933e+00, 2.7244569e-01, -5.4751832e-01, 1.5976619e+01
1.5180712e+00, 2.7108367e-01, -5.5186568e-01, 1.6012758e+01
1.5211314e+00, 2.6938828e-01, -5.5618840e-01, 1.6056165e+01
1.5251032e+00, 2.6717096e-01, -5.6040764e-01, 1.6110619e+01
1.5298520e+00, 2.6450190e-01, -5.6377073e-01, 1.6173352e+01
1.5344931e+00, 2.6188090e-01, -5.6574796e-01, 1.6232689e+01
1.5389654e+00, 2.5934857e-01, -5.6675887e-01, 1.6288234e+01
1.5431326e+00, 2.5698613e-01, -5.6708957e-01, 1.6338748e+01
1.5471875e+00, 2.5468690e-01, -5.6697143e-01, 1.6386839e+01
1.5512840e+00, 2.5236533e-01, -5.6648586e-01, 1.6434465e+01
1.5553384e+00, 2.5007022e-01, -5.6569052e-01, 1.6480763e+01
1.5595211e+00, 2.4770650e-01, -5.6455280e-01, 1.6527733e+01
1.5639266e+00, 2.4522280e-01, -5.6301007e-01, 1.6576426e+01
1.5684816e+00, 2.4266285e-01, -5.6102146e-01, 1.6626040e+01
1.5733799e+00, 2.3992127e-01, -5.5839428e-01, 1.6678650e+01
1.5782514e+00, 2.3720880e-01, -5.5524549e-01, 1.6730338e+01
1.5829742e+00, 2.3459511e-01, -5.5163073e-01, 1.6779926e+01
1.5879665e+00, 2.3185232e-01, -5.4718391e-01, 1.6831841e+01
1.5928473e+00, 2.2919394e-01, -5.4218380e-01, 1.6882190e+01
1.5978037e+00, 2.2652098e-01, -5.3643634e-01, 1.6932966e+01
1.6028037e+00, 2.2385511e-01, -5.2993951e-01, 1.6983906e+01
1.6078037e+00, 2.2122350e-01, -5.2273702e-01, 1.7034633e+01
1.6128037e+00, 2.1862968e-01, -5.1482197e-01, 1.7085225e+01
1.6178037e+00, 2.1607725e-01, -5.0618369e-01, 1.7135760e+01
1.6228037e+00, 2.1356986e-01, -4.9680457e-01, 1.7186324e+01
1.6278037e+00, 2.1111130e-01, -4.8665484e-01, 1.7237010e+01
1.6328037e+00, 2.0870553e-01, -4.7568968e-01, 1.7287919e+01
1.6378037e+00, 2.0635680e-01, -4.6384297e-01, 1.7339166e+01
1.6428037e+00, 2.0406975e-01, -4.5102202e-01, 1.7390878e+01
1.6478037e+00, 2.0184958e-01, -4.3709617e-01, 1.7443199e+01
1.6528037e+00, 1.9970227e-01, -4.2188852e-01, 1.7496295e+01
1.6578037e+00, 1.9763484e-01, -4.0515247e-01, 1.7550354e+01
1.6628037e+00, 1.9565580e-01, -3.8655076e-01, 1.7605594e+01
1.6678037e+00, 1.9377566e-01, -3.6561314e-01, 1.7662263e+01
1.6728037e+00, 1.9200776e-01, -3.4168686e-01, 1.7720638e+01
1.6777364e+00, 1.9039041e-01, -3.1425992e-01, 1.7780179e+01
1.6826207e+00, 1.8893425e-01, -2.8222356e-01, 1.7841314e+01
1.6868527e+00, 1.8781018e-01, -2.4923919e-01, 1.7896087e+01
1.6905629e+00, 1.8694788e-01, -2.1579138e-01, 1.7945492e+01
1.6943076e+00, 1.8621286e-01, -1.7700495e-01, 1.7996636e+01
1.6977282e+00, 1.8567622e-01, -1.3696670e-01, 1.8044189e+01
1.7008967e+00, 1.8530602e-01, -9.6834038e-02, 1.8088605e+01
1.7039885e+00, 1.8507014e-01, -5.5825089e-02, 1.8131878e+01
1.7070918e+00, 1.8496058e-01, -1.4759767e-02, 1.8174754e+01
1.7102081e+00, 1.8497559e-01, 2.4497156e-02, 1.8216767e+01
1.7134436e+00, 1.8511408e-01, 6.1307892e-02, 1.8258831e+01
1.7168249e+00, 1.8537673e-01, 9.4301730e-02, 1.8300776e+01
1.7205721e+00, 1.8578550e-01, 1.2417015e-01, 1.8344615e+01
1.7237828e+00, 1.8621561e-01, 1.4400426e-01, 1.8380287e+01
1.7268545e+00, 1.8668202e-01, 1.5980420e-01, 1.8412715e+01
1.7276678e+00, 1.8681316e-01, 1.6270955e-01, 1.8421203e+01
1.7292259e+00, 1.8707210e-01, 1.6957577e-01, 1.8437034e+01
1.7309319e+00, 1.8736627e-01, 1.7541400e-01, 1.8453923e+01
1.7325973e+00, 1.8766299e-01, 1.8090451e-01, 1.8469982e+01
1.7345192e+00, 1.8801577e-01, 1.8626799e-01, 1.8487994e+01
1.7365746e+00, 1.8840383e-01, 1.9135086e-01, 1.8506688e+01
1.7394162e+00, 1.8895605e-01, 1.9736266e-01, 1.8531530e+01
1.7423932e+00, 1.8955106e-01, 2.0243460e-01, 1.8556572e+01
1.7473932e+00, 1.9058071e-01, 2.0948304e-01, 1.8596130e+01
1.7515502e+00, 1.9145964e-01, 2.1347491e-01, 1.8627637e+01
1.7554771e+00, 1.9230486e-01, 2.1699850e-01, 1.8656224e+01
1.7593826e+00, 1.9315735e-01, 2.1962006e-01, 1.8683700e+01
1.7630158e+00, 1.9395946e-01, 2.2191016e-01, 1.8708485e+01
1.7675431e+00, 1.9496951e-01, 2.2432094e-01, 1.8738339e+01
1.7718724e+00, 1.9594508e-01, 2.2636992e-01, 1.8766061e+01
1.7768724e+00, 1.9708246e-01, 2.2858827e-01, 1.8797114e+01
1.7818724e+00, 1.9823049e-01, 2.3063166e-01, 1.8827354e+01
1.7868724e+00, 1.9938872e-01, 2.3266171e-01, 1.8856883e+01
1.7918724e+00, 2.0055703e-01, 2.3466428e-01, 1.8885814e+01
1.7968724e+00, 2.0173549e-01, 2.3671690e-01, 1.8914228e+01
1.8018724e+00, 2.0292435e-01, 2.3882157e-01, 1.8942208e+01
1.8068724e+00, 2.0412395e-01, 2.4101422e-01, 1.8969824e+01
1.8118724e+00, 2.0533475e-01, 2.4330133e-01, 1.8997141e+01
1.8168724e+00, 2.0655726e-01, 2.4570005e-01, 1.9024215e+01
1.8218724e+00, 2.0779207e-01, 2.4821635e-01, 1.9051101e+01
1.8268724e+00, 2.0903977e-01, 2.5085888e-01, 1.9077847e+01
1.8318724e+00, 2.1030101e-01, 2.5363192e-01, 1.9104499e+01
1.8368724e+00, 2.1157646e-01, 2.5654004e-01, 1.9131100e+01
1.8418724e+00, 2.1286679e-01, 2.5958597e-01, 1.9157690e+01
1.8468724e+00, 2.1417270e-01, 2.6277218e-01, 1.9184308e+01
1.8518724e+00, 2.1549489e-01, 2.6610026e-01, 1.9210991e+01
1.8568724e+00, 2.1683409e-01, 2.6957147e-01, 1.9237774e+01
1.8618724e+00, 2.1819100e-01, 2.7318658e-01, 1.9264693e+01
1.8668724e+00, 2.1956635e-01, 2.7694611e-01, 1.9291781e+01
1.8718724e+00, 2.2096086e-01, 2.8085023e-01, 1.9319072e+01
1.8768724e+00, 2.2237524e-01, 2.8489891e-01, 1.9346600e+01
1.8818724e+00, 2.2381024e-01, 2.8909182e-01, 1.9374399e+01
1.8868724e+00, 2.2526655e-01, 2.9342842e-01, 1.9402501e+01
1.8918724e+00, 2.2674491e-01, 2.9790791e-01, 1.9430942e+01
1.8968724e+00, 2.2824602e-01, 3.0252919e-01, 1.9459756e+01
1.9018724e+00, 2.2977058e-01, 3.0729085e-01, 1.9488981e+01
1.9068724e+00, 2.3131931e-01, 3.1219111e-01, 1.9518652e+01
1.9118724e+00, 2.3289287e-01, 3.1722775e-01, 1.9548810e+01
1.9168724e+00, 2.3449195e-01, 3.2239801e-01, 1.9579495e+01
1.9218724e+00, 2.3611720e-01, 3.2769850e-01, 1.9610749e+01
1.9268724e+00, 2.3776928e-01, 3.3312504e-01, 1.9642619e+01
1.9318724e+00, 2.3944878e-01, 3.3867250e-01, 1.9675153e+01
1.9368724e+00, 2.4115631e-01, 3.4433457e-01, 1.9708402e+01
1.9418724e+00, 2.4289242e-01, 3.5010348e-01, 1.9742422e+01
1.9468724e+00, 2.4465761e-01, 3.5596965e-01, 1.9777275e+01
1.9518724e+00, 2.4645235e-01, 3.6192124e-01, 1.9813025e+01
1.9568724e+00, 2.4827702e-01, 3.6794356e-01, 1.9849744e+01
1.9618724e+00, 2.5013193e-01, 3.7401834e-01, 1.9887512e+01
1.9668724e+00, 2.5201728e-01, 3.8012275e-01, 1.9926415e+01
1.9718724e+00, 2.5393316e-01, 3.8622812e-01, 1.9966552e+01
1.9768724e+00, 2.5587947e-01, 3.9229820e-01, 2.0008031e+01
1.9818724e+00, 2.5785593e-01, 3.9828694e-01, 2.0050975e+01
1.9868724e+00, 2.5986196e-01, 4.0413531e-01, 2.0095523e+01
1.9918724e+00, 2.6189669e-01, 4.0976707e-01, 2.0141834e+01
1.9968724e+00, 2.6395878e-01, 4.1508269e-01, 2.0190090e+01
2.0018724e+00, 2.6604631e-01, 4.1995106e-01, 2.0240502e+01
2.0068724e+00, 2.6815661e-01, 4.2419697e-01, 2.0293317e+01
2.0118724e+00, 2.7028596e-01, 4.2758363e-01, 2.0348825e+01
2.0166981e+00, 2.7235436e-01, 4.2971884e-01, 2.0405223e+01
2.0211942e+00, 2.7428774e-01, 4.3035376e-01, 2.0460533e+01
2.0254583e+00, 2.7612047e-01, 4.2934882e-01, 2.0515775e+01
2.0295084e+00, 2.7785332e-01, 4.2643307e-01, 2.0571071e+01
2.0332796e+00, 2.7945187e-01, 4.2145112e-01, 2.0625298e+01
2.0368818e+00, 2.8095647e-01, 4.1404415e-01, 2.0679878e+01
2.0403438e+00, 2.8237174e-01, 4.0370161e-01, 2.0735189e+01
2.0435987e+00, 2.8366358e-01, 3.9025810e-01, 2.0789979e+01
2.0467658e+00, 2.8487164e-01, 3.7281583e-01, 2.0846171e+01
2.0499157e+00, 2.8600960e-01, 3.4999009e-01, 2.0905141e+01
2.0529782e+00, 2.8703696e-01, 3.2124579e-01, 2.0965581e+01
2.0561538e+00, 2.8799635e-01, 2.8334357e-01, 2.1031701e+01
2.0591156e+00, 2.8876882e-01, 2.3870886e-01, 2.1096372e+01
2.0620580e+00, 2.8939253e-01, 1.8561973e-01, 2.1163368e+01
2.0645073e+00, 2.8978312e-01, 1.3366962e-01, 2.1220804e+01
2.0665592e+00, 2.9000891e-01, 8.6543504e-02, 2.1269850e+01
2.0686263e+00, 2.9013502e-01, 3.5631873e-02, 2.1319923e+01
2.0706332e+00, 2.9015527e-01, -1.5398975e-02, 2.1368873e+01
2.0726635e+00, 2.9007103e-01, -6.7571011e-02, 2.1418413e+01
2.0746595e+00, 2.8988596e-01, -1.1792054e-01, 2.1466851e+01
2.0767892e+00, 2.8958010e-01, -1.6942279e-01, 2.1517915e+01
2.0788591e+00, 2.8918123e-01, -2.1613375e-01, 2.1566729e+01
2.0812249e+00, 2.8861231e-01, -2.6503862e-01, 2.1621189e+01
2.0835498e+00, 2.8794701e-01, -3.0753779e-01, 2.1673285e+01
2.0862058e+00, 2.8707379e-01, -3.5024934e-01, 2.1730784e+01
2.0888689e+00, 2.8609341e-01, -3.8633813e-01, 2.1786430e+01
2.0915487e+00, 2.8501684e-01, -4.1735071e-01, 2.1840393e+01
2.0942688e+00, 2.8384619e-01, -4.4363256e-01, 2.1893183e+01
2.0968452e+00, 2.8267639e-01, -4.6461334e-01, 2.1941488e+01
2.1006791e+00, 2.8084615e-01, -4.9039582e-01, 2.2009818e+01
2.1013721e+00, 2.8050534e-01, -4.9325747e-01, 2.2022097e+01
2.1024265e+00, 2.7998176e-01, -4.9973917e-01, 2.2040492e+01
2.1033757e+00, 2.7950546e-01, -5.0393295e-01, 2.2056887e+01
2.1042588e+00, 2.7905845e-01, -5.0845913e-01, 2.2071960e+01
2.1051522e+00, 2.7860252e-01, -5.1219260e-01, 2.2087061e+01
2.1060983e+00, 2.7811601e-01, -5.1628467e-01, 2.2102866e+01
2.1071608e+00, 2.7756532e-01, -5.2035122e-01, 2.2120404e+01
2.1083764e+00, 2.7693008e-01, -5.2478390e-01, 2.2140190e+01
2.1098550e+00, 2.7615057e-01, -5.2964435e-01, 2.2163866e+01
2.1116261e+00, 2.7520792e-01, -5.3486626e-01, 2.2191686e+01
2.1139855e+00, 2.7393885e-01, -5.4090458e-01, 2.2227841e+01
2.1168364e+00, 2.7238829e-01, -5.4692029e-01, 2.2270303e+01
2.1214599e+00, 2.6984251e-01, -5.5443130e-01, 2.2336205e+01
2.1262561e+00, 2.6717137e-01, -5.5955155e-01, 2.2401881e+01
2.1302048e+00, 2.6495616e-01, -5.6247541e-01, 2.2454299e+01
2.1340411e+00, 2.6279489e-01, -5.6432941e-01, 2.2503826e+01
2.1378489e+00, 2.6064384e-01, -5.6548429e-01, 2.2551743e+01
2.1414639e+00, 2.5859866e-01, -5.6604825e-01, 2.2596224e+01
2.1454237e+00, 2.5635694e-01, -5.6621031e-01, 2.2643849e+01
2.1492259e+00, 2.5420452e-01, -5.6600505e-01, 2.2688685e+01
2.1533692e+00, 2.5186065e-01, -5.6542010e-01, 2.2736575e+01
2.1575981e+00, 2.4947146e-01, -5.6450913e-01, 2.2784578e+01
2.1616006e+00, 2.4721438e-01, -5.6334383e-01, 2.2829305e+01
2.1663267e+00, 2.4455622e-01, -5.6157276e-01, 2.2881240e+01
2.1709677e+00, 2.4195494e-01, -5.5943379e-01, 2.2931517e+01
2.1756174e+00, 2.3935989e-01, -5.5680677e-01, 2.2981237e+01
2.1806174e+00, 2.3658434e-01, -5.5343656e-01, 2.3034053e+01
2.1851993e+00, 2.3405695e-01, -5.4979810e-01, 2.3081981e+01
2.1901841e+00, 2.3132780e-01, -5.4522052e-01, 2.3133629e+01
2.1951841e+00, 2.2861494e-01, -5.3995304e-01, 2.3185027e+01
2.1999451e+00, 2.2605780e-01, -5.3429503e-01, 2.3233653e+01
2.2049451e+00, 2.2340294e-01, -5.2767804e-01, 2.3284447e+01
2.2099451e+00, 2.2078295e-01, -5.2034948e-01, 2.3335040e+01
2.2149451e+00, 2.1820137e-01, -5.1231634e-01, 2.3385506e+01
2.2199451e+00, 2.1566176e-01, -5.0355799e-01, 2.3435926e+01
2.2248987e+00, 2.1319071e-01, -4.9415207e-01, 2.3485917e+01
2.2298987e+00, 2.1074569e-01, -4.8389114e-01, 2.3536508e+01
2.2348987e+00, 2.0835403e-01, -4.7280945e-01, 2.3587333e+01
2.2398987e+00, 2.0602000e-01, -4.6084256e-01, 2.3638506e+01
2.2448987e+00, 2.0374828e-01, -4.4789095e-01, 2.3690157e+01
2.2498987e+00, 2.0154412e-01, -4.3382316e-01, 2.3742429e+01
2.2548987e+00, 1.9941357e-01, -4.1845407e-01, 2.3795489e+01
2.2598987e+00, 1.9736379e-01, -4.0153223e-01, 2.3849527e+01
2.2648987e+00, 1.9540340e-01, -3.8270925e-01, 2.3904760e+01
2.2698987e+00, 1.9354315e-01, -3.6150345e-01, 2.3961438e+01
2.2748987e+00, 1.9179663e-01, -3.3724513e-01, 2.4019837e+01
2.2798434e+00, 1.9019851e-01, -3.0933779e-01, 2.4079559e+01
2.2847637e+00, 1.8875775e-01, -2.7653080e-01, 2.4141194e+01
2.2889401e+00, 1.8767250e-01, -2.4342181e-01, 2.4195254e+01
2.2926094e+00, 1.8684107e-01, -2.0994752e-01, 2.4244073e+01
2.2963074e+00, 1.8613660e-01, -1.7128092e-01, 2.4294475e+01
2.2997055e+00, 1.8562265e-01, -1.3140395e-01, 2.4341550e+01
2.3028766e+00, 1.8526973e-01, -9.1296089e-02, 2.4385788e+01
2.3059742e+00, 1.8505014e-01, -5.0544880e-02, 2.4428864e+01
2.3091350e+00, 1.8495549e-01, -9.3117944e-03, 2.4472170e+01
2.3122820e+00, 1.8498696e-01, 2.9431014e-02, 2.4514166e+01
2.3155328e+00, 1.8514066e-01, 6.5330260e-02, 2.4555934e+01
2.3189815e+00, 1.8542145e-01, 9.7769024e-02, 2.4598136e+01
2.3228192e+00, 1.8585210e-01, 1.2697255e-01, 2.4642341e+01
2.3260265e+00, 1.8628902e-01, 1.4573316e-01, 2.4677430e+01
2.3291012e+00, 1.8676010e-01, 1.6078985e-01, 2.4709396e+01
2.3299033e+00, 1.8689011e-01, 1.6346029e-01, 2.4717642e+01
2.3314336e+00, 1.8714527e-01, 1.6990842e-01, 2.4732968e+01
2.3331057e+00, 1.8743381e-01, 1.7534158e-01, 2.4749298e+01
2.3347485e+00, 1.8772614e-01, 1.8052919e-01, 2.4764933e+01
2.3366382e+00, 1.8807200e-01, 1.8557305e-01, 2.4782426e+01
2.3386697e+00, 1.8845388e-01, 1.9040369e-01, 2.4800686e+01
2.3414406e+00, 1.8898923e-01, 1.9604789e-01, 2.4824659e+01
2.3443764e+00, 1.8957184e-01, 2.0090184e-01, 2.4849116e+01
2.3493764e+00, 1.9059330e-01, 2.0774133e-01, 2.4888308e+01
2.3535935e+00, 1.9147747e-01, 2.1167843e-01, 2.4919960e+01
2.3576297e+00, 1.9233892e-01, 2.1517173e-01, 2.4949036e+01
2.3616628e+00, 1.9321188e-01, 2.1778436e-01, 2.4977090e+01
2.3654066e+00, 1.9403147e-01, 2.2004692e-01, 2.5002330e+01
2.3701449e+00, 1.9507981e-01, 2.2247546e-01, 2.5033173e+01
2.3746354e+00, 1.9608339e-01, 2.2450952e-01, 2.5061547e+01
2.3796354e+00, 1.9721128e-01, 2.2665066e-01, 2.5092207e+01
2.3846354e+00, 1.9834948e-01, 2.2863711e-01, 2.5122081e+01
2.3896354e+00, 1.9949763e-01, 2.3062047e-01, 2.5151268e+01
2.3946354e+00, 2.0065564e-01, 2.3258751e-01, 2.5179876e+01
2.3996354e+00, 2.0182365e-01, 2.3461011e-01, 2.5207984e+01
2.4046354e+00, 2.0300190e-01, 2.3669066e-01, 2.5235674e+01
2.4096354e+00, 2.0419080e-01, 2.3886240e-01, 2.5263011e+01
2.4146354e+00, 2.0539079e-01, 2.4113167e-01, 2.5290060e+01
2.4196354e+00, 2.0660242e-01, 2.4351438e-01, 2.5316876e+01
2.4246354e+00, 2.0782626e-01, 2.4601624e-01, 2.5343511e+01
2.4296354e+00, 2.0906293e-01, 2.4864530e-01, 2.5370014e+01
2.4346354e+00, 2.1031307e-01, 2.5140562e-01, 2.5396429e+01
2.4396354e+00, 2.1157736e-01, 2.5430145e-01, 2.5422797e+01
2.4446354e+00, 2.1285646e-01, 2.5733538e-01, 2.5449159e+01
2.4496354e+00, 2.1415109e-01, 2.6050970e-01, 2.5475553e+01
2.4546354e+00, 2.1546195e-01, 2.6382590e-01, 2.5502014e+01
2.4596354e+00, 2.1678974e-01, 2.6728514e-01, 2.5528578e+01
2.4646354e+00, 2.1813519e-01, 2.7088816e-01, 2.5555279e+01
2.4696354e+00, 2.1949901e-01, 2.7463541e-01, 2.5582150e+01
2.4746354e+00, 2.2088194e-01, 2.7852705e-01, 2.5609225e+01
2.4796354e+00, 2.2228468e-01, 2.8256302e-01, 2.5636536e+01
2.4846354e+00, 2.2370796e-01, 2.8674301e-01, 2.5664117e+01
2.4896354e+00, 2.2515250e-01, 2.9106650e-01, 2.5692001e+01
2.4946354e+00, 2.2661901e-01, 2.9553270e-01, 2.5720222e+01
2.4996354e+00, 2.2810821e-01, 3.0014056e-01, 2.5748814e+01
2.5046354e+00, 2.2962080e-01, 3.0488874e-01, 2.5777813e+01
2.5096354e+00, 2.3115748e-01, 3.0977552e-01, 2.5807256e+01
2.5146354e+00, 2.3271893e-01, 3.1479878e-01, 2.5837181e+01
2.5196354e+00, 2.3430583e-01, 3.1995589e-01, 2.5867628e+01
2.5246354e+00, 2.3591884e-01, 3.2524359e-01, 2.5898639e+01
2.5296354e+00, 2.3755861e-01, 3.3065790e-01, 2.5930258e+01
2.5346354e+00, 2.3922575e-01, 3.3619390e-01, 2.5962534e+01
2.5396354e+00, 2.4092086e-01, 3.4184557e-01, 2.5995518e+01
2.5446354e+00, 2.4264450e-01, 3.4760548e-01, 2.6029263e+01
2.5496354e+00, 2.4439719e-01, 3.5346449e-01, 2.6063829e+01
2.5546354e+00, 2.4617939e-01, 3.5941128e-01, 2.6099281e+01
2.5596354e+00, 2.4799150e-01, 3.6543186e-01, 2.6135688e+01
2.5646354e+00, 2.4983386e-01, 3.7150880e-01, 2.6173128e+01
2.5696354e+00, 2.5170669e-01, 3.7762037e-01, 2.6211686e+01
2.5746354e+00, 2.5361009e-01, 3.8373929e-01, 2.6251457e+01
2.5796354e+00, 2.5554401e-01, 3.8983114e-01, 2.6292547e+01
2.5846354e+00, 2.5750821e-01, 3.9585224e-01, 2.6335075e+01
2.5896354e+00, 2.5950219e-01, 4.0174671e-01, 2.6379177e+01
2.5946354e+00, 2.6152514e-01, 4.0744251e-01, 2.6425006e+01
2.5996354e+00, 2.6357583e-01, 4.1284578e-01, 2.6472739e+01
2.6046354e+00, 2.6565247e-01, 4.1783327e-01, 2.6522581e+01
2.6096354e+00, 2.6775259e-01, 4.2224066e-01, 2.6574768e+01
2.6146354e+00, 2.6987271e-01, 4.2584658e-01, 2.6629580e+01
2.6195255e+00, 2.7196101e-01, 4.2829893e-01, 2.6686013e+01
2.6241020e+00, 2.7392323e-01, 4.2927611e-01, 2.6741617e+01
2.6283985e+00, 2.7576612e-01, 4.2865449e-01, 2.6796578e+01
2.6325088e+00, 2.7752275e-01, 4.2617986e-01, 2.6851991e+01
2.6363458e+00, 2.7914913e-01, 4.2165134e-01, 2.6906488e+01
2.6399659e+00, 2.8066300e-01, 4.1483990e-01, 2.6960649e+01
2.6434729e+00, 2.8210057e-01, 4.0515015e-01, 2.7015978e+01
2.6467796e+00, 2.8341887e-01, 3.9236577e-01, 2.7070964e+01
2.6499424e+00, 2.8463363e-01, 3.7597197e-01, 2.7126375e+01
2.6531110e+00, 2.8579027e-01, 3.5434008e-01, 2.7184951e+01
2.6562062e+00, 2.8684395e-01, 3.2680422e-01, 2.7245302e+01
2.6593092e+00, 2.8780290e-01, 2.9161120e-01, 2.7309079e+01
2.6626823e+00, 2.8870397e-01, 2.4313146e-01, 2.7382263e+01
2.6653485e+00, 2.8928790e-01, 1.9533815e-01, 2.7442439e+01
2.6675707e+00, 2.8967230e-01, 1.5079016e-01, 2.7494018e+01
2.6698060e+00, 2.8995284e-01, 1.0048693e-01, 2.7547090e+01
2.6718658e+00, 2.9010864e-01, 5.0907332e-02, 2.7596746e+01
2.6739492e+00, 2.9015990e-01, -1.5973034e-03, 2.7647415e+01
2.6760131e+00, 2.9010204e-01, -5.4450967e-02, 2.7697725e+01
2.6780985e+00, 2.8993348e-01, -1.0724335e-01, 2.7748334e+01
2.6800859e+00, 2.8967227e-01, -1.5571648e-01, 2.7796097e+01
2.6823290e+00, 2.8926537e-01, -2.0722300e-01, 2.7849098e+01
2.6844705e+00, 2.8877377e-01, -2.5211314e-01, 2.7898668e+01
2.6869068e+00, 2.8810361e-01, -2.9825246e-01, 2.7953507e+01
2.6892800e+00, 2.8734977e-01, -3.3731345e-01, 2.8005377e+01
2.6921035e+00, 2.8634058e-01, -3.7778717e-01, 2.8064777e+01
2.6944269e+00, 2.8543106e-01, -4.0539294e-01, 2.8112178e+01
2.6965806e+00, 2.8453337e-01, -4.2831280e-01, 2.8154811e+01
2.6986898e+00, 2.8361008e-01, -4.4736955e-01, 2.8195405e+01
2.7006086e+00, 2.8273688e-01, -4.6284134e-01, 2.8231389e+01
2.7027786e+00, 2.8171614e-01, -4.7805359e-01, 2.8270946e+01
2.7049763e+00, 2.8065095e-01, -4.9137661e-01, 2.8309902e+01
2.7083661e+00, 2.7895608e-01, -5.0875798e-01, 2.8367499e+01
2.7118001e+00, 2.7718597e-01, -5.2235030e-01, 2.8423611e+01
2.7150670e+00, 2.7546244e-01, -5.3289327e-01, 2.8475088e+01
2.7185758e+00, 2.7357735e-01, -5.4171028e-01, 2.8528410e+01
2.7218497e+00, 2.7179343e-01, -5.4814854e-01, 2.8576599e+01
2.7260670e+00, 2.6946851e-01, -5.5448659e-01, 2.8636290e+01
2.7308082e+00, 2.6682844e-01, -5.5931130e-01, 2.8700786e+01
2.7356557e+00, 2.6410957e-01, -5.6251448e-01, 2.8764310e+01
2.7401485e+00, 2.6157850e-01, -5.6425000e-01, 2.8821382e+01
2.7441774e+00, 2.5930355e-01, -5.6509656e-01, 2.8871255e+01
2.7480899e+00, 2.5709212e-01, -5.6538396e-01, 2.8918587e+01
2.7520300e+00, 2.5486467e-01, -5.6527285e-01, 2.8965252e+01
2.7558801e+00, 2.5268921e-01, -5.6483139e-01, 2.9009997e+01
2.7601496e+00, 2.5027945e-01, -5.6399782e-01, 2.9058670e+01
2.7643121e+00, 2.4793417e-01, -5.6288707e-01, 2.9105340e+01
2.7685046e+00, 2.4557736e-01, -5.6143265e-01, 2.9151629e+01
2.7735000e+00, 2.4277823e-01, -5.5926135e-01, 2.9205888e+01
2.7782545e+00, 2.4012530e-01, -5.5673455e-01, 2.9256837e+01
2.7829676e+00, 2.3750854e-01, -5.5370696e-01, 2.9306733e+01
2.7879676e+00, 2.3474954e-01, -5.4991885e-01, 2.9359077e+01
2.7925721e+00, 2.3222685e-01, -5.4585500e-01, 2.9406850e+01
2.7975721e+00, 2.2951026e-01, -5.4080979e-01, 2.9458279e+01
2.8025721e+00, 2.2682063e-01, -5.3507513e-01, 2.9509347e+01
2.8074776e+00, 2.2421134e-01, -5.2877833e-01, 2.9559161e+01
2.8124776e+00, 2.2158530e-01, -5.2166875e-01, 2.9609710e+01
2.8174482e+00, 2.1901168e-01, -5.1389926e-01, 2.9659811e+01
2.8224482e+00, 2.1646358e-01, -5.0537570e-01, 2.9710133e+01
2.8274482e+00, 2.1395992e-01, -4.9611943e-01, 2.9760463e+01
2.8324482e+00, 2.1150443e-01, -4.8610918e-01, 2.9810890e+01
2.8374482e+00, 2.0910100e-01, -4.7530055e-01, 2.9861514e+01
2.8424482e+00, 2.0675376e-01, -4.6363553e-01, 2.9912442e+01
2.8474482e+00, 2.0446721e-01, -4.5102719e-01, 2.9963798e+01
2.8524482e+00, 2.0224637e-01, -4.3735752e-01, 3.0015719e+01
2.8574482e+00, 2.0009696e-01, -4.2246246e-01, 3.0068362e+01
2.8624482e+00, 1.9802567e-01, -4.0611795e-01, 3.0121907e+01
2.8674482e+00, 1.9604054e-01, -3.8801538e-01, 3.0176558e+01
2.8724482e+00, 1.9415144e-01, -3.6772895e-01, 3.0232552e+01
2.8774482e+00, 1.9237077e-01, -3.4466800e-01, 3.0290150e+01
2.8824315e+00, 1.9071977e-01, -3.1810942e-01, 3.0349434e+01
2.8873833e+00, 1.8922187e-01, -2.8709841e-01, 3.0410469e+01
2.8917766e+00, 1.8803272e-01, -2.5448056e-01, 3.0466480e+01
2.8956108e+00, 1.8712080e-01, -2.2140895e-01, 3.0516805e+01
2.8994888e+00, 1.8633724e-01, -1.8291687e-01, 3.0569068e+01
2.9030026e+00, 1.8576463e-01, -1.4322664e-01, 3.0617325e+01
2.9062343e+00, 1.8536605e-01, -1.0356460e-01, 3.0662139e+01
2.9093771e+00, 1.8510465e-01, -6.2870407e-02, 3.0705716e+01
2.9124795e+00, 1.8497217e-01, -2.2525124e-02, 3.0748260e+01
2.9156124e+00, 1.8496279e-01, 1.6625573e-02, 3.0790257e+01
2.9188872e+00, 1.8507794e-01, 5.3881310e-02, 3.0832652e+01
2.9222534e+00, 1.8531459e-01, 8.6964115e-02, 3.0874306e+01
2.9259589e+00, 1.8569197e-01, 1.1700842e-01, 3.0917622e+01
2.9292315e+00, 1.8610838e-01, 1.3773705e-01, 3.0953930e+01
2.9323527e+00, 1.8656358e-01, 1.5407244e-01, 3.0986816e+01
2.9331948e+00, 1.8669461e-01, 1.5719294e-01, 3.0995582e+01
2.9348181e+00, 1.8695572e-01, 1.6442570e-01, 3.1012014e+01
2.9366008e+00, 1.8725426e-01, 1.7061844e-01, 3.1029577e+01
2.9383251e+00, 1.8755340e-01, 1.7632895e-01, 3.1046107e+01
2.9403239e+00, 1.8791138e-01, 1.8192645e-01, 3.1064706e+01
2.9424454e+00, 1.8830285e-01, 1.8714871e-01, 3.1083844e+01
2.9454339e+00, 1.8887143e-01, 1.9341673e-01, 3.1109701e+01
2.9485157e+00, 1.8947530e-01, 1.9854703e-01, 3.1135324e+01
2.9535157e+00, 1.9048510e-01, 2.0542898e-01, 3.1174421e+01
2.9576911e+00, 1.9135082e-01, 2.0933395e-01, 3.1205689e+01
2.9615924e+00, 1.9217414e-01, 2.1273456e-01, 3.1233754e+01
2.9655139e+00, 1.9301330e-01, 2.1529282e-01, 3.1261007e+01
2.9691772e+00, 1.9380606e-01, 2.1752069e-01, 3.1285685e+01
2.9738007e+00, 1.9481720e-01, 2.1989749e-01, 3.1315762e+01
2.9782227e+00, 1.9579400e-01, 2.2189885e-01, 3.1343678e+01
2.9832227e+00, 1.9690879e-01, 2.2402443e-01, 3.1374289e+01
2.9882227e+00, 1.9803379e-01, 2.2598134e-01, 3.1404093e+01
2.9932227e+00, 1.9916856e-01, 2.2792829e-01, 3.1433192e+01
2.9982227e+00, 2.0031301e-01, 2.2985133e-01, 3.1461696e+01
3.0032227e+00, 2.0146721e-01, 2.3182585e-01, 3.1489685e+01
3.0082227e+00, 2.0263141e-01, 2.3385412e-01, 3.1517243e+01
3.0132227e+00, 2.0380599e-01, 2.3597098e-01, 3.1544435e+01
3.0182227e+00, 2.0499138e-01, 2.3818292e-01, 3.1571327e+01
3.0232227e+00, 2.0618812e-01, 2.4050661e-01, 3.1597974e+01
3.0282227e+00, 2.0739677e-01, 2.4294792e-01, 3.1624430e+01
3.0332227e+00, 2.0861794e-01, 2.4551528e-01, 3.1650743e+01
3.0382227e+00, 2.0985228e-01, 2.4821287e-01, 3.1676956e+01
3.0432227e+00, 2.1110044e-01, 2.5104516e-01, 3.1703113e+01
3.0482227e+00, 2.1236310e-01, 2.5401484e-01, 3.1729253e+01
3.0532227e+00, 2.1364097e-01, 2.5712429e-01, 3.1755414e+01
3.0582227e+00, 2.1493473e-01, 2.6037510e-01, 3.1781632e+01
3.0632227e+00, 2.1624511e-01, 2.6376851e-01, 3.1807942e+01
3.0682227e+00, 2.1757281e-01, 2.6730531e-01, 3.1834377e+01
3.0732227e+00, 2.1891855e-01, 2.7098603e-01, 3.1860972e+01
3.0782227e+00, 2.2028306e-01, 2.7481090e-01, 3.1887758e+01
3.0832227e+00, 2.2166705e-01, 2.7877992e-01, 3.1914768e+01
3.0882227e+00, 2.2307125e-01, 2.8289289e-01, 3.1942035e+01
3.0932227e+00, 2.2449637e-01, 2.8714937e-01, 3.1969591e+01
3.0982227e+00, 2.2594313e-01, 2.9154870e-01, 3.1997470e+01
3.1032227e+00, 2.2741224e-01, 2.9608996e-01, 3.2025705e+01
3.1082227e+00, 2.2890442e-01, 3.0077199e-01, 3.2054331e+01
3.1132227e+00, 2.3042034e-01, 3.0559327e-01, 3.2083383e+01
3.1182227e+00, 2.3196072e-01, 3.1055193e-01, 3.2112899e+01
3.1232227e+00, 2.3352623e-01, 3.1564563e-01, 3.2142916e+01
3.1282227e+00, 2.3511754e-01, 3.2087152e-01, 3.2173477e+01
3.1332227e+00, 2.3673530e-01, 3.2622604e-01, 3.2204624e+01
3.1382227e+00, 2.3838014e-01, 3.3170486e-01, 3.2236401e+01
3.1432227e+00, 2.4005267e-01, 3.3730264e-01, 3.2268859e+01
3.1482227e+00, 2.4175347e-01, 3.4301282e-01, 3.2302049e+01
3.1532227e+00, 2.4348308e-01, 3.4882730e-01, 3.2336027e+01
3.1582227e+00, 2.4524200e-01, 3.5473613e-01, 3.2370854e+01
3.1632227e+00, 2.4703067e-01, 3.6072695e-01, 3.2406597e+01
3.1682227e+00, 2.4884945e-01, 3.6678447e-01, 3.2443328e+01
3.1732227e+00, 2.5069864e-01, 3.7288963e-01, 3.2481129e+01
3.1782227e+00, 2.5257842e-01, 3.7901857e-01, 3.2520087e+01
3.1832227e+00, 2.5448881e-01, 3.8514132e-01, 3.2560301e+01
3.1882227e+00, 2.5642971e-01, 3.9121997e-01, 3.2601884e+01
3.1932227e+00, 2.5840077e-01, 3.9720623e-01, 3.2644959e+01
3.1982227e+00, 2.6040136e-01, 4.0303812e-01, 3.2689669e+01
3.2032227e+00, 2.6243051e-01, 4.0863547e-01, 3.2736177e+01
3.2082227e+00, 2.6448680e-01, 4.1389364e-01, 3.2784670e+01
3.2132227e+00, 2.6656816e-01, 4.1867403e-01, 3.2835364e+01
3.2182227e+00, 2.6867174e-01, 4.2279141e-01, 3.2888513e+01
3.2232227e+00, 2.7079360e-01, 4.2599460e-01, 3.2944415e+01
3.2279959e+00, 2.7283129e-01, 4.2786310e-01, 3.3000611e+01
3.2324284e+00, 2.7472842e-01, 4.2820709e-01, 3.3055540e+01
3.2366692e+00, 2.7654134e-01, 4.2686211e-01, 3.3110909e+01
3.2406720e+00, 2.7824316e-01, 4.2355274e-01, 3.3165989e+01
3.2443922e+00, 2.7980864e-01, 4.1815992e-01, 3.3219901e+01
3.2479861e+00, 2.8129690e-01, 4.1019237e-01, 3.3274804e+01
3.2514157e+00, 2.8268467e-01, 3.9923254e-01, 3.3330053e+01
3.2546332e+00, 2.8394626e-01, 3.8515476e-01, 3.3384651e+01
3.2578170e+00, 2.8514272e-01, 3.6665814e-01, 3.3441626e+01
3.2609640e+00, 2.8625833e-01, 3.4260867e-01, 3.3501057e+01
3.2640128e+00, 2.8725666e-01, 3.1258843e-01, 3.3561731e+01
3.2672807e+00, 2.8821079e-01, 2.7175693e-01, 3.3630397e+01
3.2701478e+00, 2.8892439e-01, 2.2646438e-01, 3.3693430e+01
3.2729871e+00, 2.8949235e-01, 1.7393126e-01, 3.3758332e+01
3.2756162e+00, 2.8987430e-01, 1.1700994e-01, 3.3820231e+01
3.2776913e+00, 2.9006637e-01, 6.8246359e-02, 3.3869948e+01
3.2797946e+00, 2.9015494e-01, 1.6092148e-02, 3.3920905e+01
3.2818681e+00, 2.9013346e-01, -3.6757761e-02, 3.3971369e+01
3.2840119e+00, 2.8999635e-01, -9.1184091e-02, 3.4023417e+01
3.2859535e+00, 2.8977285e-01, -1.3910483e-01, 3.4070193e+01
3.2879812e+00, 2.8944268e-01, -1.8668484e-01, 3.4118389e+01
3.2900077e+00, 2.8901974e-01, -2.3087608e-01, 3.4165712e+01
3.2923855e+00, 2.8841485e-01, -2.7811880e-01, 3.4219840e+01
3.2947296e+00, 2.8771521e-01, -3.1906582e-01, 3.4271730e+01
3.2974382e+00, 2.8679522e-01, -3.6051076e-01, 3.4329584e+01
3.3001417e+00, 2.8577416e-01, -3.9515065e-01, 3.4385286e+01
3.3027250e+00, 2.8471712e-01, -4.2342279e-01, 3.4436653e+01
3.3057031e+00, 2.8341584e-01, -4.5071089e-01, 3.4493524e+01
3.3084588e+00, 2.8214561e-01, -4.7138148e-01, 3.4544287e+01
3.3119433e+00, 2.8046536e-01, -4.9321766e-01, 3.4605629e+01
3.3126485e+00, 2.8011648e-01, -4.9618391e-01, 3.4617964e+01
3.3137722e+00, 2.7955531e-01, -5.0248427e-01, 3.4637313e+01
3.3148295e+00, 2.7902171e-01, -5.0702584e-01, 3.4655309e+01
3.3158360e+00, 2.7850901e-01, -5.1169302e-01, 3.4672224e+01
3.3168780e+00, 2.7797373e-01, -5.1578876e-01, 3.4689533e+01
3.3179979e+00, 2.7739363e-01, -5.2013933e-01, 3.4707892e+01
3.3192825e+00, 2.7672263e-01, -5.2459005e-01, 3.4728651e+01
3.3207650e+00, 2.7594144e-01, -5.2933823e-01, 3.4752217e+01
3.3226146e+00, 2.7495754e-01, -5.3459365e-01, 3.4781043e+01
3.3248268e+00, 2.7376890e-01, -5.4003948e-01, 3.4814740e+01
3.3279184e+00, 2.7208964e-01, -5.4637217e-01, 3.4860402e+01
3.3316819e+00, 2.7002244e-01, -5.5227028e-01, 3.4914082e+01
3.3366764e+00, 2.6725048e-01, -5.5783642e-01, 3.4982301e+01
3.3416764e+00, 2.6445294e-01, -5.6127382e-01, 3.5048031e+01
3.3457203e+00, 2.6217974e-01, -5.6302897e-01, 3.5099689e+01
3.3496094e+00, 2.5998827e-01, -5.6397993e-01, 3.5148118e+01
3.3534659e+00, 2.5781249e-01, -5.6441076e-01, 3.5195037e+01
3.3571248e+00, 2.5574738e-01, -5.6441949e-01, 3.5238658e+01
3.3611244e+00, 2.5349062e-01, -5.6406860e-01, 3.5285373e+01
3.3650181e+00, 2.5129560e-01, -5.6343002e-01, 3.5330042e+01
3.3691696e+00, 2.4895862e-01, -5.6242489e-01, 3.5376834e+01
3.3736223e+00, 2.4645748e-01, -5.6101589e-01, 3.5426182e+01
3.3778934e+00, 2.4406498e-01, -5.5931980e-01, 3.5472833e+01
3.3828934e+00, 2.4127460e-01, -5.5685520e-01, 3.5526611e+01
3.3878857e+00, 2.3850214e-01, -5.5387801e-01, 3.5579600e+01
3.3924443e+00, 2.3598466e-01, -5.5063203e-01, 3.5627465e+01
3.3974443e+00, 2.3324194e-01, -5.4648247e-01, 3.5679415e+01
3.4022136e+00, 2.3064657e-01, -5.4190885e-01, 3.5728546e+01
3.4071215e+00, 2.2800009e-01, -5.3656700e-01, 3.5778715e+01
3.4121215e+00, 2.2533265e-01, -5.3044227e-01, 3.5829499e+01
3.4170569e+00, 2.2273138e-01, -5.2371646e-01, 3.5879374e+01
3.4220569e+00, 2.2013164e-01, -5.1621121e-01, 3.5929714e+01
3.4270569e+00, 2.1757119e-01, -5.0799768e-01, 3.5979941e+01
3.4320569e+00, 2.1505361e-01, -4.9906881e-01, 3.6030136e+01
3.4370569e+00, 2.1258252e-01, -4.8940027e-01, 3.6080383e+01
3.4420569e+00, 2.1016170e-01, -4.7896089e-01, 3.6130776e+01
3.4470569e+00, 2.0779514e-01, -4.6769906e-01, 3.6181418e+01
3.4520569e+00, 2.0548714e-01, -4.5554371e-01, 3.6232424e+01
3.4570569e+00, 2.0324241e-01, -4.4239259e-01, 3.6283921e+01
3.4620569e+00, 2.0106629e-01, -4.2810741e-01, 3.6336056e+01
3.4670569e+00, 1.9896493e-01, -4.1249599e-01, 3.6388996e+01
3.4720569e+00, 1.9694563e-01, -3.9529713e-01, 3.6442930e+01
3.4770569e+00, 1.9501724e-01, -3.7614980e-01, 3.6498075e+01
3.4820569e+00, 1.9319076e-01, -3.5455644e-01, 3.6554679e+01
3.4870569e+00, 1.9148017e-01, -3.2982787e-01, 3.6613012e+01
3.4920439e+00, 1.8990744e-01, -3.0109869e-01, 3.6673193e+01
3.4970439e+00, 1.8848786e-01, -2.6698131e-01, 3.6735785e+01
3.5011398e+00, 1.8746290e-01, -2.3374059e-01, 3.6788704e+01
3.5047591e+00, 1.8667788e-01, -2.0023725e-01, 3.6836686e+01
3.5083993e+00, 1.8601940e-01, -1.6176731e-01, 3.6886019e+01
3.5117692e+00, 1.8554112e-01, -1.2225287e-01, 3.6932333e+01
3.5149610e+00, 1.8521501e-01, -8.2199628e-02, 3.6976398e+01
3.5180773e+00, 1.8502157e-01, -4.1978671e-02, 3.7019170e+01
3.5213252e+00, 1.8495194e-01, -8.4497733e-04, 3.7062947e+01
3.5245323e+00, 1.8500958e-01, 3.6933440e-02, 3.7104920e+01
3.5278263e+00, 1.8518758e-01, 7.1353631e-02, 3.7146322e+01
3.5314022e+00, 1.8549848e-01, 1.0280556e-01, 3.7188989e+01
3.5351855e+00, 1.8593708e-01, 1.2935196e-01, 3.7231502e+01
3.5386911e+00, 1.8642355e-01, 1.4842854e-01, 3.7268720e+01
3.5420981e+00, 1.8695411e-01, 1.6318056e-01, 3.7302951e+01
3.5460505e+00, 1.8762489e-01, 1.7641936e-01, 3.7340291e+01
3.5496275e+00, 1.8827169e-01, 1.8535082e-01, 3.7372384e+01
3.5534225e+00, 1.8898963e-01, 1.9307150e-01, 3.7404680e+01
3.5573996e+00, 1.8976933e-01, 1.9912480e-01, 3.7436877e+01
3.5611069e+00, 1.9051592e-01, 2.0367743e-01, 3.7465609e+01
3.5661069e+00, 1.9154644e-01, 2.0858701e-01, 3.7502323e+01
3.5707434e+00, 1.9252119e-01, 2.1193428e-01, 3.7534919e+01
3.5757434e+00, 1.9358873e-01, 2.1509235e-01, 3.7568560e+01
3.5807434e+00, 1.9467031e-01, 2.1757388e-01, 3.7600958e+01
3.5857434e+00, 1.9576388e-01, 2.1985702e-01, 3.7632253e+01
3.5907434e+00, 1.9686816e-01, 2.2187008e-01, 3.7662622e+01
3.5957434e+00, 1.9798239e-01, 2.2382138e-01, 3.7692180e+01
3.6007434e+00, 1.9910619e-01, 2.2570216e-01, 3.7721048e+01
3.6057434e+00, 2.0023946e-01, 2.2760214e-01, 3.7749321e+01
3.6107434e+00, 2.0138229e-01, 2.2953130e-01, 3.7777087e+01
3.6157434e+00, 2.0253496e-01, 2.3153033e-01, 3.7804423e+01
3.6207434e+00, 2.0369782e-01, 2.3361047e-01, 3.7831397e+01
3.6257434e+00, 2.0487133e-01, 2.3579139e-01, 3.7858071e+01
3.6307434e+00, 2.0605603e-01, 2.3808168e-01, 3.7884503e+01
3.6357434e+00, 2.0725248e-01, 2.4049150e-01, 3.7910743e+01
3.6407434e+00, 2.0846129e-01, 2.4302658e-01, 3.7936840e+01
3.6457434e+00, 2.0968310e-01, 2.4569244e-01, 3.7962838e+01
3.6507434e+00, 2.1091858e-01, 2.4849265e-01, 3.7988778e+01
3.6557434e+00, 2.1216840e-01, 2.5143027e-01, 3.8014699e+01
3.6607434e+00, 2.1343326e-01, 2.5450740e-01, 3.8040640e+01
3.6657434e+00, 2.1471386e-01, 2.5772572e-01, 3.8066635e+01
3.6707434e+00, 2.1601090e-01, 2.6108638e-01, 3.8092720e+01
3.6757434e+00, 2.1732511e-01, 2.6459020e-01, 3.8118926e+01
3.6807434e+00, 2.1865720e-01, 2.6823768e-01, 3.8145288e+01
3.6857434e+00, 2.2000788e-01, 2.7202907e-01, 3.8171838e+01
3.6907434e+00, 2.2137788e-01, 2.7596439e-01, 3.8198607e+01
3.6957434e+00, 2.2276791e-01, 2.8004347e-01, 3.8225628e+01
3.7007434e+00, 2.2417870e-01, 2.8426591e-01, 3.8252932e+01
3.7057434e+00, 2.2561096e-01, 2.8863109e-01, 3.8280553e+01
3.7107434e+00, 2.2706540e-01, 2.9313820e-01, 3.8308522e+01
3.7157434e+00, 2.2854273e-01, 2.9778612e-01, 3.8336875e+01
3.7207434e+00, 2.3004364e-01, 3.0257348e-01, 3.8365646e+01
3.7257434e+00, 2.3156884e-01, 3.0749853e-01, 3.8394871e+01
3.7307434e+00, 2.3311900e-01, 3.1255910e-01, 3.8424588e+01
3.7357434e+00, 2.3469479e-01, 3.1775254e-01, 3.8454837e+01
3.7407434e+00, 2.3629688e-01, 3.2307556e-01, 3.8485659e+01
3.7457434e+00, 2.3792589e-01, 3.2852413e-01, 3.8517100e+01
3.7507434e+00, 2.3958245e-01, 3.3409329e-01, 3.8549206e+01
3.7557434e+00, 2.4126713e-01, 3.3977696e-01, 3.8582027e+01
3.7607434e+00, 2.4298051e-01, 3.4556763e-01, 3.8615619e+01
3.7657434e+00, 2.4472308e-01, 3.5145607e-01, 3.8650040e+01
3.7707434e+00, 2.4649530e-01, 3.5743086e-01, 3.8685354e+01
3.7757434e+00, 2.4829758e-01, 3.6347784e-01, 3.8721632e+01
3.7807434e+00, 2.5013023e-01, 3.6957940e-01, 3.8758951e+01
3.7857434e+00, 2.5199347e-01, 3.7571357e-01, 3.8797397e+01
3.7907434e+00, 2.5388738e-01, 3.8185276e-01, 3.8837064e+01
3.7957434e+00, 2.5581192e-01, 3.8796215e-01, 3.8878059e+01
3.8007434e+00, 2.5776681e-01, 3.9399753e-01, 3.8920501e+01
3.8057434e+00, 2.5975154e-01, 3.9990233e-01, 3.8964526e+01
3.8107434e+00, 2.6176528e-01, 4.0560359e-01, 3.9010289e+01
3.8157434e+00, 2.6380677e-01, 4.1100623e-01, 3.9057967e+01
3.8207434e+00, 2.6587420e-01, 4.1598531e-01, 3.9107764e+01
3.8257434e+00, 2.6796503e-01, 4.2037422e-01, 3.9159921e+01
3.8307434e+00, 2.7007574e-01, 4.2394838e-01, 3.9214717e+01
3.8356227e+00, 2.7215001e-01, 4.2634756e-01, 3.9271018e+01
3.8401859e+00, 2.7409748e-01, 4.2726207e-01, 3.9326461e+01
3.8444774e+00, 2.7592943e-01, 4.2656598e-01, 3.9381368e+01
3.8485785e+00, 2.7767337e-01, 4.2400036e-01, 3.9436673e+01
3.8524059e+00, 2.7928711e-01, 4.1937100e-01, 3.9491054e+01
3.8560247e+00, 2.8079196e-01, 4.1242725e-01, 3.9545224e+01
3.8595267e+00, 2.8221880e-01, 4.0258236e-01, 3.9600508e+01
3.8628283e+00, 2.8352631e-01, 3.8962508e-01, 3.9655445e+01
3.8659962e+00, 2.8473390e-01, 3.7297618e-01, 3.9710987e+01
3.8691685e+00, 2.8588190e-01, 3.5102459e-01, 3.9769682e+01
3.8722687e+00, 2.8692640e-01, 3.2309882e-01, 3.9830183e+01
3.8753980e+00, 2.8788071e-01, 2.8717952e-01, 3.9894570e+01
3.8784337e+00, 2.8868520e-01, 2.4326296e-01, 3.9960166e+01
3.8814571e+00, 2.8933979e-01, 1.9016816e-01, 4.0028411e+01
3.8842246e+00, 2.8978611e-01, 1.3277302e-01, 4.0092996e+01
3.8864436e+00, 2.9002390e-01, 8.1750180e-02, 4.0145855e+01
3.8887159e+00, 2.9014649e-01, 2.6276125e-02, 4.0200730e+01
3.8907756e+00, 2.9014663e-01, -2.6053466e-02, 4.0250761e+01
3.8926793e+00, 2.9005113e-01, -7.4307394e-02, 4.0296981e+01
3.8945845e+00, 2.8986429e-01, -1.2186172e-01, 4.0342966e+01
3.8967872e+00, 2.8953823e-01, -1.7432345e-01, 4.0395452e+01
3.8988759e+00, 2.8912598e-01, -2.2059649e-01, 4.0444374e+01
3.9012534e+00, 2.8854448e-01, -2.6876999e-01, 4.0498709e+01
3.9035603e+00, 2.8787718e-01, -3.1001981e-01, 4.0550031e+01
3.9062119e+00, 2.8700003e-01, -3.5179724e-01, 4.0607028e+01
3.9087923e+00, 2.8604846e-01, -3.8605500e-01, 4.0660631e+01
3.9113102e+00, 2.8504030e-01, -4.1490906e-01, 4.0711157e+01
3.9140374e+00, 2.8387323e-01, -4.4120458e-01, 4.0763896e+01
3.9165624e+00, 2.8273360e-01, -4.6164390e-01, 4.0811115e+01
3.9203795e+00, 2.8092274e-01, -4.8738101e-01, 4.0878983e+01
3.9210414e+00, 2.8059931e-01, -4.9004140e-01, 4.0890688e+01
3.9220447e+00, 2.8010444e-01, -4.9630630e-01, 4.0908168e+01
3.9229523e+00, 2.7965222e-01, -5.0031806e-01, 4.0923833e+01
3.9238006e+00, 2.7922591e-01, -5.0473905e-01, 4.0938307e+01
3.9246608e+00, 2.7879018e-01, -5.0837512e-01, 4.0952846e+01
3.9255743e+00, 2.7832391e-01, -5.1240034e-01, 4.0968114e+01
3.9266017e+00, 2.7779548e-01, -5.1640752e-01, 4.0985084e+01
3.9277801e+00, 2.7718432e-01, -5.2080382e-01, 4.1004287e+01
3.9292140e+00, 2.7643408e-01, -5.2564042e-01, 4.1027284e+01
3.9309365e+00, 2.7552419e-01, -5.3087286e-01, 4.1054393e+01
3.9332281e+00, 2.7430077e-01, -5.3694523e-01, 4.1089597e+01
3.9360003e+00, 2.7280385e-01, -5.4304637e-01, 4.1131014e+01
3.9405033e+00, 2.7034136e-01, -5.5075505e-01, 4.1195441e+01
3.9452373e+00, 2.6772157e-01, -5.5616642e-01, 4.1260500e+01
3.9492749e+00, 2.6546961e-01, -5.5938079e-01, 4.1314229e+01
3.9532238e+00, 2.6325671e-01, -5.6144226e-01, 4.1365271e+01
3.9571019e+00, 2.6107694e-01, -5.6271471e-01, 4.1414092e+01
3.9608007e+00, 2.5899446e-01, -5.6335405e-01, 4.1459584e+01
3.9647971e+00, 2.5674272e-01, -5.6356107e-01, 4.1507604e+01
3.9686426e+00, 2.5457593e-01, -5.6338006e-01, 4.1552885e+01
3.9728007e+00, 2.5223453e-01, -5.6281528e-01, 4.1600861e+01
3.9770176e+00, 2.4986311e-01, -5.6192530e-01, 4.1648630e+01
3.9810380e+00, 2.4760628e-01, -5.6077344e-01, 4.1693451e+01
3.9857160e+00, 2.4498707e-01, -5.5905054e-01, 4.1744730e+01
3.9903238e+00, 2.4241588e-01, -5.5696591e-01, 4.1794513e+01
3.9950292e+00, 2.3980134e-01, -5.5435843e-01, 4.1844667e+01
4.0000292e+00, 2.3703788e-01, -5.5105202e-01, 4.1897299e+01
4.0046261e+00, 2.3451305e-01, -5.4747039e-01, 4.1945201e+01
4.0096261e+00, 2.3178704e-01, -5.4296296e-01, 4.1996792e+01
4.0146261e+00, 2.2908523e-01, -5.3779003e-01, 4.2047958e+01
4.0194194e+00, 2.2652091e-01, -5.3219251e-01, 4.2096677e+01
4.0244194e+00, 2.2387628e-01, -5.2568548e-01, 4.2147204e+01
4.0294194e+00, 2.2126595e-01, -5.1847925e-01, 4.2197511e+01
4.0344194e+00, 2.1869338e-01, -5.1057942e-01, 4.2247668e+01
4.0394194e+00, 2.1616209e-01, -5.0196916e-01, 4.2297754e+01
4.0444194e+00, 2.1367566e-01, -4.9263721e-01, 4.2347849e+01
4.0494194e+00, 2.1123776e-01, -4.8255370e-01, 4.2398043e+01
4.0544194e+00, 2.0885227e-01, -4.7167901e-01, 4.2448432e+01
4.0594194e+00, 2.0652329e-01, -4.5995156e-01, 4.2499126e+01
4.0644194e+00, 2.0425530e-01, -4.4728620e-01, 4.2550243e+01
4.0694194e+00, 2.0205330e-01, -4.3356379e-01, 4.2601921e+01
4.0744194e+00, 1.9992297e-01, -4.1862150e-01, 4.2654312e+01
4.0794194e+00, 1.9787100e-01, -4.0223629e-01, 4.2707595e+01
4.0844194e+00, 1.9590535e-01, -3.8410248e-01, 4.2761969e+01
4.0894194e+00, 1.9403585e-01, -3.6379923e-01, 4.2817664e+01
4.0944194e+00, 1.9227481e-01, -3.4074542e-01, 4.2874936e+01
4.0994194e+00, 1.9063801e-01, -3.1414098e-01, 4.2934059e+01
4.1044194e+00, 1.8914593e-01, -2.8290754e-01, 4.2995297e+01
4.1088165e+00, 1.8797400e-01, -2.5037486e-01, 4.3050964e+01
4.1126571e+00, 1.8707595e-01, -2.1747920e-01, 4.3100983e+01
4.1165383e+00, 1.8630637e-01, -1.7931067e-01, 4.3152831e+01
4.1200713e+00, 1.8574279e-01, -1.3994454e-01, 4.3200882e+01
4.1233313e+00, 1.8535093e-01, -1.0057418e-01, 4.3245610e+01
4.1265052e+00, 1.8509577e-01, -6.0296198e-02, 4.3289106e+01
4.1296633e+00, 1.8496866e-01, -2.0183782e-02, 4.3331859e+01
4.1328408e+00, 1.8496569e-01, 1.8414018e-02, 4.3373857e+01
4.1361482e+00, 1.8508653e-01, 5.4837418e-02, 4.3416030e+01
4.1395742e+00, 1.8532958e-01, 8.7300230e-02, 4.3457733e+01
4.1433561e+00, 1.8571479e-01, 1.1670109e-01, 4.3501168e+01
4.1466456e+00, 1.8613095e-01, 1.3657472e-01, 4.3537021e+01
4.1497877e+00, 1.8658460e-01, 1.5230317e-01, 4.3569540e+01
4.1506263e+00, 1.8671353e-01, 1.5523447e-01, 4.3578116e+01
4.1522391e+00, 1.8696953e-01, 1.6212438e-01, 4.3594161e+01
4.1540082e+00, 1.8726141e-01, 1.6798790e-01, 4.3611296e+01
4.1557276e+00, 1.8755496e-01, 1.7344920e-01, 4.3627505e+01
4.1577165e+00, 1.8790519e-01, 1.7878315e-01, 4.3645711e+01
4.1598356e+00, 1.8828933e-01, 1.8379115e-01, 4.3664520e+01
4.1627931e+00, 1.8884163e-01, 1.8974573e-01, 4.3689716e+01
4.1658667e+00, 1.8943232e-01, 1.9467465e-01, 4.3714883e+01
4.1708667e+00, 1.9042210e-01, 2.0129363e-01, 4.3753396e+01
4.1751232e+00, 1.9128687e-01, 2.0512223e-01, 4.3784768e+01
4.1791327e+00, 1.9211596e-01, 2.0844408e-01, 4.3813132e+01
4.1832116e+00, 1.9297125e-01, 2.1097338e-01, 4.3840971e+01
4.1870153e+00, 1.9377786e-01, 2.1314405e-01, 4.3866114e+01
4.1919485e+00, 1.9483518e-01, 2.1553298e-01, 4.3897541e+01
4.1966090e+00, 1.9584421e-01, 2.1749233e-01, 4.3926325e+01
4.2016090e+00, 1.9693666e-01, 2.1948925e-01, 4.3956288e+01
4.2066090e+00, 1.9803871e-01, 2.2133892e-01, 4.3985476e+01
4.2116090e+00, 1.9915004e-01, 2.2319216e-01, 4.4013985e+01
4.2166090e+00, 2.0027060e-01, 2.2503311e-01, 4.4041920e+01
4.2216090e+00, 2.0140053e-01, 2.2693273e-01, 4.4069360e+01
4.2266090e+00, 2.0254010e-01, 2.2889218e-01, 4.4096382e+01
4.2316090e+00, 2.0368970e-01, 2.3094407e-01, 4.4123052e+01
4.2366090e+00, 2.0484981e-01, 2.3309415e-01, 4.4149431e+01
4.2416090e+00, 2.0602095e-01, 2.3535794e-01, 4.4175574e+01
4.2466090e+00, 2.0720371e-01, 2.3774080e-01, 4.4201532e+01
4.2516090e+00, 2.0839870e-01, 2.4025055e-01, 4.4227351e+01
4.2566090e+00, 2.0960657e-01, 2.4289105e-01, 4.4253075e+01
4.2616090e+00, 2.1082798e-01, 2.4566642e-01, 4.4278745e+01
4.2666090e+00, 2.1206361e-01, 2.4857913e-01, 4.4304398e+01
4.2716090e+00, 2.1331415e-01, 2.5163141e-01, 4.4330072e+01
4.2766090e+00, 2.1458031e-01, 2.5482469e-01, 4.4355802e+01
4.2816090e+00, 2.1586278e-01, 2.5816013e-01, 4.4381620e+01
4.2866090e+00, 2.1716230e-01, 2.6163846e-01, 4.4407561e+01
4.2916090e+00, 2.1847956e-01, 2.6526016e-01, 4.4433656e+01
4.2966090e+00, 2.1981529e-01, 2.6902548e-01, 4.4459938e+01
4.3016090e+00, 2.2117021e-01, 2.7293443e-01, 4.4486436e+01
4.3066090e+00, 2.2254502e-01, 2.7698684e-01, 4.4513183e+01
4.3116090e+00, 2.2394046e-01, 2.8118234e-01, 4.4540210e+01
4.3166090e+00, 2.2535724e-01, 2.8552037e-01, 4.4567549e+01
4.3216090e+00, 2.2679605e-01, 2.9000015e-01, 4.4595233e+01
4.3266090e+00, 2.2825762e-01, 2.9462066e-01, 4.4623294e+01
4.3316090e+00, 2.2974264e-01, 2.9938060e-01, 4.4651766e+01
4.3366090e+00, 2.3125180e-01, 3.0427835e-01, 4.4680686e+01
4.3416090e+00, 2.3278579e-01, 3.0931190e-01, 4.4710090e+01
4.3466090e+00, 2.3434528e-01, 3.1447877e-01, 4.4740017e+01
4.3516090e+00, 2.3593094e-01, 3.1977589e-01, 4.4770507e+01
4.3566090e+00, 2.3754339e-01, 3.2519951e-01, 4.4801604e+01
4.3616090e+00, 2.3918326e-01, 3.3074501e-01, 4.4833354e+01
4.3666090e+00, 2.4085115e-01, 3.3640672e-01, 4.4865805e+01
4.3716090e+00, 2.4254763e-01, 3.4217765e-01, 4.4899011e+01
4.3766090e+00, 2.4427321e-01, 3.4804921e-01, 4.4933029e+01
4.3816090e+00, 2.4602837e-01, 3.5401077e-01, 4.4967921e+01
4.3866090e+00, 2.4781352e-01, 3.6004919e-01, 4.5003755e+01
4.3916090e+00, 2.4962902e-01, 3.6614813e-01, 4.5040605e+01
4.3966090e+00, 2.5147512e-01, 3.7228722e-01, 4.5078554e+01
4.4016090e+00, 2.5335194e-01, 3.7844093e-01, 4.5117693e+01
4.4066090e+00, 2.5525948e-01, 3.8457712e-01, 4.5158124e+01
4.4116090e+00, 2.5719755e-01, 3.9065507e-01, 4.5199962e+01
4.4166090e+00, 2.5916573e-01, 3.9662281e-01, 4.5243337e+01
4.4216090e+00, 2.6116330e-01, 4.0241344e-01, 4.5288395e+01
4.4266090e+00, 2.6318916e-01, 4.0794023e-01, 4.5335306e+01
4.4316090e+00, 2.6524169e-01, 4.1308956e-01, 4.5384264e+01
4.4366090e+00, 2.6731862e-01, 4.1771056e-01, 4.5435497e+01
4.4416090e+00, 2.6941682e-01, 4.2160068e-01, 4.5489267e+01
4.4465900e+00, 2.7152383e-01, 4.2447427e-01, 4.5545663e+01
4.4512768e+00, 2.7351649e-01, 4.2590545e-01, 4.5601556e+01
4.4556206e+00, 2.7536611e-01, 4.2577675e-01, 4.5656085e+01
4.4598164e+00, 2.7714837e-01, 4.2387063e-01, 4.5711605e+01
4.4637438e+00, 2.7880514e-01, 4.1992857e-01, 4.5766380e+01
4.4673940e+00, 2.8032670e-01, 4.1385771e-01, 4.5819992e+01
4.4709672e+00, 2.8178940e-01, 4.0497947e-01, 4.5875346e+01
4.4743454e+00, 2.8313704e-01, 3.9302804e-01, 4.5930531e+01
4.4775139e+00, 2.8435806e-01, 3.7788197e-01, 4.5985040e+01
4.4807197e+00, 2.8553668e-01, 3.5764897e-01, 4.6043245e+01
4.4838633e+00, 2.8661955e-01, 3.3158140e-01, 4.6103482e+01
4.4869057e+00, 2.8757877e-01, 2.9931024e-01, 4.6164888e+01
4.4902592e+00, 2.8850638e-01, 2.5433781e-01, 4.6236369e+01
4.4930044e+00, 2.8914031e-01, 2.0796177e-01, 4.6297385e+01
4.4953307e+00, 2.8957206e-01, 1.6342748e-01, 4.6350704e+01
4.4976799e+00, 2.8989573e-01, 1.1240877e-01, 4.6405934e+01
4.4998075e+00, 2.9008152e-01, 6.2395354e-02, 4.6456822e+01
4.5019657e+00, 2.9015841e-01, 8.9681271e-03, 4.6508996e+01
4.5040311e+00, 2.9012279e-01, -4.3421414e-02, 4.6559109e+01
4.5061621e+00, 2.8997313e-01, -9.7067193e-02, 4.6610652e+01
4.5081212e+00, 2.8973622e-01, -1.4487614e-01, 4.6657637e+01
4.5101839e+00, 2.8938831e-01, -1.9258510e-01, 4.6706408e+01
4.5122476e+00, 2.8894544e-01, -2.3677564e-01, 4.6754306e+01
4.5146530e+00, 2.8831992e-01, -2.8354342e-01, 4.6808687e+01
4.5170520e+00, 2.8759099e-01, -3.2440937e-01, 4.6861377e+01
4.5198121e+00, 2.8663937e-01, -3.6539602e-01, 4.6919826e+01
4.5226285e+00, 2.8556162e-01, -4.0026807e-01, 4.6977262e+01
4.5252870e+00, 2.8446076e-01, -4.2812512e-01, 4.7029547e+01
4.5285838e+00, 2.8300236e-01, -4.5686682e-01, 4.7091550e+01
4.5316316e+00, 2.8157810e-01, -4.7798834e-01, 4.7146683e+01
4.5348886e+00, 2.7999081e-01, -4.9685310e-01, 4.7203201e+01
4.5355971e+00, 2.7963780e-01, -4.9976773e-01, 4.7215411e+01
4.5367798e+00, 2.7904308e-01, -5.0581342e-01, 4.7235475e+01
4.5379388e+00, 2.7845417e-01, -5.1053273e-01, 4.7254889e+01
4.5390654e+00, 2.7787634e-01, -5.1525570e-01, 4.7273502e+01
4.5402571e+00, 2.7725976e-01, -5.1957697e-01, 4.7292933e+01
4.5415549e+00, 2.7658251e-01, -5.2407969e-01, 4.7313784e+01
4.5430756e+00, 2.7578202e-01, -5.2877593e-01, 4.7337815e+01
4.5448430e+00, 2.7484311e-01, -5.3368924e-01, 4.7365223e+01
4.5471111e+00, 2.7362651e-01, -5.3915768e-01, 4.7399582e+01
4.5498250e+00, 2.7215593e-01, -5.4460560e-01, 4.7439613e+01
4.5537903e+00, 2.6998417e-01, -5.5087065e-01, 4.7495962e+01
4.5583776e+00, 2.6744583e-01, -5.5590764e-01, 4.7558653e+01
4.5632778e+00, 2.6471329e-01, -5.5945226e-01, 4.7623089e+01
4.5679669e+00, 2.6208538e-01, -5.6144933e-01, 4.7682745e+01
4.5720249e+00, 2.5980515e-01, -5.6240323e-01, 4.7733029e+01
4.5759610e+00, 2.5759084e-01, -5.6276423e-01, 4.7780665e+01
4.5798953e+00, 2.5537687e-01, -5.6270729e-01, 4.7827266e+01
4.5837191e+00, 2.5322601e-01, -5.6231159e-01, 4.7871695e+01
4.5880623e+00, 2.5078554e-01, -5.6150283e-01, 4.7921162e+01
4.5921970e+00, 2.4846615e-01, -5.6043978e-01, 4.7967466e+01
4.5963405e+00, 2.4614687e-01, -5.5904330e-01, 4.8013150e+01
4.6013405e+00, 2.4335697e-01, -5.5693404e-01, 4.8067359e+01
4.6059449e+00, 2.4079814e-01, -5.5456789e-01, 4.8116611e+01
4.6106748e+00, 2.3818207e-01, -5.5162746e-01, 4.8166570e+01
4.6156748e+00, 2.3543316e-01, -5.4796366e-01, 4.8218772e+01
4.6201782e+00, 2.3297419e-01, -5.4411618e-01, 4.8265359e+01
4.6251782e+00, 2.3026588e-01, -5.3923387e-01, 4.8316613e+01
4.6301782e+00, 2.2758369e-01, -5.3367323e-01, 4.8367483e+01
4.6351055e+00, 2.2496935e-01, -5.2753040e-01, 4.8417296e+01
4.6401055e+00, 2.2234907e-01, -5.2061356e-01, 4.8467595e+01
4.6450628e+00, 2.1978700e-01, -5.1306973e-01, 4.8517284e+01
4.6500628e+00, 2.1724248e-01, -5.0476747e-01, 4.8567293e+01
4.6550628e+00, 2.1474127e-01, -4.9574996e-01, 4.8617274e+01
4.6600628e+00, 2.1228697e-01, -4.8600128e-01, 4.8667309e+01
4.6650628e+00, 2.0988335e-01, -4.7548356e-01, 4.8717493e+01
4.6700628e+00, 2.0753436e-01, -4.6414834e-01, 4.8767927e+01
4.6750628e+00, 2.0524429e-01, -4.5192148e-01, 4.8818724e+01
4.6800628e+00, 2.0301784e-01, -4.3870137e-01, 4.8870011e+01
4.6850628e+00, 2.0086035e-01, -4.2434850e-01, 4.8921934e+01
4.6900628e+00, 1.9877795e-01, -4.0867085e-01, 4.8974655e+01
4.6950628e+00, 1.9677794e-01, -3.9140736e-01, 4.9028363e+01
4.7000628e+00, 1.9486915e-01, -3.7219850e-01, 4.9083270e+01
4.7050628e+00, 1.9306256e-01, -3.5055020e-01, 4.9139617e+01
4.7100628e+00, 1.9137210e-01, -3.2578098e-01, 4.9197668e+01
4.7150628e+00, 1.8981572e-01, -2.9696243e-01, 4.9257692e+01
4.7200628e+00, 1.8841674e-01, -2.6287602e-01, 4.9319920e+01
4.7241563e+00, 1.8740886e-01, -2.2978044e-01, 4.9372460e+01
4.7277889e+00, 1.8663519e-01, -1.9635939e-01, 4.9420266e+01
4.7314411e+00, 1.8598828e-01, -1.5810666e-01, 4.9469357e+01
4.7348268e+00, 1.8551961e-01, -1.1890555e-01, 4.9515459e+01
4.7380477e+00, 1.8520084e-01, -7.9132609e-02, 4.9559469e+01
4.7412010e+00, 1.8501425e-01, -3.9241279e-02, 4.9602257e+01
4.7444756e+00, 1.8495192e-01, 1.2326383e-03, 4.9645840e+01
4.7477262e+00, 1.8501616e-01, 3.8442114e-02, 4.9687800e+01
4.7510665e+00, 1.8520060e-01, 7.2199750e-02, 4.9729162e+01
4.7547047e+00, 1.8551883e-01, 1.0301388e-01, 4.9771876e+01
4.7584996e+00, 1.8595760e-01, 1.2852760e-01, 4.9813831e+01
4.7619939e+00, 1.8643823e-01, 1.4678924e-01, 4.9850344e+01
4.7654959e+00, 1.8697748e-01, 1.6133260e-01, 4.9884929e+01
4.7694238e+00, 1.8763544e-01, 1.7385241e-01, 4.9921443e+01
4.7730105e+00, 1.8827424e-01, 1.8247398e-01, 4.9953105e+01
4.7770267e+00, 1.8902255e-01, 1.9023793e-01, 4.9986650e+01
4.7811413e+00, 1.8981718e-01, 1.9610884e-01, 5.0019307e+01
4.7850142e+00, 1.9058525e-01, 2.0056359e-01, 5.0048693e+01
4.7900142e+00, 1.9159928e-01, 2.0510721e-01, 5.0084674e+01
4.7946729e+00, 1.9256205e-01, 2.0826210e-01, 5.0116778e+01
4.7996729e+00, 1.9361068e-01, 2.1120100e-01, 5.0149779e+01
4.8046729e+00, 1.9467245e-01, 2.1353694e-01, 5.0181572e+01
4.8096729e+00, 1.9574549e-01, 2.1568300e-01, 5.0212296e+01
4.8146729e+00, 1.9682864e-01, 2.1759162e-01, 5.0242119e+01
4.8196729e+00, 1.9792123e-01, 2.1944455e-01, 5.0271153e+01
4.8246729e+00, 1.9902294e-01, 2.2124190e-01, 5.0299516e+01
4.8296729e+00, 2.0013371e-01, 2.2306330e-01, 5.0327297e+01
4.8346729e+00, 2.0125367e-01, 2.2492091e-01, 5.0354584e+01
4.8396729e+00, 2.0238311e-01, 2.2685126e-01, 5.0381449e+01
4.8446729e+00, 2.0352242e-01, 2.2886607e-01, 5.0407961e+01
4.8496729e+00, 2.0467205e-01, 2.3098326e-01, 5.0434179e+01
4.8546729e+00, 2.0583255e-01, 2.3321132e-01, 5.0460159e+01
4.8596729e+00, 2.0700449e-01, 2.3555962e-01, 5.0485951e+01
4.8646729e+00, 2.0818849e-01, 2.3803371e-01, 5.0511601e+01
4.8696729e+00, 2.0938519e-01, 2.4063872e-01, 5.0537152e+01
4.8746729e+00, 2.1059524e-01, 2.4337806e-01, 5.0562645e+01
4.8796729e+00, 2.1181934e-01, 2.4625459e-01, 5.0588119e+01
4.8846729e+00, 2.1305817e-01, 2.4927031e-01, 5.0613609e+01
4.8896729e+00, 2.1431243e-01, 2.5242679e-01, 5.0639151e+01
4.8946729e+00, 2.1558282e-01, 2.5572512e-01, 5.0664777e+01
4.8996729e+00, 2.1687007e-01, 2.5916609e-01, 5.0690521e+01
4.9046729e+00, 2.1817487e-01, 2.6275018e-01, 5.0716414e+01
4.9096729e+00, 2.1949796e-01, 2.6647765e-01, 5.0742487e+01
4.9146729e+00, 2.2084004e-01, 2.7034854e-01, 5.0768772e+01
4.9196729e+00, 2.2220183e-01, 2.7436272e-01, 5.0795299e+01
4.9246729e+00, 2.2358406e-01, 2.7851986e-01, 5.0822100e+01
4.9296729e+00, 2.2498742e-01, 2.8281944e-01, 5.0849205e+01
4.9346729e+00, 2.2641264e-01, 2.8726077e-01, 5.0876647e+01
4.9396729e+00, 2.2786041e-01, 2.9184290e-01, 5.0904459e+01
4.9446729e+00, 2.2933145e-01, 2.9656463e-01, 5.0932673e+01
4.9496729e+00, 2.3082643e-01, 3.0142448e-01, 5.0961324e+01
4.9546729e+00, 2.3234606e-01, 3.0642056e-01, 5.0990449e+01
4.9596729e+00, 2.3389100e-01, 3.1155059e-01, 5.1020086e+01
4.9646729e+00, 2.3546192e-01, 3.1681174e-01, 5.1050273e+01
4.9696729e+00, 2.3705947e-01, 3.2220052e-01, 5.1081054e+01
4.9746729e+00, 2.3868427e-01, 3.2771266e-01, 5.1112472e+01
4.9796729e+00, 2.4033692e-01, 3.3334291e-01, 5.1144576e+01
4.9846729e+00, 2.4201800e-01, 3.3908481e-01, 5.1177417e+01
4.9896729e+00, 2.4372805e-01, 3.4493039e-01, 5.1211050e+01
4.9946729e+00, 2.4546756e-01, 3.5086985e-01, 5.1245536e+01
5.0000000e+00, 2.4735379e-01, 3.5729010e-01, 5.1283320e+01
