0, 0.2
0.01, 0.202420756
0.02, 0.204885168
0.03, 0.20739721
0.04, 0.209961874
0.05, 0.212584746
0.06, 0.215271757
0.07, 0.218029044
0.08, 0.220862861
0.09, 0.223779526
0.1, 0.226785384
0.11, 0.229886771
0.12, 0.233089972
0.13, 0.236401178
0.14, 0.2398264
0.15, 0.243371358
0.16, 0.247041289
0.17, 0.250840651
0.18, 0.254772619
0.19, 0.25883825
0.2, 0.263034975
0.21, 0.267353804
0.22, 0.271773745
0.23, 0.276249733
0.24, 0.280684133
0.25, 0.284855404
0.26, 0.288264285
0.27, 0.290058606
0.28, 0.289517785
0.29, 0.286572547
0.3, 0.28194126
0.31, 0.276444637
0.32, 0.270538044
0.33, 0.264444604
0.34, 0.258284974
0.35, 0.252132689
0.36, 0.246037257
0.37, 0.240034843
0.38, 0.234153811
0.39, 0.22841796
0.4, 0.222848664
0.41, 0.217466551
0.42, 0.212293101
0.43, 0.207352548
0.44, 0.20267458
0.45, 0.198298818
0.46, 0.194283053
0.47, 0.190719777
0.48, 0.187770291
0.49, 0.185720898
0.5, 0.184952803
0.51, 0.185530258
0.52, 0.186994641
0.53, 0.18889809
0.54, 0.191012266
0.55, 0.19323724
0.56, 0.195529601
0.57, 0.197870943
0.58, 0.200254637
0.59, 0.202679958
0.6, 0.205149298
0.61, 0.20766676
0.62, 0.210237416
0.63, 0.212866898
0.64, 0.215561163
0.65, 0.218326364
0.66, 0.221168765
0.67, 0.224094688
0.68, 0.227110479
0.69, 0.230222469
0.7, 0.233436939
0.71, 0.236760062
0.72, 0.240197827
0.73, 0.243755911
0.74, 0.247439486
0.75, 0.251252901
0.76, 0.255199156
0.77, 0.259279005
0.78, 0.263489363
0.79, 0.267820297
0.8, 0.272248997
0.81, 0.276726599
0.82, 0.281146811
0.83, 0.285267383
0.84, 0.288548824
0.85, 0.290119699
0.86, 0.289311698
0.87, 0.286142233
0.88, 0.281385773
0.89, 0.275829407
0.9, 0.269894777
0.91, 0.26378963
0.92, 0.257627802
0.93, 0.251479487
0.94, 0.245392389
0.95, 0.239401633
0.96, 0.233534971
0.97, 0.227815852
0.98, 0.222265495
0.99, 0.216904543
1, 0.211754668
1.01, 0.206840538
1.02, 0.202192643
1.03, 0.197852056
1.04, 0.193879271
1.05, 0.190372076
1.06, 0.187502225
1.07, 0.185571839
1.08, 0.184955342
1.09, 0.185654077
1.1, 0.187182557
1.11, 0.189116318
1.12, 0.191245748
1.13, 0.193479447
1.14, 0.195777708
1.15, 0.198123826
1.16, 0.200512007
1.17, 0.202941957
1.18, 0.205416301
1.19, 0.207939275
1.2, 0.210516025
1.21, 0.213152227
1.22, 0.215853864
1.23, 0.218627105
1.24, 0.221478222
1.25, 0.22441354
1.26, 0.227439407
1.27, 0.23056215
1.28, 0.23378804
1.29, 0.237123237
1.3, 0.240573702
1.31, 0.24414507
1.32, 0.247842441
1.33, 0.25167005
1.34, 0.255630708
1.35, 0.25972485
1.36, 0.263948834
1.37, 0.268291712
1.38, 0.272728698
1.39, 0.277206766
1.4, 0.281610048
1.41, 0.285673464
1.42, 0.288815736
1.43, 0.290153333
1.44, 0.289075848
1.45, 0.285690385
1.46, 0.280817052
1.47, 0.275205095
1.48, 0.269244483
1.49, 0.263128797
1.5, 0.25696554
1.51, 0.250821762
1.52, 0.244743459
1.53, 0.238764768
1.54, 0.232912853
1.55, 0.227210837
1.56, 0.221679804
1.57, 0.216340423
1.58, 0.21121459
1.59, 0.206327436
1.6, 0.201710317
1.61, 0.197405865
1.62, 0.193477498
1.63, 0.19002875
1.64, 0.187242653
1.65, 0.185437084
1.66, 0.184973693
1.67, 0.185788318
1.68, 0.187376486
1.69, 0.189338515
1.7, 0.191482337
1.71, 0.193724406
1.72, 0.196028441
1.73, 0.198379321
1.74, 0.200772033
1.75, 0.20320669
1.76, 0.205686139
1.77, 0.20821474
1.78, 0.210797709
1.79, 0.213440766
1.8, 0.216149918
1.81, 0.218931348
1.82, 0.221791336
1.83, 0.224736212
1.84, 0.227772321
1.85, 0.230905988
1.86, 0.234143476
1.87, 0.237490927
1.88, 0.240954274
1.89, 0.244539106
1.9, 0.248250449
1.91, 0.252092416
1.92, 0.256067614
1.93, 0.260176139
1.94, 0.264413751
1.95, 0.268768407
1.96, 0.273213166
1.97, 0.277690428
1.98, 0.282073712
1.99, 0.286072791
2, 0.289063554
2.01, 0.290158395
2.02, 0.288809963
2.03, 0.285217384
2.04, 0.280235034
2.05, 0.274571345
2.06, 0.268586686
2.07, 0.262461589
2.08, 0.256297658
2.09, 0.250158991
2.1, 0.24408996
2.11, 0.238123758
2.12, 0.232286994
2.13, 0.226602482
2.14, 0.221091186
2.15, 0.215773828
2.16, 0.210672544
2.17, 0.205812974
2.18, 0.201227397
2.19, 0.196960129
2.2, 0.193077751
2.21, 0.189690049
2.22, 0.186992182
2.23, 0.185317371
2.24, 0.185007745
2.25, 0.185932589
2.26, 0.187576281
2.27, 0.189564684
2.28, 0.191722096
2.29, 0.193972202
2.3, 0.196281891
2.31, 0.198637516
2.32, 0.201034798
2.33, 0.203474234
2.34, 0.205958879
2.35, 0.208493212
2.36, 0.211082519
2.37, 0.213732556
2.38, 0.216449356
2.39, 0.219239115
2.4, 0.22210812
2.41, 0.225062706
2.42, 0.228109217
2.43, 0.231253973
2.44, 0.234503226
2.45, 0.237863102
2.46, 0.241339503
2.47, 0.24493797
2.48, 0.248663449
2.49, 0.252519922
2.5, 0.256509783
2.51, 0.260632761
2.52, 0.264883976
2.53, 0.269250197
2.54, 0.27370214
2.55, 0.278177167
2.56, 0.282537025
2.57, 0.286463868
2.58, 0.28929044
2.59, 0.290133777
2.6, 0.288514279
2.61, 0.284724246
2.62, 0.279640416
2.63, 0.273928644
2.64, 0.267921792
2.65, 0.261788375
2.66, 0.255624512
2.67, 0.249491516
2.68, 0.243432224
2.69, 0.237478929
2.7, 0.231657711
2.71, 0.225991097
2.72, 0.220499949
2.73, 0.215205057
2.74, 0.210128829
2.75, 0.20529745
2.76, 0.200744198
2.77, 0.196515198
2.78, 0.192680463
2.79, 0.189356575
2.8, 0.186751704
2.81, 0.185213508
2.82, 0.18505727
2.83, 0.186086411
2.84, 0.187781678
2.85, 0.189794692
2.86, 0.191964947
2.87, 0.194222782
2.88, 0.196538016
2.89, 0.198898378
2.9, 0.201300274
2.91, 0.203744564
2.92, 0.206234502
2.93, 0.208774677
2.94, 0.21137044
2.95, 0.214027586
2.96, 0.216752169
2.97, 0.2195504
2.98, 0.222428571
2.99, 0.225393021
3, 0.228450093
3.01, 0.231606101
3.02, 0.234867288
3.03, 0.23823976
3.04, 0.241729387
3.05, 0.245341658
3.06, 0.249081435
3.07, 0.252952561
3.08, 0.256957201
3.09, 0.261094695
3.1, 0.26535947
3.11, 0.269737011
3.12, 0.274195476
3.13, 0.278666673
3.14, 0.282999277
3.15, 0.286845211
3.16, 0.289494673
3.17, 0.290078462
3.18, 0.288189143
3.19, 0.284211842
3.2, 0.279033697
3.21, 0.273277284
3.22, 0.267250019
3.23, 0.26110935
3.24, 0.254946286
3.25, 0.248819524
3.26, 0.242770442
3.27, 0.236830477
3.28, 0.231025206
3.29, 0.22537689
3.3, 0.219906306
3.31, 0.214634337
3.32, 0.209583685
3.33, 0.204781126
3.34, 0.200261011
3.35, 0.196071419
3.36, 0.192286083
3.37, 0.18902898
3.38, 0.186522163
3.39, 0.185126231
3.4, 0.185121916
3.41, 0.186249268
3.42, 0.187992373
3.43, 0.190028349
3.44, 0.192210748
3.45, 0.194476022
3.46, 0.1967967
3.47, 0.199161792
3.48, 0.201568346
3.49, 0.204017563
3.5, 0.206512886
3.51, 0.209059008
3.52, 0.211661343
3.53, 0.214325721
3.54, 0.217058219
3.55, 0.219865057
3.56, 0.222752538
3.57, 0.225727
3.58, 0.228794785
3.59, 0.231962205
3.6, 0.235235487
3.61, 0.238620718
3.62, 0.242123736
3.63, 0.245749973
3.64, 0.2495042
3.65, 0.253390115
3.66, 0.257409636
3.67, 0.261561686
3.68, 0.265839949
3.69, 0.27022852
3.7, 0.274692757
3.71, 0.279158343
3.72, 0.283459433
3.73, 0.287215029
3.74, 0.28967448
3.75, 0.289991578
3.76, 0.287835277
3.77, 0.283681295
3.78, 0.278415633
3.79, 0.272617828
3.8, 0.266571846
3.81, 0.260424949
3.82, 0.25426339
3.83, 0.248143404
3.84, 0.242104984
3.85, 0.236178754
3.86, 0.230389818
3.87, 0.224760188
3.88, 0.219310574
3.89, 0.214061972
3.9, 0.209037413
3.91, 0.204264307
3.92, 0.199778158
3.93, 0.195629155
3.94, 0.19189507
3.95, 0.188707922
3.96, 0.186304504
3.97, 0.18505615
3.98, 0.185201248
3.99, 0.186420708
4, 0.188208161
4.01, 0.190265584
4.02, 0.192459492
4.03, 0.194731954
4.04, 0.197058002
4.05, 0.199427838
4.06, 0.201839115
4.07, 0.204293353
4.08, 0.206794173
4.09, 0.209346368
4.1, 0.211955412
4.11, 0.214627167
4.12, 0.217367731
4.13, 0.220183337
4.14, 0.223080291
4.15, 0.226064936
4.16, 0.229143612
4.17, 0.232322621
4.18, 0.235608183
4.19, 0.239006361
4.2, 0.242522956
4.21, 0.246163342
4.22, 0.249932195
4.23, 0.253833054
4.24, 0.257867578
4.25, 0.262034238
4.26, 0.266325919
4.27, 0.270725205
4.28, 0.275194389
4.29, 0.279652371
4.3, 0.283917157
4.31, 0.287572054
4.32, 0.289828447
4.33, 0.289872199
4.34, 0.287452946
4.35, 0.283132802
4.36, 0.277785924
4.37, 0.271949746
4.38, 0.265886657
4.39, 0.259734529
4.4, 0.25357518
4.41, 0.247462524
4.42, 0.241435238
4.43, 0.235523176
4.44, 0.229750988
4.45, 0.224140462
4.46, 0.218712261
4.47, 0.213487515
4.48, 0.208489611
4.49, 0.203746649
4.5, 0.199295373
4.51, 0.195188254
4.52, 0.191507458
4.53, 0.188393759
4.54, 0.186099492
4.55, 0.185003711
4.56, 0.185294841
4.57, 0.186600427
4.58, 0.188428991
4.59, 0.190506458
4.6, 0.192711279
4.61, 0.194990685
4.62, 0.197322024
4.63, 0.199696609
4.64, 0.20211266
4.65, 0.204571998
4.66, 0.207078411
4.67, 0.20963679
4.68, 0.212252661
4.69, 0.214931921
4.7, 0.217680687
4.71, 0.220505201
4.72, 0.223411777
4.73, 0.226406758
4.74, 0.229496483
4.75, 0.232687247
4.76, 0.235985256
4.77, 0.239396549
4.78, 0.242926891
4.79, 0.246581591
4.8, 0.250365225
4.81, 0.254281163
4.82, 0.258330784
4.83, 0.262512078
4.84, 0.266817068
4.85, 0.271226692
4.86, 0.275699882
4.87, 0.280148025
4.88, 0.28437117
4.89, 0.287914229
4.9, 0.289954884
4.91, 0.289719696
4.92, 0.287043233
4.93, 0.282567548
4.94, 0.277145431
4.95, 0.271273755
4.96, 0.265195115
4.97, 0.259038731
4.98, 0.252882285
4.99, 0.246777501
5, 0.240761815
