0,0.215,0
0.02,0.219859984,0.115267729
0.04,0.224868934,0.224563045
0.06,0.230074275,0.331697213
0.08,0.235525627,0.439459296
0.1,0.241272376,0.550196941
0.12,0.247363059,0.666163891
0.14,0.25384498,0.789803282
0.16,0.260762997,0.92406833
0.18,0.268155921,1.072899886
0.2,0.276046187,1.242084079
0.22,0.284407929,1.441015041
0.24,0.293040821,1.686332794
0.26,0.300929091,2.001545694
0.28,0.305018906,2.365909239
0.3,0.302928211,2.769564622
0.32,0.293479764,3.193088416
0.34,0.281860217,3.516182455
0.36,0.270049238,3.781386722
0.38,0.258442826,4.015073514
0.4,0.24723576,4.2299649
0.42,0.236565413,4.434046824
0.44,0.226555142,4.633856891
0.46,0.217349322,4.836558699
0.48,0.209179852,5.052949932
0.5,0.202630312,5.304907147
0.52,0.19998875,5.62148237
0.54,0.202955148,5.888943474
0.56,0.207337344,6.065156066
0.58,0.211917425,6.20274802
0.6,0.216593204,6.322267547
0.62,0.22138486,6.432548574
0.64,0.226336838,6.53850336
0.66,0.231498124,6.64338157
0.68,0.236917893,6.749675716
0.7,0.242644836,6.85958032
0.72,0.248726815,6.975283703
0.74,0.255210432,7.099232012
0.76,0.262139595,7.234454948
0.78,0.269551333,7.385077733
0.8,0.277463748,7.557270299
0.82,0.285836241,7.761196968
0.84,0.294406345,8.014796203
0.86,0.30190391,8.339806773
0.88,0.305146698,8.705227929
0.9,0.30194844,9.117575728
0.92,0.291900876,9.526606636
0.94,0.280242656,9.838237111
0.96,0.268482051,10.09724812
0.98,0.256960745,10.3270463
1,0.245859165,10.53931991
1.02,0.23530989,10.74163788
1.04,0.2254362,10.94038796
1.06,0.216385766,11.14281967
1.08,0.208404824,11.36017891
1.1,0.202142786,11.61551836
1.12,0.200086162,11.93469841
1.14,0.203383762,12.19321723
1.16,0.207891379,12.36662918
1.18,0.212584476,12.50397104
1.2,0.217377117,12.62417914
1.22,0.222295427,12.73572367
1.24,0.227384771,12.84336316
1.26,0.232694585,12.95030456
1.28,0.238274529,13.05905933
1.3,0.244173533,13.17188345
1.32,0.250439568,13.29107947
1.34,0.257118979,13.4192837
1.36,0.264254401,13.55984202
1.38,0.271878841,13.71742929
1.4,0.279998011,13.89923557
1.42,0.288532472,14.11753506
1.44,0.297043958,14.39375476
1.46,0.30355769,14.73997488
1.48,0.30494546,15.1130519
1.5,0.299094948,15.54748512
1.52,0.288051863,15.92230732
1.54,0.276250362,16.21342145
1.56,0.264495556,16.46176025
1.58,0.25304943,16.68552317
1.6,0.24207173,16.89461602
1.62,0.231689713,17.09606933
1.64,0.222031852,17.29648554
1.66,0.213271708,17.50428646
1.68,0.20574831,17.73427149
1.7,0.200590955,18.01705099
1.72,0.201036232,18.33447897
1.74,0.205114565,18.55104407
1.76,0.209703674,18.70607868
1.78,0.214418784,18.83491722
1.8,0.219239077,18.95069563
1.82,0.2242009,19.05995509
1.84,0.229352017,19.16668138
1.86,0.234742197,19.27373048
1.88,0.240420793,19.38346146
1.9,0.246436344,19.49810229
1.92,0.252836293,19.62003131
1.94,0.259665952,19.75208147
1.96,0.26696547,19.89797918
1.98,0.274761171,20.06311453
2,0.283038424,20.25607294
2.02,0.291642695,20.4918758
2.04,0.299783633,20.79378511
2.06,0.3047132,21.15230325
2.08,0.303868925,21.5416064
2.1,0.295452191,21.97515458
2.12,0.283968689,22.3134125
2.14,0.272178729,22.58579054
2.16,0.260545352,22.82347892
2.18,0.249281801,23.04060507
2.2,0.238531756,23.24562177
2.22,0.228418069,23.4451066
2.24,0.219076498,23.64584858
2.26,0.21071023,23.85741602
2.28,0.203776593,24.09816095
2.3,0.199995834,24.40193141
2.32,0.202106065,24.69193662
2.34,0.206344943,24.88036042
2.36,0.210845665,25.02244602
2.38,0.215440298,25.14368867
2.4,0.220139577,25.25432218
2.42,0.224985185,25.35975746
2.44,0.230025712,25.4634608
2.46,0.235310454,25.56800778
2.48,0.240888067,25.67558956
2.5,0.24680641,25.78832242
2.52,0.25311232,25.908501
2.54,0.259850629,26.03888525
2.56,0.267061192,26.18312417
2.58,0.274770471,26.34650461
2.6,0.282965257,26.53743996
2.62,0.291497715,26.77061711
2.64,0.299613388,27.06897689
2.66,0.304644541,27.42479908
2.68,0.304019288,27.81003346
2.7,0.295872542,28.24315872
2.72,0.284468409,28.58388975
2.74,0.272712015,28.85752012
2.76,0.261103204,29.0956769
2.78,0.249857192,29.31283548
2.8,0.239118166,29.51752908
2.82,0.229008355,29.7162863
2.84,0.219660216,29.91571083
2.86,0.211266911,30.12487203
2.88,0.204244752,30.36070449
2.9,0.200095294,30.65601042
2.92,0.201697253,30.94951666
2.94,0.205826708,31.14465581
2.96,0.210331265,31.29087364
2.98,0.214928459,31.41413587
3,0.219626811,31.52590579
3.02,0.224467368,31.63198832
3.04,0.229498206,31.73600774
3.06,0.234768326,31.84061158
3.08,0.24032651,31.94802625
3.1,0.246220768,32.06037451
3.12,0.25249813,32.17993196
3.14,0.259203781,32.3094094
3.16,0.266378388,32.45236041
3.18,0.274050548,32.61389356
3.2,0.282213643,32.80208559
3.22,0.290738715,33.03087368
3.24,0.298977809,33.32331408
3.26,0.30442803,33.67827186
3.28,0.304320255,34.06042994
3.3,0.296649164,34.49742565
3.32,0.28531615,34.84522246
3.34,0.273562046,35.12231334
3.36,0.261933698,35.36244615
3.38,0.250656095,35.58079832
3.4,0.239876082,35.78616636
3.42,0.22971663,35.98514269
3.44,0.220308122,36.18426118
3.46,0.211836308,36.39229256
3.48,0.204688397,36.62527829
3.5,0.20021323,36.91635927
3.52,0.201553419,37.22300962
3.54,0.205755557,37.42518966
3.56,0.210336786,37.57421882
3.58,0.215020048,37.69961227
3.6,0.219808745,37.8132187
3.62,0.224742707,37.92100637
3.64,0.229870635,38.02670823
3.66,0.235242109,38.1330457
3.68,0.240906223,38.24230726
3.7,0.246911256,38.35668597
3.72,0.253304377,38.47855023
3.74,0.260130565,38.61074675
3.76,0.267429414,38.75704677
3.78,0.275226008,38.92293818
3.8,0.283502126,39.11720877
3.82,0.29208853,39.35523296
3.84,0.300130071,39.65999271
3.86,0.304811385,40.01868889
3.88,0.303676797,40.40882905
3.9,0.295071761,40.83818803
3.92,0.283627585,41.17157185
3.94,0.271917275,41.4409399
3.96,0.260373404,41.67641497
3.98,0.249203645,41.89164818
4,0.238548558,42.09485396
4.02,0.228528563,42.29241036
4.04,0.219276227,42.49083031
4.06,0.210986163,42.69913429
4.08,0.204073869,42.9344811
4.1,0.200054641,43.23239322
4.12,0.201868347,43.52692337
4.14,0.205983153,43.7168053
4.16,0.210429314,43.86007996
4.18,0.214973922,43.98164423
4.2,0.219620437,44.09213134
4.22,0.224407202,44.19708167
4.24,0.229382827,44.30004546
4.26,0.234596248,44.40361748
4.28,0.240095936,44.50997919
4.3,0.245929732,44.62121197
4.32,0.252144525,44.73954199
4.34,0.258785502,44.86761207
4.36,0.265893688,45.00887102
4.38,0.273499006,45.16824801
4.4,0.281599251,45.35348128
4.42,0.290082604,45.5778527
4.44,0.298368467,45.86333337
4.46,0.304160041,46.21343079
4.48,0.304607197,46.58946295
4.5,0.297663687,47.02407855
4.52,0.286481115,47.38091515
4.54,0.274785073,47.6619195
4.56,0.263183968,47.90396084
4.58,0.251915865,48.12312863
4.6,0.241130667,48.32851698
4.62,0.230950945,48.52672691
4.64,0.221502629,48.7240415
4.66,0.212956796,48.92850152
4.68,0.205640877,49.15423135
4.7,0.200595531,49.43248299
4.72,0.200989211,49.74644497
4.74,0.204858013,49.95673847
4.76,0.209243128,50.10816445
4.78,0.213741419,50.23349685
4.8,0.218330153,50.3456594
4.82,0.223045343,50.45110953
4.84,0.227934854,50.55376605
4.86,0.233047739,50.65638896
4.88,0.238432677,50.76121656
4.9,0.244137585,50.87031049
4.92,0.250209549,50.98580751
4.94,0.256694309,51.11017102
4.96,0.2636345,51.24652716
4.98,0.27106461,51.39921854
5,0.278996234,51.57485428
