0	        0.2	        0
0.016722408	0.204068794	0.097238887
0.033444816	0.208260666	0.190270645
0.050167224	0.212599606	0.2814088
0.066889632	0.217113235	0.372421878
0.08361204	0.221830545	0.464798373
0.100334448	0.22678101	0.55991297
0.117056856	0.231994204	0.659151772
0.133779264	0.237499484	0.764031639
0.150501672	0.2433254	0.87634812
0.16722408	0.249498591	0.998379557
0.183946488	0.25604079	1.133232257
0.200668896	0.262960732	1.285446537
0.217391304	0.270227323	1.462104546
0.234113712	0.277659918	1.67412423
0.25083612	0.284459955	1.929132715
0.267558528	0.288782236	2.193535449
0.284280936	0.290155796	2.432952873
0.301003344	0.289004111	2.678824058
0.317725753	0.28425049	2.974127058
0.334448161	0.275662953	3.281019948
0.351170569	0.265645339	3.54547067
0.367892977	0.255369804	3.774647397
0.384615385	0.245195831	3.98079192
0.401337793	0.235293252	4.171787957
0.418060201	0.22577554	4.353012315
0.434782609	0.21673789	4.528740545
0.451505017	0.20827799	4.703064808
0.468227425	0.200520165	4.880784556
0.484949833	0.193666599	5.068769811
0.501672241	0.188148922	5.278250602
0.518394649	0.185106382	5.520794922
0.535117057	0.185899161	5.756310094
0.551839465	0.188905048	5.934064905
0.568561873	0.192542907	6.07200962
0.585284281	0.196393262	6.188288291
0.602006689	0.200362978	6.292218848
0.618729097	0.204442092	6.388961098
0.635451505	0.208646194	6.481737672
0.652173913	0.21299976	6.572797723
0.668896321	0.217530597	6.663875711
0.685618729	0.222267764	6.756443942
0.702341137	0.22724076	6.851873331
0.719063545	0.232479152	6.951556553
0.735785953	0.23801226	7.057029028
0.752508361	0.243868505	7.170120556
0.769230769	0.250074261	7.293166895
0.785953177	0.256650545	7.429373643
0.802675585	0.263604096	7.583455855
0.819397993	0.270897167	7.762800212
0.836120401	0.278321759	7.978634881
0.852842809	0.284979715	8.236773874
0.869565217	0.289015931	8.499261674
0.886287625	0.290158802	8.737346746
0.903010033	0.288750141	8.986300483
0.919732441	0.283600064	9.285980283
0.936454849	0.274787651	9.58993332
0.953177258	0.264719521	9.85059523
0.969899666	0.254443115	10.0772623
0.986622074	0.244287966	10.28176493
1.003344482	0.234415945	10.47168146
1.02006689	0.224937793	10.65224214
1.036789298	0.215948127	10.82767166
1.053511706	0.207545909	11.00208692
1.070234114	0.199859656	11.18040622
1.086956522	0.193103345	11.36978644
1.10367893	0.187745932	11.58195018
1.120401338	0.185019547	11.82687342
1.137123746	0.186116779	12.05788631
1.153846154	0.189218656	12.23099358
1.170568562	0.192884608	12.36640931
1.18729097	0.196747569	12.4812763
1.204013378	0.200727001	12.58438466
1.220735786	0.20481658	12.68065556
1.237458194	0.209033119	12.77319492
1.254180602	0.213401545	12.86419082
1.27090301	0.217949835	12.95534565
1.287625418	0.222707111	13.04811684
1.304347826	0.227702888	13.14387246
1.321070234	0.232966731	13.24401244
1.337792642	0.238527913	13.35009261
1.35451505	0.244414718	13.46397851
1.371237458	0.250653228	13.58806609
1.387959866	0.257263684	13.72566517
1.404682274	0.264250611	13.88167535
1.421404682	0.271568771	14.06380102
1.43812709	0.278978849	14.28353735
1.454849498	0.285476324	14.5444585
1.471571906	0.289225909	14.80474562
1.488294314	0.290142332	15.04183097
1.505016722	0.288465174	15.29428123
1.52173913	0.282916727	15.5978571
1.538461538	0.273903263	15.89846692
1.555183946	0.26379194	16.15545499
1.571906355	0.253517086	16.37970786
1.588628763	0.243382036	16.58262829
1.605351171	0.233541471	16.7715067
1.622073579	0.224103656	16.95143734
1.638795987	0.215162791	17.12660109
1.655518395	0.206819285	17.3011465
1.672240803	0.199206304	17.48012254
1.688963211	0.192550788	17.67099325
1.705685619	0.18736336	17.88596657
1.722408027	0.184968177	18.13285559
1.739130435	0.186349415	18.35894681
1.755852843	0.189536383	18.52762985
1.772575251	0.193227928	18.6606515
1.789297659	0.197102947	18.77417501
1.806020067	0.201092077	18.87649964
1.822742475	0.205192268	18.97232393
1.839464883	0.209421456	19.06464362
1.856187291	0.213804979	19.1555891
1.872909699	0.218370968	19.24683263
1.889632107	0.223148601	19.33981802
1.906354515	0.228167413	19.43591119
1.923076923	0.23345697	19.53652044
1.939799331	0.239046454	19.64322396
1.956521739	0.24496405	19.7579239
1.973244147	0.251235497	19.88307986
1.989966555	0.257880195	20.02211111
2.006688963	0.264900212	20.1801119
2.023411371	0.272241853	20.36511722
2.040133779	0.279629996	20.58882906
2.056856187	0.28594839	20.85212787
2.073578595	0.289412919	21.11000359
2.090301003	0.290106056	21.34644427
2.107023411	0.288147462	21.60278535
2.123745819	0.282202954	21.90967091
2.140468227	0.273010934	22.20662594
2.157190635	0.262862928	22.46005999
2.173913043	0.252591875	22.68199019
2.190635452	0.242478146	22.88338593
2.20735786	0.232669919	23.07126659
2.224080268	0.223273216	23.25060054
2.240802676	0.214381981	23.42553183
2.257525084	0.206098272	23.60024791
2.274247492	0.198560322	23.77993995
2.2909699	0.192009455	23.97240168
2.307692308	0.187002705	24.19030314
2.324414716	0.184951903	24.43865441
2.341137124	0.18659536	24.65950821
2.357859532	0.189857818	24.82398981
2.37458194	0.19357277	24.95474404
2.391304348	0.197459377	25.0669886
2.408026756	0.201458207	25.16856652
2.424749164	0.205569172	25.26396788
2.441471572	0.209811226	25.35608489
2.45819398	0.214210083	25.44699346
2.474916388	0.218794017	25.53833744
2.491638796	0.223592258	25.63154817
2.508361204	0.228634358	25.72799034
2.525083612	0.233949869	25.82908242
2.54180602	0.239567903	25.936425
2.558528428	0.245516516	26.05195904
2.575250836	0.251821085	26.17821115
2.591973244	0.258500076	26.31871607
2.608695652	0.265552837	26.47877295
2.62541806	0.272916103	26.66675943
2.642140468	0.280273862	26.89450327
2.658862876	0.286394809	27.15972694
2.675585284	0.2895777	27.41505635
2.692307692	0.290049503	27.65122616
2.7090301	0.287795347	27.91182138
2.725752508	0.281461319	28.22134518
2.742474916	0.272111669	28.51441777
2.759197324	0.261932777	28.76442015
2.775919732	0.251667622	28.98411535
2.79264214	0.241576391	29.18404186
2.809364548	0.231801366	29.37096421
2.826086957	0.22244655	29.54973455
2.842809365	0.213605788	29.72446701
2.859531773	0.205382998	29.89939516
2.876254181	0.197921955	30.07986548
2.892976589	0.191479934	30.27402361
2.909698997	0.186665569	30.4949599
2.926421405	0.184969749	30.74418578
2.943143813	0.186853093	30.95958937
2.959866221	0.1901826	31.1200888
2.976588629	0.193919048	31.24869438
2.993311037	0.197816845	31.35972103
3.010033445	0.201825396	31.46058772
3.026755853	0.205947304	31.55558901
3.043478261	0.210202441	31.64751994
3.060200669	0.21461687	31.73840488
3.076923077	0.219218997	31.82986096
3.093645485	0.224038097	31.92330817
3.110367893	0.229103736	32.02011115
3.127090301	0.234445445	32.12169943
3.143812709	0.240092273	32.22969699
3.160535117	0.246072125	32.34608586
3.177257525	0.25240999	32.47346285
3.193979933	0.259123305	32.61548456
3.210702341	0.266208398	32.77766581
3.227424749	0.273591149	32.96873776
3.244147157	0.280908938	33.20054671
3.260869565	0.286814759	33.46720292
3.277591973	0.289720939	33.71992852
3.294314381	0.289972038	33.95621597
3.311036789	0.287407247	34.22138727
3.327759197	0.280694541	34.53281144
3.344481605	0.271206396	34.82185065
3.361204013	0.261001778	35.06854441
3.377926421	0.250744488	35.28608877
3.394648829	0.240676887	35.48459951
3.411371237	0.230935913	35.67060217
3.428093645	0.221623756	35.84884181
3.444816054	0.212834325	36.02340946
3.461538462	0.204673619	36.19859264
3.47826087	0.197291559	36.37990638
3.494983278	0.190962885	36.57587094
3.511705686	0.186353697	36.79993038
3.528428094	0.18502027	37.04937247
3.545150502	0.187121238	37.2592105
3.56187291	0.190510427	37.41594059
3.578595318	0.194266677	37.54250932
3.595317726	0.198175328	37.65237581
3.612040134	0.202193645	37.75256519
3.628762542	0.206326668	37.84718869
3.64548495	0.21059511	37.93894979
3.662207358	0.215025351	38.02982419
3.678929766	0.219645916	38.12140393
3.695652174	0.224486126	38.2150988
3.712374582	0.229575551	38.31227459
3.72909699	0.234943706	38.41437245
3.745819398	0.240619571	38.52304124
3.762541806	0.246630879	38.6403062
3.779264214	0.253002205	38.7688379
3.795986622	0.259749852	38.91242123
3.81270903	0.266866791	39.07679814
3.829431438	0.274266571	39.27106244
3.846153846	0.28153359	39.50694141
3.862876254	0.287207759	39.77451121
3.879598662	0.289843228	40.0246467
3.89632107	0.289872931	40.26145316
3.913043478	0.286981888	40.53146483
3.929765886	0.279905241	40.84401395
3.946488294	0.270295896	41.12893498
3.963210702	0.260070209	41.37244132
3.97993311	0.249822626	41.58791553
3.996655518	0.239779748	41.78506217
4.013377926	0.23007366	41.97018299
4.030100334	0.220804937	42.14792475
4.046822742	0.21206771	42.3223621
4.063545151	0.203970279	42.49784423
4.080267559	0.1966693	42.68006951
4.096989967	0.190459043	42.87795482
4.113712375	0.18606886	43.10519898
4.130434783	0.185101572	43.35414942
4.147157191	0.187398619	43.55839377
4.163879599	0.190841025	43.71155858
4.180602007	0.194615603	43.83619534
4.197324415	0.198534823	43.94495662
4.214046823	0.202562969	44.04450116
4.230769231	0.206707286	44.13876855
4.247491639	0.210989255	44.23037572
4.264214047	0.215435549	44.3212525
4.280936455	0.220074801	44.41296741
4.297658863	0.224936371	44.50692112
4.314381271	0.230049833	44.60448172
4.331103679	0.235444678	44.70710287
4.347826087	0.24114982	44.81645954
4.364548495	0.247192804	44.93462242
4.381270903	0.253597744	45.06433984
4.397993311	0.260379706	45.2095315
4.414715719	0.26752792	45.37617856
4.431438127	0.274941891	45.57374365
4.448160535	0.28214606	45.81366244
4.464882943	0.287573629	46.08161461
4.481605351	0.289945106	46.32924116
4.498327759	0.289751248	46.56698064
4.515050167	0.286518254	46.84202302
4.531772575	0.279095927	47.15490908
4.548494983	0.269380854	47.43568171
4.565217391	0.259138291	47.67611998
4.581939799	0.248902145	47.88960123
4.598662207	0.23888505	48.08543373
4.615384615	0.229214671	48.26970984
4.632107023	0.219990162	48.4469865
4.648829431	0.211306027	48.62132836
4.665551839	0.203273102	48.79715487
4.682274247	0.196055522	48.98036319
4.698996656	0.189969125	49.18028828
4.715719064	0.185812894	49.41074402
4.732441472	0.185211487	49.65846399
4.74916388	0.187684173	49.8571609
4.765886288	0.191174156	50.00695526
4.782608696	0.194965771	50.12975876
4.799331104	0.198895326	50.23746698
4.816053512	0.202933379	50.33639803
4.83277592	0.207089177	50.43033015
4.849498328	0.211384899	50.52179898
4.866220736	0.215847486	50.61269091
4.882943144	0.220505674	50.70455243
4.899665552	0.225388856	50.79877619
4.91638796	0.230526606	50.89673352
4.933110368	0.235948385	50.99989202
4.949832776	0.241683044	51.10995361
4.966555184	0.247757922	51.22903677
4.983277592	0.254196616	51.35997225
5	        0.261012849	51.50682085

