time R11 R12 R13 R21 R22 R23 R31 R32 R33
0.000000000000000000e+00 1.000000000000000000e+00 -0.000000000000000000e+00 0.000000000000000000e+00 0.000000000000000000e+00 1.000000000000000000e+00 -0.000000000000000000e+00 0.000000000000000000e+00 0.000000000000000000e+00 1.000000000000000000e+00
5.040000000000002811e-03 9.999999203965483918e-01 -3.990073891596773530e-04 0.000000000000000000e+00 3.990073891596773530e-04 9.999999203965483918e-01 -0.000000000000000000e+00 0.000000000000000000e+00 0.000000000000000000e+00 1.000000000000000000e+00
1.013600000000001305e-02 9.999986978048553965e-01 -1.613811820872654941e-03 0.000000000000000000e+00 1.613811820872654941e-03 9.999986978048553965e-01 -0.000000000000000000e+00 0.000000000000000000e+00 0.000000000000000000e+00 1.000000000000000000e+00
1.501600000000002585e-02 9.999937277069228525e-01 -3.541828173749050207e-03 0.000000000000000000e+00 3.541828173749050207e-03 9.999937277069228525e-01 -0.000000000000000000e+00 0.000000000000000000e+00 0.000000000000000000e+00 1.000000000000000000e+00
2.013600000000004622e-02 9.999797184519607640e-01 -6.368884104553579339e-03 0.000000000000000000e+00 6.368884104553579339e-03 9.999797184519607640e-01 -0.000000000000000000e+00 0.000000000000000000e+00 0.000000000000000000e+00 1.000000000000000000e+00
2.513600000000001597e-02 9.999507517430075154e-01 -9.924418803860040120e-03 0.000000000000000000e+00 9.924418803860040120e-03 9.999507517430075154e-01 -0.000000000000000000e+00 0.000000000000000000e+00 0.000000000000000000e+00 1.000000000000000000e+00
3.013599999999998572e-02 9.998982475624252908e-01 -1.426515059826700266e-02 0.000000000000000000e+00 1.426515059826700266e-02 9.998982475624252908e-01 -0.000000000000000000e+00 0.000000000000000000e+00 0.000000000000000000e+00 1.000000000000000000e+00
3.513599999999995893e-02 9.998119794051801845e-01 -1.939086996232793417e-02 0.000000000000000000e+00 1.939086996232793417e-02 9.998119794051801845e-01 -0.000000000000000000e+00 0.000000000000000000e+00 0.000000000000000000e+00 1.000000000000000000e+00
4.013599999999992868e-02 9.996798725335743763e-01 -2.530123418446094882e-02 0.000000000000000000e+00 2.530123418446094882e-02 9.996798725335743763e-01 -0.000000000000000000e+00 0.000000000000000000e+00 0.000000000000000000e+00 1.000000000000000000e+00
4.513599999999989842e-02 9.994880058830112324e-01 -3.199571996380349420e-02 0.000000000000000000e+00 3.199571996380349420e-02 9.994880058830112324e-01 -0.000000000000000000e+00 0.000000000000000000e+00 0.000000000000000000e+00 1.000000000000000000e+00
5.013599999999986817e-02 9.992206149637465895e-01 -3.947356877041219292e-02 0.000000000000000000e+00 3.947356877041219292e-02 9.992206149637465895e-01 -0.000000000000000000e+00 0.000000000000000000e+00 0.000000000000000000e+00 1.000000000000000000e+00
5.513599999999983792e-02 9.988600960588162048e-01 -4.773372498949331882e-02 0.000000000000000000e+00 4.773372498949331882e-02 9.988600960588162048e-01 -0.000000000000000000e+00 0.000000000000000000e+00 0.000000000000000000e+00 1.000000000000000000e+00
6.013599999999980766e-02 9.983870120578367535e-01 -5.677476687953160461e-02 0.000000000000000000e+00 5.677476687953160461e-02 9.983870120578367535e-01 -0.000000000000000000e+00 0.000000000000000000e+00 0.000000000000000000e+00 1.000000000000000000e+00
6.513599999999987455e-02 9.977801003056190332e-01 -6.659483038576517744e-02 0.000000000000000000e+00 6.659483038576517744e-02 9.977801003056190332e-01 -0.000000000000000000e+00 0.000000000000000000e+00 0.000000000000000000e+00 1.000000000000000000e+00
7.013600000000001777e-02 9.970162828834232549e-01 -7.719152586470620636e-02 0.000000000000000000e+00 7.719152586470620636e-02 9.970162828834232549e-01 -0.000000000000000000e+00 0.000000000000000000e+00 0.000000000000000000e+00 1.000000000000000000e+00
7.513600000000016099e-02 9.960706797790802591e-01 -8.856184779260621587e-02 0.000000000000000000e+00 8.856184779260621587e-02 9.960706797790802591e-01 -0.000000000000000000e+00 0.000000000000000000e+00 0.000000000000000000e+00 1.000000000000000000e+00
8.013600000000030421e-02 9.949166254399800513e-01 -1.007020775511712901e-01 0.000000000000000000e+00 1.007020775511712901e-01 9.949166254399800513e-01 -0.000000000000000000e+00 0.000000000000000000e+00 0.000000000000000000e+00 1.000000000000000000e+00
8.513600000000044743e-02 9.935256892398880435e-01 -1.136076794077111457e-01 0.000000000000000000e+00 1.136076794077111457e-01 9.935256892398880435e-01 -0.000000000000000000e+00 0.000000000000000000e+00 0.000000000000000000e+00 1.000000000000000000e+00
9.007200000000041562e-02 9.918907415767082014e-01 -1.270934961924008733e-01 0.000000000000000000e+00 1.270934961924008733e-01 9.918907415767082014e-01 -0.000000000000000000e+00 0.000000000000000000e+00 0.000000000000000000e+00 1.000000000000000000e+00
9.505600000000054284e-02 9.899446146182536710e-01 -1.414555053305356080e-01 0.000000000000000000e+00 1.414555053305356080e-01 9.899446146182536710e-01 -0.000000000000000000e+00 0.000000000000000000e+00 0.000000000000000000e+00 1.000000000000000000e+00
1.000560000000006861e-01 9.876607962072161406e-01 -1.566082744791221226e-01 0.000000000000000000e+00 1.566082744791221226e-01 9.876607962072161406e-01 -0.000000000000000000e+00 0.000000000000000000e+00 0.000000000000000000e+00 1.000000000000000000e+00
1.050560000000008293e-01 9.850098773215156811e-01 -1.724979465937278855e-01 0.000000000000000000e+00 1.724979465937278855e-01 9.850098773215156811e-01 -0.000000000000000000e+00 0.000000000000000000e+00 0.000000000000000000e+00 1.000000000000000000e+00
1.100560000000009725e-01 9.819551124357759342e-01 -1.891141379200481920e-01 0.000000000000000000e+00 1.891141379200481920e-01 9.819551124357759342e-01 -0.000000000000000000e+00 0.000000000000000000e+00 0.000000000000000000e+00 1.000000000000000000e+00
1.150560000000011157e-01 9.784582290464631793e-01 -2.064448934007793446e-01 0.000000000000000000e+00 2.064448934007793446e-01 9.784582290464631793e-01 -0.000000000000000000e+00 0.000000000000000000e+00 0.000000000000000000e+00 1.000000000000000000e+00
1.200560000000012589e-01 9.744794930844609127e-01 -2.244765412194611731e-01 0.000000000000000000e+00 2.244765412194611731e-01 9.744794930844609127e-01 -0.000000000000000000e+00 0.000000000000000000e+00 0.000000000000000000e+00 1.000000000000000000e+00
1.250560000000013883e-01 9.699777836269776188e-01 -2.431935428215487582e-01 0.000000000000000000e+00 2.431935428215487582e-01 9.699777836269776188e-01 -0.000000000000000000e+00 0.000000000000000000e+00 0.000000000000000000e+00 1.000000000000000000e+00
1.300560000000015315e-01 9.649106776905387317e-01 -2.625783389367554732e-01 0.000000000000000000e+00 2.625783389367554732e-01 9.649106776905387317e-01 -0.000000000000000000e+00 0.000000000000000000e+00 0.000000000000000000e+00 1.000000000000000000e+00
1.351465600000013867e-01 9.591258487136008481e-01 -2.829798691239628350e-01 0.000000000000000000e+00 2.829798691239628350e-01 9.591258487136008481e-01 -0.000000000000000000e+00 0.000000000000000000e+00 0.000000000000000000e+00 1.000000000000000000e+00
1.400995200000014762e-01 9.528465609005452031e-01 -3.034525191525090371e-01 0.000000000000000000e+00 3.034525191525090371e-01 9.528465609005452031e-01 -0.000000000000000000e+00 0.000000000000000000e+00 0.000000000000000000e+00 1.000000000000000000e+00
1.450995200000016194e-01 9.458109215273521331e-01 -3.247178786571215392e-01 0.000000000000000000e+00 3.247178786571215392e-01 9.458109215273521331e-01 -0.000000000000000000e+00 0.000000000000000000e+00 0.000000000000000000e+00 1.000000000000000000e+00
1.500995200000017626e-01 9.380288579178741593e-01 -3.465571550455836536e-01 0.000000000000000000e+00 3.465571550455836536e-01 9.380288579178741593e-01 -0.000000000000000000e+00 0.000000000000000000e+00 0.000000000000000000e+00 1.000000000000000000e+00
1.550995200000019059e-01 9.294531118857843888e-01 -3.689402564180706001e-01 0.000000000000000000e+00 3.689402564180706001e-01 9.294531118857843888e-01 -0.000000000000000000e+00 0.000000000000000000e+00 0.000000000000000000e+00 1.000000000000000000e+00
1.600995200000020491e-01 9.200358896962390620e-01 -3.918340996784861474e-01 0.000000000000000000e+00 3.918340996784861474e-01 9.200358896962390620e-01 -0.000000000000000000e+00 0.000000000000000000e+00 0.000000000000000000e+00 1.000000000000000000e+00
1.650995200000021923e-01 9.097290397260356931e-01 -4.152024497508954304e-01 0.000000000000000000e+00 4.152024497508954304e-01 9.097290397260356931e-01 -0.000000000000000000e+00 0.000000000000000000e+00 0.000000000000000000e+00 1.000000000000000000e+00
1.700995200000023355e-01 8.984842463809183943e-01 -4.390057619272359490e-01 0.000000000000000000e+00 4.390057619272359490e-01 8.984842463809183943e-01 -0.000000000000000000e+00 0.000000000000000000e+00 0.000000000000000000e+00 1.000000000000000000e+00
1.750995200000024787e-01 8.862532409181271831e-01 -4.632010286712626157e-01 0.000000000000000000e+00 4.632010286712626157e-01 8.862532409181271831e-01 -0.000000000000000000e+00 0.000000000000000000e+00 0.000000000000000000e+00 1.000000000000000000e+00
1.800995200000026220e-01 8.729880297630021602e-01 -4.877416323121407937e-01 0.000000000000000000e+00 4.877416323121407937e-01 8.729880297630021602e-01 -0.000000000000000000e+00 0.000000000000000000e+00 0.000000000000000000e+00 1.000000000000000000e+00
1.850515200000026061e-01 8.587841611887483406e-01 -5.123375493669557468e-01 0.000000000000000000e+00 5.123375493669557468e-01 8.587841611887483406e-01 -0.000000000000000000e+00 0.000000000000000000e+00 0.000000000000000000e+00 1.000000000000000000e+00
1.900195200000027174e-01 8.434226139776921372e-01 -5.372506809963455421e-01 0.000000000000000000e+00 5.372506809963455421e-01 8.434226139776921372e-01 -0.000000000000000000e+00 0.000000000000000000e+00 0.000000000000000000e+00 1.000000000000000000e+00
1.950195200000028606e-01 8.267925179481452336e-01 -5.625070064141119985e-01 0.000000000000000000e+00 5.625070064141119985e-01 8.267925179481452336e-01 -0.000000000000000000e+00 0.000000000000000000e+00 0.000000000000000000e+00 1.000000000000000000e+00
2.000275200000028453e-01 8.089153464170957264e-01 -5.879251332703085975e-01 0.000000000000000000e+00 5.879251332703085975e-01 8.089153464170957264e-01 -0.000000000000000000e+00 0.000000000000000000e+00 0.000000000000000000e+00 1.000000000000000000e+00
2.050604800000027650e-01 7.899220463302021322e-01 -6.132072738654572586e-01 0.000000000000000000e+00 6.132072738654572586e-01 7.899220463302021322e-01 -0.000000000000000000e+00 0.000000000000000000e+00 0.000000000000000000e+00 1.000000000000000000e+00
2.100476800000025679e-01 7.703222472727585535e-01 -6.376547932515268524e-01 0.000000000000000000e+00 6.376547932515268524e-01 7.703222472727585535e-01 -0.000000000000000000e+00 0.000000000000000000e+00 0.000000000000000000e+00 1.000000000000000000e+00
2.150156800000026791e-01 7.500459133166361703e-01 -6.613857633159436755e-01 0.000000000000000000e+00 6.613857633159436755e-01 7.500459133166361703e-01 -0.000000000000000000e+00 0.000000000000000000e+00 0.000000000000000000e+00 1.000000000000000000e+00
2.200156800000028223e-01 7.289011820662627539e-01 -6.846189208475069732e-01 0.000000000000000000e+00 6.846189208475069732e-01 7.289011820662627539e-01 -0.000000000000000000e+00 0.000000000000000000e+00 0.000000000000000000e+00 1.000000000000000000e+00
2.250156800000029655e-01 7.070371133504961270e-01 -7.071764421592376948e-01 0.000000000000000000e+00 7.071764421592376948e-01 7.070371133504961270e-01 -0.000000000000000000e+00 0.000000000000000000e+00 0.000000000000000000e+00 1.000000000000000000e+00
2.300156800000031088e-01 6.844752843654778873e-01 -7.290360657010037659e-01 0.000000000000000000e+00 7.290360657010037659e-01 6.844752843654778873e-01 -0.000000000000000000e+00 0.000000000000000000e+00 0.000000000000000000e+00 1.000000000000000000e+00
2.350156800000032520e-01 6.612379609124935387e-01 -7.501762186635138052e-01 0.000000000000000000e+00 7.501762186635138052e-01 6.612379609124935387e-01 -0.000000000000000000e+00 0.000000000000000000e+00 0.000000000000000000e+00 1.000000000000000000e+00
2.400156800000033952e-01 6.373480754243149304e-01 -7.705760382680751919e-01 0.000000000000000000e+00 7.705760382680751919e-01 6.373480754243149304e-01 -0.000000000000000000e+00 0.000000000000000000e+00 0.000000000000000000e+00 1.000000000000000000e+00
2.451036800000033489e-01 6.123921845412237941e-01 -7.905541172575268893e-01 0.000000000000000000e+00 7.905541172575268893e-01 6.123921845412237941e-01 -0.000000000000000000e+00 0.000000000000000000e+00 0.000000000000000000e+00 1.000000000000000000e+00
2.500956800000034841e-01 5.872987851762742073e-01 -8.093702100587052417e-01 0.000000000000000000e+00 8.093702100587052417e-01 5.872987851762742073e-01 -0.000000000000000000e+00 0.000000000000000000e+00 0.000000000000000000e+00 1.000000000000000000e+00
2.550620800000031330e-01 5.617607239328762381e-01 -8.272997576733664982e-01 0.000000000000000000e+00 8.272997576733664982e-01 5.617607239328762381e-01 -0.000000000000000000e+00 0.000000000000000000e+00 0.000000000000000000e+00 1.000000000000000000e+00
2.600137386228940639e-01 5.357539086428301234e-01 -8.443741761647677313e-01 0.000000000000000000e+00 8.443741761647677313e-01 5.357539086428301234e-01 -0.000000000000000000e+00 0.000000000000000000e+00 0.000000000000000000e+00 1.000000000000000000e+00
2.650583560686072815e-01 5.087257801524627254e-01 -8.609286152801916003e-01 0.000000000000000000e+00 8.609286152801916003e-01 5.087257801524627254e-01 -0.000000000000000000e+00 0.000000000000000000e+00 0.000000000000000000e+00 1.000000000000000000e+00
2.700575971273244669e-01 4.814365129367185747e-01 -8.764809661432086951e-01 0.000000000000000000e+00 8.764809661432086951e-01 4.814365129367185747e-01 -0.000000000000000000e+00 0.000000000000000000e+00 0.000000000000000000e+00 1.000000000000000000e+00
2.750013887613652064e-01 4.539827249374351337e-01 -8.910104856051812572e-01 0.000000000000000000e+00 8.910104856051812572e-01 4.539827249374351337e-01 -0.000000000000000000e+00 0.000000000000000000e+00 0.000000000000000000e+00 1.000000000000000000e+00
2.801213887613651088e-01 4.250890488834468406e-01 -9.051515345616811814e-01 0.000000000000000000e+00 9.051515345616811814e-01 4.250890488834468406e-01 -0.000000000000000000e+00 0.000000000000000000e+00 0.000000000000000000e+00 1.000000000000000000e+00
2.851453887613650817e-01 3.963093520360271294e-01 -9.181170391016517662e-01 0.000000000000000000e+00 9.181170391016517662e-01 3.963093520360271294e-01 -0.000000000000000000e+00 0.000000000000000000e+00 0.000000000000000000e+00 1.000000000000000000e+00
2.901133887613647211e-01 3.674620469389364708e-01 -9.300385175138967675e-01 0.000000000000000000e+00 9.300385175138967675e-01 3.674620469389364708e-01 -0.000000000000000000e+00 0.000000000000000000e+00 0.000000000000000000e+00 1.000000000000000000e+00
2.951133887613641704e-01 3.380675107938818647e-01 -9.411218614747127731e-01 0.000000000000000000e+00 9.411218614747127731e-01 3.380675107938818647e-01 -0.000000000000000000e+00 0.000000000000000000e+00 0.000000000000000000e+00 1.000000000000000000e+00
3.001133887613636197e-01 3.083393428310594042e-01 -9.512764317812727466e-01 0.000000000000000000e+00 9.512764317812727466e-01 3.083393428310594042e-01 -0.000000000000000000e+00 0.000000000000000000e+00 0.000000000000000000e+00 1.000000000000000000e+00
3.051133887613636797e-01 2.783068811631185246e-01 -9.604922070986614546e-01 0.000000000000000000e+00 9.604922070986614546e-01 2.783068811631185246e-01 -0.000000000000000000e+00 0.000000000000000000e+00 0.000000000000000000e+00 1.000000000000000000e+00
3.101133887613631290e-01 2.479997642038708483e-01 -9.687600925692720910e-01 0.000000000000000000e+00 9.687600925692720910e-01 2.479997642038708483e-01 -0.000000000000000000e+00 0.000000000000000000e+00 0.000000000000000000e+00 1.000000000000000000e+00
3.151133887613625784e-01 2.174479014187283843e-01 -9.760719287883405926e-01 0.000000000000000000e+00 9.760719287883405926e-01 2.174479014187283843e-01 -0.000000000000000000e+00 0.000000000000000000e+00 0.000000000000000000e+00 1.000000000000000000e+00
3.201133887613620277e-01 1.866814438076885574e-01 -9.824204998562870994e-01 0.000000000000000000e+00 9.824204998562870994e-01 1.866814438076885574e-01 -0.000000000000000000e+00 0.000000000000000000e+00 0.000000000000000000e+00 1.000000000000000000e+00
3.251133887613614770e-01 1.557307541499344250e-01 -9.877995404999400098e-01 0.000000000000000000e+00 9.877995404999400098e-01 1.557307541499344250e-01 -0.000000000000000000e+00 0.000000000000000000e+00 0.000000000000000000e+00 1.000000000000000000e+00
3.301133887613610374e-01 1.246263770394357012e-01 -9.922037422556035935e-01 0.000000000000000000e+00 9.922037422556035935e-01 1.246263770394357012e-01 -0.000000000000000000e+00 0.000000000000000000e+00 0.000000000000000000e+00 1.000000000000000000e+00
3.350173887613610568e-01 9.399954083273909244e-02 -9.955722406351203979e-01 0.000000000000000000e+00 9.955722406351203979e-01 9.399954083273909244e-02 -0.000000000000000000e+00 0.000000000000000000e+00 0.000000000000000000e+00 1.000000000000000000e+00
3.400173887613605062e-01 6.268147793823032610e-02 -9.980335827633654011e-01 0.000000000000000000e+00 9.980335827633654011e-01 6.268147793823032610e-02 -0.000000000000000000e+00 0.000000000000000000e+00 0.000000000000000000e+00 1.000000000000000000e+00
3.450173887613599555e-01 3.130155599262351984e-02 -9.995099862394777324e-01 0.000000000000000000e+00 9.995099862394777324e-01 3.130155599262351984e-02 -0.000000000000000000e+00 0.000000000000000000e+00 0.000000000000000000e+00 1.000000000000000000e+00
3.500173887613594048e-01 -1.092568096657837718e-04 -9.999999940314746594e-01 0.000000000000000000e+00 9.999999940314746594e-01 -1.092568096657837718e-04 -0.000000000000000000e+00 0.000000000000000000e+00 0.000000000000000000e+00 1.000000000000000000e+00
3.550173887613588541e-01 -3.151996178867468024e-02 -9.995031225608256298e-01 0.000000000000000000e+00 9.995031225608256298e-01 -3.151996178867468024e-02 -0.000000000000000000e+00 0.000000000000000000e+00 0.000000000000000000e+00 1.000000000000000000e+00
3.600173887613583035e-01 -6.289956037084881713e-02 -9.980198621796833036e-01 0.000000000000000000e+00 9.980198621796833036e-01 -6.289956037084881713e-02 -0.000000000000000000e+00 0.000000000000000000e+00 0.000000000000000000e+00 1.000000000000000000e+00
3.651373887613583169e-01 -9.496768610917907805e-02 -9.954803557052587237e-01 0.000000000000000000e+00 9.954803557052587237e-01 -9.496768610917907805e-02 -0.000000000000000000e+00 0.000000000000000000e+00 0.000000000000000000e+00 1.000000000000000000e+00
3.700573887613578528e-01 -1.256909663164446356e-01 -9.920694436310586450e-01 0.000000000000000000e+00 9.920694436310586450e-01 -1.256909663164446356e-01 -0.000000000000000000e+00 0.000000000000000000e+00 0.000000000000000000e+00 1.000000000000000000e+00
3.751773887613578107e-01 -1.575352119426998154e-01 -9.875133705414669283e-01 0.000000000000000000e+00 9.875133705414669283e-01 -1.575352119426998154e-01 -0.000000000000000000e+00 0.000000000000000000e+00 0.000000000000000000e+00 1.000000000000000000e+00
3.801773887613572600e-01 -1.884760223938392043e-01 -9.820777917164185133e-01 0.000000000000000000e+00 9.820777917164185133e-01 -1.884760223938392043e-01 -0.000000000000000000e+00 0.000000000000000000e+00 0.000000000000000000e+00 1.000000000000000000e+00
3.851373887613568359e-01 -2.189856094690098287e-01 -9.757280885807719795e-01 0.000000000000000000e+00 9.757280885807719795e-01 -2.189856094690098287e-01 -0.000000000000000000e+00 0.000000000000000000e+00 0.000000000000000000e+00 1.000000000000000000e+00
3.901453887613569593e-01 -2.495745883817096777e-01 -9.683555776852326158e-01 0.000000000000000000e+00 9.683555776852326158e-01 -2.495745883817096777e-01 -0.000000000000000000e+00 0.000000000000000000e+00 0.000000000000000000e+00 1.000000000000000000e+00
3.951453887613564087e-01 -2.798682221407253201e-01 -9.600384253954579172e-01 0.000000000000000000e+00 9.600384253954579172e-01 -2.798682221407253201e-01 -0.000000000000000000e+00 0.000000000000000000e+00 0.000000000000000000e+00 1.000000000000000000e+00
4.001453887613558580e-01 -3.098856597533876656e-01 -9.507738310866616915e-01 0.000000000000000000e+00 9.507738310866616915e-01 -3.098856597533876656e-01 -0.000000000000000000e+00 0.000000000000000000e+00 0.000000000000000000e+00 1.000000000000000000e+00
4.051453887613553073e-01 -3.395972776328226028e-01 -9.405709377948989758e-01 0.000000000000000000e+00 9.405709377948989758e-01 -3.395972776328226028e-01 -0.000000000000000000e+00 0.000000000000000000e+00 0.000000000000000000e+00 1.000000000000000000e+00
4.100253887613548032e-01 -3.682728680765159357e-01 -9.297177499858206851e-01 0.000000000000000000e+00 9.297177499858206851e-01 -3.682728680765159357e-01 -0.000000000000000000e+00 0.000000000000000000e+00 0.000000000000000000e+00 1.000000000000000000e+00
4.150653887613547921e-01 -3.975249163222484006e-01 -9.175913801376892609e-01 0.000000000000000000e+00 9.175913801376892609e-01 -3.975249163222484006e-01 -0.000000000000000000e+00 0.000000000000000000e+00 0.000000000000000000e+00 1.000000000000000000e+00
4.200653887613542414e-01 -4.261510035465945201e-01 -9.046520448085164645e-01 0.000000000000000000e+00 9.046520448085164645e-01 -4.261510035465945201e-01 -0.000000000000000000e+00 0.000000000000000000e+00 0.000000000000000000e+00 1.000000000000000000e+00
4.250653887613536908e-01 -4.543565311802744699e-01 -8.908199271310830447e-01 0.000000000000000000e+00 8.908199271310830447e-01 -4.543565311802744699e-01 -0.000000000000000000e+00 0.000000000000000000e+00 0.000000000000000000e+00 1.000000000000000000e+00
4.300653887613531401e-01 -4.821136637728091201e-01 -8.761086777355641120e-01 0.000000000000000000e+00 8.761086777355641120e-01 -4.821136637728091201e-01 -0.000000000000000000e+00 0.000000000000000000e+00 0.000000000000000000e+00 1.000000000000000000e+00
4.350653887613525894e-01 -5.093950083854873467e-01 -8.605328148490033469e-01 0.000000000000000000e+00 8.605328148490033469e-01 -5.093950083854873467e-01 -0.000000000000000000e+00 0.000000000000000000e+00 0.000000000000000000e+00 1.000000000000000000e+00
4.400653887613520387e-01 -5.361736416248938930e-01 -8.441077099675726725e-01 0.000000000000000000e+00 8.441077099675726725e-01 -5.361736416248938930e-01 -0.000000000000000000e+00 0.000000000000000000e+00 0.000000000000000000e+00 1.000000000000000000e+00
4.450653887613514881e-01 -5.624231362130454048e-01 -8.268495726867627349e-01 0.000000000000000000e+00 8.268495726867627349e-01 -5.624231362130454048e-01 -0.000000000000000000e+00 0.000000000000000000e+00 0.000000000000000000e+00 1.000000000000000000e+00
4.500653887613509374e-01 -5.881175870679229423e-01 -8.087754347044697756e-01 0.000000000000000000e+00 8.087754347044697756e-01 -5.881175870679229423e-01 -0.000000000000000000e+00 0.000000000000000000e+00 0.000000000000000000e+00 1.000000000000000000e+00
4.550653887613503867e-01 -6.132316368686610009e-01 -7.899031330127654904e-01 0.000000000000000000e+00 7.899031330127654904e-01 -6.132316368686610009e-01 -0.000000000000000000e+00 0.000000000000000000e+00 0.000000000000000000e+00 1.000000000000000000e+00
4.600653887613498361e-01 -6.377405010801628915e-01 -7.702512922949384944e-01 0.000000000000000000e+00 7.702512922949384944e-01 -6.377405010801628915e-01 -0.000000000000000000e+00 0.000000000000000000e+00 0.000000000000000000e+00 1.000000000000000000e+00
4.650653887613492854e-01 -6.616199924124425147e-01 -7.498393065451820494e-01 0.000000000000000000e+00 7.498393065451820494e-01 -6.616199924124425147e-01 -0.000000000000000000e+00 0.000000000000000000e+00 0.000000000000000000e+00 1.000000000000000000e+00
4.700653887613487347e-01 -6.848465446905607212e-01 -7.286873199290625491e-01 0.000000000000000000e+00 7.286873199290625491e-01 -6.848465446905607212e-01 -0.000000000000000000e+00 0.000000000000000000e+00 0.000000000000000000e+00 1.000000000000000000e+00
4.750653887613481841e-01 -7.073972361115947738e-01 -7.068162069036594275e-01 0.000000000000000000e+00 7.068162069036594275e-01 -7.073972361115947738e-01 -0.000000000000000000e+00 0.000000000000000000e+00 0.000000000000000000e+00 1.000000000000000000e+00
4.800653887613476334e-01 -7.292498118656907113e-01 -6.842475516169967964e-01 0.000000000000000000e+00 6.842475516169967964e-01 -7.292498118656907113e-01 -0.000000000000000000e+00 0.000000000000000000e+00 0.000000000000000000e+00 1.000000000000000000e+00
4.850653887613470827e-01 -7.503827060988715880e-01 -6.610036266070969946e-01 0.000000000000000000e+00 6.610036266070969946e-01 -7.503827060988715880e-01 -0.000000000000000000e+00 0.000000000000000000e+00 0.000000000000000000e+00 1.000000000000000000e+00
4.900653887613465320e-01 -7.707750631959350285e-01 -6.371073708216711262e-01 0.000000000000000000e+00 6.371073708216711262e-01 -7.707750631959350285e-01 -0.000000000000000000e+00 0.000000000000000000e+00 0.000000000000000000e+00 1.000000000000000000e+00
4.950653887613459814e-01 -7.904067583624259097e-01 -6.125823669801491178e-01 0.000000000000000000e+00 6.125823669801491178e-01 -7.904067583624259097e-01 -0.000000000000000000e+00 0.000000000000000000e+00 0.000000000000000000e+00 1.000000000000000000e+00
5.000653887613454307e-01 -8.092584174853770795e-01 -5.874528183003833171e-01 0.000000000000000000e+00 5.874528183003833171e-01 -8.092584174853770795e-01 -0.000000000000000000e+00 0.000000000000000000e+00 0.000000000000000000e+00 1.000000000000000000e+00
5.050653887613448800e-01 -8.273114362532231203e-01 -5.617435246129937054e-01 0.000000000000000000e+00 5.617435246129937054e-01 -8.273114362532231203e-01 -0.000000000000000000e+00 0.000000000000000000e+00 0.000000000000000000e+00 1.000000000000000000e+00
5.100653887613443294e-01 -8.445479985160074810e-01 -5.354798578869285341e-01 0.000000000000000000e+00 5.354798578869285341e-01 -8.445479985160074810e-01 -0.000000000000000000e+00 0.000000000000000000e+00 0.000000000000000000e+00 1.000000000000000000e+00
5.150653887613437787e-01 -8.609510938677727987e-01 -5.086877371903957279e-01 0.000000000000000000e+00 5.086877371903957279e-01 -8.609510938677727987e-01 -0.000000000000000000e+00 0.000000000000000000e+00 0.000000000000000000e+00 1.000000000000000000e+00
5.200653887613432280e-01 -8.765045344337756283e-01 -4.813936031118713488e-01 0.000000000000000000e+00 4.813936031118713488e-01 -8.765045344337756283e-01 -0.000000000000000000e+00 0.000000000000000000e+00 0.000000000000000000e+00 1.000000000000000000e+00
5.250653887613426773e-01 -8.911929708459677135e-01 -4.536243916664292608e-01 0.000000000000000000e+00 4.536243916664292608e-01 -8.911929708459677135e-01 -0.000000000000000000e+00 0.000000000000000000e+00 0.000000000000000000e+00 1.000000000000000000e+00
5.300653887613421267e-01 -9.050019073909660872e-01 -4.254075077131494464e-01 0.000000000000000000e+00 4.254075077131494464e-01 -9.050019073909660872e-01 -0.000000000000000000e+00 0.000000000000000000e+00 0.000000000000000000e+00 1.000000000000000000e+00
5.350653887613415760e-01 -9.179177163155740615e-01 -3.967707979098272220e-01 0.000000000000000000e+00 3.967707979098272220e-01 -9.179177163155740615e-01 -0.000000000000000000e+00 0.000000000000000000e+00 0.000000000000000000e+00 1.000000000000000000e+00
5.400653887613410253e-01 -9.299276512757277402e-01 -3.677425232316874903e-01 0.000000000000000000e+00 3.677425232316874903e-01 -9.299276512757277402e-01 -0.000000000000000000e+00 0.000000000000000000e+00 0.000000000000000000e+00 1.000000000000000000e+00
5.451773887613412528e-01 -9.412577303918713278e-01 -3.376890359155050869e-01 0.000000000000000000e+00 3.376890359155050869e-01 -9.412577303918713278e-01 -0.000000000000000000e+00 0.000000000000000000e+00 0.000000000000000000e+00 1.000000000000000000e+00
5.501053887613406301e-01 -9.512609317536502296e-01 -3.083871588104427075e-01 0.000000000000000000e+00 3.083871588104427075e-01 -9.512609317536502296e-01 -0.000000000000000000e+00 0.000000000000000000e+00 0.000000000000000000e+00 1.000000000000000000e+00
5.550333887613404515e-01 -9.603521934681054084e-01 -2.787896420260244090e-01 0.000000000000000000e+00 2.787896420260244090e-01 -9.603521934681054084e-01 -0.000000000000000000e+00 0.000000000000000000e+00 0.000000000000000000e+00 1.000000000000000000e+00
5.600160289503959277e-01 -9.686082024875661833e-01 -2.485923371180336905e-01 0.000000000000000000e+00 2.485923371180336905e-01 -9.686082024875661833e-01 -0.000000000000000000e+00 0.000000000000000000e+00 0.000000000000000000e+00 1.000000000000000000e+00
5.650458108354219355e-01 -9.759795114175329189e-01 -2.178623264660367875e-01 0.000000000000000000e+00 2.178623264660367875e-01 -9.759795114175329189e-01 -0.000000000000000000e+00 0.000000000000000000e+00 0.000000000000000000e+00 1.000000000000000000e+00
5.701333605260434645e-01 -9.824439180845949693e-01 -1.865581620261894114e-01 0.000000000000000000e+00 1.865581620261894114e-01 -9.824439180845949693e-01 -0.000000000000000000e+00 0.000000000000000000e+00 0.000000000000000000e+00 1.000000000000000000e+00
5.750415665071625382e-01 -9.877291629093867265e-01 -1.561765050778201602e-01 0.000000000000000000e+00 1.561765050778201602e-01 -9.877291629093867265e-01 -0.000000000000000000e+00 0.000000000000000000e+00 0.000000000000000000e+00 1.000000000000000000e+00
5.800415665071619875e-01 -9.921474007671473583e-01 -1.250741186296884244e-01 0.000000000000000000e+00 1.250741186296884244e-01 -9.921474007671473583e-01 -0.000000000000000000e+00 0.000000000000000000e+00 0.000000000000000000e+00 1.000000000000000000e+00
5.850415665071614368e-01 -9.955865089237584398e-01 -9.384829912685055398e-02 0.000000000000000000e+00 9.384829912685055398e-02 -9.955865089237584398e-01 -0.000000000000000000e+00 0.000000000000000000e+00 0.000000000000000000e+00 1.000000000000000000e+00
5.900415665071608862e-01 -9.980430933946778937e-01 -6.252986268321740482e-02 0.000000000000000000e+00 6.252986268321740482e-02 -9.980430933946778937e-01 -0.000000000000000000e+00 0.000000000000000000e+00 0.000000000000000000e+00 1.000000000000000000e+00
5.950415665071603355e-01 -9.995147298276202408e-01 -3.114971681443729282e-02 0.000000000000000000e+00 3.114971681443729282e-02 -9.995147298276202408e-01 -0.000000000000000000e+00 0.000000000000000000e+00 0.000000000000000000e+00 1.000000000000000000e+00
6.000415665071597848e-01 -9.999999658950982084e-01 2.611700640873219513e-04 0.000000000000000000e+00 -2.611700640873219513e-04 -9.999999658950982084e-01 -0.000000000000000000e+00 0.000000000000000000e+00 -0.000000000000000000e+00 1.000000000000000000e+00
6.050415665071592342e-01 -9.994983227276973414e-01 3.167179919929057064e-02 0.000000000000000000e+00 -3.167179919929057064e-02 -9.994983227276973414e-01 -0.000000000000000000e+00 0.000000000000000000e+00 -0.000000000000000000e+00 1.000000000000000000e+00
6.100815665071595006e-01 -9.979944173790082917e-01 6.330199744347804469e-02 0.000000000000000000e+00 -6.330199744347804469e-02 -9.979944173790082917e-01 -0.000000000000000000e+00 0.000000000000000000e+00 -0.000000000000000000e+00 1.000000000000000000e+00
6.150415665071589100e-01 -9.955373523753168197e-01 9.436832109105242061e-02 0.000000000000000000e+00 -9.436832109105242061e-02 -9.955373523753168197e-01 -0.000000000000000000e+00 0.000000000000000000e+00 -0.000000000000000000e+00 1.000000000000000000e+00
6.200415665071595805e-01 -9.920819341898612365e-01 1.255923399499497828e-01 0.000000000000000000e+00 -1.255923399499497828e-01 -9.920819341898612365e-01 -0.000000000000000000e+00 0.000000000000000000e+00 -0.000000000000000000e+00 1.000000000000000000e+00
6.250108021569736882e-01 -9.876777208073896919e-01 1.565015010174654331e-01 0.000000000000000000e+00 -1.565015010174654331e-01 -9.876777208073896919e-01 -0.000000000000000000e+00 0.000000000000000000e+00 -0.000000000000000000e+00 1.000000000000000000e+00
6.300177553505382777e-01 -9.822663403271300053e-01 1.874908975399790789e-01 0.000000000000000000e+00 -1.874908975399790789e-01 -9.822663403271300053e-01 -0.000000000000000000e+00 0.000000000000000000e+00 -0.000000000000000000e+00 1.000000000000000000e+00
6.350119770909236072e-01 -9.759003429624119041e-01 2.182166826937097237e-01 0.000000000000000000e+00 -2.182166826937097237e-01 -9.759003429624119041e-01 -0.000000000000000000e+00 0.000000000000000000e+00 -0.000000000000000000e+00 1.000000000000000000e+00
6.401287005562626975e-01 -9.683817415265403294e-01 2.494730500034519904e-01 0.000000000000000000e+00 -2.494730500034519904e-01 -9.683817415265403294e-01 -0.000000000000000000e+00 0.000000000000000000e+00 -0.000000000000000000e+00 1.000000000000000000e+00
6.451287005562621468e-01 -9.600677657240259677e-01 2.797675556916437434e-01 0.000000000000000000e+00 -2.797675556916437434e-01 -9.600677657240259677e-01 -0.000000000000000000e+00 0.000000000000000000e+00 -0.000000000000000000e+00 1.000000000000000000e+00
6.501287005562615962e-01 -9.508063189471283039e-01 3.097859645791142813e-01 0.000000000000000000e+00 -3.097859645791142813e-01 -9.508063189471283039e-01 -0.000000000000000000e+00 0.000000000000000000e+00 -0.000000000000000000e+00 1.000000000000000000e+00
6.551287005562610455e-01 -9.406065411256678832e-01 3.394986521204576002e-01 0.000000000000000000e+00 -3.394986521204576002e-01 -9.406065411256678832e-01 -0.000000000000000000e+00 0.000000000000000000e+00 -0.000000000000000000e+00 1.000000000000000000e+00
6.600887005562613430e-01 -9.295711775772674823e-01 3.686426804069385388e-01 0.000000000000000000e+00 -3.686426804069385388e-01 -9.295711775772674823e-01 -0.000000000000000000e+00 0.000000000000000000e+00 -0.000000000000000000e+00 1.000000000000000000e+00
6.650887005562607923e-01 -9.175331438952009089e-01 3.976593138023909457e-01 0.000000000000000000e+00 -3.976593138023909457e-01 -9.175331438952009089e-01 -0.000000000000000000e+00 0.000000000000000000e+00 -0.000000000000000000e+00 1.000000000000000000e+00
6.700087005562609388e-01 -9.048037749492116033e-01 4.258287552968403333e-01 0.000000000000000000e+00 -4.258287552968403333e-01 -9.048037749492116033e-01 -0.000000000000000000e+00 0.000000000000000000e+00 -0.000000000000000000e+00 1.000000000000000000e+00
6.751287005562602861e-01 -8.906391137423582682e-01 4.547108631561669889e-01 0.000000000000000000e+00 -4.547108631561669889e-01 -8.906391137423582682e-01 -0.000000000000000000e+00 0.000000000000000000e+00 -0.000000000000000000e+00 1.000000000000000000e+00
6.801287005562597354e-01 -8.759168237310037686e-01 4.824621414214693704e-01 0.000000000000000000e+00 -4.824621414214693704e-01 -8.759168237310037686e-01 -0.000000000000000000e+00 0.000000000000000000e+00 -0.000000000000000000e+00 1.000000000000000000e+00
6.851287005562591848e-01 -8.603301095653466124e-01 5.097372878015486997e-01 0.000000000000000000e+00 -5.097372878015486997e-01 -8.603301095653466124e-01 -0.000000000000000000e+00 0.000000000000000000e+00 -0.000000000000000000e+00 1.000000000000000000e+00
6.901287005562586341e-01 -8.438943534504612654e-01 5.365093850198968672e-01 0.000000000000000000e+00 -5.365093850198968672e-01 -8.438943534504612654e-01 -0.000000000000000000e+00 0.000000000000000000e+00 -0.000000000000000000e+00 1.000000000000000000e+00
6.951287005562580834e-01 -8.266257754933208357e-01 5.627520122487933429e-01 0.000000000000000000e+00 -5.627520122487933429e-01 -8.266257754933208357e-01 -0.000000000000000000e+00 0.000000000000000000e+00 -0.000000000000000000e+00 1.000000000000000000e+00
7.000487005562581189e-01 -8.088370973778870043e-01 5.880327796180367939e-01 0.000000000000000000e+00 -5.880327796180367939e-01 -8.088370973778870043e-01 -0.000000000000000000e+00 0.000000000000000000e+00 -0.000000000000000000e+00 1.000000000000000000e+00
7.050487005562575682e-01 -7.899674291257521297e-01 6.131488081375107146e-01 0.000000000000000000e+00 -6.131488081375107146e-01 -7.899674291257521297e-01 -0.000000000000000000e+00 0.000000000000000000e+00 -0.000000000000000000e+00 1.000000000000000000e+00
7.100487005562570175e-01 -7.703181583949938460e-01 6.376597328097061146e-01 0.000000000000000000e+00 -6.376597328097061146e-01 -7.703181583949938460e-01 -0.000000000000000000e+00 0.000000000000000000e+00 -0.000000000000000000e+00 1.000000000000000000e+00
7.150487005562571330e-01 -7.499086766435346663e-01 6.615413643112139086e-01 0.000000000000000000e+00 -6.615413643112139086e-01 -7.499086766435346663e-01 -0.000000000000000000e+00 0.000000000000000000e+00 -0.000000000000000000e+00 1.000000000000000000e+00
7.200023005562563583e-01 -7.289587323391902851e-01 6.845576429683923880e-01 0.000000000000000000e+00 -6.845576429683923880e-01 -7.289587323391902851e-01 -0.000000000000000000e+00 0.000000000000000000e+00 -0.000000000000000000e+00 1.000000000000000000e+00
7.251991005562561377e-01 -7.062216476542234611e-01 7.079908081215138260e-01 0.000000000000000000e+00 -7.079908081215138260e-01 -7.062216476542234611e-01 -0.000000000000000000e+00 0.000000000000000000e+00 -0.000000000000000000e+00 1.000000000000000000e+00
7.300071005562562831e-01 -6.845145829603602738e-01 7.289991671563169628e-01 0.000000000000000000e+00 -7.289991671563169628e-01 -6.845145829603602738e-01 -0.000000000000000000e+00 0.000000000000000000e+00 -0.000000000000000000e+00 1.000000000000000000e+00
7.350231005562565256e-01 -6.612029834301218489e-01 7.502070478895184191e-01 0.000000000000000000e+00 -7.502070478895184191e-01 -6.612029834301218489e-01 -0.000000000000000000e+00 0.000000000000000000e+00 -0.000000000000000000e+00 1.000000000000000000e+00
7.400050188912318250e-01 -6.373996915866317892e-01 7.705333433182933733e-01 0.000000000000000000e+00 -7.705333433182933733e-01 -6.373996915866317892e-01 -0.000000000000000000e+00 0.000000000000000000e+00 -0.000000000000000000e+00 1.000000000000000000e+00
7.450697470622921204e-01 -6.125607222419426900e-01 7.904235330292422868e-01 0.000000000000000000e+00 -7.904235330292422868e-01 -6.125607222419426900e-01 -0.000000000000000000e+00 0.000000000000000000e+00 -0.000000000000000000e+00 1.000000000000000000e+00
7.501881391256169929e-01 -5.868284923343028980e-01 8.097112575385432276e-01 0.000000000000000000e+00 -8.097112575385432276e-01 -5.868284923343028980e-01 -0.000000000000000000e+00 0.000000000000000000e+00 -0.000000000000000000e+00 1.000000000000000000e+00
7.551881391256164422e-01 -5.611052826642788371e-01 8.277444423046522726e-01 0.000000000000000000e+00 -8.277444423046522726e-01 -5.611052826642788371e-01 -0.000000000000000000e+00 0.000000000000000000e+00 -0.000000000000000000e+00 1.000000000000000000e+00
7.601881391256158915e-01 -5.348283298233261762e-01 8.449607432410048968e-01 0.000000000000000000e+00 -8.449607432410048968e-01 -5.348283298233261762e-01 -0.000000000000000000e+00 0.000000000000000000e+00 -0.000000000000000000e+00 1.000000000000000000e+00
7.651881391256153409e-01 -5.080235659914454915e-01 8.613431699371251193e-01 0.000000000000000000e+00 -8.613431699371251193e-01 -5.080235659914454915e-01 -0.000000000000000000e+00 0.000000000000000000e+00 -0.000000000000000000e+00 1.000000000000000000e+00
7.701001391256155904e-01 -4.812022130280291243e-01 8.766096224528493464e-01 0.000000000000000000e+00 -8.766096224528493464e-01 -4.812022130280291243e-01 -0.000000000000000000e+00 0.000000000000000000e+00 -0.000000000000000000e+00 1.000000000000000000e+00
7.751721391256156668e-01 -4.530265377433610463e-01 8.914970308981756686e-01 0.000000000000000000e+00 -8.914970308981756686e-01 -4.530265377433610463e-01 -0.000000000000000000e+00 0.000000000000000000e+00 -0.000000000000000000e+00 1.000000000000000000e+00
7.801801391256149021e-01 -4.247548928114764366e-01 9.053083900156404518e-01 0.000000000000000000e+00 -9.053083900156404518e-01 -4.247548928114764366e-01 -0.000000000000000000e+00 0.000000000000000000e+00 -0.000000000000000000e+00 1.000000000000000000e+00
7.851401391256144224e-01 -3.963396353915152326e-01 9.181039665624588508e-01 0.000000000000000000e+00 -9.181039665624588508e-01 -3.963396353915152326e-01 -0.000000000000000000e+00 0.000000000000000000e+00 -0.000000000000000000e+00 1.000000000000000000e+00
7.900514991256144537e-01 -3.678236776914777240e-01 9.298955544196970679e-01 0.000000000000000000e+00 -9.298955544196970679e-01 -3.678236776914777240e-01 -0.000000000000000000e+00 0.000000000000000000e+00 -0.000000000000000000e+00 1.000000000000000000e+00
7.950908591256148350e-01 -3.382007306182975293e-01 9.410739959265954635e-01 0.000000000000000000e+00 -9.410739959265954635e-01 -3.382007306182975293e-01 -0.000000000000000000e+00 0.000000000000000000e+00 -0.000000000000000000e+00 1.000000000000000000e+00
8.000908591256142843e-01 -3.084740004127336510e-01 9.512327743877231345e-01 0.000000000000000000e+00 -9.512327743877231345e-01 -3.084740004127336510e-01 -0.000000000000000000e+00 0.000000000000000000e+00 -0.000000000000000000e+00 1.000000000000000000e+00
8.050908591256137337e-01 -2.784428436112799665e-01 9.604528009442550029e-01 0.000000000000000000e+00 -9.604528009442550029e-01 -2.784428436112799665e-01 -0.000000000000000000e+00 0.000000000000000000e+00 -0.000000000000000000e+00 1.000000000000000000e+00
8.100908591256131830e-01 -2.481368973399938338e-01 9.687249765431269477e-01 0.000000000000000000e+00 -9.687249765431269477e-01 -2.481368973399938338e-01 -0.000000000000000000e+00 0.000000000000000000e+00 -0.000000000000000000e+00 1.000000000000000000e+00
8.150908591256126323e-01 -2.175860699089638972e-01 9.760411375457347383e-01 0.000000000000000000e+00 -9.760411375457347383e-01 -2.175860699089638972e-01 -0.000000000000000000e+00 0.000000000000000000e+00 -0.000000000000000000e+00 1.000000000000000000e+00
8.200348591256126918e-01 -1.871661633057443985e-01 9.823282686115714091e-01 0.000000000000000000e+00 -9.823282686115714091e-01 -1.871661633057443985e-01 -0.000000000000000000e+00 0.000000000000000000e+00 -0.000000000000000000e+00 1.000000000000000000e+00
8.251308591256125702e-01 -1.556223229147301601e-01 9.878166290413536998e-01 0.000000000000000000e+00 -9.878166290413536998e-01 -1.556223229147301601e-01 -0.000000000000000000e+00 0.000000000000000000e+00 -0.000000000000000000e+00 1.000000000000000000e+00
8.300793391256127141e-01 -1.248386464240499455e-01 9.921770569606065404e-01 0.000000000000000000e+00 -9.921770569606065404e-01 -1.248386464240499455e-01 -0.000000000000000000e+00 0.000000000000000000e+00 -0.000000000000000000e+00 1.000000000000000000e+00
8.350636591256122010e-01 -9.371009885306900988e-02 9.955995266034169955e-01 0.000000000000000000e+00 -9.955995266034169955e-01 -9.371009885306900988e-02 -0.000000000000000000e+00 0.000000000000000000e+00 -0.000000000000000000e+00 1.000000000000000000e+00
8.400636591256116503e-01 -6.239132170772888897e-02 9.980517636753931665e-01 0.000000000000000000e+00 -9.980517636753931665e-01 -6.239132170772888897e-02 -0.000000000000000000e+00 0.000000000000000000e+00 -0.000000000000000000e+00 1.000000000000000000e+00
8.450162991256121581e-01 -3.130839902038955180e-02 9.995097719136019077e-01 0.000000000000000000e+00 -9.995097719136019077e-01 -3.130839902038955180e-02 -0.000000000000000000e+00 0.000000000000000000e+00 -0.000000000000000000e+00 1.000000000000000000e+00
8.501312528536129065e-01 8.246859078667465384e-04 9.999996599465187375e-01 0.000000000000000000e+00 -9.999996599465187375e-01 8.246859078667465384e-04 -0.000000000000000000e+00 -0.000000000000000000e+00 0.000000000000000000e+00 1.000000000000000000e+00
8.551050263089730041e-01 3.207032633178168862e-02 9.994856147884136899e-01 0.000000000000000000e+00 -9.994856147884136899e-01 3.207032633178168862e-02 -0.000000000000000000e+00 -0.000000000000000000e+00 0.000000000000000000e+00 1.000000000000000000e+00
8.601805852006570996e-01 6.392289017341626356e-02 9.979548407176936919e-01 0.000000000000000000e+00 -9.979548407176936919e-01 6.392289017341626356e-02 -0.000000000000000000e+00 -0.000000000000000000e+00 0.000000000000000000e+00 1.000000000000000000e+00
8.651005852006571351e-01 9.473748511902906067e-02 9.955022897579499652e-01 0.000000000000000000e+00 -9.955022897579499652e-01 9.473748511902906067e-02 -0.000000000000000000e+00 -0.000000000000000000e+00 0.000000000000000000e+00 1.000000000000000000e+00
8.700685852006565524e-01 1.257607573991447181e-01 9.920605989043176365e-01 0.000000000000000000e+00 -9.920605989043176365e-01 1.257607573991447181e-01 -0.000000000000000000e+00 -0.000000000000000000e+00 0.000000000000000000e+00 1.000000000000000000e+00
8.750205852006566198e-01 1.565622119639008825e-01 9.876680990013650963e-01 0.000000000000000000e+00 -9.876680990013650963e-01 1.565622119639008825e-01 -0.000000000000000000e+00 -0.000000000000000000e+00 0.000000000000000000e+00 1.000000000000000000e+00
8.801805852006560071e-01 1.884957462298489927e-01 9.820740061997632608e-01 0.000000000000000000e+00 -9.820740061997632608e-01 1.884957462298489927e-01 -0.000000000000000000e+00 -0.000000000000000000e+00 0.000000000000000000e+00 1.000000000000000000e+00
8.851805852006554565e-01 2.192504249633984437e-01 9.756686174892422736e-01 0.000000000000000000e+00 -9.756686174892422736e-01 2.192504249633984437e-01 -0.000000000000000000e+00 -0.000000000000000000e+00 0.000000000000000000e+00 1.000000000000000000e+00
8.901805852006549058e-01 2.497887299979328346e-01 9.683003616471594910e-01 0.000000000000000000e+00 -9.683003616471594910e-01 2.497887299979328346e-01 -0.000000000000000000e+00 -0.000000000000000000e+00 0.000000000000000000e+00 1.000000000000000000e+00
8.951805852006543551e-01 2.800805237133180969e-01 9.599765102524506766e-01 0.000000000000000000e+00 -9.599765102524506766e-01 2.800805237133180969e-01 -0.000000000000000000e+00 -0.000000000000000000e+00 0.000000000000000000e+00 1.000000000000000000e+00
9.001005852006543906e-01 3.096179960170453160e-01 9.508610290375714147e-01 0.000000000000000000e+00 -9.508610290375714147e-01 3.096179960170453160e-01 -0.000000000000000000e+00 -0.000000000000000000e+00 0.000000000000000000e+00 1.000000000000000000e+00
9.051325852006545380e-01 3.395216102878892972e-01 9.405982543825597286e-01 0.000000000000000000e+00 -9.405982543825597286e-01 3.395216102878892972e-01 -0.000000000000000000e+00 -0.000000000000000000e+00 0.000000000000000000e+00 1.000000000000000000e+00
9.101005852006542884e-01 3.687120936408564420e-01 9.295436471747715590e-01 0.000000000000000000e+00 -9.295436471747715590e-01 3.687120936408564420e-01 -0.000000000000000000e+00 -0.000000000000000000e+00 0.000000000000000000e+00 1.000000000000000000e+00
9.151117852006540598e-01 3.977923933041385696e-01 9.174754557095057272e-01 0.000000000000000000e+00 -9.174754557095057272e-01 3.977923933041385696e-01 -0.000000000000000000e+00 -0.000000000000000000e+00 0.000000000000000000e+00 1.000000000000000000e+00
9.201117852006535092e-01 4.264147072704564945e-01 9.045277759270030637e-01 0.000000000000000000e+00 -9.045277759270030637e-01 4.264147072704564945e-01 -0.000000000000000000e+00 -0.000000000000000000e+00 0.000000000000000000e+00 1.000000000000000000e+00
9.251117852006529585e-01 4.546162014023692466e-01 8.906874364346227813e-01 0.000000000000000000e+00 -8.906874364346227813e-01 4.546162014023692466e-01 -0.000000000000000000e+00 -0.000000000000000000e+00 0.000000000000000000e+00 1.000000000000000000e+00
9.301117852006524078e-01 4.823690442299771175e-01 8.759680959764790664e-01 0.000000000000000000e+00 -8.759680959764790664e-01 4.823690442299771175e-01 -0.000000000000000000e+00 -0.000000000000000000e+00 0.000000000000000000e+00 1.000000000000000000e+00
9.351117852006518572e-01 5.096458470480506042e-01 8.603842807645167845e-01 0.000000000000000000e+00 -8.603842807645167845e-01 5.096458470480506042e-01 -0.000000000000000000e+00 -0.000000000000000000e+00 0.000000000000000000e+00 1.000000000000000000e+00
9.401117852006513065e-01 5.364196909453772255e-01 8.439513701428926762e-01 0.000000000000000000e+00 -8.439513701428926762e-01 5.364196909453772255e-01 -0.000000000000000000e+00 -0.000000000000000000e+00 0.000000000000000000e+00 1.000000000000000000e+00
9.451117852006507558e-01 5.626641533704743736e-01 8.266855814104219213e-01 0.000000000000000000e+00 -8.266855814104219213e-01 5.626641533704743736e-01 -0.000000000000000000e+00 -0.000000000000000000e+00 0.000000000000000000e+00 1.000000000000000000e+00
9.501117852006502051e-01 5.883533342074613870e-01 8.086039538160589846e-01 0.000000000000000000e+00 -8.086039538160589846e-01 5.883533342074613870e-01 -0.000000000000000000e+00 -0.000000000000000000e+00 0.000000000000000000e+00 1.000000000000000000e+00
9.551117852006496545e-01 6.134618813363454937e-01 7.897243317432176557e-01 0.000000000000000000e+00 -7.897243317432176557e-01 6.134618813363454937e-01 -0.000000000000000000e+00 -0.000000000000000000e+00 0.000000000000000000e+00 1.000000000000000000e+00
9.601117852006491038e-01 6.379650156525004112e-01 7.700653470995204586e-01 0.000000000000000000e+00 -7.700653470995204586e-01 6.379650156525004112e-01 -0.000000000000000000e+00 -0.000000000000000000e+00 0.000000000000000000e+00 1.000000000000000000e+00
9.650701852006491333e-01 6.616425899568824098e-01 7.498193670179164050e-01 0.000000000000000000e+00 -7.498193670179164050e-01 6.616425899568824098e-01 -0.000000000000000000e+00 -0.000000000000000000e+00 0.000000000000000000e+00 1.000000000000000000e+00
9.700349852006489026e-01 6.847073301779496024e-01 7.288181336935740662e-01 0.000000000000000000e+00 -7.288181336935740662e-01 6.847073301779496024e-01 -0.000000000000000000e+00 -0.000000000000000000e+00 0.000000000000000000e+00 1.000000000000000000e+00
9.750349852006483520e-01 7.072621992525829349e-01 7.069513289529907318e-01 0.000000000000000000e+00 -7.069513289529907318e-01 7.072621992525829349e-01 -0.000000000000000000e+00 -0.000000000000000000e+00 0.000000000000000000e+00 1.000000000000000000e+00
9.800349852006478013e-01 7.291190859253550149e-01 6.843868486019984987e-01 0.000000000000000000e+00 -6.843868486019984987e-01 7.291190859253550149e-01 -0.000000000000000000e+00 -0.000000000000000000e+00 0.000000000000000000e+00 1.000000000000000000e+00
9.850349852006472506e-01 7.502564200879322520e-01 6.611469610584626011e-01 0.000000000000000000e+00 -6.611469610584626011e-01 7.502564200879322520e-01 -0.000000000000000000e+00 -0.000000000000000000e+00 0.000000000000000000e+00 1.000000000000000000e+00
9.900349852006467000e-01 7.706533417434381361e-01 6.372546012856019626e-01 0.000000000000000000e+00 -6.372546012856019626e-01 7.706533417434381361e-01 -0.000000000000000000e+00 -0.000000000000000000e+00 0.000000000000000000e+00 1.000000000000000000e+00
9.951869852006468564e-01 7.908745484983890073e-01 6.119783072441941085e-01 0.000000000000000000e+00 -6.119783072441941085e-01 7.908745484983890073e-01 -0.000000000000000000e+00 -0.000000000000000000e+00 0.000000000000000000e+00 1.000000000000000000e+00
1.000000000000000000e+00 8.090169943749474513e-01 5.877852522924732481e-01 0.000000000000000000e+00 -5.877852522924732481e-01 8.090169943749474513e-01 -0.000000000000000000e+00 -0.000000000000000000e+00 0.000000000000000000e+00 1.000000000000000000e+00
