time R11 R12 R13 R21 R22 R23 R31 R32 R33
0.000000000000000000e+00 1.000000000000000000e+00 -0.000000000000000000e+00 0.000000000000000000e+00 0.000000000000000000e+00 1.000000000000000000e+00 -0.000000000000000000e+00 0.000000000000000000e+00 0.000000000000000000e+00 1.000000000000000000e+00
5.040000000000002811e-03 9.999999908184983299e-01 1.355101583489441816e-04 0.000000000000000000e+00 -1.355101583489441816e-04 9.999999908184983299e-01 -0.000000000000000000e+00 -0.000000000000000000e+00 0.000000000000000000e+00 1.000000000000000000e+00
1.013600000000001305e-02 9.999999914309888327e-01 1.309122682544267382e-04 0.000000000000000000e+00 -1.309122682544267382e-04 9.999999914309888327e-01 -0.000000000000000000e+00 -0.000000000000000000e+00 0.000000000000000000e+00 1.000000000000000000e+00
1.501600000000002585e-02 9.999999935499587211e-01 1.135785291515751123e-04 0.000000000000000000e+00 -1.135785291515751123e-04 9.999999935499587211e-01 -0.000000000000000000e+00 -0.000000000000000000e+00 0.000000000000000000e+00 1.000000000000000000e+00
2.013600000000004622e-02 9.999999961350191091e-01 8.792020061195858927e-05 0.000000000000000000e+00 -8.792020061195858927e-05 9.999999961350191091e-01 -0.000000000000000000e+00 -0.000000000000000000e+00 0.000000000000000000e+00 1.000000000000000000e+00
2.513600000000001597e-02 9.999999984084172455e-01 5.641954709067052601e-05 0.000000000000000000e+00 -5.641954709067052601e-05 9.999999984084172455e-01 -0.000000000000000000e+00 -0.000000000000000000e+00 0.000000000000000000e+00 1.000000000000000000e+00
3.013599999999998572e-02 9.999999998376889465e-01 1.801726006549948743e-05 0.000000000000000000e+00 -1.801726006549948743e-05 9.999999998376889465e-01 -0.000000000000000000e+00 -0.000000000000000000e+00 0.000000000000000000e+00 1.000000000000000000e+00
3.513599999999995893e-02 9.999999996234014699e-01 -2.744443250201756125e-05 0.000000000000000000e+00 2.744443250201756125e-05 9.999999996234014699e-01 -0.000000000000000000e+00 0.000000000000000000e+00 0.000000000000000000e+00 1.000000000000000000e+00
4.013599999999992868e-02 9.999999968036530351e-01 -7.995432224636238013e-05 0.000000000000000000e+00 7.995432224636238013e-05 9.999999968036530351e-01 -0.000000000000000000e+00 0.000000000000000000e+00 0.000000000000000000e+00 1.000000000000000000e+00
4.513599999999989842e-02 9.999999903048119032e-01 -1.392493300655944658e-04 0.000000000000000000e+00 1.392493300655944658e-04 9.999999903048119032e-01 -0.000000000000000000e+00 0.000000000000000000e+00 0.000000000000000000e+00 1.000000000000000000e+00
5.013599999999986817e-02 9.999999788902955711e-01 -2.054736187490264511e-04 0.000000000000000000e+00 2.054736187490264511e-04 9.999999788902955711e-01 -0.000000000000000000e+00 0.000000000000000000e+00 0.000000000000000000e+00 1.000000000000000000e+00
5.513599999999983792e-02 9.999999613138260690e-01 -2.781588508990325784e-04 0.000000000000000000e+00 2.781588508990325784e-04 9.999999613138260690e-01 -0.000000000000000000e+00 0.000000000000000000e+00 0.000000000000000000e+00 1.000000000000000000e+00
6.013599999999980766e-02 9.999999360588129882e-01 -3.576064455370402085e-04 0.000000000000000000e+00 3.576064455370402085e-04 9.999999360588129882e-01 -0.000000000000000000e+00 0.000000000000000000e+00 0.000000000000000000e+00 1.000000000000000000e+00
6.513599999999987455e-02 9.999999014130227515e-01 -4.440427279861567777e-04 0.000000000000000000e+00 4.440427279861567777e-04 9.999999014130227515e-01 -0.000000000000000000e+00 0.000000000000000000e+00 0.000000000000000000e+00 1.000000000000000000e+00
7.013600000000001777e-02 9.999998554844614640e-01 -5.376160859042479999e-04 0.000000000000000000e+00 5.376160859042479999e-04 9.999998554844614640e-01 -0.000000000000000000e+00 0.000000000000000000e+00 0.000000000000000000e+00 1.000000000000000000e+00
7.513600000000016099e-02 9.999997961999599339e-01 -6.384356180453540667e-04 0.000000000000000000e+00 6.384356180453540667e-04 9.999997961999599339e-01 -0.000000000000000000e+00 0.000000000000000000e+00 0.000000000000000000e+00 1.000000000000000000e+00
8.013600000000030421e-02 9.999997216985252457e-01 -7.460582227649724483e-04 0.000000000000000000e+00 7.460582227649724483e-04 9.999997216985252457e-01 -0.000000000000000000e+00 0.000000000000000000e+00 0.000000000000000000e+00 1.000000000000000000e+00
8.513600000000044743e-02 9.999996291127418724e-01 -8.612632457596033388e-04 0.000000000000000000e+00 8.612632457596033388e-04 9.999996291127418724e-01 -0.000000000000000000e+00 0.000000000000000000e+00 0.000000000000000000e+00 1.000000000000000000e+00
9.007200000000041562e-02 9.999995191634570846e-01 -9.806492005320194792e-04 0.000000000000000000e+00 9.806492005320194792e-04 9.999995191634570846e-01 -0.000000000000000000e+00 0.000000000000000000e+00 0.000000000000000000e+00 1.000000000000000000e+00
9.505600000000054284e-02 9.999993869065330054e-01 -1.107333083538731980e-03 0.000000000000000000e+00 1.107333083538731980e-03 9.999993869065330054e-01 -0.000000000000000000e+00 0.000000000000000000e+00 0.000000000000000000e+00 1.000000000000000000e+00
1.000560000000006861e-01 9.999992292713526520e-01 -1.241554147244640707e-03 0.000000000000000000e+00 1.241554147244640707e-03 9.999992292713526520e-01 -0.000000000000000000e+00 0.000000000000000000e+00 0.000000000000000000e+00 1.000000000000000000e+00
1.050560000000008293e-01 9.999990437100376717e-01 -1.382960234502777141e-03 0.000000000000000000e+00 1.382960234502777141e-03 9.999990437100376717e-01 -0.000000000000000000e+00 0.000000000000000000e+00 0.000000000000000000e+00 1.000000000000000000e+00
1.100560000000009725e-01 9.999988271181015076e-01 -1.531588202208836657e-03 0.000000000000000000e+00 1.531588202208836657e-03 9.999988271181015076e-01 -0.000000000000000000e+00 0.000000000000000000e+00 0.000000000000000000e+00 1.000000000000000000e+00
1.150560000000011157e-01 9.999985746211359494e-01 -1.688418104649887621e-03 0.000000000000000000e+00 1.688418104649887621e-03 9.999985746211359494e-01 -0.000000000000000000e+00 0.000000000000000000e+00 0.000000000000000000e+00 1.000000000000000000e+00
1.200560000000012589e-01 9.999982819984138960e-01 -1.853645117233220212e-03 0.000000000000000000e+00 1.853645117233220212e-03 9.999982819984138960e-01 -0.000000000000000000e+00 0.000000000000000000e+00 0.000000000000000000e+00 1.000000000000000000e+00
1.250560000000013883e-01 9.999979465557319314e-01 -2.026544921618864906e-03 0.000000000000000000e+00 2.026544921618864906e-03 9.999979465557319314e-01 -0.000000000000000000e+00 0.000000000000000000e+00 0.000000000000000000e+00 1.000000000000000000e+00
1.300560000000015315e-01 9.999975559126965674e-01 -2.210920313628560088e-03 0.000000000000000000e+00 2.210920313628560088e-03 9.999975559126965674e-01 -0.000000000000000000e+00 0.000000000000000000e+00 0.000000000000000000e+00 1.000000000000000000e+00
1.351465600000013867e-01 9.999970296418256854e-01 -2.437356667659220343e-03 0.000000000000000000e+00 2.437356667659220343e-03 9.999970296418256854e-01 -0.000000000000000000e+00 0.000000000000000000e+00 0.000000000000000000e+00 1.000000000000000000e+00
1.400995200000014762e-01 9.999963538106576566e-01 -2.700437999617883236e-03 0.000000000000000000e+00 2.700437999617883236e-03 9.999963538106576566e-01 -0.000000000000000000e+00 0.000000000000000000e+00 0.000000000000000000e+00 1.000000000000000000e+00
1.450995200000016194e-01 9.999958323401432203e-01 -2.887092368444264638e-03 0.000000000000000000e+00 2.887092368444264638e-03 9.999958323401432203e-01 -0.000000000000000000e+00 0.000000000000000000e+00 0.000000000000000000e+00 1.000000000000000000e+00
1.500995200000017626e-01 9.999948810291094947e-01 -3.199674292362503572e-03 0.000000000000000000e+00 3.199674292362503572e-03 9.999948810291094947e-01 -0.000000000000000000e+00 0.000000000000000000e+00 0.000000000000000000e+00 1.000000000000000000e+00
1.550995200000019059e-01 9.999942720183346845e-01 -3.384661064391409485e-03 0.000000000000000000e+00 3.384661064391409485e-03 9.999942720183346845e-01 -0.000000000000000000e+00 0.000000000000000000e+00 0.000000000000000000e+00 1.000000000000000000e+00
1.600995200000020491e-01 9.999935637134408362e-01 -3.587831056872107811e-03 0.000000000000000000e+00 3.587831056872107811e-03 9.999935637134408362e-01 -0.000000000000000000e+00 0.000000000000000000e+00 0.000000000000000000e+00 1.000000000000000000e+00
1.650995200000021923e-01 9.999927696202223215e-01 -3.802723665584318170e-03 0.000000000000000000e+00 3.802723665584318170e-03 9.999927696202223215e-01 -0.000000000000000000e+00 0.000000000000000000e+00 0.000000000000000000e+00 1.000000000000000000e+00
1.700995200000023355e-01 9.999919597409874239e-01 -4.010044062012256376e-03 0.000000000000000000e+00 4.010044062012256376e-03 9.999919597409874239e-01 -0.000000000000000000e+00 0.000000000000000000e+00 0.000000000000000000e+00 1.000000000000000000e+00
1.750995200000024787e-01 9.999910909161420225e-01 -4.221147752005133258e-03 0.000000000000000000e+00 4.221147752005133258e-03 9.999910909161420225e-01 -0.000000000000000000e+00 0.000000000000000000e+00 0.000000000000000000e+00 1.000000000000000000e+00
1.800995200000026220e-01 9.999901051314464828e-01 -4.448554731453338400e-03 0.000000000000000000e+00 4.448554731453338400e-03 9.999901051314464828e-01 -0.000000000000000000e+00 0.000000000000000000e+00 0.000000000000000000e+00 1.000000000000000000e+00
1.850515200000026061e-01 9.999890088597875870e-01 -4.688513583189462923e-03 0.000000000000000000e+00 4.688513583189462923e-03 9.999890088597875870e-01 -0.000000000000000000e+00 0.000000000000000000e+00 0.000000000000000000e+00 1.000000000000000000e+00
1.900195200000027174e-01 9.999877606036162714e-01 -4.947589611549490368e-03 0.000000000000000000e+00 4.947589611549490368e-03 9.999877606036162714e-01 -0.000000000000000000e+00 0.000000000000000000e+00 0.000000000000000000e+00 1.000000000000000000e+00
1.950195200000028606e-01 9.999863828956319090e-01 -5.218622740793816064e-03 0.000000000000000000e+00 5.218622740793816064e-03 9.999863828956319090e-01 -0.000000000000000000e+00 0.000000000000000000e+00 0.000000000000000000e+00 1.000000000000000000e+00
2.000275200000028453e-01 9.999848404781479516e-01 -5.506252254761315017e-03 0.000000000000000000e+00 5.506252254761315017e-03 9.999848404781479516e-01 -0.000000000000000000e+00 0.000000000000000000e+00 0.000000000000000000e+00 1.000000000000000000e+00
2.050604800000027650e-01 9.999833486175615516e-01 -5.770830755476226079e-03 0.000000000000000000e+00 5.770830755476226079e-03 9.999833486175615516e-01 -0.000000000000000000e+00 0.000000000000000000e+00 0.000000000000000000e+00 1.000000000000000000e+00
2.100476800000025679e-01 9.999818126297890242e-01 -6.031120098421479357e-03 0.000000000000000000e+00 6.031120098421479357e-03 9.999818126297890242e-01 -0.000000000000000000e+00 0.000000000000000000e+00 0.000000000000000000e+00 1.000000000000000000e+00
2.150156800000026791e-01 9.999802001102701121e-01 -6.292804416486603818e-03 0.000000000000000000e+00 6.292804416486603818e-03 9.999802001102701121e-01 -0.000000000000000000e+00 0.000000000000000000e+00 0.000000000000000000e+00 1.000000000000000000e+00
2.200156800000028223e-01 9.999785382694955649e-01 -6.551564729364465697e-03 0.000000000000000000e+00 6.551564729364465697e-03 9.999785382694955649e-01 -0.000000000000000000e+00 0.000000000000000000e+00 0.000000000000000000e+00 1.000000000000000000e+00
2.250156800000029655e-01 9.999768032960342223e-01 -6.811231154845178402e-03 0.000000000000000000e+00 6.811231154845178402e-03 9.999768032960342223e-01 -0.000000000000000000e+00 0.000000000000000000e+00 0.000000000000000000e+00 1.000000000000000000e+00
2.300156800000031088e-01 9.999749785491638399e-01 -7.074056516539924989e-03 0.000000000000000000e+00 7.074056516539924989e-03 9.999749785491638399e-01 -0.000000000000000000e+00 0.000000000000000000e+00 0.000000000000000000e+00 1.000000000000000000e+00
2.350156800000032520e-01 9.999731090136585454e-01 -7.333570041795287042e-03 0.000000000000000000e+00 7.333570041795287042e-03 9.999731090136585454e-01 -0.000000000000000000e+00 0.000000000000000000e+00 0.000000000000000000e+00 1.000000000000000000e+00
2.400156800000033952e-01 9.999711527501862207e-01 -7.595634763720852597e-03 0.000000000000000000e+00 7.595634763720852597e-03 9.999711527501862207e-01 -0.000000000000000000e+00 0.000000000000000000e+00 0.000000000000000000e+00 1.000000000000000000e+00
2.451036800000033489e-01 9.999690976311097490e-01 -7.861538197077506604e-03 0.000000000000000000e+00 7.861538197077506604e-03 9.999690976311097490e-01 -0.000000000000000000e+00 0.000000000000000000e+00 0.000000000000000000e+00 1.000000000000000000e+00
2.500956800000034841e-01 9.999669917586403445e-01 -8.124985733852851250e-03 0.000000000000000000e+00 8.124985733852851250e-03 9.999669917586403445e-01 -0.000000000000000000e+00 0.000000000000000000e+00 0.000000000000000000e+00 1.000000000000000000e+00
2.550620800000031330e-01 9.999647746879066768e-01 -8.393413093867525474e-03 0.000000000000000000e+00 8.393413093867525474e-03 9.999647746879066768e-01 -0.000000000000000000e+00 0.000000000000000000e+00 0.000000000000000000e+00 1.000000000000000000e+00
2.600137386228940639e-01 9.999622443517508508e-01 -8.689641592683752455e-03 0.000000000000000000e+00 8.689641592683752455e-03 9.999622443517508508e-01 -0.000000000000000000e+00 0.000000000000000000e+00 0.000000000000000000e+00 1.000000000000000000e+00
2.650583560686072815e-01 9.999594376679897811e-01 -9.006831780252771980e-03 0.000000000000000000e+00 9.006831780252771980e-03 9.999594376679897811e-01 -0.000000000000000000e+00 0.000000000000000000e+00 0.000000000000000000e+00 1.000000000000000000e+00
2.700575971273244669e-01 9.999570689948547031e-01 -9.266076150107303150e-03 0.000000000000000000e+00 9.266076150107303150e-03 9.999570689948547031e-01 -0.000000000000000000e+00 0.000000000000000000e+00 0.000000000000000000e+00 1.000000000000000000e+00
2.750013887613652064e-01 9.999544402328519599e-01 -9.545546532486367738e-03 0.000000000000000000e+00 9.545546532486367738e-03 9.999544402328519599e-01 -0.000000000000000000e+00 0.000000000000000000e+00 0.000000000000000000e+00 1.000000000000000000e+00
2.801213887613651088e-01 9.999517002538000909e-01 -9.828385398141103665e-03 0.000000000000000000e+00 9.828385398141103665e-03 9.999517002538000909e-01 -0.000000000000000000e+00 0.000000000000000000e+00 0.000000000000000000e+00 1.000000000000000000e+00
2.851453887613650817e-01 9.999487255732953939e-01 -1.012651096590404601e-02 0.000000000000000000e+00 1.012651096590404601e-02 9.999487255732953939e-01 -0.000000000000000000e+00 0.000000000000000000e+00 0.000000000000000000e+00 1.000000000000000000e+00
2.901133887613647211e-01 9.999460705076024247e-01 -1.038537800974193362e-02 0.000000000000000000e+00 1.038537800974193362e-02 9.999460705076024247e-01 -0.000000000000000000e+00 0.000000000000000000e+00 0.000000000000000000e+00 1.000000000000000000e+00
2.951133887613641704e-01 9.999432704034523223e-01 -1.065157147319502340e-02 0.000000000000000000e+00 1.065157147319502340e-02 9.999432704034523223e-01 -0.000000000000000000e+00 0.000000000000000000e+00 0.000000000000000000e+00 1.000000000000000000e+00
3.001133887613636197e-01 9.999404466614029152e-01 -1.091343807395444773e-02 0.000000000000000000e+00 1.091343807395444773e-02 9.999404466614029152e-01 -0.000000000000000000e+00 0.000000000000000000e+00 0.000000000000000000e+00 1.000000000000000000e+00
3.051133887613636797e-01 9.999376097628527305e-01 -1.117034385114949735e-02 0.000000000000000000e+00 1.117034385114949735e-02 9.999376097628527305e-01 -0.000000000000000000e+00 0.000000000000000000e+00 0.000000000000000000e+00 1.000000000000000000e+00
3.101133887613631290e-01 9.999347143566191809e-01 -1.142659286692571281e-02 0.000000000000000000e+00 1.142659286692571281e-02 9.999347143566191809e-01 -0.000000000000000000e+00 0.000000000000000000e+00 0.000000000000000000e+00 1.000000000000000000e+00
3.151133887613625784e-01 9.999315765397135403e-01 -1.169795874515655587e-02 0.000000000000000000e+00 1.169795874515655587e-02 9.999315765397135403e-01 -0.000000000000000000e+00 0.000000000000000000e+00 0.000000000000000000e+00 1.000000000000000000e+00
3.201133887613620277e-01 9.999284558232064413e-01 -1.196174046776463107e-02 0.000000000000000000e+00 1.196174046776463107e-02 9.999284558232064413e-01 -0.000000000000000000e+00 0.000000000000000000e+00 0.000000000000000000e+00 1.000000000000000000e+00
3.251133887613614770e-01 9.999252699352745299e-01 -1.222516032076982964e-02 0.000000000000000000e+00 1.222516032076982964e-02 9.999252699352745299e-01 -0.000000000000000000e+00 0.000000000000000000e+00 0.000000000000000000e+00 1.000000000000000000e+00
3.301133887613610374e-01 9.999220143511137193e-01 -1.248860344520110778e-02 0.000000000000000000e+00 1.248860344520110778e-02 9.999220143511137193e-01 -0.000000000000000000e+00 0.000000000000000000e+00 0.000000000000000000e+00 1.000000000000000000e+00
3.350173887613610568e-01 9.999187534906252006e-01 -1.274701603334814359e-02 0.000000000000000000e+00 1.274701603334814359e-02 9.999187534906252006e-01 -0.000000000000000000e+00 0.000000000000000000e+00 0.000000000000000000e+00 1.000000000000000000e+00
3.400173887613605062e-01 9.999153404149052626e-01 -1.301199457979241268e-02 0.000000000000000000e+00 1.301199457979241268e-02 9.999153404149052626e-01 -0.000000000000000000e+00 0.000000000000000000e+00 0.000000000000000000e+00 1.000000000000000000e+00
3.450173887613599555e-01 9.999118466993147658e-01 -1.327775697797751835e-02 0.000000000000000000e+00 1.327775697797751835e-02 9.999118466993147658e-01 -0.000000000000000000e+00 0.000000000000000000e+00 0.000000000000000000e+00 1.000000000000000000e+00
3.500173887613594048e-01 9.999082480877901080e-01 -1.354604761569570999e-02 0.000000000000000000e+00 1.354604761569570999e-02 9.999082480877901080e-01 -0.000000000000000000e+00 0.000000000000000000e+00 0.000000000000000000e+00 1.000000000000000000e+00
3.550173887613588541e-01 9.999045976543480263e-01 -1.381287767616657877e-02 0.000000000000000000e+00 1.381287767616657877e-02 9.999045976543480263e-01 -0.000000000000000000e+00 0.000000000000000000e+00 0.000000000000000000e+00 1.000000000000000000e+00
3.600173887613583035e-01 9.999009085259745744e-01 -1.407739780396733732e-02 0.000000000000000000e+00 1.407739780396733732e-02 9.999009085259745744e-01 -0.000000000000000000e+00 0.000000000000000000e+00 0.000000000000000000e+00 1.000000000000000000e+00
3.651373887613583169e-01 9.998970881404237732e-01 -1.434618863329014532e-02 0.000000000000000000e+00 1.434618863329014532e-02 9.998970881404237732e-01 -0.000000000000000000e+00 0.000000000000000000e+00 0.000000000000000000e+00 1.000000000000000000e+00
3.700573887613578528e-01 9.998933520614946557e-01 -1.460426318675265428e-02 0.000000000000000000e+00 1.460426318675265428e-02 9.998933520614946557e-01 -0.000000000000000000e+00 0.000000000000000000e+00 0.000000000000000000e+00 1.000000000000000000e+00
3.751773887613578107e-01 9.998892412678792585e-01 -1.488305065317270179e-02 0.000000000000000000e+00 1.488305065317270179e-02 9.998892412678792585e-01 -0.000000000000000000e+00 0.000000000000000000e+00 0.000000000000000000e+00 1.000000000000000000e+00
3.801773887613572600e-01 9.998844738532474130e-01 -1.519996536886764060e-02 0.000000000000000000e+00 1.519996536886764060e-02 9.998844738532474130e-01 -0.000000000000000000e+00 0.000000000000000000e+00 0.000000000000000000e+00 1.000000000000000000e+00
3.851373887613568359e-01 9.998793100617990870e-01 -1.553593609477602923e-02 0.000000000000000000e+00 1.553593609477602923e-02 9.998793100617990870e-01 -0.000000000000000000e+00 0.000000000000000000e+00 0.000000000000000000e+00 1.000000000000000000e+00
3.901453887613569593e-01 9.998751039395927798e-01 -1.580431971926724369e-02 0.000000000000000000e+00 1.580431971926724369e-02 9.998751039395927798e-01 -0.000000000000000000e+00 0.000000000000000000e+00 0.000000000000000000e+00 1.000000000000000000e+00
3.951453887613564087e-01 9.998708847216363216e-01 -1.606903500439441426e-02 0.000000000000000000e+00 1.606903500439441426e-02 9.998708847216363216e-01 -0.000000000000000000e+00 0.000000000000000000e+00 0.000000000000000000e+00 1.000000000000000000e+00
4.001453887613558580e-01 9.998667358354071943e-01 -1.632515144947376678e-02 0.000000000000000000e+00 1.632515144947376678e-02 9.998667358354071943e-01 -0.000000000000000000e+00 0.000000000000000000e+00 0.000000000000000000e+00 1.000000000000000000e+00
4.051453887613553073e-01 9.998625578184878737e-01 -1.657906730401943404e-02 0.000000000000000000e+00 1.657906730401943404e-02 9.998625578184878737e-01 -0.000000000000000000e+00 0.000000000000000000e+00 0.000000000000000000e+00 1.000000000000000000e+00
4.100253887613548032e-01 9.998584311768933253e-01 -1.682609890860127869e-02 0.000000000000000000e+00 1.682609890860127869e-02 9.998584311768933253e-01 -0.000000000000000000e+00 0.000000000000000000e+00 0.000000000000000000e+00 1.000000000000000000e+00
4.150653887613547921e-01 9.998541451675686531e-01 -1.707888729486675000e-02 0.000000000000000000e+00 1.707888729486675000e-02 9.998541451675686531e-01 -0.000000000000000000e+00 0.000000000000000000e+00 0.000000000000000000e+00 1.000000000000000000e+00
4.200653887613542414e-01 9.998492093793328594e-01 -1.736543991736386877e-02 0.000000000000000000e+00 1.736543991736386877e-02 9.998492093793328594e-01 -0.000000000000000000e+00 0.000000000000000000e+00 0.000000000000000000e+00 1.000000000000000000e+00
4.250653887613536908e-01 9.998446276375335673e-01 -1.762726820474868825e-02 0.000000000000000000e+00 1.762726820474868825e-02 9.998446276375335673e-01 -0.000000000000000000e+00 0.000000000000000000e+00 0.000000000000000000e+00 1.000000000000000000e+00
4.300653887613531401e-01 9.998398740674625529e-01 -1.789486587714097729e-02 0.000000000000000000e+00 1.789486587714097729e-02 9.998398740674625529e-01 -0.000000000000000000e+00 0.000000000000000000e+00 0.000000000000000000e+00 1.000000000000000000e+00
4.350653887613525894e-01 9.998350459181627459e-01 -1.816262519091625671e-02 0.000000000000000000e+00 1.816262519091625671e-02 9.998350459181627459e-01 -0.000000000000000000e+00 0.000000000000000000e+00 0.000000000000000000e+00 1.000000000000000000e+00
4.400653887613520387e-01 9.998301871356684023e-01 -1.842815487928022022e-02 0.000000000000000000e+00 1.842815487928022022e-02 9.998301871356684023e-01 -0.000000000000000000e+00 0.000000000000000000e+00 0.000000000000000000e+00 1.000000000000000000e+00
4.450653887613514881e-01 9.998253022328574824e-01 -1.869130854101937189e-02 0.000000000000000000e+00 1.869130854101937189e-02 9.998253022328574824e-01 -0.000000000000000000e+00 0.000000000000000000e+00 0.000000000000000000e+00 1.000000000000000000e+00
4.500653887613509374e-01 9.998203487442289816e-01 -1.895442526083998547e-02 0.000000000000000000e+00 1.895442526083998547e-02 9.998203487442289816e-01 -0.000000000000000000e+00 0.000000000000000000e+00 0.000000000000000000e+00 1.000000000000000000e+00
4.550653887613503867e-01 9.998153372995229882e-01 -1.921695346930319889e-02 0.000000000000000000e+00 1.921695346930319889e-02 9.998153372995229882e-01 -0.000000000000000000e+00 0.000000000000000000e+00 0.000000000000000000e+00 1.000000000000000000e+00
4.600653887613498361e-01 9.998102435055774562e-01 -1.948016892427180749e-02 0.000000000000000000e+00 1.948016892427180749e-02 9.998102435055774562e-01 -0.000000000000000000e+00 0.000000000000000000e+00 0.000000000000000000e+00 1.000000000000000000e+00
4.650653887613492854e-01 9.998050610739258603e-01 -1.974436251094927736e-02 0.000000000000000000e+00 1.974436251094927736e-02 9.998050610739258603e-01 -0.000000000000000000e+00 0.000000000000000000e+00 0.000000000000000000e+00 1.000000000000000000e+00
4.700653887613487347e-01 9.997998044838811715e-01 -2.000877192617124198e-02 0.000000000000000000e+00 2.000877192617124198e-02 9.997998044838811715e-01 -0.000000000000000000e+00 0.000000000000000000e+00 0.000000000000000000e+00 1.000000000000000000e+00
4.750653887613481841e-01 9.997944927254645009e-01 -2.027245214155240852e-02 0.000000000000000000e+00 2.027245214155240852e-02 9.997944927254645009e-01 -0.000000000000000000e+00 0.000000000000000000e+00 0.000000000000000000e+00 1.000000000000000000e+00
4.800653887613476334e-01 9.997891289220856015e-01 -2.053527913659290716e-02 0.000000000000000000e+00 2.053527913659290716e-02 9.997891289220856015e-01 -0.000000000000000000e+00 0.000000000000000000e+00 0.000000000000000000e+00 1.000000000000000000e+00
4.850653887613470827e-01 9.997837418032354817e-01 -2.079590406598567226e-02 0.000000000000000000e+00 2.079590406598567226e-02 9.997837418032354817e-01 -0.000000000000000000e+00 0.000000000000000000e+00 0.000000000000000000e+00 1.000000000000000000e+00
4.900653887613465320e-01 9.997775577609093745e-01 -2.109111181592426137e-02 0.000000000000000000e+00 2.109111181592426137e-02 9.997775577609093745e-01 -0.000000000000000000e+00 0.000000000000000000e+00 0.000000000000000000e+00 1.000000000000000000e+00
4.950653887613459814e-01 9.997711017312506110e-01 -2.139495601962704621e-02 0.000000000000000000e+00 2.139495601962704621e-02 9.997711017312506110e-01 -0.000000000000000000e+00 0.000000000000000000e+00 0.000000000000000000e+00 1.000000000000000000e+00
5.000653887613454307e-01 9.997654856621160935e-01 -2.165580011898859264e-02 0.000000000000000000e+00 2.165580011898859264e-02 9.997654856621160935e-01 -0.000000000000000000e+00 0.000000000000000000e+00 0.000000000000000000e+00 1.000000000000000000e+00
5.050653887613448800e-01 9.997598370844867910e-01 -2.191502116815811571e-02 0.000000000000000000e+00 2.191502116815811571e-02 9.997598370844867910e-01 -0.000000000000000000e+00 0.000000000000000000e+00 0.000000000000000000e+00 1.000000000000000000e+00
5.100653887613443294e-01 9.997528994728925866e-01 -2.222925989646477515e-02 0.000000000000000000e+00 2.222925989646477515e-02 9.997528994728925866e-01 -0.000000000000000000e+00 0.000000000000000000e+00 0.000000000000000000e+00 1.000000000000000000e+00
5.150653887613437787e-01 9.997464758488361358e-01 -2.251630582117697399e-02 0.000000000000000000e+00 2.251630582117697399e-02 9.997464758488361358e-01 -0.000000000000000000e+00 0.000000000000000000e+00 0.000000000000000000e+00 1.000000000000000000e+00
5.200653887613432280e-01 9.997404512979529700e-01 -2.278223076358850893e-02 0.000000000000000000e+00 2.278223076358850893e-02 9.997404512979529700e-01 -0.000000000000000000e+00 0.000000000000000000e+00 0.000000000000000000e+00 1.000000000000000000e+00
5.250653887613426773e-01 9.997345776829167363e-01 -2.303853695789971970e-02 0.000000000000000000e+00 2.303853695789971970e-02 9.997345776829167363e-01 -0.000000000000000000e+00 0.000000000000000000e+00 0.000000000000000000e+00 1.000000000000000000e+00
5.300653887613421267e-01 9.997287138590642552e-01 -2.329160118372703564e-02 0.000000000000000000e+00 2.329160118372703564e-02 9.997287138590642552e-01 -0.000000000000000000e+00 0.000000000000000000e+00 0.000000000000000000e+00 1.000000000000000000e+00
5.350653887613415760e-01 9.997227621054276536e-01 -2.354567748642357947e-02 0.000000000000000000e+00 2.354567748642357947e-02 9.997227621054276536e-01 -0.000000000000000000e+00 0.000000000000000000e+00 0.000000000000000000e+00 1.000000000000000000e+00
5.400653887613410253e-01 9.997167185827778857e-01 -2.380089464880032202e-02 0.000000000000000000e+00 2.380089464880032202e-02 9.997167185827778857e-01 -0.000000000000000000e+00 0.000000000000000000e+00 0.000000000000000000e+00 1.000000000000000000e+00
5.451773887613412528e-01 9.997101825073956283e-01 -2.407386531137121685e-02 0.000000000000000000e+00 2.407386531137121685e-02 9.997101825073956283e-01 -0.000000000000000000e+00 0.000000000000000000e+00 0.000000000000000000e+00 1.000000000000000000e+00
5.501053887613406301e-01 9.997039833781840024e-01 -2.432993254803902591e-02 0.000000000000000000e+00 2.432993254803902591e-02 9.997039833781840024e-01 -0.000000000000000000e+00 0.000000000000000000e+00 0.000000000000000000e+00 1.000000000000000000e+00
5.550333887613404515e-01 9.996976339185674743e-01 -2.458944362156632521e-02 0.000000000000000000e+00 2.458944362156632521e-02 9.996976339185674743e-01 -0.000000000000000000e+00 0.000000000000000000e+00 0.000000000000000000e+00 1.000000000000000000e+00
5.600160289503959277e-01 9.996911560611919656e-01 -2.485140827072002123e-02 0.000000000000000000e+00 2.485140827072002123e-02 9.996911560611919656e-01 -0.000000000000000000e+00 0.000000000000000000e+00 0.000000000000000000e+00 1.000000000000000000e+00
5.650458108354219355e-01 9.996846004556387832e-01 -2.511373353068716008e-02 0.000000000000000000e+00 2.511373353068716008e-02 9.996846004556387832e-01 -0.000000000000000000e+00 0.000000000000000000e+00 0.000000000000000000e+00 1.000000000000000000e+00
5.701333605260434645e-01 9.996778590755595051e-01 -2.538066338979752881e-02 0.000000000000000000e+00 2.538066338979752881e-02 9.996778590755595051e-01 -0.000000000000000000e+00 0.000000000000000000e+00 0.000000000000000000e+00 1.000000000000000000e+00
5.750415665071625382e-01 9.996712180643114731e-01 -2.564090040962340930e-02 0.000000000000000000e+00 2.564090040962340930e-02 9.996712180643114731e-01 -0.000000000000000000e+00 0.000000000000000000e+00 0.000000000000000000e+00 1.000000000000000000e+00
5.800415665071619875e-01 9.996643712707086182e-01 -2.590646274463540358e-02 0.000000000000000000e+00 2.590646274463540358e-02 9.996643712707086182e-01 -0.000000000000000000e+00 0.000000000000000000e+00 0.000000000000000000e+00 1.000000000000000000e+00
5.850415665071614368e-01 9.996574189420001089e-01 -2.617335962804313160e-02 0.000000000000000000e+00 2.617335962804313160e-02 9.996574189420001089e-01 -0.000000000000000000e+00 0.000000000000000000e+00 0.000000000000000000e+00 1.000000000000000000e+00
5.900415665071608862e-01 9.996504644246368976e-01 -2.643764315532035405e-02 0.000000000000000000e+00 2.643764315532035405e-02 9.996504644246368976e-01 -0.000000000000000000e+00 0.000000000000000000e+00 0.000000000000000000e+00 1.000000000000000000e+00
5.950415665071603355e-01 9.996435016245616145e-01 -2.669961909439014930e-02 0.000000000000000000e+00 2.669961909439014930e-02 9.996435016245616145e-01 -0.000000000000000000e+00 0.000000000000000000e+00 0.000000000000000000e+00 1.000000000000000000e+00
6.000415665071597848e-01 9.996364368353232166e-01 -2.696282906483039865e-02 0.000000000000000000e+00 2.696282906483039865e-02 9.996364368353232166e-01 -0.000000000000000000e+00 0.000000000000000000e+00 0.000000000000000000e+00 1.000000000000000000e+00
6.050415665071592342e-01 9.996293236334481414e-01 -2.722527010215866627e-02 0.000000000000000000e+00 2.722527010215866627e-02 9.996293236334481414e-01 -0.000000000000000000e+00 0.000000000000000000e+00 0.000000000000000000e+00 1.000000000000000000e+00
6.100815665071595006e-01 9.996212739795788949e-01 -2.751924067709878713e-02 0.000000000000000000e+00 2.751924067709878713e-02 9.996212739795788949e-01 -0.000000000000000000e+00 0.000000000000000000e+00 0.000000000000000000e+00 1.000000000000000000e+00
6.150415665071589100e-01 9.996134462319873348e-01 -2.780212423916946993e-02 0.000000000000000000e+00 2.780212423916946993e-02 9.996134462319873348e-01 -0.000000000000000000e+00 0.000000000000000000e+00 0.000000000000000000e+00 1.000000000000000000e+00
6.200415665071595805e-01 9.996036776874505092e-01 -2.815115545983665896e-02 0.000000000000000000e+00 2.815115545983665896e-02 9.996036776874505092e-01 -0.000000000000000000e+00 0.000000000000000000e+00 0.000000000000000000e+00 1.000000000000000000e+00
6.250108021569736882e-01 9.995964825540604171e-01 -2.840549358047577203e-02 0.000000000000000000e+00 2.840549358047577203e-02 9.995964825540604171e-01 -0.000000000000000000e+00 0.000000000000000000e+00 0.000000000000000000e+00 1.000000000000000000e+00
6.300177553505382777e-01 9.995892565740855940e-01 -2.865864863644230348e-02 0.000000000000000000e+00 2.865864863644230348e-02 9.995892565740855940e-01 -0.000000000000000000e+00 0.000000000000000000e+00 0.000000000000000000e+00 1.000000000000000000e+00
6.350119770909236072e-01 9.995819781017964978e-01 -2.891140007159861275e-02 0.000000000000000000e+00 2.891140007159861275e-02 9.995819781017964978e-01 -0.000000000000000000e+00 0.000000000000000000e+00 0.000000000000000000e+00 1.000000000000000000e+00
6.401287005562626975e-01 9.995744236337016364e-01 -2.917141781527801681e-02 0.000000000000000000e+00 2.917141781527801681e-02 9.995744236337016364e-01 -0.000000000000000000e+00 0.000000000000000000e+00 0.000000000000000000e+00 1.000000000000000000e+00
6.451287005562621468e-01 9.995667648502157832e-01 -2.943267923369891764e-02 0.000000000000000000e+00 2.943267923369891764e-02 9.995667648502157832e-01 -0.000000000000000000e+00 0.000000000000000000e+00 0.000000000000000000e+00 1.000000000000000000e+00
6.501287005562615962e-01 9.995587969239241311e-01 -2.970204524940631141e-02 0.000000000000000000e+00 2.970204524940631141e-02 9.995587969239241311e-01 -0.000000000000000000e+00 0.000000000000000000e+00 0.000000000000000000e+00 1.000000000000000000e+00
6.551287005562610455e-01 9.995508353695059522e-01 -2.996877561935310658e-02 0.000000000000000000e+00 2.996877561935310658e-02 9.995508353695059522e-01 -0.000000000000000000e+00 0.000000000000000000e+00 0.000000000000000000e+00 1.000000000000000000e+00
6.600887005562613430e-01 9.995430883151950052e-01 -3.022605831600529841e-02 0.000000000000000000e+00 3.022605831600529841e-02 9.995430883151950052e-01 -0.000000000000000000e+00 0.000000000000000000e+00 0.000000000000000000e+00 1.000000000000000000e+00
6.650887005562607923e-01 9.995346610028984502e-01 -3.050346625912138745e-02 0.000000000000000000e+00 3.050346625912138745e-02 9.995346610028984502e-01 -0.000000000000000000e+00 0.000000000000000000e+00 0.000000000000000000e+00 1.000000000000000000e+00
6.700087005562609388e-01 9.995267604502567904e-01 -3.076126043931551660e-02 0.000000000000000000e+00 3.076126043931551660e-02 9.995267604502567904e-01 -0.000000000000000000e+00 0.000000000000000000e+00 0.000000000000000000e+00 1.000000000000000000e+00
6.751287005562602861e-01 9.995184451006843274e-01 -3.103027398381445756e-02 0.000000000000000000e+00 3.103027398381445756e-02 9.995184451006843274e-01 -0.000000000000000000e+00 0.000000000000000000e+00 0.000000000000000000e+00 1.000000000000000000e+00
6.801287005562597354e-01 9.995103227804601476e-01 -3.129080784033533291e-02 0.000000000000000000e+00 3.129080784033533291e-02 9.995103227804601476e-01 -0.000000000000000000e+00 0.000000000000000000e+00 0.000000000000000000e+00 1.000000000000000000e+00
6.851287005562591848e-01 9.995020740055010622e-01 -3.155319411252083261e-02 0.000000000000000000e+00 3.155319411252083261e-02 9.995020740055010622e-01 -0.000000000000000000e+00 0.000000000000000000e+00 0.000000000000000000e+00 1.000000000000000000e+00
6.901287005562586341e-01 9.994937281870907020e-01 -3.181646295033806193e-02 0.000000000000000000e+00 3.181646295033806193e-02 9.994937281870907020e-01 -0.000000000000000000e+00 0.000000000000000000e+00 0.000000000000000000e+00 1.000000000000000000e+00
6.951287005562580834e-01 9.994854408474925789e-01 -3.207574681740007344e-02 0.000000000000000000e+00 3.207574681740007344e-02 9.994854408474925789e-01 -0.000000000000000000e+00 0.000000000000000000e+00 0.000000000000000000e+00 1.000000000000000000e+00
7.000487005562581189e-01 9.994773104047219858e-01 -3.232809901839803213e-02 0.000000000000000000e+00 3.232809901839803213e-02 9.994773104047219858e-01 -0.000000000000000000e+00 0.000000000000000000e+00 0.000000000000000000e+00 1.000000000000000000e+00
7.050487005562575682e-01 9.994688782072539412e-01 -3.258775069153897058e-02 0.000000000000000000e+00 3.258775069153897058e-02 9.994688782072539412e-01 -0.000000000000000000e+00 0.000000000000000000e+00 0.000000000000000000e+00 1.000000000000000000e+00
7.100487005562570175e-01 9.994602958502269985e-01 -3.284991657488718630e-02 0.000000000000000000e+00 3.284991657488718630e-02 9.994602958502269985e-01 -0.000000000000000000e+00 0.000000000000000000e+00 0.000000000000000000e+00 1.000000000000000000e+00
7.150487005562571330e-01 9.994515317278820365e-01 -3.311549073758283945e-02 0.000000000000000000e+00 3.311549073758283945e-02 9.994515317278820365e-01 -0.000000000000000000e+00 0.000000000000000000e+00 0.000000000000000000e+00 1.000000000000000000e+00
7.200023005562563583e-01 9.994426556053256361e-01 -3.338230304480070687e-02 0.000000000000000000e+00 3.338230304480070687e-02 9.994426556053256361e-01 -0.000000000000000000e+00 0.000000000000000000e+00 0.000000000000000000e+00 1.000000000000000000e+00
7.251991005562561377e-01 9.994327276554736406e-01 -3.367822577186026928e-02 0.000000000000000000e+00 3.367822577186026928e-02 9.994327276554736406e-01 -0.000000000000000000e+00 0.000000000000000000e+00 0.000000000000000000e+00 1.000000000000000000e+00
7.300071005562562831e-01 9.994227643192593602e-01 -3.397260897326796758e-02 0.000000000000000000e+00 3.397260897326796758e-02 9.994227643192593602e-01 -0.000000000000000000e+00 0.000000000000000000e+00 0.000000000000000000e+00 1.000000000000000000e+00
7.350231005562565256e-01 9.994141769042699242e-01 -3.422430426993237212e-02 0.000000000000000000e+00 3.422430426993237212e-02 9.994141769042699242e-01 -0.000000000000000000e+00 0.000000000000000000e+00 0.000000000000000000e+00 1.000000000000000000e+00
7.400050188912318250e-01 9.994053037367385262e-01 -3.448244282062668670e-02 0.000000000000000000e+00 3.448244282062668670e-02 9.994053037367385262e-01 -0.000000000000000000e+00 0.000000000000000000e+00 0.000000000000000000e+00 1.000000000000000000e+00
7.450697470622921204e-01 9.993938347251465348e-01 -3.481326059660042049e-02 0.000000000000000000e+00 3.481326059660042049e-02 9.993938347251465348e-01 -0.000000000000000000e+00 0.000000000000000000e+00 0.000000000000000000e+00 1.000000000000000000e+00
7.501881391256169929e-01 9.993843376442487214e-01 -3.508483534757758648e-02 0.000000000000000000e+00 3.508483534757758648e-02 9.993843376442487214e-01 -0.000000000000000000e+00 0.000000000000000000e+00 0.000000000000000000e+00 1.000000000000000000e+00
7.551881391256164422e-01 9.993748596315014110e-01 -3.535378249236002107e-02 0.000000000000000000e+00 3.535378249236002107e-02 9.993748596315014110e-01 -0.000000000000000000e+00 0.000000000000000000e+00 0.000000000000000000e+00 1.000000000000000000e+00
7.601881391256158915e-01 9.993658385850934245e-01 -3.560787369548193415e-02 0.000000000000000000e+00 3.560787369548193415e-02 9.993658385850934245e-01 -0.000000000000000000e+00 0.000000000000000000e+00 0.000000000000000000e+00 1.000000000000000000e+00
7.651881391256153409e-01 9.993567074566714892e-01 -3.586322993486616706e-02 0.000000000000000000e+00 3.586322993486616706e-02 9.993567074566714892e-01 -0.000000000000000000e+00 0.000000000000000000e+00 0.000000000000000000e+00 1.000000000000000000e+00
7.701001391256155904e-01 9.993476393108943201e-01 -3.611503570180752548e-02 0.000000000000000000e+00 3.611503570180752548e-02 9.993476393108943201e-01 -0.000000000000000000e+00 0.000000000000000000e+00 0.000000000000000000e+00 1.000000000000000000e+00
7.751721391256156668e-01 9.993380441244840151e-01 -3.637957621318912982e-02 0.000000000000000000e+00 3.637957621318912982e-02 9.993380441244840151e-01 -0.000000000000000000e+00 0.000000000000000000e+00 0.000000000000000000e+00 1.000000000000000000e+00
7.801801391256149021e-01 9.993280622702057636e-01 -3.665274831818026574e-02 0.000000000000000000e+00 3.665274831818026574e-02 9.993280622702057636e-01 -0.000000000000000000e+00 0.000000000000000000e+00 0.000000000000000000e+00 1.000000000000000000e+00
7.851401391256144224e-01 9.993181995307361953e-01 -3.692067288996805224e-02 0.000000000000000000e+00 3.692067288996805224e-02 9.993181995307361953e-01 -0.000000000000000000e+00 0.000000000000000000e+00 0.000000000000000000e+00 1.000000000000000000e+00
7.900514991256144537e-01 9.993088949315721559e-01 -3.717166273709798796e-02 0.000000000000000000e+00 3.717166273709798796e-02 9.993088949315721559e-01 -0.000000000000000000e+00 0.000000000000000000e+00 0.000000000000000000e+00 1.000000000000000000e+00
7.950908591256148350e-01 9.992991817452375747e-01 -3.743187629947274803e-02 0.000000000000000000e+00 3.743187629947274803e-02 9.992991817452375747e-01 -0.000000000000000000e+00 0.000000000000000000e+00 0.000000000000000000e+00 1.000000000000000000e+00
8.000908591256142843e-01 9.992895266831490764e-01 -3.768874979842223166e-02 0.000000000000000000e+00 3.768874979842223166e-02 9.992895266831490764e-01 -0.000000000000000000e+00 0.000000000000000000e+00 0.000000000000000000e+00 1.000000000000000000e+00
8.050908591256137337e-01 9.992797477487510571e-01 -3.794714401892308048e-02 0.000000000000000000e+00 3.794714401892308048e-02 9.992797477487510571e-01 -0.000000000000000000e+00 0.000000000000000000e+00 0.000000000000000000e+00 1.000000000000000000e+00
8.100908591256131830e-01 9.992698176480838690e-01 -3.820774185378602444e-02 0.000000000000000000e+00 3.820774185378602444e-02 9.992698176480838690e-01 -0.000000000000000000e+00 0.000000000000000000e+00 0.000000000000000000e+00 1.000000000000000000e+00
8.150908591256126323e-01 9.992598182249934347e-01 -3.846837247601173765e-02 0.000000000000000000e+00 3.846837247601173765e-02 9.992598182249934347e-01 -0.000000000000000000e+00 0.000000000000000000e+00 0.000000000000000000e+00 1.000000000000000000e+00
8.200348591256126918e-01 9.992499954928488748e-01 -3.872268724587395877e-02 0.000000000000000000e+00 3.872268724587395877e-02 9.992499954928488748e-01 -0.000000000000000000e+00 0.000000000000000000e+00 0.000000000000000000e+00 1.000000000000000000e+00
8.251308591256125702e-01 9.992401805257640213e-01 -3.897514108811847566e-02 0.000000000000000000e+00 3.897514108811847566e-02 9.992401805257640213e-01 -0.000000000000000000e+00 0.000000000000000000e+00 0.000000000000000000e+00 1.000000000000000000e+00
8.300793391256127141e-01 9.992317798685154129e-01 -3.918992345997839022e-02 0.000000000000000000e+00 3.918992345997839022e-02 9.992317798685154129e-01 -0.000000000000000000e+00 0.000000000000000000e+00 0.000000000000000000e+00 1.000000000000000000e+00
8.350636591256122010e-01 9.992229145974196314e-01 -3.941531356513809647e-02 0.000000000000000000e+00 3.941531356513809647e-02 9.992229145974196314e-01 -0.000000000000000000e+00 0.000000000000000000e+00 0.000000000000000000e+00 1.000000000000000000e+00
8.400636591256116503e-01 9.992127479188125383e-01 -3.967221189366663958e-02 0.000000000000000000e+00 3.967221189366663958e-02 9.992127479188125383e-01 -0.000000000000000000e+00 0.000000000000000000e+00 0.000000000000000000e+00 1.000000000000000000e+00
8.450162991256121581e-01 9.992023491354625753e-01 -3.993326285408767273e-02 0.000000000000000000e+00 3.993326285408767273e-02 9.992023491354625753e-01 -0.000000000000000000e+00 0.000000000000000000e+00 0.000000000000000000e+00 1.000000000000000000e+00
8.501312528536129065e-01 9.991912653489057883e-01 -4.020964126242393410e-02 0.000000000000000000e+00 4.020964126242393410e-02 9.991912653489057883e-01 -0.000000000000000000e+00 0.000000000000000000e+00 0.000000000000000000e+00 1.000000000000000000e+00
8.551050263089730041e-01 9.991709444935087392e-01 -4.071146865380860513e-02 0.000000000000000000e+00 4.071146865380860513e-02 9.991709444935087392e-01 -0.000000000000000000e+00 0.000000000000000000e+00 0.000000000000000000e+00 1.000000000000000000e+00
8.601805852006570996e-01 9.991615658812857959e-01 -4.094099737008626699e-02 0.000000000000000000e+00 4.094099737008626699e-02 9.991615658812857959e-01 -0.000000000000000000e+00 0.000000000000000000e+00 0.000000000000000000e+00 1.000000000000000000e+00
8.651005852006571351e-01 9.991505145418446698e-01 -4.120982031952351299e-02 0.000000000000000000e+00 4.120982031952351299e-02 9.991505145418446698e-01 -0.000000000000000000e+00 0.000000000000000000e+00 0.000000000000000000e+00 1.000000000000000000e+00
8.700685852006565524e-01 9.991401850651293604e-01 -4.145950540007965757e-02 0.000000000000000000e+00 4.145950540007965757e-02 9.991401850651293604e-01 -0.000000000000000000e+00 0.000000000000000000e+00 0.000000000000000000e+00 1.000000000000000000e+00
8.750205852006566198e-01 9.991306666212821375e-01 -4.168825994105006955e-02 0.000000000000000000e+00 4.168825994105006955e-02 9.991306666212821375e-01 -0.000000000000000000e+00 0.000000000000000000e+00 0.000000000000000000e+00 1.000000000000000000e+00
8.801805852006560071e-01 9.991188879910367637e-01 -4.196960399568424455e-02 0.000000000000000000e+00 4.196960399568424455e-02 9.991188879910367637e-01 -0.000000000000000000e+00 0.000000000000000000e+00 0.000000000000000000e+00 1.000000000000000000e+00
8.851805852006554565e-01 9.991099231805301573e-01 -4.218247743074765577e-02 0.000000000000000000e+00 4.218247743074765577e-02 9.991099231805301573e-01 -0.000000000000000000e+00 0.000000000000000000e+00 0.000000000000000000e+00 1.000000000000000000e+00
8.901805852006549058e-01 9.991020551372133962e-01 -4.236842480665023447e-02 0.000000000000000000e+00 4.236842480665023447e-02 9.991020551372133962e-01 -0.000000000000000000e+00 0.000000000000000000e+00 0.000000000000000000e+00 1.000000000000000000e+00
8.951805852006543551e-01 9.990910408144381138e-01 -4.262736403207426084e-02 0.000000000000000000e+00 4.262736403207426084e-02 9.990910408144381138e-01 -0.000000000000000000e+00 0.000000000000000000e+00 0.000000000000000000e+00 1.000000000000000000e+00
9.001005852006543906e-01 9.990798564074286903e-01 -4.288869922149678160e-02 0.000000000000000000e+00 4.288869922149678160e-02 9.990798564074286903e-01 -0.000000000000000000e+00 0.000000000000000000e+00 0.000000000000000000e+00 1.000000000000000000e+00
9.051325852006545380e-01 9.990695832963024658e-01 -4.312734320767686730e-02 0.000000000000000000e+00 4.312734320767686730e-02 9.990695832963024658e-01 -0.000000000000000000e+00 0.000000000000000000e+00 0.000000000000000000e+00 1.000000000000000000e+00
9.101005852006542884e-01 9.990594949305339201e-01 -4.336041500201250065e-02 0.000000000000000000e+00 4.336041500201250065e-02 9.990594949305339201e-01 -0.000000000000000000e+00 0.000000000000000000e+00 0.000000000000000000e+00 1.000000000000000000e+00
9.151117852006540598e-01 9.990477588589909974e-01 -4.362998417175612681e-02 0.000000000000000000e+00 4.362998417175612681e-02 9.990477588589909974e-01 -0.000000000000000000e+00 0.000000000000000000e+00 0.000000000000000000e+00 1.000000000000000000e+00
9.201117852006535092e-01 9.990359914294342225e-01 -4.389860850423187716e-02 0.000000000000000000e+00 4.389860850423187716e-02 9.990359914294342225e-01 -0.000000000000000000e+00 0.000000000000000000e+00 0.000000000000000000e+00 1.000000000000000000e+00
9.251117852006529585e-01 9.990241501556297310e-01 -4.416726622536053248e-02 0.000000000000000000e+00 4.416726622536053248e-02 9.990241501556297310e-01 -0.000000000000000000e+00 0.000000000000000000e+00 0.000000000000000000e+00 1.000000000000000000e+00
9.301117852006524078e-01 9.990120830920219408e-01 -4.443937258939562734e-02 0.000000000000000000e+00 4.443937258939562734e-02 9.990120830920219408e-01 -0.000000000000000000e+00 0.000000000000000000e+00 0.000000000000000000e+00 1.000000000000000000e+00
9.351117852006518572e-01 9.989998501024572874e-01 -4.471352698309871004e-02 0.000000000000000000e+00 4.471352698309871004e-02 9.989998501024572874e-01 -0.000000000000000000e+00 0.000000000000000000e+00 0.000000000000000000e+00 1.000000000000000000e+00
9.401117852006513065e-01 9.989875766670749391e-01 -4.498690548198737427e-02 0.000000000000000000e+00 4.498690548198737427e-02 9.989875766670749391e-01 -0.000000000000000000e+00 0.000000000000000000e+00 0.000000000000000000e+00 1.000000000000000000e+00
9.451117852006507558e-01 9.989751917863843866e-01 -4.526108919764235822e-02 0.000000000000000000e+00 4.526108919764235822e-02 9.989751917863843866e-01 -0.000000000000000000e+00 0.000000000000000000e+00 0.000000000000000000e+00 1.000000000000000000e+00
9.501117852006502051e-01 9.989626863782834487e-01 -4.553626273513638328e-02 0.000000000000000000e+00 4.553626273513638328e-02 9.989626863782834487e-01 -0.000000000000000000e+00 0.000000000000000000e+00 0.000000000000000000e+00 1.000000000000000000e+00
9.551117852006496545e-01 9.989500971449980504e-01 -4.581160785215031284e-02 0.000000000000000000e+00 4.581160785215031284e-02 9.989500971449980504e-01 -0.000000000000000000e+00 0.000000000000000000e+00 0.000000000000000000e+00 1.000000000000000000e+00
9.601117852006491038e-01 9.989373975231760072e-01 -4.608769716122291388e-02 0.000000000000000000e+00 4.608769716122291388e-02 9.989373975231760072e-01 -0.000000000000000000e+00 0.000000000000000000e+00 0.000000000000000000e+00 1.000000000000000000e+00
9.650701852006491333e-01 9.989249307238090569e-01 -4.635712219749761609e-02 0.000000000000000000e+00 4.635712219749761609e-02 9.989249307238090569e-01 -0.000000000000000000e+00 0.000000000000000000e+00 0.000000000000000000e+00 1.000000000000000000e+00
9.700349852006489026e-01 9.989124418906357716e-01 -4.662545909787146892e-02 0.000000000000000000e+00 4.662545909787146892e-02 9.989124418906357716e-01 -0.000000000000000000e+00 0.000000000000000000e+00 0.000000000000000000e+00 1.000000000000000000e+00
9.750349852006483520e-01 9.988998477194015457e-01 -4.689450102257628622e-02 0.000000000000000000e+00 4.689450102257628622e-02 9.988998477194015457e-01 -0.000000000000000000e+00 0.000000000000000000e+00 0.000000000000000000e+00 1.000000000000000000e+00
9.800349852006478013e-01 9.988872929860229677e-01 -4.716116952594966855e-02 0.000000000000000000e+00 4.716116952594966855e-02 9.988872929860229677e-01 -0.000000000000000000e+00 0.000000000000000000e+00 0.000000000000000000e+00 1.000000000000000000e+00
9.850349852006472506e-01 9.988745209601429531e-01 -4.743091161516056753e-02 0.000000000000000000e+00 4.743091161516056753e-02 9.988745209601429531e-01 -0.000000000000000000e+00 0.000000000000000000e+00 0.000000000000000000e+00 1.000000000000000000e+00
9.900349852006467000e-01 9.988617080611151833e-01 -4.769998080955341335e-02 0.000000000000000000e+00 4.769998080955341335e-02 9.988617080611151833e-01 -0.000000000000000000e+00 0.000000000000000000e+00 0.000000000000000000e+00 1.000000000000000000e+00
9.951869852006468564e-01 9.988483766369088412e-01 -4.797833354559341568e-02 0.000000000000000000e+00 4.797833354559341568e-02 9.988483766369088412e-01 -0.000000000000000000e+00 0.000000000000000000e+00 0.000000000000000000e+00 1.000000000000000000e+00
1.000000000000000000e+00 9.988359795548058528e-01 -4.823573309064398823e-02 0.000000000000000000e+00 4.823573309064398823e-02 9.988359795548058528e-01 -0.000000000000000000e+00 0.000000000000000000e+00 0.000000000000000000e+00 1.000000000000000000e+00
