time error_arcsec
0.000000000000000000e+00 0.000000000000000000e+00
5.000000000000000104e-03 -2.842698964779683379e+01
1.000000000000000021e-02 -2.981581467847677303e+01
1.499999999999999944e-02 -2.967190014399592712e+01
2.000000000000000042e-02 -2.937111640120856748e+01
2.500000000000000139e-02 -2.914010918835773367e+01
2.999999999999999889e-02 -2.887317444822313917e+01
3.500000000000000333e-02 -2.853563334619614977e+01
4.000000000000000083e-02 -2.812884970489296776e+01
4.499999999999999833e-02 -2.770567434617671054e+01
5.000000000000000278e-02 -2.723865628029867381e+01
5.500000000000000028e-02 -2.682096055196087292e+01
5.999999999999999778e-02 -2.639473351554944358e+01
6.500000000000000222e-02 -2.591287070306039553e+01
7.000000000000000666e-02 -2.534432741455649207e+01
7.499999999999999722e-02 -2.466637961462825501e+01
8.000000000000000167e-02 -2.396732506016630992e+01
8.500000000000000611e-02 -2.309326995697854201e+01
8.999999999999999667e-02 -2.240314025713100676e+01
9.500000000000000111e-02 -2.182042896796846776e+01
1.000000000000000056e-01 -2.115182563686492045e+01
1.049999999999999961e-01 -2.038591535690032330e+01
1.100000000000000006e-01 -1.951507840882902656e+01
1.150000000000000050e-01 -1.833934109766671838e+01
1.199999999999999956e-01 -1.681663025830838620e+01
1.250000000000000000e-01 -1.509422094213692311e+01
1.300000000000000044e-01 -1.239818404167301580e+01
1.350000000000000089e-01 -3.315665311252400826e+00
1.400000000000000133e-01 1.313305070012958176e+01
1.449999999999999900e-01 1.249578911779511259e+01
1.499999999999999944e-01 3.560758623039176740e+01
1.549999999999999989e-01 3.205712757419327374e+01
1.600000000000000033e-01 3.027416476452333427e+01
1.650000000000000078e-01 2.955112168818874352e+01
1.700000000000000122e-01 2.596082126847606730e+01
1.750000000000000167e-01 2.171968793233982353e+01
1.799999999999999933e-01 1.940540464453003366e+01
1.849999999999999978e-01 1.878772063870142972e+01
1.900000000000000022e-01 2.061282429612712264e+01
1.950000000000000067e-01 2.320214785251893019e+01
2.000000000000000111e-01 2.772968769008861045e+01
2.050000000000000155e-01 2.659316619453102248e+01
2.099999999999999922e-01 2.504052510488033079e+01
2.149999999999999967e-01 2.397613348082283125e+01
2.200000000000000011e-01 2.196874622057685400e+01
2.250000000000000056e-01 2.014478504315966134e+01
2.300000000000000100e-01 1.897105498213718633e+01
2.350000000000000144e-01 1.711847772718332195e+01
2.399999999999999911e-01 1.578844702540970601e+01
2.449999999999999956e-01 1.430384982487853307e+01
2.500000000000000000e-01 1.333703726349230578e+01
2.550000000000000044e-01 1.367086447085678635e+01
2.600000000000000089e-01 1.991256946197803046e+01
2.650000000000000133e-01 2.936835639461347114e+01
2.700000000000000178e-01 2.759973266530491642e+01
2.750000000000000222e-01 3.046247540457368075e+01
2.800000000000000266e-01 3.205326928941907738e+01
2.850000000000000311e-01 3.776813393201697266e+01
2.899999999999999800e-01 3.634236144496647825e+01
2.949999999999999845e-01 3.584065156254065698e+01
2.999999999999999889e-01 3.449327726904274272e+01
3.049999999999999933e-01 3.212571588524792787e+01
3.099999999999999978e-01 2.960269701415028010e+01
3.150000000000000022e-01 3.012433458294453104e+01
3.200000000000000067e-01 2.918788712031062360e+01
3.250000000000000111e-01 2.814317942582387744e+01
3.300000000000000155e-01 2.710164544232045358e+01
3.350000000000000200e-01 2.606606472154312115e+01
3.400000000000000244e-01 2.534064982462059845e+01
3.450000000000000289e-01 2.477763768343244521e+01
3.500000000000000333e-01 2.473510225990780143e+01
3.549999999999999822e-01 2.439433514767424427e+01
3.599999999999999867e-01 2.357787523836696053e+01
3.649999999999999911e-01 2.234284793837688099e+01
3.699999999999999956e-01 2.106239726870423823e+01
3.750000000000000000e-01 2.181654017121542566e+01
3.800000000000000044e-01 3.148080441255745399e+01
3.850000000000000089e-01 4.580293338539100745e+01
3.900000000000000133e-01 4.609565943417806722e+01
3.950000000000000178e-01 4.533885227087237979e+01
4.000000000000000222e-01 4.284055042306548700e+01
4.050000000000000266e-01 3.985012314005279421e+01
4.100000000000000311e-01 3.668453382243681204e+01
4.150000000000000355e-01 3.303731371136622386e+01
4.199999999999999845e-01 3.667067947955480633e+01
4.249999999999999889e-01 3.536699326330780480e+01
4.299999999999999933e-01 3.517149953650363869e+01
4.349999999999999978e-01 3.502474567776472725e+01
4.400000000000000022e-01 3.442474060388768464e+01
4.450000000000000067e-01 3.333522237106036812e+01
4.500000000000000111e-01 3.223203935125048503e+01
4.550000000000000155e-01 3.100920361536164904e+01
4.600000000000000200e-01 2.992498087973326903e+01
4.650000000000000244e-01 2.904204527954958337e+01
4.700000000000000289e-01 2.820597746908270054e+01
4.750000000000000333e-01 2.722230884632833536e+01
4.799999999999999822e-01 2.606323927717637901e+01
4.849999999999999867e-01 2.445379484357656708e+01
4.899999999999999911e-01 2.988019673559875500e+01
4.949999999999999956e-01 3.715878620105161900e+01
5.000000000000000000e-01 3.570561135389521468e+01
5.050000000000000044e-01 3.380624344852424201e+01
5.100000000000000089e-01 4.310536346000087349e+01
5.150000000000000133e-01 4.701640852788917613e+01
5.200000000000000178e-01 4.655380764653069292e+01
5.250000000000000222e-01 4.407596885611167892e+01
5.300000000000000266e-01 4.091235151333283682e+01
5.350000000000000311e-01 3.794637754562935328e+01
5.400000000000000355e-01 3.521575565592236501e+01
5.450000000000000400e-01 3.488581234711315204e+01
5.500000000000000444e-01 3.315880062359138236e+01
5.550000000000000488e-01 3.208530234295740513e+01
5.600000000000000533e-01 3.094019149770338117e+01
5.650000000000000577e-01 2.936184771835905849e+01
5.700000000000000622e-01 2.810228542661974416e+01
5.750000000000000666e-01 2.740185915900918801e+01
5.799999999999999600e-01 2.681082077708823164e+01
5.849999999999999645e-01 2.649402122695116901e+01
5.899999999999999689e-01 2.564514666641682439e+01
5.949999999999999734e-01 2.431998495361391477e+01
5.999999999999999778e-01 2.324375630416693994e+01
6.049999999999999822e-01 2.201268648220991508e+01
6.099999999999999867e-01 2.675507987410061261e+01
6.149999999999999911e-01 3.023423825619297745e+01
6.199999999999999956e-01 4.676110957222530828e+01
6.250000000000000000e-01 4.434313265736138021e+01
6.300000000000000044e-01 4.112560497294964534e+01
6.350000000000000089e-01 3.795649305433690301e+01
6.400000000000000133e-01 3.500251329213754303e+01
6.450000000000000178e-01 3.349196167470140750e+01
6.500000000000000222e-01 3.364931859460485697e+01
6.550000000000000266e-01 3.332028279880623955e+01
6.600000000000000311e-01 3.149540117997088728e+01
6.650000000000000355e-01 3.329059118491410629e+01
6.700000000000000400e-01 3.202627916311870848e+01
6.750000000000000444e-01 3.085481055162019004e+01
6.800000000000000488e-01 2.924680961585684358e+01
6.850000000000000533e-01 2.800013459696485185e+01
6.900000000000000577e-01 2.694119423186044671e+01
6.950000000000000622e-01 2.508618317964427646e+01
7.000000000000000666e-01 2.264177064852160370e+01
7.049999999999999600e-01 2.083596245558040749e+01
7.099999999999999645e-01 1.955085187655710754e+01
7.149999999999999689e-01 1.896780421217124513e+01
7.199999999999999734e-01 1.915588988521189862e+01
7.249999999999999778e-01 2.252980342052087437e+01
7.299999999999999822e-01 3.015095343832550512e+01
7.349999999999999867e-01 2.656292163153722186e+01
7.399999999999999911e-01 2.464021041502675757e+01
7.449999999999999956e-01 3.664607355295968460e+01
7.500000000000000000e-01 3.619198956026288272e+01
7.550000000000000044e-01 3.628774445748326372e+01
7.600000000000000089e-01 3.346157708545941034e+01
7.650000000000000133e-01 3.077178803127248941e+01
7.700000000000000178e-01 2.828313044257018660e+01
7.750000000000000222e-01 2.670621616163994716e+01
7.800000000000000266e-01 2.752998871170304795e+01
7.850000000000000311e-01 2.791187843652269152e+01
7.900000000000000355e-01 2.535243698322476291e+01
7.950000000000000400e-01 2.325293328061730946e+01
8.000000000000000444e-01 2.089458986890922532e+01
8.050000000000000488e-01 1.884004902204728182e+01
8.100000000000000533e-01 1.723833038056470457e+01
8.150000000000000577e-01 1.565205842953355564e+01
8.200000000000000622e-01 1.337022633267993044e+01
8.250000000000000666e-01 9.129261744206765172e+00
8.300000000000000711e-01 -1.292109981843790445e+00
8.349999999999999645e-01 -1.003411599483471228e+01
8.399999999999999689e-01 -1.246912039741350675e+01
8.449999999999999734e-01 -1.346757693688091351e+01
8.499999999999999778e-01 -1.308589702287990875e+01
8.549999999999999822e-01 3.440016533251154129e+01
8.599999999999999867e-01 2.690038340276059259e+01
8.649999999999999911e-01 2.756262271603085523e+01
8.699999999999999956e-01 2.414626098625669925e+01
8.750000000000000000e-01 1.650177787125077344e+01
8.800000000000000044e-01 1.736297422597007056e+01
8.850000000000000089e-01 6.371043334847149353e+00
8.900000000000000133e-01 -1.042409627847697706e+01
8.950000000000000178e-01 -1.289463605913815591e+01
9.000000000000000222e-01 -1.349793418306240866e+01
9.050000000000000266e-01 -1.980824249802799031e+01
9.100000000000000311e-01 -2.674942176804552574e+01
9.150000000000000355e-01 -2.674598349799165575e+01
9.200000000000000400e-01 -2.666814921773088187e+01
9.250000000000000444e-01 -2.658450045890960922e+01
9.300000000000000488e-01 -2.580392020168093836e+01
9.350000000000000533e-01 -2.459333521190643879e+01
9.400000000000000577e-01 -2.352922173329020694e+01
9.450000000000000622e-01 -2.230545308644000002e+01
9.500000000000000666e-01 -2.087745545522914625e+01
9.550000000000000711e-01 -1.940953938955786029e+01
9.599999999999999645e-01 -1.778988427290868302e+01
9.649999999999999689e-01 -1.705507673736013885e+01
9.699999999999999734e-01 -1.663429773928792699e+01
9.749999999999999778e-01 -1.646253902883142572e+01
9.799999999999999822e-01 -1.677847740668572385e+01
9.849999999999999867e-01 -1.646690495688008582e+01
9.899999999999999911e-01 -1.628815789982167317e+01
9.949999999999999956e-01 -1.588998504828428260e+01
1.000000000000000000e+00 -1.603442131535136284e+01
