time torque_Nm angle_arcmin
0.000000000000000000e+00 0.000000000000000000e+00 0.000000000000000000e+00
1.004246878992735267e-04 3.213590012776752758e+01 5.840291457119438714e-03
2.008083395157997169e-04 6.425866864505590570e+01 4.616810520747952756e-02
3.027923520818375587e-04 9.689355266618801465e+01 1.582689692280374594e-01
4.003117660184295516e-04 1.280997651258974486e+02 3.447839898634675326e-01
5.012628475908929111e-04 1.604041112290857427e+02 5.129136807679171017e-01
6.013141522128031624e-04 1.924205287080970095e+02 5.732810922259281572e-01
7.021295477321595540e-04 2.246814552742910678e+02 6.289099705624465741e-01
8.002335940477861348e-04 2.560747500952915630e+02 6.851062923454855902e-01
9.003591782874925068e-04 2.881149370519975719e+02 7.436248409690746630e-01
1.004927389400352535e-03 3.215767646081127964e+02 8.027691458753907217e-01
1.103233270628617944e-03 3.530346466011577604e+02 8.500372759908422227e-01
1.205428294116981129e-03 3.857370541174339564e+02 8.902840854612015242e-01
1.303163193240576079e-03 4.170122218369843381e+02 9.260457468726975838e-01
1.401804132714733501e-03 4.485773224687147263e+02 9.613127649100566829e-01
1.501804132714733763e-03 4.805773224687148399e+02 9.962172557518589322e-01
1.602940132714733264e-03 5.129408424687146635e+02 1.030066316516415226e+00
1.706159332714732562e-03 5.459709864687143863e+02 1.063684961867067846e+00
1.805544676714732717e-03 5.777742965487144602e+02 1.095477795542910693e+00
1.900705465297133001e-03 6.082257488950825746e+02 1.122924501071720815e+00
2.007682363222253706e-03 6.424583562311212290e+02 1.152480555632455550e+00
2.106309844723949862e-03 6.740191503116639069e+02 1.182960101103400552e+00
2.203882218629357997e-03 7.052423099613945396e+02 1.215181238552718090e+00
2.303882218629358259e-03 7.372423099613945396e+02 1.248941855378619126e+00
2.403882218629358521e-03 7.692423099613947670e+02 1.282480835821907972e+00
2.503882218629358784e-03 8.012423099613947670e+02 1.315414491283777743e+00
2.603882218629359046e-03 8.332423099613949944e+02 1.347752039078251585e+00
2.703882218629359308e-03 8.652423099613949944e+02 1.379630421293932097e+00
2.803882218629359570e-03 8.972423099613949944e+02 1.411279814916616804e+00
2.903882218629359833e-03 9.292423099613952218e+02 1.442836525517029234e+00
3.003882218629360095e-03 9.612423099613952218e+02 1.474384060719303502e+00
3.103882218629360357e-03 9.932423099613952218e+02 1.505952828171032598e+00
3.203882218629360620e-03 1.025242309961395222e+03 1.537527949739613486e+00
3.303882218629360882e-03 1.057242309961395449e+03 1.569019508002059693e+00
3.403882218629361144e-03 1.089242309961395449e+03 1.600388990866327577e+00
3.503882218629361407e-03 1.121242309961395449e+03 1.631637416069538382e+00
3.603882218629361669e-03 1.153242309961395677e+03 1.662623047790342756e+00
3.703882218629361931e-03 1.185242309961395677e+03 1.693372467877224619e+00
3.803882218629362193e-03 1.217242309961395904e+03 1.723899776482899382e+00
3.903882218629362456e-03 1.249242309961396131e+03 1.754333810437378682e+00
4.003882218629358815e-03 1.281242309961394767e+03 1.784654005243868413e+00
4.103882218629354740e-03 1.313242309961393403e+03 1.814951949219152594e+00
4.203882218629350666e-03 1.345242309961392266e+03 1.845260086867908766e+00
4.303882218629346591e-03 1.377242309961390902e+03 1.875538388476552409e+00
4.403882218629342517e-03 1.409242309961389537e+03 1.905717120199481807e+00
4.503882218629338442e-03 1.441242309961388173e+03 1.935759614384687133e+00
4.603882218629334368e-03 1.473242309961387036e+03 1.965637502306394335e+00
4.703882218629330293e-03 1.505242309961385672e+03 1.995313240882684802e+00
4.803882218629326219e-03 1.537242309961384308e+03 2.024755203956269067e+00
4.903882218629322144e-03 1.569242309961382944e+03 2.054006566506406894e+00
5.003882218629318070e-03 1.601242309961381579e+03 2.083099059500456818e+00
5.103882218629313995e-03 1.633242309961380670e+03 2.112077040010681195e+00
5.203882218629309921e-03 1.665242309961379078e+03 2.140991873799388490e+00
5.303882218629305846e-03 1.697242309961377714e+03 2.169876267767374856e+00
5.403082218629303053e-03 1.728986309961376719e+03 2.198516805899290105e+00
5.501642218629306663e-03 1.760525509961378248e+03 2.226968735205090422e+00
5.609162218629310838e-03 1.794931909961379461e+03 2.259109901221927341e+00
5.701322218629313425e-03 1.824423109961380305e+03 2.288263561657592149e+00
5.802698218629316271e-03 1.856863429961381144e+03 2.320359060504179727e+00
5.902231018629318544e-03 1.888713925961381847e+03 2.351372073943457153e+00
6.003975658629314219e-03 1.921272210761380393e+03 2.382391708555607224e+00
6.107059818629309925e-03 1.954259141961379328e+03 2.413151663013866077e+00
6.207059818629305850e-03 1.986259141961377736e+03 2.442420520681491070e+00
6.307059818629301776e-03 2.018259141961376372e+03 2.471157308433250321e+00
6.407059818629297701e-03 2.050259141961375008e+03 2.499465401476129056e+00
6.507059818629293627e-03 2.082259141961374098e+03 2.527529282871438188e+00
6.607059818629289552e-03 2.114259141961372734e+03 2.555502620208613074e+00
6.707059818629285478e-03 2.146259141961371370e+03 2.583451390868879649e+00
6.807059818629281403e-03 2.178259141961370005e+03 2.611418469241255202e+00
6.907059818629277329e-03 2.210259141961368641e+03 2.639349670574683060e+00
7.007059818629273254e-03 2.242259141961367277e+03 2.667076596705791669e+00
7.107059818629269179e-03 2.274259141961365913e+03 2.694552709892808373e+00
7.207059818629265105e-03 2.306259141961364548e+03 2.721748017911658657e+00
7.307059818629261030e-03 2.338259141961363639e+03 2.748659331517760762e+00
7.407059818629256956e-03 2.370259141961362275e+03 2.775292982215729953e+00
7.507059818629252881e-03 2.402259141961360910e+03 2.801672577620196503e+00
7.607059818629248807e-03 2.434259141961359546e+03 2.827852811096672525e+00
7.707059818629244732e-03 2.466259141961358182e+03 2.853909166729015290e+00
7.807059818629240658e-03 2.498259141961356818e+03 2.879957142014112570e+00
7.907059818629236583e-03 2.530259141961355454e+03 2.906080006242210967e+00
8.007059818629232509e-03 2.562259141961354089e+03 2.932329443092339005e+00
8.107059818629228434e-03 2.594259141961353180e+03 2.958727806080167611e+00
8.207059818629224360e-03 2.626259141961351816e+03 2.985264485284821578e+00
8.307059818629220285e-03 2.658259141961350451e+03 3.011899185064837337e+00
8.407059818629216211e-03 2.690259141961349087e+03 3.038565149805459331e+00
8.507059818629212136e-03 2.722259141961348178e+03 3.065183673419604737e+00
8.607059818629208062e-03 2.754259141961346359e+03 3.091680832552107461e+00
8.707059818629203987e-03 2.786259141961344994e+03 3.118003935165241103e+00
8.807059818629199913e-03 2.818259141961343630e+03 3.144132550343368138e+00
8.907059818629195838e-03 2.850259141961342721e+03 3.170084182965190234e+00
9.007059818629191764e-03 2.882259141961341356e+03 3.195908492994315786e+00
9.107059818629187689e-03 2.914259141961339992e+03 3.221675976568227018e+00
9.207059818629183615e-03 2.946259141961338628e+03 3.247462164979902699e+00
9.307059818629179540e-03 2.978259141961337718e+03 3.273331971143861985e+00
9.407059818629175466e-03 3.010259141961336354e+03 3.299326170782719281e+00
9.507059818629171391e-03 3.042259141961334535e+03 3.325441262582126800e+00
9.607059818629167317e-03 3.074259141961333171e+03 3.351608792403312886e+00
9.707059818629163242e-03 3.106259141961332261e+03 3.377762879199146973e+00
9.807059818629159167e-03 3.138259141961330897e+03 3.403834429566669595e+00
9.907059818629155093e-03 3.170259141961329533e+03 3.429761175419148156e+00
1.000705981862915102e-02 3.197740858038671831e+03 3.455484052271705409e+00
1.010705981862914694e-02 3.165740858038672741e+03 3.475488655221778522e+00
1.020705981862914287e-02 3.133740858038674105e+03 3.483873523360164093e+00
1.030705981862913879e-02 3.101740858038675469e+03 3.482693878396477150e+00
1.040705981862913472e-02 3.069740858038677288e+03 3.474367294660824168e+00
1.050705981862913065e-02 3.037740858038678198e+03 3.460786094436313576e+00
1.060705981862912657e-02 3.005740858038679562e+03 3.443300972398170234e+00
1.070705981862912250e-02 2.973740858038680926e+03 3.422898992202877633e+00
1.080705981862911842e-02 2.941740858038682290e+03 3.400359294932114640e+00
1.090705981862911435e-02 2.909740858038683200e+03 3.376346722477329365e+00
1.100705981862911027e-02 2.877740858038684564e+03 3.351233879130090187e+00
1.110705981862910620e-02 2.845740858038685928e+03 3.325231544356096691e+00
1.120705981862910212e-02 2.813740858038687293e+03 3.298461094801068860e+00
1.130705981862909805e-02 2.781740858038689112e+03 3.271076894627929832e+00
1.140705981862909398e-02 2.749740858038690021e+03 3.243323717513738380e+00
1.150705981862908990e-02 2.717740858038691385e+03 3.215292087858842240e+00
1.160705981862908583e-02 2.685740858038692750e+03 3.187123640184983397e+00
1.170705981862908175e-02 2.653740858038693659e+03 3.159017953821567470e+00
1.180705981862907768e-02 2.621740858038695023e+03 3.131063880714000103e+00
1.190705981862907360e-02 2.589740858038696388e+03 3.103313241334099359e+00
1.200705981862906953e-02 2.557740858038697752e+03 3.075878787565964334e+00
1.210705981862906545e-02 2.525740858038699116e+03 3.048875198358888206e+00
1.220705981862906138e-02 2.493740858038700480e+03 3.022269867083339001e+00
1.230705981862905730e-02 2.461740858038701845e+03 2.995949618275959292e+00
1.240705981862905323e-02 2.429740858038703209e+03 2.969784401304548016e+00
1.250705981862904916e-02 2.397740858038704118e+03 2.943645849842497775e+00
1.260705981862904508e-02 2.365740858038705483e+03 2.917426340638422655e+00
1.270705981862904101e-02 2.333740858038706847e+03 2.891049731648115184e+00
1.280705981862903693e-02 2.301740858038708211e+03 2.864476684265322426e+00
1.290705981862903286e-02 2.269740858038709575e+03 2.837683199881738894e+00
1.300705981862902878e-02 2.237740858038710940e+03 2.810679949431739821e+00
1.310705981862902471e-02 2.205740858038712304e+03 2.783585094281912475e+00
1.320705981862902063e-02 2.173740858038713213e+03 2.756536398443418356e+00
1.330705981862901656e-02 2.141740858038714578e+03 2.729614084098196614e+00
1.340705981862901248e-02 2.109740858038715942e+03 2.702850746278862903e+00
1.350705981862900841e-02 2.077740858038717306e+03 2.676230994557446508e+00
1.360705981862900434e-02 2.045740858038718898e+03 2.649701966032663503e+00
1.370705981862900026e-02 2.013740858038720262e+03 2.623194458068302204e+00
1.380705981862899619e-02 1.981740858038721171e+03 2.596610067894137064e+00
1.390705981862899211e-02 1.949740858038722536e+03 2.569853921605591562e+00
1.400705981862898804e-02 1.917740858038723673e+03 2.542862354603646846e+00
1.410705981862898396e-02 1.885740858038725037e+03 2.515635464092468077e+00
1.420705981862897989e-02 1.853740858038726401e+03 2.488182248271190833e+00
1.430705981862897581e-02 1.821740858038727765e+03 2.460559253265181656e+00
1.440705981862897174e-02 1.789740858038729129e+03 2.432853037448023947e+00
1.450705981862896767e-02 1.757740858038730721e+03 2.405142730622380487e+00
1.460705981862896359e-02 1.725740858038731631e+03 2.377500403028613540e+00
1.470705981862895952e-02 1.693740858038732995e+03 2.349979084951291153e+00
1.480705981862895544e-02 1.661740858038734132e+03 2.322591915180355127e+00
1.490705981862895137e-02 1.629740858038735496e+03 2.295344313539252390e+00
1.500705981862894729e-02 1.597740858038736860e+03 2.267917993608165705e+00
1.510705981862894322e-02 1.565740858038738224e+03 2.238748589685774615e+00
1.520705981862893914e-02 1.533740858038739589e+03 2.209387863181401457e+00
1.530705981862893507e-02 1.501740858038740726e+03 2.180181279775950554e+00
1.540705981862893099e-02 1.469740858038742090e+03 2.151100134041977974e+00
1.550705981862892692e-02 1.437740858038743454e+03 2.122082448833498169e+00
1.560705981862892285e-02 1.405740858038744818e+03 2.093103583235939258e+00
1.570705981862892051e-02 1.373740858038745500e+03 2.064183626046153908e+00
1.580705981862891643e-02 1.341740858038746865e+03 2.035350795937945545e+00
1.590705981862891236e-02 1.309740858038748001e+03 2.006634122264100650e+00
1.600705981862890828e-02 1.277740858038749366e+03 1.978051582080702087e+00
1.610705981862890421e-02 1.245740858038750730e+03 1.949603223880225666e+00
1.620705981862890013e-02 1.213740858038752094e+03 1.921261939373642091e+00
1.630705981862889606e-02 1.181740858038753231e+03 1.892969517965769288e+00
1.640705981862889198e-02 1.149740858038754595e+03 1.864653302709190053e+00
1.650705981862888791e-02 1.117740858038755960e+03 1.836230594248480896e+00
1.660705981862888383e-02 1.085740858038757324e+03 1.807620736712907350e+00
1.670705981862887976e-02 1.053740858038758461e+03 1.778764153638731971e+00
1.680705981862887569e-02 1.021740858038759825e+03 1.749639246193620989e+00
1.690705981862887161e-02 9.897408580387611892e+02 1.720263464530906949e+00
1.700705981862886754e-02 9.577408580387625534e+02 1.690678397323179372e+00
1.710705981862886346e-02 9.257408580387636903e+02 1.660949232775633444e+00
1.720705981862885939e-02 8.937408580387650545e+02 1.631154297778163009e+00
1.730705981862885531e-02 8.617408580387664188e+02 1.601337030662254080e+00
1.740705981862885124e-02 8.297408580387677830e+02 1.571529825703765315e+00
1.750705981862884716e-02 7.977408580387689199e+02 1.541737897022809722e+00
1.760705981862884309e-02 7.657408580387702841e+02 1.511920819665343751e+00
1.770705981862883902e-02 7.337408580387716484e+02 1.481993156175511306e+00
1.780705981862883494e-02 7.017408580387730126e+02 1.451887758374157622e+00
1.790705981862883087e-02 6.697408580387740358e+02 1.421523676441297290e+00
1.800705981862882679e-02 6.377408580387755137e+02 1.390821270135619958e+00
1.810705981862882272e-02 6.057408580387768779e+02 1.359750833450418916e+00
1.820705981862881864e-02 5.737408580387782422e+02 1.328337075387665100e+00
1.830705981862881457e-02 5.417408580387792654e+02 1.296599339799407558e+00
1.840705981862881049e-02 5.097408580387806865e+02 1.264522995252104209e+00
1.850705981862880642e-02 4.777408580387821075e+02 1.232036056227434617e+00
1.860705981862880234e-02 4.457408580387834718e+02 1.199090979913477462e+00
1.870705981862879827e-02 4.137408580387844950e+02 1.165710354939105686e+00
1.880705981862879420e-02 3.817408580387859161e+02 1.131832157741262002e+00
1.890705981862879012e-02 3.497408580387872803e+02 1.097165448459369586e+00
1.900705981862878605e-02 3.177408580387887014e+02 1.061497811755079290e+00
1.910705981862878197e-02 2.857408580387897246e+02 1.025077184520966966e+00
1.920705981862877790e-02 2.537408580387911172e+02 9.881511423189346388e-01
1.930705981862877382e-02 2.217408580387925099e+02 9.504313400882514751e-01
1.940705981862876975e-02 1.897408580387939026e+02 9.114593739638712222e-01
1.950705981862876567e-02 1.577408580387949542e+02 8.707394678750302042e-01
1.960705981862876160e-02 1.257408580387963326e+02 8.274070208430874818e-01
1.970705981862875752e-02 9.374085803879772527e+01 7.803537936056145208e-01
1.980705981862875345e-02 6.174085803879911794e+01 7.295825055918264690e-01
1.990705981862874938e-02 2.974085803880015533e+01 6.743712632636801318e-01
2.000705981862874530e-02 -2.259141961198363191e+00 6.134770186965251559e-01
2.010289981862874858e-02 -3.292794196119941574e+01 5.489282822309451415e-01
2.020210493862876003e-02 -6.467358036120307929e+01 4.746686329001684745e-01
2.030050331046874892e-02 -9.616105934999951899e+01 3.835392935894222921e-01
2.040080356276163798e-02 -1.282571400837240105e+02 2.370965398915359790e-01
2.050173774221430642e-02 -1.605560775085779142e+02 -2.269149731531677414e-02
2.060022589522987613e-02 -1.920722864735602400e+02 -4.067642863176628154e-01
2.070076974394911840e-02 -2.242463180637177516e+02 -7.606561663399126205e-01
2.080011289072182870e-02 -2.560361250309850334e+02 -8.740437196269078557e-01
2.090199799517819187e-02 -2.886393584570212738e+02 -9.317720813886349873e-01
2.100301156003877082e-02 -3.209636992124065387e+02 -9.694332884833470887e-01
2.110062693160438124e-02 -3.522006181134018448e+02 -1.003748550491248448e+00
2.120276346954608204e-02 -3.848843102547461399e+02 -1.041308466133607169e+00
2.130183951649481169e-02 -4.165886452783395839e+02 -1.079378637567105725e+00
2.140379559750478500e-02 -4.492145912015309932e+02 -1.116742782365617970e+00
2.150316396072261133e-02 -4.810124674312354500e+02 -1.150501403016072510e+00
2.160004811485999668e-02 -5.120153967551988217e+02 -1.181180919075281999e+00
2.170052811485998628e-02 -5.441689967551953941e+02 -1.211240148834302310e+00
2.180260043485998320e-02 -5.768321391551944544e+02 -1.241413504043936022e+00
2.190018091741998199e-02 -6.080578935743941429e+02 -1.267966124835498309e+00
2.200164951978800243e-02 -6.405278463321606068e+02 -1.295261162066086547e+00
2.210666952323890252e-02 -6.741342474364487316e+02 -1.327555206291364476e+00
2.220842803589938991e-02 -7.066969714878046034e+02 -1.361941386463240145e+00
2.230478659675749764e-02 -7.375317109623990746e+02 -1.396542010802930722e+00
2.240478659675749357e-02 -7.695317109623977103e+02 -1.433107765958754776e+00
2.250478659675748949e-02 -8.015317109623964598e+02 -1.469038926255854971e+00
2.260478659675748542e-02 -8.335317109623952092e+02 -1.503688400041013340e+00
2.270478659675748134e-02 -8.655317109623938450e+02 -1.536843164509167359e+00
2.280478659675747727e-02 -8.975317109623925944e+02 -1.568689554147281617e+00
2.290478659675747319e-02 -9.295317109623912302e+02 -1.599584164824501498e+00
2.300478659675746912e-02 -9.615317109623899796e+02 -1.629864313626927741e+00
2.310478659675746504e-02 -9.935317109623886154e+02 -1.659867838027465625e+00
2.320078659675746391e-02 -1.024251710962388188e+03 -1.688615406982458156e+00
2.330318659675746640e-02 -1.057019710962389127e+03 -1.719367540346034007e+00
2.340078659675745576e-02 -1.088251710962385687e+03 -1.748861987333627077e+00
2.350078659675745169e-02 -1.120251710962384550e+03 -1.779224619707433952e+00
2.360078659675744761e-02 -1.152251710962382958e+03 -1.809633109378713467e+00
2.370078659675744354e-02 -1.184251710962381821e+03 -1.839944353419932233e+00
2.380078659675743946e-02 -1.216251710962380457e+03 -1.870042978064858641e+00
2.390078659675743539e-02 -1.248251710962379320e+03 -1.899857096453073879e+00
2.400078659675743131e-02 -1.280251710962377729e+03 -1.929341832564523740e+00
2.410078659675742724e-02 -1.312251710962376592e+03 -1.958512170964405108e+00
2.420078659675742316e-02 -1.344251710962375228e+03 -1.987357199469710789e+00
2.430078659675741909e-02 -1.376251710962374091e+03 -2.016163987758043952e+00
2.440078659675741501e-02 -1.408251710962372726e+03 -2.044999792827645990e+00
2.450078659675741094e-02 -1.440251710962371362e+03 -2.073934620984979826e+00
2.460078659675740687e-02 -1.472251710962369998e+03 -2.103039635606578361e+00
2.470078659675740279e-02 -1.504251710962368861e+03 -2.132270167987242893e+00
2.480078659675739872e-02 -1.536251710962367497e+03 -2.161593744162009223e+00
2.490078659675739464e-02 -1.568251710962366133e+03 -2.190960519068461565e+00
2.500078659675739057e-02 -1.600251710962364996e+03 -2.220261346066731090e+00
2.510078659675738649e-02 -1.632251710962363632e+03 -2.249363430986192292e+00
2.520078659675738242e-02 -1.664251710962362267e+03 -2.278125073771776865e+00
2.530078659675737834e-02 -1.696251710962360903e+03 -2.306505518028281632e+00
2.540038659675738705e-02 -1.728123710962363475e+03 -2.334398925543577974e+00
2.550598659675737054e-02 -1.761915710962358162e+03 -2.363636142710338284e+00
2.560198659675735552e-02 -1.792635710962353414e+03 -2.390014350426169720e+00
2.570158659675735036e-02 -1.824507710962351894e+03 -2.417313907621460256e+00
2.580158659675734628e-02 -1.856507710962350529e+03 -2.444812855098345672e+00
2.590158659675734221e-02 -1.888507710962349393e+03 -2.472468966635866128e+00
2.600158659675733813e-02 -1.920507710962348028e+03 -2.500352785028572278e+00
2.610158659675733406e-02 -1.952507710962346664e+03 -2.528503391384523180e+00
2.620158659675732998e-02 -1.984507710962345300e+03 -2.556840888704559944e+00
2.630158659675732591e-02 -2.016507710962344390e+03 -2.585176892494290612e+00
2.640158659675732183e-02 -2.048507710962343026e+03 -2.613327019007742447e+00
2.650158659675731776e-02 -2.080507710962341662e+03 -2.641194988951490963e+00
2.660158659675731369e-02 -2.112507710962340298e+03 -2.668719615307691306e+00
2.670158659675730961e-02 -2.144507710962338933e+03 -2.695803227545537695e+00
2.680158659675730554e-02 -2.176507710962337569e+03 -2.722541587700430643e+00
2.690158659675730146e-02 -2.208507710962336205e+03 -2.749051106563427105e+00
2.700158659675729739e-02 -2.240507710962334841e+03 -2.775465029334976741e+00
2.710158659675729331e-02 -2.272507710962333476e+03 -2.801931316489465917e+00
2.720158659675728924e-02 -2.304507710962332567e+03 -2.828577278961246666e+00
2.730158659675728516e-02 -2.336507710962331203e+03 -2.855473296201159084e+00
2.740158659675728109e-02 -2.368507710962329838e+03 -2.882621306367542324e+00
2.750158659675727701e-02 -2.400507710962328474e+03 -2.909960699196735945e+00
2.760158659675727294e-02 -2.432507710962327110e+03 -2.937377656163397521e+00
2.770158659675726887e-02 -2.464507710962325746e+03 -2.964729816939723595e+00
2.780158659675726479e-02 -2.496507710962324381e+03 -2.991881511793528681e+00
2.790158659675726072e-02 -2.528507710962323017e+03 -3.018728753964958322e+00
2.800158659675725664e-02 -2.560507710962322108e+03 -3.045223942395018479e+00
2.810158659675725257e-02 -2.592507710962320743e+03 -3.071389474375981088e+00
2.820158659675724849e-02 -2.624507710962319379e+03 -3.097313119081149591e+00
2.830158659675724442e-02 -2.656507710962318015e+03 -3.123127916505512580e+00
2.840158659675724034e-02 -2.688507710962316651e+03 -3.148985112438043021e+00
2.850158659675723627e-02 -2.720507710962315286e+03 -3.175018983476869838e+00
2.860158659675723219e-02 -2.752507710962313922e+03 -3.201317422861968964e+00
2.870158659675722812e-02 -2.784507710962312558e+03 -3.227906127911970735e+00
2.880158659675722405e-02 -2.816507710962311648e+03 -3.254741167319176398e+00
2.890158659675721997e-02 -2.848507710962310284e+03 -3.281716828011771447e+00
2.900158659675721590e-02 -2.880507710962308920e+03 -3.308688937394886675e+00
2.910158659675721182e-02 -2.912507710962307556e+03 -3.335505173520065814e+00
2.920158659675720775e-02 -2.944507710962306192e+03 -3.362044470964772103e+00
2.930158659675720367e-02 -2.976507710962304827e+03 -3.388241226473652112e+00
2.940158659675719960e-02 -3.008507710962303463e+03 -3.414098526008237044e+00
2.950158659675719552e-02 -3.040507710962302099e+03 -3.439688234085934493e+00
2.960158659675719145e-02 -3.072507710962301189e+03 -3.465135288779323641e+00
2.970158659675718738e-02 -3.104507710962299825e+03 -3.490589258573225884e+00
2.980158659675718330e-02 -3.136507710962298461e+03 -3.516194107154022586e+00
2.990158659675717923e-02 -3.168507710962297097e+03 -3.542055075193525582e+00
3.000158659675717515e-02 -3.199492289037703813e+03 -3.568212808445788919e+00
3.010158659675717108e-02 -3.167492289037704722e+03 -3.589707752039902555e+00
3.020158659675716700e-02 -3.135492289037706087e+03 -3.599827505099999936e+00
3.030158659675716293e-02 -3.103492289037707451e+03 -3.600260497143984217e+00
3.040158659675715885e-02 -3.071492289037708815e+03 -3.593233110962984700e+00
3.050158659675715478e-02 -3.039492289037710179e+03 -3.580448819384591364e+00
3.060158659675715070e-02 -3.007492289037711544e+03 -3.563028079097315448e+00
3.070158659675714663e-02 -2.975492289037712908e+03 -3.541897756524138963e+00
3.080158659675714256e-02 -2.943492289037714272e+03 -3.518034251641219967e+00
3.090158659675713848e-02 -2.911492289037715182e+03 -3.492150567985305099e+00
3.100158659675713441e-02 -2.879492289037716546e+03 -3.464790501071869588e+00
3.110158659675713033e-02 -2.847492289037717910e+03 -3.436426058711929077e+00
3.120158659675712626e-02 -2.815492289037719274e+03 -3.407651460142682609e+00
3.130158659675714300e-02 -2.783492289037713817e+03 -3.378955788195700638e+00
3.140158659675717362e-02 -2.751492289037703813e+03 -3.350487442113586845e+00
3.150158659675720424e-02 -2.719492289037694263e+03 -3.322208824002550465e+00
3.160158659675723486e-02 -2.687492289037684259e+03 -3.294134045629406593e+00
3.170158659675726548e-02 -2.655492289037674709e+03 -3.266290196041270022e+00
3.180158659675729610e-02 -2.623492289037664705e+03 -3.238551112840896362e+00
3.190158659675732672e-02 -2.591492289037655155e+03 -3.210761401537530979e+00
3.200158659675735734e-02 -2.559492289037645151e+03 -3.182841471884075180e+00
3.210158659675738796e-02 -2.527492289037635601e+03 -3.154783995946306874e+00
3.220158659675741858e-02 -2.495492289037625596e+03 -3.126795000225384147e+00
3.230158659675744920e-02 -2.463492289037616047e+03 -3.099061179454911663e+00
3.240158659675747982e-02 -2.431492289037606042e+03 -3.071682064960026715e+00
3.250158659675751044e-02 -2.399492289037596493e+03 -3.044748593102052592e+00
3.260158659675754106e-02 -2.367492289037586943e+03 -3.018306334383535905e+00
3.270158659675757168e-02 -2.335492289037576938e+03 -2.992309920021324121e+00
3.280158659675760230e-02 -2.303492289037566934e+03 -2.966651806084999343e+00
3.290158659675763292e-02 -2.271492289037557384e+03 -2.941174209697233533e+00
3.300158659675766354e-02 -2.239492289037547380e+03 -2.915700852668739795e+00
3.310158659675769416e-02 -2.207492289037537375e+03 -2.890064753964544764e+00
3.320158659675772478e-02 -2.175492289037527826e+03 -2.864136983152342442e+00
3.330158659675775540e-02 -2.143492289037517821e+03 -2.837853728802341546e+00
3.340158659675778602e-02 -2.111492289037508272e+03 -2.811225381080755259e+00
3.350158659675781664e-02 -2.079492289037498267e+03 -2.784341729805823729e+00
3.360158659675784726e-02 -2.047492289037488490e+03 -2.757371454392972154e+00
3.370158659675787788e-02 -2.015492289037478713e+03 -2.730474496092413883e+00
3.380158659675790850e-02 -1.983492289037469163e+03 -2.703784586629176978e+00
3.390158659675793912e-02 -1.951492289037459159e+03 -2.677384142735691253e+00
3.400158659675796974e-02 -1.919492289037449154e+03 -2.651288849986508378e+00
3.410158659675800036e-02 -1.887492289037439605e+03 -2.625437496132797754e+00
3.420158659675803098e-02 -1.855492289037430055e+03 -2.599706688974937840e+00
3.430158659675806160e-02 -1.823492289037420051e+03 -2.573944050499910485e+00
3.440158659675809222e-02 -1.791492289037410046e+03 -2.547992364104875840e+00
3.450158659675812284e-02 -1.759492289037400496e+03 -2.521714349562678148e+00
3.460158659675815346e-02 -1.727492289037390719e+03 -2.495029898082746556e+00
3.470158659675818408e-02 -1.695492289037380942e+03 -2.467930499249170850e+00
3.480158659675821470e-02 -1.663492289037370938e+03 -2.440483221481696496e+00
3.490158659675824532e-02 -1.631492289037361161e+03 -2.412807033720033800e+00
3.500158659675827594e-02 -1.599492289037351156e+03 -2.385064237520453378e+00
3.510158659675830656e-02 -1.567492289037341607e+03 -2.357423271682428378e+00
3.520158659675833718e-02 -1.535492289037331602e+03 -2.330012525939170853e+00
3.530158659675836780e-02 -1.503492289037322053e+03 -2.302888723614751498e+00
3.540158659675839842e-02 -1.471492289037312048e+03 -2.276032603248130837e+00
3.550158659675842904e-02 -1.439492289037302498e+03 -2.249341354040544694e+00
3.560158659675845966e-02 -1.407492289037292494e+03 -2.222678363802295554e+00
3.570158659675849028e-02 -1.375492289037282944e+03 -2.195893519900879109e+00
3.580158659675852090e-02 -1.343492289037272940e+03 -2.168822877116619363e+00
3.590158659675855152e-02 -1.311492289037263163e+03 -2.141339671115447096e+00
3.600158659675858214e-02 -1.279492289037253158e+03 -2.113383666653819493e+00
3.610158659675861276e-02 -1.247492289037243609e+03 -2.084997308372161573e+00
3.620158659675864338e-02 -1.215492289037233604e+03 -2.056303263029943373e+00
3.630158659675867400e-02 -1.183492289037224054e+03 -2.027477336602719227e+00
3.640158659675870462e-02 -1.151492289037214050e+03 -1.998729409524789835e+00
3.650158659675873524e-02 -1.119492289037204500e+03 -1.970210529627310470e+00
3.660158659675876586e-02 -1.087492289037194496e+03 -1.941995592176535057e+00
3.670158659675879648e-02 -1.055492289037184946e+03 -1.914071485767731895e+00
3.680158659675882710e-02 -1.023492289037174942e+03 -1.886390567274531582e+00
3.690158659675885772e-02 -9.914922890371652784e+02 -1.858885831476035699e+00
3.700158659675888834e-02 -9.594922890371552739e+02 -1.831364199234872592e+00
3.710158659675891896e-02 -9.274922890371456106e+02 -1.803626866589360667e+00
3.720158659675894958e-02 -8.954922890371357198e+02 -1.775532237584583228e+00
3.730158659675898020e-02 -8.634922890371260564e+02 -1.746997335121452277e+00
3.740158659675901082e-02 -8.314922890371160520e+02 -1.718021600890023537e+00
3.750158659675904144e-02 -7.994922890371065023e+02 -1.688686700342829416e+00
3.760158659675907206e-02 -7.674922890370964979e+02 -1.659139789669447307e+00
3.770158659675910268e-02 -7.354922890370868345e+02 -1.629523694107809728e+00
3.780158659675913330e-02 -7.034922890370769437e+02 -1.599956726742792767e+00
3.790158659675916392e-02 -6.714922890370672803e+02 -1.570546277983579264e+00
3.800158659675919454e-02 -6.394922890370572759e+02 -1.541335625996713254e+00
3.810158659675922516e-02 -6.074922890370477262e+02 -1.512261297277494032e+00
3.820158659675925578e-02 -5.754922890370377218e+02 -1.483137736238588467e+00
3.830158659675928640e-02 -5.434922890370280584e+02 -1.453726099728548160e+00
3.840158659675931702e-02 -5.114922890370181108e+02 -1.423802134045479395e+00
3.850158659675934764e-02 -4.794922890370085042e+02 -1.393188792634804107e+00
3.860158659675937826e-02 -4.474922890369984998e+02 -1.361751053471855544e+00
3.870158659675940888e-02 -4.154922890369888933e+02 -1.329402326373220422e+00
3.880158659675943950e-02 -3.834922890369789457e+02 -1.296104864801244094e+00
3.890158659675947012e-02 -3.514922890369692823e+02 -1.261922482234724363e+00
3.900158659675950074e-02 -3.194922890369593347e+02 -1.226901210385159535e+00
3.910158659675953136e-02 -2.874922890369497281e+02 -1.191380489378807139e+00
3.920158659675956198e-02 -2.554922890369397237e+02 -1.155691810747867976e+00
3.930158659675959260e-02 -2.234922890369301172e+02 -1.119774700881401186e+00
3.940158659675962322e-02 -1.914922890369201127e+02 -1.083574779712257019e+00
3.950158659675965384e-02 -1.594922890369105062e+02 -1.046807475983755564e+00
3.960158659675968446e-02 -1.274922890369005302e+02 -1.008631621927735367e+00
3.970158659675971508e-02 -9.549228903689090941e+01 -9.680594429039234283e-01
3.980158659675974570e-02 -6.349228903688093339e+01 -9.233718121442316962e-01
3.990158659675977632e-02 -3.149228903687131265e+01 -8.731656310409972033e-01
4.000158659675980694e-02 5.077109631379528309e-01 -8.168539211476721906e-01
4.010158659675983756e-02 3.250771096314775122e+01 -7.520310637027463052e-01
4.020158659675986818e-02 6.450771096315754960e+01 -6.720623387079492916e-01
4.030004112987990023e-02 9.601316156156781290e+01 -5.602053291472767205e-01
4.040026989544864139e-02 1.280863665435649636e+02 -3.857577167672270879e-01
4.050052906691516130e-02 1.601693014128513539e+02 -1.428949689884712604e-01
4.060053302351213783e-02 1.921705675238838467e+02 1.186385598883598624e-01
4.070084539936921070e-02 2.242705277981471568e+02 3.631258983764190096e-01
4.080066797522027139e-02 2.562137520704865778e+02 5.803680123098686749e-01
4.090302073506945496e-02 2.889666352222253067e+02 6.995233548731244477e-01
4.100086983512732375e-02 3.202783472407433578e+02 7.824137883286940154e-01
4.110278913995822625e-02 3.528925247866321229e+02 8.399591935758728978e-01
4.120210479040620905e-02 3.846735329299866066e+02 8.768462058442936247e-01
4.130252839043672963e-02 4.168090849397532338e+02 9.136954091132638567e-01
4.140173776427348573e-02 4.485560845675151427e+02 9.517491864729710205e-01
4.150298627231702869e-02 4.809556071414489224e+02 9.899506065381248332e-01
4.160215413084648178e-02 5.126893218708738686e+02 1.026242686384918557e+00
4.170089999848861778e-02 5.442879995163574449e+02 1.058806590943593307e+00
4.180724170210320390e-02 5.783173446730249907e+02 1.090909478439239688e+00
4.190163757962196006e-02 6.085240254790269319e+02 1.115440397863661337e+00
4.200067972523564147e-02 6.402175120754050113e+02 1.141107167678490075e+00
4.210296478763426303e-02 6.729487320429639112e+02 1.171512429285833434e+00
4.220598045762145867e-02 7.059137464388664966e+02 1.205451166306624522e+00
4.230066720109904033e-02 7.362135043516926771e+02 1.237661519308859370e+00
4.240324450653307209e-02 7.690382420905827985e+02 1.272697348508803339e+00
4.250058787827187129e-02 8.001881210469985035e+02 1.305727765742694224e+00
4.260058787827190191e-02 8.321881210470083943e+02 1.339457400928247388e+00
4.270058787827193253e-02 8.641881210470181713e+02 1.373073073173161296e+00
4.280058787827196315e-02 8.961881210470279484e+02 1.406527542293108723e+00
4.290058787827199377e-02 9.281881210470377255e+02 1.439727552717312786e+00
4.300058787827202439e-02 9.601881210470475025e+02 1.472525000600720890e+00
4.310058787827205501e-02 9.921881210470573933e+02 1.504820029099098955e+00
4.320058787827208563e-02 1.024188121047067170e+03 1.536539329401965359e+00
4.330058787827211625e-02 1.056188121047076947e+03 1.567693829860598687e+00
4.340530787827209802e-02 1.089698521047070926e+03 1.599804531190598622e+00
4.350668387827211214e-02 1.122138841047075630e+03 1.630600841409438839e+00
4.360805987827210545e-02 1.154579161047073512e+03 1.661301865364990249e+00
4.370021987827209936e-02 1.184070361047071628e+03 1.689267529052673300e+00
4.380708387827211836e-02 1.218266841047077605e+03 1.721948654503687282e+00
4.390708387827214898e-02 1.250266841047087382e+03 1.752883421549996212e+00
4.400708387827217960e-02 1.282266841047097159e+03 1.784129462599226335e+00
4.410708387827221022e-02 1.314266841047106936e+03 1.815592871837344191e+00
4.420708387827224084e-02 1.346266841047116714e+03 1.846981068175862051e+00
4.430708387827227146e-02 1.378266841047126491e+03 1.878077701268942024e+00
4.440708387827230208e-02 1.410266841047136268e+03 1.908728924756246892e+00
4.450708387827233270e-02 1.442266841047146045e+03 1.938774701264317724e+00
4.460708387827236332e-02 1.474266841047155822e+03 1.968181946901782720e+00
4.470708387827239394e-02 1.506266841047165599e+03 1.997040731159179128e+00
4.480708387827242456e-02 1.538266841047175603e+03 2.025537779754328582e+00
4.490708387827245518e-02 1.570266841047185380e+03 2.053959799708410916e+00
4.500708387827248580e-02 1.602266841047195157e+03 2.082538081828842369e+00
4.510708387827251642e-02 1.634266841047205162e+03 2.111415638211494361e+00
4.520708387827254704e-02 1.666266841047214712e+03 2.140716155071460403e+00
4.530708387827257766e-02 1.698266841047224716e+03 2.170397389674020960e+00
4.540708387827260828e-02 1.730266841047234266e+03 2.200302172112312604e+00
4.550644387827258719e-02 1.762062041047227694e+03 2.230042918829748366e+00
4.560474787827260845e-02 1.793519321047234598e+03 2.260349381867862828e+00
4.570612387827260176e-02 1.825959641047232253e+03 2.292937255332791135e+00
4.580749987827259506e-02 1.858399961047230136e+03 2.325056338828563884e+00
4.590201187827259999e-02 1.888643801047231818e+03 2.354086765596764330e+00
4.600201187827263061e-02 1.920643801047241368e+03 2.383802526750482542e+00
4.610201187827266123e-02 1.952643801047251372e+03 2.412686868034284338e+00
4.620201187827269185e-02 1.984643801047261150e+03 2.441000127972893452e+00
4.630201187827272247e-02 2.016643801047270927e+03 2.468988413392767090e+00
4.640201187827275309e-02 2.048643801047280704e+03 2.496937950603513201e+00
4.650201187827278371e-02 2.080643801047290708e+03 2.525121836588054336e+00
4.660201187827281433e-02 2.112643801047300258e+03 2.553658873533048101e+00
4.670201187827284495e-02 2.144643801047310262e+03 2.582489066286417945e+00
4.680201187827287557e-02 2.176643801047319812e+03 2.611450758686731710e+00
4.690201187827290619e-02 2.208643801047329816e+03 2.640241057862500185e+00
4.700201187827293681e-02 2.240643801047339366e+03 2.668506598215274472e+00
4.710201187827296743e-02 2.272643801047349370e+03 2.696092365269886493e+00
4.720201187827299805e-02 2.304643801047358920e+03 2.722952319940522337e+00
4.730201187827302867e-02 2.336643801047368925e+03 2.749161630070138695e+00
4.740201187827305929e-02 2.368643801047378474e+03 2.774881308800095869e+00
4.750201187827308991e-02 2.400643801047388479e+03 2.800342046238134319e+00
4.760201187827312053e-02 2.432643801047398028e+03 2.825795184528292481e+00
4.770201187827315115e-02 2.464643801047408033e+03 2.851482172424378181e+00
4.780201187827318177e-02 2.496643801047417583e+03 2.877595268885225099e+00
4.790201187827321239e-02 2.528643801047427587e+03 2.904205538529539776e+00
4.800201187827324301e-02 2.560643801047437591e+03 2.931260911193926955e+00
4.810201187827327363e-02 2.592643801047447596e+03 2.958609709612116667e+00
4.820201187827330425e-02 2.624643801047457146e+03 2.986035285115640647e+00
4.830201187827333487e-02 2.656643801047467150e+03 3.013304427069741109e+00
4.840201187827336549e-02 2.688643801047476700e+03 3.040212633864202818e+00
4.850201187827339611e-02 2.720643801047486704e+03 3.066629396442049238e+00
4.860201187827342673e-02 2.752643801047496254e+03 3.092527249601553674e+00
4.870201187827345735e-02 2.784643801047506258e+03 3.117987142381166699e+00
4.880201187827348797e-02 2.816643801047515808e+03 3.143180232511230354e+00
4.890201187827351859e-02 2.848643801047525812e+03 3.168330843338173608e+00
4.900201187827354921e-02 2.880643801047535362e+03 3.193665688041606998e+00
4.910201187827357983e-02 2.912643801047545367e+03 3.219363375060821930e+00
4.920201187827361045e-02 2.944643801047554916e+03 3.245515434228190887e+00
4.930201187827364107e-02 2.976643801047564921e+03 3.272107231141977213e+00
4.940201187827367169e-02 3.008643801047574470e+03 3.299021248818898577e+00
4.950201187827370231e-02 3.040643801047584475e+03 3.326059042019010370e+00
4.960201187827373293e-02 3.072643801047594025e+03 3.352953669174403739e+00
4.970201187827376355e-02 3.104643801047604029e+03 3.379470559341847924e+00
4.980201187827379417e-02 3.136643801047613579e+03 3.405466181478687737e+00
4.990201187827382479e-02 3.168643801047623583e+03 3.430897290506616404e+00
5.000000000000000278e-02 3.200000000000000000e+03 3.455332258278043689e+00
