time torque_Nm angle_arcmin
0.000000000000000000e+00 0.000000000000000000e+00 0.000000000000000000e+00
1.009476748198116509e-04 3.230325594233972453e+01 3.271766783452307453e-02
2.012376705487454607e-04 6.439605457559855495e+01 9.117509308735008422e-02
3.024528475917699199e-04 9.678491122936637225e+01 2.097854784351914081e-01
4.014065399513037057e-04 1.284500927844171940e+02 3.770242516258851539e-01
5.001702969842154083e-04 1.600544950349489284e+02 4.658700955684833001e-01
6.006252058141402835e-04 1.922000658605248873e+02 4.930279935126288260e-01
7.034498411893982820e-04 2.251039491806074579e+02 5.198053008441891887e-01
8.009759530022098018e-04 2.563123049607071380e+02 5.536092248656290238e-01
9.000639801258973182e-04 2.880204736402871504e+02 5.951409851990934197e-01
1.003572691811141244e-03 3.211432613795652173e+02 6.406600056238097585e-01
1.101947371396798337e-03 3.526231588469754570e+02 6.811258586066702980e-01
1.202435745603244038e-03 3.847794385930380940e+02 7.186224652149021397e-01
1.302435745603244301e-03 4.167794385930381509e+02 7.534775417943758713e-01
1.402435745603244563e-03 4.487794385930382646e+02 7.868379873842304972e-01
1.502435745603244825e-03 4.807794385930383214e+02 8.194442312190323152e-01
1.602435745603245087e-03 5.127794385930384351e+02 8.520096744253864429e-01
1.702435745603245350e-03 5.447794385930384351e+02 8.852778753477297258e-01
1.802435745603245612e-03 5.767794385930385488e+02 9.194685314118586916e-01
1.902435745603245874e-03 6.087794385930386625e+02 9.546192886005793188e-01
2.002435745603246137e-03 6.407794385930387762e+02 9.905761769983807419e-01
2.102435745603246399e-03 6.727794385930388898e+02 1.027149277007435746e+00
2.202435745603246661e-03 7.047794385930390035e+02 1.063489863062091700e+00
2.306435745603247454e-03 7.380594385930392036e+02 1.100302439085401263e+00
2.400835745603248014e-03 7.682674385930394010e+02 1.133083211684879466e+00
2.506435745603245811e-03 8.020594385930387489e+02 1.169658636108708238e+00
2.604435745603244940e-03 8.334194385930383078e+02 1.203266195423569496e+00
2.704435745603245202e-03 8.654194385930385351e+02 1.237354156820629214e+00
2.804435745603245465e-03 8.974194385930385351e+02 1.271350784423195490e+00
2.904435745603245727e-03 9.294194385930385351e+02 1.304469791028245673e+00
3.000835745603246119e-03 9.602674385930387189e+02 1.335956748583863929e+00
3.104515745603247077e-03 9.934450385930390439e+02 1.369384697783843974e+00
3.207427745603245485e-03 1.026376878593038555e+03 1.403892621837566690e+00
3.303507745603244741e-03 1.057122478593038295e+03 1.436184212660960080e+00
3.403507745603245004e-03 1.089122478593038295e+03 1.469562496442841315e+00
3.503507745603245266e-03 1.121122478593038522e+03 1.502440225284204844e+00
3.603507745603245528e-03 1.153122478593038522e+03 1.534734615368517296e+00
3.703507745603245790e-03 1.185122478593038522e+03 1.566492273105958510e+00
3.803507745603246053e-03 1.217122478593038750e+03 1.597665990413434267e+00
3.903507745603246315e-03 1.249122478593038750e+03 1.628339446669497592e+00
4.003507745603242240e-03 1.281122478593037386e+03 1.658567084375565992e+00
4.103507745603238166e-03 1.313122478593036249e+03 1.688439628561759553e+00
4.203507745603234091e-03 1.345122478593034884e+03 1.718087714866657123e+00
4.303507745603230017e-03 1.377122478593033520e+03 1.747629705559552660e+00
4.403507745603225942e-03 1.409122478593032156e+03 1.777178057525993671e+00
4.503507745603221868e-03 1.441122478593031019e+03 1.806825825500852467e+00
4.603507745603217793e-03 1.473122478593029655e+03 1.836628256924435876e+00
4.703507745603213719e-03 1.505122478593028291e+03 1.866575640333257846e+00
4.803507745603209644e-03 1.537122478593026926e+03 1.896592551595086995e+00
4.903507745603205570e-03 1.569122478593025789e+03 1.926561342673746235e+00
5.003507745603201495e-03 1.601122478593024653e+03 1.956390302577592388e+00
5.103507745603197421e-03 1.633122478593023061e+03 1.986013165932842606e+00
5.203507745603193346e-03 1.665122478593021697e+03 2.015722427098018965e+00
5.303507745603189272e-03 1.697122478593020332e+03 2.047619611924773153e+00
5.403507745603185197e-03 1.729122478593019423e+03 2.079557204764041156e+00
5.503507745603181123e-03 1.761122478593018059e+03 2.110881265852393440e+00
5.603507745603177048e-03 1.793122478593016467e+03 2.141418379006704065e+00
5.703507745603172974e-03 1.825122478593015103e+03 2.171269324738690276e+00
5.803507745603168899e-03 1.857122478593014193e+03 2.200629189929261376e+00
5.903507745603164825e-03 1.889122478593012829e+03 2.229709028514304858e+00
6.003507745603160750e-03 1.921122478593011238e+03 2.258653293311419841e+00
6.103507745603156676e-03 1.953122478593009873e+03 2.287562250035247935e+00
6.203507745603152601e-03 1.985122478593008964e+03 2.316442539867468398e+00
6.303507745603148527e-03 2.017122478593007600e+03 2.345221108143269895e+00
6.403507745603144452e-03 2.049122478593006235e+03 2.373867775832994020e+00
6.503507745603140378e-03 2.081122478593004871e+03 2.402321778746572711e+00
6.603507745603136303e-03 2.113122478593003507e+03 2.430662641661620160e+00
6.703507745603132228e-03 2.145122478593002143e+03 2.458842864772340597e+00
6.803507745603128154e-03 2.177122478593000778e+03 2.486818838071012117e+00
6.903507745603124079e-03 2.209122478592999414e+03 2.514590965347052620e+00
7.003507745603120005e-03 2.241122478592998505e+03 2.542274945359989324e+00
7.103507745603115930e-03 2.273122478592997140e+03 2.569985607559616803e+00
7.203507745603111856e-03 2.305122478592995776e+03 2.597778984282606007e+00
7.303507745603107781e-03 2.337122478592994412e+03 2.625643989748361662e+00
7.403507745603103707e-03 2.369122478592993502e+03 2.653575767228667726e+00
7.503507745603099632e-03 2.401122478592991683e+03 2.681524241459177560e+00
7.603507745603095558e-03 2.433122478592990319e+03 2.709372171425503684e+00
7.703507745603091483e-03 2.465122478592988955e+03 2.737020347632053596e+00
7.803507745603087409e-03 2.497122478592988045e+03 2.764403107024396178e+00
7.903507745603083334e-03 2.529122478592986681e+03 2.791534638689047831e+00
8.003507745603079260e-03 2.561122478592985317e+03 2.818417779501885434e+00
8.103507745603075185e-03 2.593122478592983953e+03 2.845092133160983305e+00
8.203507745603071111e-03 2.625122478592983043e+03 2.871633560932460583e+00
8.303507745603067036e-03 2.657122478592981679e+03 2.898131942199068778e+00
8.403507745603062962e-03 2.689122478592979860e+03 2.924676904803075406e+00
8.503507745603058887e-03 2.721122478592978496e+03 2.951337227661023466e+00
8.603507745603054813e-03 2.753122478592977586e+03 2.978136984779560681e+00
8.703507745603050738e-03 2.785122478592976222e+03 3.005043132108750292e+00
8.803507745603046664e-03 2.817122478592974858e+03 3.031987363974664618e+00
8.903507745603042589e-03 2.849122478592973494e+03 3.058890985939598295e+00
9.003507745603038515e-03 2.881122478592972584e+03 3.085672707024750938e+00
9.103507745603034440e-03 2.913122478592971220e+03 3.112270236563510206e+00
9.203507745603030366e-03 2.945122478592969856e+03 3.138651204134875972e+00
9.303507745603026291e-03 2.977122478592968037e+03 3.164761518975254262e+00
9.403507745603022216e-03 3.009122478592967127e+03 3.190713958416100837e+00
9.503507745603018142e-03 3.041122478592965763e+03 3.216571681426525942e+00
9.603507745603014067e-03 3.073122478592964399e+03 3.242444867434629341e+00
9.703507745603009993e-03 3.105122478592963034e+03 3.268406707299271741e+00
9.803507745603005918e-03 3.137122478592962125e+03 3.294450081633906624e+00
9.903507745603001844e-03 3.169122478592960761e+03 3.320585571187955498e+00
1.000350774560299777e-02 3.198877521407040604e+03 3.346833576822141776e+00
1.010350774560299369e-02 3.166877521407041968e+03 3.367883472030568370e+00
1.020350774560298962e-02 3.134877521407043332e+03 3.377347758015830870e+00
1.030350774560298555e-02 3.102877521407044696e+03 3.377065899788696868e+00
1.040350774560298147e-02 3.070877521407046061e+03 3.369358555760154417e+00
1.050350774560297740e-02 3.038877521407047425e+03 3.356073552753819023e+00
1.060350774560297332e-02 3.006877521407048334e+03 3.338532886404085964e+00
1.070350774560296925e-02 2.974877521407049699e+03 3.317762071833239901e+00
1.080350774560296517e-02 2.942877521407051063e+03 3.294686204029245946e+00
1.090350774560296110e-02 2.910877521407052427e+03 3.269965930233068363e+00
1.100350774560295702e-02 2.878877521407053791e+03 3.244068372691749857e+00
1.110350774560295295e-02 2.846877521407055156e+03 3.217336015883645928e+00
1.120350774560294888e-02 2.814877521407056520e+03 3.190018244588830321e+00
1.130350774560294480e-02 2.782877521407057884e+03 3.162434377059582857e+00
1.140350774560294073e-02 2.750877521407058794e+03 3.134756812885192812e+00
1.150350774560293665e-02 2.718877521407060158e+03 3.107018590934810476e+00
1.160350774560293258e-02 2.686877521407061522e+03 3.079326659084089535e+00
1.170350774560292850e-02 2.654877521407062886e+03 3.051662412730659746e+00
1.180350774560292443e-02 2.622877521407064251e+03 3.023970076526895312e+00
1.190350774560292035e-02 2.590877521407065615e+03 2.996223187092748041e+00
1.200350774560291628e-02 2.558877521407066979e+03 2.968533732079475573e+00
1.210350774560291220e-02 2.526877521407068343e+03 2.941004883652170054e+00
1.220350774560290813e-02 2.494877521407069253e+03 2.913682923038520389e+00
1.230350774560290406e-02 2.462877521407070617e+03 2.886581549360126342e+00
1.240350774560289998e-02 2.430877521407071981e+03 2.859680728295983965e+00
1.250350774560289591e-02 2.398877521407073345e+03 2.832961829591488900e+00
1.260350774560289183e-02 2.366877521407074710e+03 2.806391605763460362e+00
1.270350774560288776e-02 2.334877521407076074e+03 2.779925249077084715e+00
1.280350774560288368e-02 2.302877521407077438e+03 2.753470322184805141e+00
1.290350774560287961e-02 2.270877521407078348e+03 2.726804966341197289e+00
1.300350774560287553e-02 2.238877521407079712e+03 2.699990602601667344e+00
1.310350774560287146e-02 2.206877521407081076e+03 2.673047545190669894e+00
1.320350774560286738e-02 2.174877521407082440e+03 2.645969882283244701e+00
1.330350774560286331e-02 2.142877521407083805e+03 2.618762148541248003e+00
1.340350774560285924e-02 2.110877521407085169e+03 2.591443394122547872e+00
1.350350774560285516e-02 2.078877521407086533e+03 2.564074664285653782e+00
1.360350774560285109e-02 2.046877521407087670e+03 2.536726345362341650e+00
1.370350774560284701e-02 2.014877521407089034e+03 2.509455637986165222e+00
1.380350774560284294e-02 1.982877521407090171e+03 2.482326216972421840e+00
1.390350774560283886e-02 1.950877521407091535e+03 2.455351614887116174e+00
1.400350774560283479e-02 1.918877521407092900e+03 2.428498372946925166e+00
1.410350774560283071e-02 1.886877521407094264e+03 2.401684590812710240e+00
1.420350774560282664e-02 1.854877521407095628e+03 2.374803349158983945e+00
1.430350774560282257e-02 1.822877521407097220e+03 2.347760734195012855e+00
1.440350774560281849e-02 1.790877521407098129e+03 2.320536195285720638e+00
1.450350774560281442e-02 1.758877521407099493e+03 2.293112638005799564e+00
1.460350774560281034e-02 1.726877521407100630e+03 2.265480386144430369e+00
1.470350774560280627e-02 1.694877521407101995e+03 2.237658998992466675e+00
1.480350774560280219e-02 1.662877521407103359e+03 2.209715364499304613e+00
1.490350774560279812e-02 1.630877521407104723e+03 2.181715270159650721e+00
1.500350774560279404e-02 1.598877521407106087e+03 2.153723561990321222e+00
1.510350774560278997e-02 1.566877521407107224e+03 2.125782611341607620e+00
1.520350774560278589e-02 1.534877521407108588e+03 2.097755750538251807e+00
1.530350774560278182e-02 1.502877521407109953e+03 2.067813642422043685e+00
1.540350774560277775e-02 1.470877521407111317e+03 2.037783924824493553e+00
1.550350774560277367e-02 1.438877521407112454e+03 2.008057720204327712e+00
1.560350774560276960e-02 1.406877521407113818e+03 1.978597040945863306e+00
1.570350774560276552e-02 1.374877521407115182e+03 1.949280353768294782e+00
1.580350774560276145e-02 1.342877521407116546e+03 1.919980507824373905e+00
1.590350774560275737e-02 1.310877521407117683e+03 1.890599714709534807e+00
1.600350774560275330e-02 1.278877521407119048e+03 1.861082005260622285e+00
1.610350774560274922e-02 1.246877521407120412e+03 1.831429590051868228e+00
1.620350774560274515e-02 1.214877521407121776e+03 1.801665892663038893e+00
1.630350774560274107e-02 1.182877521407122913e+03 1.771818920544701470e+00
1.640350774560273700e-02 1.150877521407124277e+03 1.741989087360722444e+00
1.650350774560273293e-02 1.118877521407125641e+03 1.712244631162402220e+00
1.660350774560272885e-02 1.086877521407127006e+03 1.682595288064123729e+00
1.670350774560272478e-02 1.054877521407128143e+03 1.652970286178655046e+00
1.680350774560272070e-02 1.022877521407129507e+03 1.623254121318879140e+00
1.690350774560271663e-02 9.908775214071308710e+02 1.593299908644299157e+00
1.700350774560271255e-02 9.588775214071322353e+02 1.563029824903709786e+00
1.710350774560270848e-02 9.268775214071332584e+02 1.532369902948932383e+00
1.720350774560270440e-02 8.948775214071347364e+02 1.501257976383579162e+00
1.730350774560270033e-02 8.628775214071361006e+02 1.469709721295840765e+00
1.740350774560269626e-02 8.308775214071374648e+02 1.437767206113179430e+00
1.750350774560269218e-02 7.988775214071384880e+02 1.405503220024348909e+00
1.760350774560268811e-02 7.668775214071398523e+02 1.373002072483528568e+00
1.770350774560268403e-02 7.348775214071413302e+02 1.340296714576123760e+00
1.780350774560267996e-02 7.028775214071426944e+02 1.307205852395318502e+00
1.790350774560267588e-02 6.708775214071437176e+02 1.273299304785799890e+00
1.800350774560267181e-02 6.388775214071450819e+02 1.239431425505964413e+00
1.810350774560266773e-02 6.068775214071465598e+02 1.205481970956816529e+00
1.820350774560266366e-02 5.748775214071479240e+02 1.171222629571832208e+00
1.830350774560265958e-02 5.428775214071489472e+02 1.136524102153612770e+00
1.840350774560265551e-02 5.108775214071503115e+02 1.101311954778485980e+00
1.850350774560265144e-02 4.788775214071517325e+02 1.065534406119110988e+00
1.860350774560264736e-02 4.468775214071530968e+02 1.029148086603286494e+00
1.870350774560264329e-02 4.148775214071541768e+02 9.921464486051713161e-01
1.880350774560263921e-02 3.828775214071555411e+02 9.546116237741029131e-01
1.890350774560263514e-02 3.508775214071569053e+02 9.166031824618212642e-01
1.900350774560263106e-02 3.188775214071583264e+02 8.785230868689978267e-01
1.910350774560262699e-02 2.868775214071593496e+02 8.404931516237055256e-01
1.920350774560262291e-02 2.548775214071607707e+02 8.028474112839971699e-01
1.930350774560261884e-02 2.228775214071621349e+02 7.651349262563714726e-01
1.940350774560261476e-02 1.908775214071635560e+02 7.265679568890117679e-01
1.950350774560261069e-02 1.588775214071645792e+02 6.861296822458989864e-01
1.960350774560260662e-02 1.268775214071659718e+02 6.429433085046443175e-01
1.970350774560260254e-02 9.487752140716736449e+01 5.955377122503409115e-01
1.980350774560259847e-02 6.287752140716875715e+01 5.435958063246160155e-01
1.990350774560259439e-02 3.087752140716979454e+01 4.864342897783081043e-01
2.000350774560259032e-02 -1.122478592828768384e+00 4.226078022666921452e-01
2.010402934560258023e-02 -3.328939059282554069e+01 3.488510046664398123e-01
2.020233334560257721e-02 -6.474667059282457160e+01 2.598160638167392733e-01
2.030534020896259187e-02 -9.770886686802926135e+01 1.183776075836862202e-01
2.040040806900984480e-02 -1.281305820831502160e+02 -1.052382745935741548e-01
2.050101094734314150e-02 -1.603235031498051342e+02 -4.413755524473395586e-01
2.060007563692851235e-02 -1.920242038171238050e+02 -7.585187270577973262e-01
2.070253501013545605e-02 -2.248112032433458012e+02 -8.883440018489092704e-01
2.080067774907591246e-02 -2.562168797042918413e+02 -9.778283332931435590e-01
2.090149772052109917e-02 -2.884792705667516088e+02 -1.039436607229071274e+00
2.100172249153791498e-02 -3.205511972921326560e+02 -1.087139940388630821e+00
2.110093331545496997e-02 -3.522986609455902567e+02 -1.133949522532957666e+00
2.120313918311294080e-02 -3.850045385961409465e+02 -1.182384907610694480e+00
2.130152637000125651e-02 -4.164884384004019466e+02 -1.228460735694792305e+00
2.140503508168651106e-02 -4.496112261396834242e+02 -1.274382352209751268e+00
2.150082696512748900e-02 -4.802646288407963766e+02 -1.311277865242514773e+00
2.160224392512748171e-02 -5.127180560407939538e+02 -1.345603779100479791e+00
2.170062656832748640e-02 -5.442005018647955694e+02 -1.376734982014194086e+00
2.180594554176750258e-02 -5.779025733656006878e+02 -1.405925328414052933e+00
2.190786712896751129e-02 -6.105174812696034223e+02 -1.432676966940056307e+00
2.200766874715375659e-02 -6.424539990892019432e+02 -1.459957263913951309e+00
2.210159968191729302e-02 -6.725118982135336410e+02 -1.487429481963181921e+00
2.220335819457778040e-02 -7.050746222648896264e+02 -1.520069986374405380e+00
2.230032366195953616e-02 -7.361035718270513826e+02 -1.553385844818349959e+00
2.240032366195953209e-02 -7.681035718270501320e+02 -1.588704977729046064e+00
2.250032366195952802e-02 -8.001035718270488815e+02 -1.623700108589281932e+00
2.260032366195952394e-02 -8.321035718270474035e+02 -1.657623960436011679e+00
2.270032366195951987e-02 -8.641035718270462667e+02 -1.690200105408880660e+00
2.280032366195951579e-02 -8.961035718270447887e+02 -1.721230986392561668e+00
2.290032366195951172e-02 -9.281035718270436519e+02 -1.751011537796765438e+00
2.300032366195950764e-02 -9.601035718270421739e+02 -1.780134509912783214e+00
2.310032366195950357e-02 -9.921035718270410371e+02 -1.809088877696761077e+00
2.320032366195949949e-02 -1.024103571827039559e+03 -1.838126770701004276e+00
2.330232366195950089e-02 -1.056743571827040114e+03 -1.867949447783372907e+00
2.340410926195949856e-02 -1.089314963827039492e+03 -1.897961856255150126e+00
2.350732846195948203e-02 -1.122345107827034099e+03 -1.928655260885982825e+00
2.360170030195949190e-02 -1.152544096627037106e+03 -1.956852963605245410e+00
2.370478446195949801e-02 -1.185531027827039225e+03 -1.987610008841828924e+00
2.380478446195949394e-02 -1.217531027827037860e+03 -2.017203303542019821e+00
2.390478446195948986e-02 -1.249531027827036723e+03 -2.046485591165203566e+00
2.400478446195948579e-02 -1.281531027827035359e+03 -2.075389602394857924e+00
2.410478446195948171e-02 -1.313531027827033995e+03 -2.103906694575852665e+00
2.420478446195947764e-02 -1.345531027827032631e+03 -2.132100512710648932e+00
2.430478446195947356e-02 -1.377531027827031494e+03 -2.160080841999818091e+00
2.440478446195946949e-02 -1.409531027827030130e+03 -2.187982362874599129e+00
2.450478446195946541e-02 -1.441531027827028765e+03 -2.215939408803601740e+00
2.460478446195946134e-02 -1.473531027827027401e+03 -2.244057793980088533e+00
2.470478446195945726e-02 -1.505531027827026264e+03 -2.272392910954838197e+00
2.480478446195945319e-02 -1.537531027827024900e+03 -2.300955767063394664e+00
2.490478446195944912e-02 -1.569531027827023536e+03 -2.329680822645084248e+00
2.500478446195944504e-02 -1.601531027827022399e+03 -2.358421109379894798e+00
2.510478446195944097e-02 -1.633531027827021035e+03 -2.387047596691475704e+00
2.520478446195943689e-02 -1.665531027827019670e+03 -2.415448770184218663e+00
2.530478446195943282e-02 -1.697531027827018306e+03 -2.443547426340512807e+00
2.540478446195942874e-02 -1.729531027827017169e+03 -2.471321528859201422e+00
2.550478446195942467e-02 -1.761531027827015805e+03 -2.498772233034841861e+00
2.560478446195942753e-02 -1.793531027827016487e+03 -2.525990370058623036e+00
2.570238446195942383e-02 -1.824763027827015549e+03 -2.552460050069408126e+00
2.580798446195940732e-02 -1.858555027827010235e+03 -2.581150907490344260e+00
2.590398446195939230e-02 -1.889275027827005260e+03 -2.607402317391920299e+00
2.600038446195937838e-02 -1.920123027827001124e+03 -2.633983559405268515e+00
2.610038446195937431e-02 -1.952123027826999532e+03 -2.661797646832917863e+00
2.620038446195937024e-02 -1.984123027826998168e+03 -2.689807557441357577e+00
2.630038446195936616e-02 -2.016123027826996804e+03 -2.717913888677556677e+00
2.640038446195936209e-02 -2.048123027826995894e+03 -2.745985705423640511e+00
2.650038446195935801e-02 -2.080123027826994530e+03 -2.773881550130024465e+00
2.660038446195935394e-02 -2.112123027826993166e+03 -2.801490379929134633e+00
2.670038446195934986e-02 -2.144123027826991802e+03 -2.828762616521244944e+00
2.680038446195934579e-02 -2.176123027826990437e+03 -2.855709544111298737e+00
2.690038446195934171e-02 -2.208123027826989073e+03 -2.882394519720915316e+00
2.700038446195933764e-02 -2.240123027826987709e+03 -2.908926975015133198e+00
2.710038446195933357e-02 -2.272123027826986345e+03 -2.935444374393523681e+00
2.720038446195932949e-02 -2.304123027826985435e+03 -2.962070624290352949e+00
2.730038446195932542e-02 -2.336123027826984071e+03 -2.988877875277471841e+00
2.740038446195932134e-02 -2.368123027826982707e+03 -3.015901740210161552e+00
2.750038446195931727e-02 -2.400123027826981343e+03 -3.043121775598630396e+00
2.760038446195931319e-02 -2.432123027826979978e+03 -3.070458925667293837e+00
2.770038446195930912e-02 -2.464123027826978614e+03 -3.097782392092431003e+00
2.780038446195930504e-02 -2.496123027826977250e+03 -3.124958208884070388e+00
2.790038446195930097e-02 -2.528123027826975886e+03 -3.151879386834775865e+00
2.800038446195929689e-02 -2.560123027826974976e+03 -3.178481595368921830e+00
2.810038446195929282e-02 -2.592123027826973612e+03 -3.204759776152582340e+00
2.820038446195928875e-02 -2.624123027826972248e+03 -3.230764313558297296e+00
2.830038446195928467e-02 -2.656123027826970883e+03 -3.256595827655005770e+00
2.840038446195928060e-02 -2.688123027826969519e+03 -3.282384501258842402e+00
2.850038446195927652e-02 -2.720123027826968155e+03 -3.308262148240353362e+00
2.860038446195927245e-02 -2.752123027826966791e+03 -3.334334863629115020e+00
2.870038446195926837e-02 -2.784123027826965426e+03 -3.360652037304534989e+00
2.880038446195926430e-02 -2.816123027826964517e+03 -3.387189492733953866e+00
2.890038446195926022e-02 -2.848123027826963153e+03 -3.413880124349781386e+00
2.900038446195925615e-02 -2.880123027826961788e+03 -3.440616195760949569e+00
2.910038446195925207e-02 -2.912123027826960424e+03 -3.467270371373194049e+00
2.920038446195924800e-02 -2.944123027826959515e+03 -3.493722664802866085e+00
2.930038446195924393e-02 -2.976123027826957696e+03 -3.519888792401901778e+00
2.940038446195923985e-02 -3.008123027826956331e+03 -3.545740504989166819e+00
2.950038446195923578e-02 -3.040123027826954967e+03 -3.571312134587459219e+00
2.960038446195923170e-02 -3.072123027826954058e+03 -3.596693009153731690e+00
2.970038446195922763e-02 -3.104123027826952693e+03 -3.622008655794652032e+00
2.980038446195922355e-02 -3.136123027826951329e+03 -3.647393728335163843e+00
2.990038446195921948e-02 -3.168123027826949965e+03 -3.672962916401333544e+00
3.000038446195921540e-02 -3.199876972173050945e+03 -3.698785032491984204e+00
3.010038446195921133e-02 -3.167876972173052309e+03 -3.720082854318885524e+00
3.020038446195920726e-02 -3.135876972173053218e+03 -3.730060170844934131e+00
3.030038446195920318e-02 -3.103876972173054583e+03 -3.730455779980849762e+00
3.040038446195919911e-02 -3.071876972173055947e+03 -3.723531092765497874e+00
3.050038446195919503e-02 -3.039876972173057311e+03 -3.710958387537300673e+00
3.060038446195919096e-02 -3.007876972173058221e+03 -3.693818187278781195e+00
3.070038446195918688e-02 -2.975876972173059585e+03 -3.673080555645654499e+00
3.080038446195918281e-02 -2.943876972173061404e+03 -3.649638527306262148e+00
3.090038446195917873e-02 -2.911876972173062768e+03 -3.624115937853856106e+00
3.100038446195917466e-02 -2.879876972173063677e+03 -3.597021039260559938e+00
3.110038446195917058e-02 -2.847876972173065042e+03 -3.568839554717988083e+00
3.120038446195916651e-02 -2.815876972173066406e+03 -3.540157457534020224e+00
3.130038446195917978e-02 -2.783876972173062313e+03 -3.511439682668156870e+00
3.140038446195921040e-02 -2.751876972173052309e+03 -3.482925491210597357e+00
3.150038446195924102e-02 -2.719876972173042304e+03 -3.454634571169080459e+00
3.160038446195927164e-02 -2.687876972173032755e+03 -3.426645257855997606e+00
3.170038446195930226e-02 -2.655876972173022750e+03 -3.398994750274876075e+00
3.180038446195933288e-02 -2.623876972173012746e+03 -3.371530609131424772e+00
3.190038446195936350e-02 -2.591876972173003196e+03 -3.344100650701574917e+00
3.200038446195939412e-02 -2.559876972172993646e+03 -3.316564971374952542e+00
3.210038446195942474e-02 -2.527876972172983642e+03 -3.288849764727067804e+00
3.220038446195945536e-02 -2.495876972172973637e+03 -3.261057278270716786e+00
3.230038446195948598e-02 -2.463876972172964088e+03 -3.233408317354564243e+00
3.240038446195951660e-02 -2.431876972172954538e+03 -3.206052105992098333e+00
3.250038446195954722e-02 -2.399876972172944534e+03 -3.179097842042731603e+00
3.260038446195957784e-02 -2.367876972172934529e+03 -3.152580167109675369e+00
3.270038446195960846e-02 -2.335876972172924980e+03 -3.126486089710596605e+00
3.280038446195963908e-02 -2.303876972172915430e+03 -3.100751965414389577e+00
3.290038446195966970e-02 -2.271876972172905425e+03 -3.075262707990779720e+00
3.300038446195970032e-02 -2.239876972172895421e+03 -3.049866517691678158e+00
3.310038446195973094e-02 -2.207876972172885871e+03 -3.024403027983328496e+00
3.320038446195976156e-02 -2.175876972172876322e+03 -2.998729043140360595e+00
3.330038446195979218e-02 -2.143876972172866317e+03 -2.972742453870258039e+00
3.340038446195982280e-02 -2.111876972172856313e+03 -2.946402675268580573e+00
3.350038446195985342e-02 -2.079876972172846763e+03 -2.919778645003303197e+00
3.360038446195988404e-02 -2.047876972172836986e+03 -2.892992732477448037e+00
3.370038446195991466e-02 -2.015876972172826981e+03 -2.866179880461688256e+00
3.380038446195994528e-02 -1.983876972172816977e+03 -2.839478232990832129e+00
3.390038446195997590e-02 -1.951876972172807427e+03 -2.813001408286490257e+00
3.400038446196000652e-02 -1.919876972172797650e+03 -2.786810938726890896e+00
3.410038446196003714e-02 -1.887876972172787646e+03 -2.760894503731020411e+00
3.420038446196006776e-02 -1.855876972172777869e+03 -2.735176428763247181e+00
3.430038446196009838e-02 -1.823876972172768092e+03 -2.709533682625897999e+00
3.440038446196012900e-02 -1.791876972172758542e+03 -2.683815176567515337e+00
3.450038446196015962e-02 -1.759876972172748538e+03 -2.657874132270158452e+00
3.460038446196019024e-02 -1.727876972172738533e+03 -2.631597205028630260e+00
3.470038446196022086e-02 -1.695876972172728983e+03 -2.604934579509686099e+00
3.480038446196025148e-02 -1.663876972172719434e+03 -2.577908614129281073e+00
3.490038446196028210e-02 -1.631876972172709429e+03 -2.550610076258093439e+00
3.500038446196031272e-02 -1.599876972172699652e+03 -2.523177708660096386e+00
3.510038446196034334e-02 -1.567876972172689875e+03 -2.495747715031148672e+00
3.520038446196037396e-02 -1.535876972172680098e+03 -2.468482539852967506e+00
3.530038446196040458e-02 -1.503876972172670094e+03 -2.441510156759501005e+00
3.540038446196043520e-02 -1.471876972172660544e+03 -2.414859531161069661e+00
3.550038446196046582e-02 -1.439876972172650540e+03 -2.388470978446708415e+00
3.560038446196049644e-02 -1.407876972172640990e+03 -2.362221481975781856e+00
3.570038446196052706e-02 -1.375876972172630985e+03 -2.335944047203871499e+00
3.580038446196055768e-02 -1.343876972172621436e+03 -2.309468828826401143e+00
3.590038446196058830e-02 -1.311876972172611431e+03 -2.282646089066607153e+00
3.600038446196061892e-02 -1.279876972172601654e+03 -2.255408302043361068e+00
3.610038446196064954e-02 -1.247876972172591877e+03 -2.227803736687262059e+00
3.620038446196068016e-02 -1.215876972172582100e+03 -2.199918543494712608e+00
3.630038446196071078e-02 -1.183876972172572096e+03 -2.171872424953702474e+00
3.640038446196074140e-02 -1.151876972172562546e+03 -2.143818763371888814e+00
3.650038446196077202e-02 -1.119876972172552541e+03 -2.115906701489399744e+00
3.660038446196080264e-02 -1.087876972172542992e+03 -2.088246678080462271e+00
3.670038446196083326e-02 -1.055876972172532987e+03 -2.060875199929652180e+00
3.680038446196086388e-02 -1.023876972172523438e+03 -2.033745073061637765e+00
3.690038446196089450e-02 -9.918769721725134332e+02 -2.006746718112512262e+00
3.700038446196092512e-02 -9.598769721725037698e+02 -1.979731566696791401e+00
3.710038446196095574e-02 -9.278769721724937654e+02 -1.952557686253500790e+00
3.720038446196098636e-02 -8.958769721724842157e+02 -1.925056450634110350e+00
3.730038446196101698e-02 -8.638769721724742112e+02 -1.897080507324806042e+00
3.740038446196104760e-02 -8.318769721724645478e+02 -1.868608135409499882e+00
3.750038446196107822e-02 -7.998769721724546571e+02 -1.839709597754348280e+00
3.760038446196110884e-02 -7.678769721724449937e+02 -1.810518187170575777e+00
3.770038446196113946e-02 -7.358769721724349893e+02 -1.781203406074637785e+00
3.780038446196117008e-02 -7.038769721724254396e+02 -1.751933949987765970e+00
3.790038446196120070e-02 -6.718769721724154351e+02 -1.722830423767150787e+00
3.800038446196123132e-02 -6.398769721724057717e+02 -1.693939650920541107e+00
3.810038446196126194e-02 -6.078769721723958810e+02 -1.665170579613892032e+00
3.820038446196129256e-02 -5.758769721723862176e+02 -1.636383029452354698e+00
3.830038446196132318e-02 -5.438769721723762132e+02 -1.607390340866347467e+00
3.840038446196135380e-02 -5.118769721723666066e+02 -1.577984029104130714e+00
3.850038446196138442e-02 -4.798769721723566590e+02 -1.547909913394043713e+00
3.860038446196141504e-02 -4.478769721723469956e+02 -1.516977778584205572e+00
3.870038446196144566e-02 -4.158769721723370481e+02 -1.485067243326735564e+00
3.880038446196147628e-02 -3.838769721723274415e+02 -1.452133898304998505e+00
3.890038446196150690e-02 -3.518769721723174371e+02 -1.418134474400913891e+00
3.900038446196153752e-02 -3.198769721723078305e+02 -1.383035580927215236e+00
3.910038446196156814e-02 -2.878769721722978261e+02 -1.346917987687364926e+00
3.920038446196159876e-02 -2.558769721722882196e+02 -1.309564277666883214e+00
3.930038446196162938e-02 -2.238769721722782435e+02 -1.270352582592931157e+00
3.940038446196166000e-02 -1.918769721722686086e+02 -1.228855036035553683e+00
3.950038446196169062e-02 -1.598769721722586610e+02 -1.184721720307837067e+00
3.960038446196172124e-02 -1.278769721722490260e+02 -1.137870913109277238e+00
3.970038446196175186e-02 -9.587697217223905000e+01 -1.089020872524706363e+00
3.980038446196178248e-02 -6.387697217222942925e+01 -1.038139383553426498e+00
3.990038446196181310e-02 -3.187697217221945323e+01 -9.849068189445528976e-01
4.000038446196184372e-02 1.230278277897234318e-01 -9.284939973654440237e-01
4.010038446196187434e-02 3.212302782779951826e+01 -8.675484427301031198e-01
4.020638446196189708e-02 6.604302782780679593e+01 -7.935330175418729981e-01
4.030558446196189082e-02 9.778702782780479197e+01 -7.039672956736805487e-01
4.040542446196190851e-02 1.297358278278104535e+02 -5.660930773828298790e-01
4.050125686229167493e-02 1.604021959333357188e+02 -3.699466835642382656e-01
4.060022125481724253e-02 1.920708015415173406e+02 -1.269676337815280609e-01
4.070028161782289489e-02 2.240901177033260865e+02 1.154594026236853699e-01
4.080006574220710475e-02 2.560210375062732737e+02 3.334077504270079317e-01
4.090134135633405332e-02 2.884292340268967791e+02 4.757663724639081271e-01
4.100077672995795092e-02 3.202485535865440056e+02 5.734174951408607113e-01
4.110067996485921443e-02 3.522175887549483377e+02 6.434626496658575334e-01
4.120014372170575229e-02 3.840459909458404582e+02 6.892050552322991352e-01
4.130124570513564464e-02 4.163986256434060351e+02 7.305087701856525229e-01
4.140002237811250818e-02 4.480071609960023693e+02 7.727288070830271582e-01
4.150191596018160123e-02 4.806131072581121089e+02 8.122904724721569103e-01
4.160518471670186097e-02 5.136591093445952083e+02 8.484278031646448337e-01
4.170518292258176135e-02 5.456585352261633943e+02 8.796811413674037183e-01
4.180260088842425309e-02 5.768322842957607008e+02 9.095680850100734682e-01
4.190260088842427677e-02 6.088322842957683179e+02 9.412347177256017439e-01
4.200020088842427307e-02 6.400642842957671519e+02 9.727656025142483731e-01
4.210394232842425838e-02 6.732615450957623580e+02 1.006466991286695922e+00
4.220680763402428343e-02 7.061784428877704158e+02 1.041519016187311131e+00
4.230174229002429953e-02 7.365575328077756012e+02 1.074658793102109877e+00
4.240174229002433015e-02 7.685575328077853783e+02 1.109616891996491717e+00
4.250174229002436077e-02 8.005575328077950417e+02 1.145258785261054957e+00
4.260174229002439139e-02 8.325575328078049324e+02 1.180975967253551362e+00
4.270174229002442201e-02 8.645575328078147095e+02 1.216478258952174540e+00
4.280174229002445263e-02 8.965575328078244866e+02 1.251597275150575506e+00
4.290523029002443756e-02 9.296736928078196343e+02 1.286708844551007536e+00
4.300599189002445033e-02 9.619174048078238002e+02 1.320060973662828374e+00
4.310626197002447035e-02 9.940038304078301508e+02 1.352958666765551321e+00
4.320588821002448870e-02 1.025884227207836147e+03 1.385601847071805004e+00
4.330588821002451932e-02 1.057884227207845925e+03 1.419704132222556758e+00
4.340588821002453607e-02 1.089884227207851382e+03 1.453489175232973496e+00
4.350188821002452105e-02 1.120604227207846407e+03 1.485160719679230024e+00
4.360988821002453192e-02 1.155164227207849990e+03 1.520305560913354892e+00
4.370988821002456254e-02 1.187164227207859767e+03 1.552413365273362933e+00
4.380988821002459316e-02 1.219164227207869544e+03 1.584324864174506020e+00
4.390988821002462378e-02 1.251164227207879321e+03 1.616167907319578712e+00
4.400988821002465440e-02 1.283164227207889098e+03 1.647975876805215512e+00
4.410988821002468502e-02 1.315164227207898875e+03 1.679716342725837031e+00
4.420988821002471564e-02 1.347164227207908652e+03 1.711292769578056427e+00
4.430988821002474626e-02 1.379164227207918429e+03 1.742567206393869972e+00
4.440988821002477688e-02 1.411164227207928434e+03 1.773420042013514886e+00
4.450988821002480750e-02 1.443164227207938211e+03 1.803791562979541796e+00
4.460988821002483812e-02 1.475164227207947988e+03 1.833706478601324408e+00
4.470988821002486874e-02 1.507164227207957765e+03 1.863251756163254003e+00
4.480988821002489936e-02 1.539164227207967542e+03 1.892562552900908024e+00
4.490988821002492998e-02 1.571164227207977319e+03 1.921778461518409920e+00
4.500988821002496060e-02 1.603164227207987096e+03 1.951070873527504190e+00
4.510988821002499122e-02 1.635164227207996646e+03 1.980585465349316898e+00
4.520988821002502184e-02 1.667164227208006650e+03 2.010387921717523785e+00
4.530988821002505246e-02 1.699164227208016428e+03 2.042367982975202167e+00
4.540988821002508308e-02 1.731164227208026205e+03 2.075713425958096714e+00
4.550988821002511370e-02 1.763164227208035982e+03 2.108778185269270189e+00
4.560988821002514432e-02 1.795164227208045986e+03 2.140980856985681857e+00
4.570988821002517494e-02 1.827164227208055536e+03 2.172091547942617495e+00
4.580988821002520556e-02 1.859164227208065540e+03 2.202109430587773975e+00
4.590988821002523618e-02 1.891164227208075090e+03 2.231164125381935648e+00
4.600988821002526680e-02 1.923164227208085094e+03 2.259492298557244983e+00
4.610988821002529742e-02 1.955164227208094644e+03 2.287404950223201894e+00
4.620988821002532804e-02 1.987164227208104649e+03 2.315210900449563347e+00
4.630988821002535866e-02 2.019164227208114426e+03 2.343101464622642016e+00
4.640988821002538928e-02 2.051164227208124430e+03 2.371289345361272005e+00
4.650988821002541990e-02 2.083164227208133980e+03 2.399897038251684211e+00
4.660988821002545052e-02 2.115164227208143984e+03 2.428870914829445837e+00
4.670988821002548114e-02 2.147164227208153534e+03 2.458056252362917249e+00
4.680988821002551176e-02 2.179164227208163538e+03 2.487294751910708257e+00
4.690988821002554238e-02 2.211164227208173088e+03 2.516378882280331908e+00
4.700988821002557300e-02 2.243164227208183092e+03 2.545076748274685219e+00
4.710988821002560362e-02 2.275164227208192642e+03 2.573264096270623469e+00
4.720988821002563424e-02 2.307164227208202647e+03 2.600896977705270618e+00
4.730988821002566486e-02 2.339164227208212196e+03 2.628045327649652041e+00
4.740988821002569548e-02 2.371164227208222201e+03 2.654909582678342872e+00
4.750988821002572610e-02 2.403164227208231750e+03 2.681657135293475047e+00
4.760988821002575672e-02 2.435164227208241755e+03 2.708419047193810769e+00
4.770988821002578734e-02 2.467164227208251305e+03 2.735359491375309204e+00
4.780988821002581796e-02 2.499164227208261309e+03 2.762574876562131632e+00
4.790988821002584858e-02 2.531164227208271313e+03 2.790092563507791557e+00
4.800988821002587920e-02 2.563164227208280863e+03 2.817837299015041985e+00
4.810988821002590982e-02 2.595164227208290868e+03 2.845663215735122709e+00
4.820988821002594044e-02 2.627164227208300872e+03 2.873382056408711804e+00
4.830988821002597106e-02 2.659164227208310422e+03 2.900820135170921965e+00
4.840988821002600168e-02 2.691164227208320426e+03 2.927871950087608699e+00
4.850988821002603230e-02 2.723164227208329976e+03 2.954468450391521284e+00
4.860988821002606292e-02 2.755164227208339980e+03 2.980648791411912857e+00
4.870988821002609354e-02 2.787164227208349530e+03 3.006522546580496780e+00
4.880988821002612416e-02 2.819164227208359534e+03 3.032253934434992804e+00
4.890988821002615478e-02 2.851164227208369084e+03 3.058031032397607873e+00
4.900988821002618540e-02 2.883164227208379089e+03 3.083987274055119077e+00
4.910988821002621602e-02 2.915164227208388638e+03 3.110320863044856221e+00
4.920988821002624664e-02 2.947164227208398643e+03 3.137007199221546028e+00
4.930988821002627726e-02 2.979164227208408192e+03 3.163990574689967250e+00
4.940988821002630788e-02 3.011164227208418197e+03 3.191135670945435709e+00
4.950988821002633850e-02 3.043164227208427747e+03 3.218220310244762850e+00
4.960988821002636912e-02 3.075164227208437751e+03 3.245143891077531872e+00
4.970988821002639974e-02 3.107164227208447301e+03 3.271697068554942245e+00
4.980988821002643036e-02 3.139164227208457305e+03 3.297833471643521808e+00
4.990988821002646098e-02 3.171164227208466855e+03 3.323560238876015926e+00
5.000000000000000278e-02 3.200000000000000000e+03 3.346433799336266723e+00
