time R11 R12 R13 R21 R22 R23 R31 R32 R33
0.000000000000000000e+00 1.000000000000000000e+00 -0.000000000000000000e+00 0.000000000000000000e+00 0.000000000000000000e+00 1.000000000000000000e+00 -0.000000000000000000e+00 0.000000000000000000e+00 0.000000000000000000e+00 1.000000000000000000e+00
5.040000000000002811e-03 9.999999203965483918e-01 -3.990073891596773530e-04 0.000000000000000000e+00 3.990073891596773530e-04 9.999999203965483918e-01 -0.000000000000000000e+00 0.000000000000000000e+00 0.000000000000000000e+00 1.000000000000000000e+00
1.016000000000001104e-02 9.999986854276448067e-01 -1.621463222601379891e-03 0.000000000000000000e+00 1.621463222601379891e-03 9.999986854276448067e-01 -0.000000000000000000e+00 0.000000000000000000e+00 0.000000000000000000e+00 1.000000000000000000e+00
1.516000000000002415e-02 9.999934836246539005e-01 -3.610084241259254277e-03 0.000000000000000000e+00 3.610084241259254277e-03 9.999934836246539005e-01 -0.000000000000000000e+00 0.000000000000000000e+00 0.000000000000000000e+00 1.000000000000000000e+00
2.015999999999999737e-02 9.999796215853670178e-01 -6.384075029824620544e-03 0.000000000000000000e+00 6.384075029824620544e-03 9.999796215853670178e-01 -0.000000000000000000e+00 0.000000000000000000e+00 0.000000000000000000e+00 1.000000000000000000e+00
2.503999999999999629e-02 9.999514997981626685e-01 -9.848758876391784656e-03 0.000000000000000000e+00 9.848758876391784656e-03 9.999514997981626685e-01 -0.000000000000000000e+00 0.000000000000000000e+00 0.000000000000000000e+00 1.000000000000000000e+00
3.006304000000002349e-02 9.998992293539149534e-01 -1.419616629401321446e-02 0.000000000000000000e+00 1.419616629401321446e-02 9.998992293539149534e-01 -0.000000000000000000e+00 0.000000000000000000e+00 0.000000000000000000e+00 1.000000000000000000e+00
3.506303999999999671e-02 9.998135362003267579e-01 -1.931043320586902159e-02 0.000000000000000000e+00 1.931043320586902159e-02 9.998135362003267579e-01 -0.000000000000000000e+00 0.000000000000000000e+00 0.000000000000000000e+00 1.000000000000000000e+00
4.010303999999997870e-02 9.996809227479059867e-01 -2.525970494474894315e-02 0.000000000000000000e+00 2.525970494474894315e-02 9.996809227479059867e-01 -0.000000000000000000e+00 0.000000000000000000e+00 0.000000000000000000e+00 1.000000000000000000e+00
4.502481407999994745e-02 9.994930317376859996e-01 -3.183833393582824467e-02 0.000000000000000000e+00 3.183833393582824467e-02 9.994930317376859996e-01 -0.000000000000000000e+00 0.000000000000000000e+00 0.000000000000000000e+00 1.000000000000000000e+00
5.006602187735023635e-02 9.992249566574579189e-01 -3.936351093210237184e-02 0.000000000000000000e+00 3.936351093210237184e-02 9.992249566574579189e-01 -0.000000000000000000e+00 0.000000000000000000e+00 0.000000000000000000e+00 1.000000000000000000e+00
5.506565243169649071e-02 9.988659014128243863e-01 -4.761208874588473972e-02 0.000000000000000000e+00 4.761208874588473972e-02 9.988659014128243863e-01 -0.000000000000000000e+00 0.000000000000000000e+00 0.000000000000000000e+00 1.000000000000000000e+00
6.006565243169646046e-02 9.983945443519428586e-01 -5.664215575237826344e-02 0.000000000000000000e+00 5.664215575237826344e-02 9.983945443519428586e-01 -0.000000000000000000e+00 0.000000000000000000e+00 0.000000000000000000e+00 1.000000000000000000e+00
6.506565243169651347e-02 9.977896713125553596e-01 -6.645127404333864285e-02 0.000000000000000000e+00 6.645127404333864285e-02 9.977896713125553596e-01 -0.000000000000000000e+00 0.000000000000000000e+00 0.000000000000000000e+00 1.000000000000000000e+00
7.006565243169665669e-02 9.970282298317825198e-01 -7.703706197994762694e-02 0.000000000000000000e+00 7.703706197994762694e-02 9.970282298317825198e-01 -0.000000000000000000e+00 0.000000000000000000e+00 0.000000000000000000e+00 1.000000000000000000e+00
7.500716985571748152e-02 9.960975423092146563e-01 -8.825919898538669983e-02 0.000000000000000000e+00 8.825919898538669983e-02 9.960975423092146563e-01 -0.000000000000000000e+00 0.000000000000000000e+00 0.000000000000000000e+00 1.000000000000000000e+00
8.006459173078016300e-02 9.949347048913388392e-01 -1.005232958213382183e-01 0.000000000000000000e+00 1.005232958213382183e-01 9.949347048913388392e-01 -0.000000000000000000e+00 0.000000000000000000e+00 0.000000000000000000e+00 1.000000000000000000e+00
8.503531610322165313e-02 9.935562287839851958e-01 -1.133402851793883503e-01 0.000000000000000000e+00 1.133402851793883503e-01 9.935562287839851958e-01 -0.000000000000000000e+00 0.000000000000000000e+00 0.000000000000000000e+00 1.000000000000000000e+00
9.003531610322179635e-02 9.919039263935973683e-01 -1.269905539989674148e-01 0.000000000000000000e+00 1.269905539989674148e-01 9.919039263935973683e-01 -0.000000000000000000e+00 0.000000000000000000e+00 0.000000000000000000e+00 1.000000000000000000e+00
9.503531610322193957e-02 9.899533491676437702e-01 -1.413943650636937388e-01 0.000000000000000000e+00 1.413943650636937388e-01 9.899533491676437702e-01 -0.000000000000000000e+00 0.000000000000000000e+00 0.000000000000000000e+00 1.000000000000000000e+00
1.000353161032220828e-01 9.876709752314057900e-01 -1.565440662735060051e-01 0.000000000000000000e+00 1.565440662735060051e-01 9.876709752314057900e-01 -0.000000000000000000e+00 0.000000000000000000e+00 0.000000000000000000e+00 1.000000000000000000e+00
1.050353161032222260e-01 9.850216495754737789e-01 -1.724307103378409922e-01 0.000000000000000000e+00 1.724307103378409922e-01 9.850216495754737789e-01 -0.000000000000000000e+00 0.000000000000000000e+00 0.000000000000000000e+00 1.000000000000000000e+00
1.100353161032223692e-01 9.819686331150001557e-01 -1.890439197071901167e-01 0.000000000000000000e+00 1.890439197071901167e-01 9.819686331150001557e-01 -0.000000000000000000e+00 0.000000000000000000e+00 0.000000000000000000e+00 1.000000000000000000e+00
1.150106671496939903e-01 9.784920372509138264e-01 -2.062845923392156722e-01 0.000000000000000000e+00 2.062845923392156722e-01 9.784920372509138264e-01 -0.000000000000000000e+00 0.000000000000000000e+00 0.000000000000000000e+00 1.000000000000000000e+00
1.200356368753792147e-01 9.744967292196253794e-01 -2.244017039602249630e-01 0.000000000000000000e+00 2.244017039602249630e-01 9.744967292196253794e-01 -0.000000000000000000e+00 0.000000000000000000e+00 0.000000000000000000e+00 1.000000000000000000e+00
1.251313396905049946e-01 9.699057363737730864e-01 -2.434807231573977715e-01 0.000000000000000000e+00 2.434807231573977715e-01 9.699057363737730864e-01 -0.000000000000000000e+00 0.000000000000000000e+00 0.000000000000000000e+00 1.000000000000000000e+00
1.300724042017256665e-01 9.648930751588579158e-01 -2.626430153468446993e-01 0.000000000000000000e+00 2.626430153468446993e-01 9.648930751588579158e-01 -0.000000000000000000e+00 0.000000000000000000e+00 0.000000000000000000e+00 1.000000000000000000e+00
1.350084042017255515e-01 9.592915881098031949e-01 -2.824175082776776424e-01 0.000000000000000000e+00 2.824175082776776424e-01 9.592915881098031949e-01 -0.000000000000000000e+00 0.000000000000000000e+00 0.000000000000000000e+00 1.000000000000000000e+00
1.401524042017256444e-01 9.527758894694902114e-01 -3.036743394586084999e-01 0.000000000000000000e+00 3.036743394586084999e-01 9.527758894694902114e-01 -0.000000000000000000e+00 0.000000000000000000e+00 0.000000000000000000e+00 1.000000000000000000e+00
1.451524042017257876e-01 9.457326002775389151e-01 -3.249459166881238370e-01 0.000000000000000000e+00 3.249459166881238370e-01 9.457326002775389151e-01 -0.000000000000000000e+00 0.000000000000000000e+00 0.000000000000000000e+00 1.000000000000000000e+00
1.501524042017259308e-01 9.379423903849875011e-01 -3.467911076121990566e-01 0.000000000000000000e+00 3.467911076121990566e-01 9.379423903849875011e-01 -0.000000000000000000e+00 0.000000000000000000e+00 0.000000000000000000e+00 1.000000000000000000e+00
1.551524042017260741e-01 9.293579950661197131e-01 -3.691797895425507625e-01 0.000000000000000000e+00 3.691797895425507625e-01 9.293579950661197131e-01 -0.000000000000000000e+00 0.000000000000000000e+00 0.000000000000000000e+00 1.000000000000000000e+00
1.601959242017258755e-01 9.198457310654748476e-01 -3.922802965235724915e-01 0.000000000000000000e+00 3.922802965235724915e-01 9.198457310654748476e-01 -0.000000000000000000e+00 0.000000000000000000e+00 0.000000000000000000e+00 1.000000000000000000e+00
1.651959242017260188e-01 9.095212537566614852e-01 -4.156574177912747414e-01 0.000000000000000000e+00 4.156574177912747414e-01 9.095212537566614852e-01 -0.000000000000000000e+00 0.000000000000000000e+00 0.000000000000000000e+00 1.000000000000000000e+00
1.700359242017260575e-01 8.986333607070231544e-01 -4.387004479418741831e-01 0.000000000000000000e+00 4.387004479418741831e-01 8.986333607070231544e-01 -0.000000000000000000e+00 0.000000000000000000e+00 0.000000000000000000e+00 1.000000000000000000e+00
1.750646880954856988e-01 8.863419685226433531e-01 -4.630312244713153391e-01 0.000000000000000000e+00 4.630312244713153391e-01 8.863419685226433531e-01 -0.000000000000000000e+00 0.000000000000000000e+00 0.000000000000000000e+00 1.000000000000000000e+00
1.801082574537603564e-01 8.729639158941631116e-01 -4.877847901961772648e-01 0.000000000000000000e+00 4.877847901961772648e-01 8.729639158941631116e-01 -0.000000000000000000e+00 0.000000000000000000e+00 0.000000000000000000e+00 1.000000000000000000e+00
1.850519811928144354e-01 8.587827875176436976e-01 -5.123398519180655253e-01 0.000000000000000000e+00 5.123398519180655253e-01 8.587827875176436976e-01 -0.000000000000000000e+00 0.000000000000000000e+00 0.000000000000000000e+00 1.000000000000000000e+00
1.900231811928143888e-01 8.434108715120125499e-01 -5.372691148906176828e-01 0.000000000000000000e+00 5.372691148906176828e-01 8.434108715120125499e-01 -0.000000000000000000e+00 0.000000000000000000e+00 0.000000000000000000e+00 1.000000000000000000e+00
1.950231811928145320e-01 8.267798999712151486e-01 -5.625255523117039802e-01 0.000000000000000000e+00 5.625255523117039802e-01 8.267798999712151486e-01 -0.000000000000000000e+00 0.000000000000000000e+00 0.000000000000000000e+00 1.000000000000000000e+00
2.000231811928146752e-01 8.089313738549132049e-01 -5.879030807822006599e-01 0.000000000000000000e+00 5.879030807822006599e-01 8.089313738549132049e-01 -0.000000000000000000e+00 0.000000000000000000e+00 0.000000000000000000e+00 1.000000000000000000e+00
2.050231811928148185e-01 7.900657330219101881e-01 -6.130221345959309120e-01 0.000000000000000000e+00 6.130221345959309120e-01 7.900657330219101881e-01 -0.000000000000000000e+00 0.000000000000000000e+00 0.000000000000000000e+00 1.000000000000000000e+00
2.100231811928149062e-01 7.704203926962069904e-01 -6.375362095738739132e-01 0.000000000000000000e+00 6.375362095738739132e-01 7.704203926962069904e-01 -0.000000000000000000e+00 0.000000000000000000e+00 0.000000000000000000e+00 1.000000000000000000e+00
2.151351811928149116e-01 7.495491016660575934e-01 -6.619487474054212006e-01 0.000000000000000000e+00 6.619487474054212006e-01 7.495491016660575934e-01 -0.000000000000000000e+00 0.000000000000000000e+00 0.000000000000000000e+00 1.000000000000000000e+00
2.201351811928150548e-01 7.283869318046443109e-01 -6.851660219072578384e-01 0.000000000000000000e+00 6.851660219072578384e-01 7.283869318046443109e-01 -0.000000000000000000e+00 0.000000000000000000e+00 0.000000000000000000e+00 1.000000000000000000e+00
2.251351811928151980e-01 7.065059319807593941e-01 -7.077071202665681238e-01 0.000000000000000000e+00 7.077071202665681238e-01 7.065059319807593941e-01 -0.000000000000000000e+00 0.000000000000000000e+00 0.000000000000000000e+00 1.000000000000000000e+00
2.301351811928153412e-01 6.839276960995046561e-01 -7.295497971406913473e-01 0.000000000000000000e+00 7.295497971406913473e-01 6.839276960995046561e-01 -0.000000000000000000e+00 0.000000000000000000e+00 0.000000000000000000e+00 1.000000000000000000e+00
2.351351811928154845e-01 6.606745061537907526e-01 -7.506724964446510606e-01 0.000000000000000000e+00 7.506724964446510606e-01 6.606745061537907526e-01 -0.000000000000000000e+00 0.000000000000000000e+00 0.000000000000000000e+00 1.000000000000000000e+00
2.401351811928156277e-01 6.367693102347030676e-01 -7.710543726244087903e-01 0.000000000000000000e+00 7.710543726244087903e-01 6.367693102347030676e-01 -0.000000000000000000e+00 0.000000000000000000e+00 0.000000000000000000e+00 1.000000000000000000e+00
2.451351811928157709e-01 6.122356998845042142e-01 -7.906753112289086616e-01 0.000000000000000000e+00 7.906753112289086616e-01 6.122356998845042142e-01 -0.000000000000000000e+00 0.000000000000000000e+00 0.000000000000000000e+00 1.000000000000000000e+00
2.500951811928157076e-01 5.873013218189409024e-01 -8.093683694027861142e-01 0.000000000000000000e+00 8.093683694027861142e-01 5.873013218189409024e-01 -0.000000000000000000e+00 0.000000000000000000e+00 0.000000000000000000e+00 1.000000000000000000e+00
2.550551811928155055e-01 5.617965839407885742e-01 -8.272754065439517079e-01 0.000000000000000000e+00 8.272754065439517079e-01 5.617965839407885742e-01 -0.000000000000000000e+00 0.000000000000000000e+00 0.000000000000000000e+00 1.000000000000000000e+00
2.600223516359697618e-01 5.357082127282962736e-01 -8.444031684068069588e-01 0.000000000000000000e+00 8.444031684068069588e-01 5.357082127282962736e-01 -0.000000000000000000e+00 0.000000000000000000e+00 0.000000000000000000e+00 1.000000000000000000e+00
2.651516683891717574e-01 5.082209315019720064e-01 -8.612267325061778722e-01 0.000000000000000000e+00 8.612267325061778722e-01 5.082209315019720064e-01 -0.000000000000000000e+00 0.000000000000000000e+00 0.000000000000000000e+00 1.000000000000000000e+00
2.701215720544855592e-01 4.810841582211067280e-01 -8.766744165930069332e-01 0.000000000000000000e+00 8.766744165930069332e-01 4.810841582211067280e-01 -0.000000000000000000e+00 0.000000000000000000e+00 0.000000000000000000e+00 1.000000000000000000e+00
2.751215720544850085e-01 4.533097633404630789e-01 -8.913530492796966076e-01 0.000000000000000000e+00 8.913530492796966076e-01 4.533097633404630789e-01 -0.000000000000000000e+00 0.000000000000000000e+00 0.000000000000000000e+00 1.000000000000000000e+00
2.800289000544844420e-01 4.256149820710314335e-01 -9.049043524244291259e-01 0.000000000000000000e+00 9.049043524244291259e-01 4.256149820710314335e-01 -0.000000000000000000e+00 0.000000000000000000e+00 0.000000000000000000e+00 1.000000000000000000e+00
2.850164895472209747e-01 3.970528028092553674e-01 -9.177957680123145501e-01 0.000000000000000000e+00 9.177957680123145501e-01 3.970528028092553674e-01 -0.000000000000000000e+00 0.000000000000000000e+00 0.000000000000000000e+00 1.000000000000000000e+00
2.900183039650802708e-01 3.680176192559749815e-01 -9.298188167149362693e-01 0.000000000000000000e+00 9.298188167149362693e-01 3.680176192559749815e-01 -0.000000000000000000e+00 0.000000000000000000e+00 0.000000000000000000e+00 1.000000000000000000e+00
2.950368192061915695e-01 3.385202460423611392e-01 -9.409591080484949188e-01 0.000000000000000000e+00 9.409591080484949188e-01 3.385202460423611392e-01 -0.000000000000000000e+00 0.000000000000000000e+00 0.000000000000000000e+00 1.000000000000000000e+00
3.000755488262700776e-01 3.085655051505341029e-01 -9.512030955748598249e-01 0.000000000000000000e+00 9.512030955748598249e-01 3.085655051505341029e-01 -0.000000000000000000e+00 0.000000000000000000e+00 0.000000000000000000e+00 1.000000000000000000e+00
3.051155488262700666e-01 2.782938452526499407e-01 -9.604959842157043681e-01 0.000000000000000000e+00 9.604959842157043681e-01 2.782938452526499407e-01 -0.000000000000000000e+00 0.000000000000000000e+00 0.000000000000000000e+00 1.000000000000000000e+00
3.100355488262701575e-01 2.484735383610460202e-01 -9.686386843061463026e-01 0.000000000000000000e+00 9.686386843061463026e-01 2.484735383610460202e-01 -0.000000000000000000e+00 0.000000000000000000e+00 0.000000000000000000e+00 1.000000000000000000e+00
3.150355488262696069e-01 2.179252553226598832e-01 -9.759654620387721025e-01 0.000000000000000000e+00 9.759654620387721025e-01 2.179252553226598832e-01 -0.000000000000000000e+00 0.000000000000000000e+00 0.000000000000000000e+00 1.000000000000000000e+00
3.200355488262692782e-01 1.871619063677034955e-01 -9.823290796901041899e-01 0.000000000000000000e+00 9.823290796901041899e-01 1.871619063677034955e-01 -0.000000000000000000e+00 0.000000000000000000e+00 0.000000000000000000e+00 1.000000000000000000e+00
3.250180768262689868e-01 1.563222823411037354e-01 -9.877061020585364837e-01 0.000000000000000000e+00 9.877061020585364837e-01 1.563222823411037354e-01 -0.000000000000000000e+00 0.000000000000000000e+00 0.000000000000000000e+00 1.000000000000000000e+00
3.300125806430894704e-01 1.252548099663641223e-01 -9.921246053698546952e-01 0.000000000000000000e+00 9.921246053698546952e-01 1.252548099663641223e-01 -0.000000000000000000e+00 0.000000000000000000e+00 0.000000000000000000e+00 1.000000000000000000e+00
3.350355128843333086e-01 9.388616722126680303e-02 -9.955829385864847225e-01 0.000000000000000000e+00 9.955829385864847225e-01 9.388616722126680303e-02 -0.000000000000000000e+00 0.000000000000000000e+00 0.000000000000000000e+00 1.000000000000000000e+00
3.400203787832920543e-01 6.266272800811042987e-02 -9.980347601755069631e-01 0.000000000000000000e+00 9.980347601755069631e-01 6.266272800811042987e-02 -0.000000000000000000e+00 0.000000000000000000e+00 0.000000000000000000e+00 1.000000000000000000e+00
3.450203787832915037e-01 3.128277833105273104e-02 -9.995105741210998929e-01 0.000000000000000000e+00 9.995105741210998929e-01 3.128277833105273104e-02 -0.000000000000000000e+00 0.000000000000000000e+00 0.000000000000000000e+00 1.000000000000000000e+00
3.500203787832909530e-01 -1.280436714016707444e-04 -9.999999918024089496e-01 0.000000000000000000e+00 9.999999918024089496e-01 -1.280436714016707444e-04 -0.000000000000000000e+00 0.000000000000000000e+00 0.000000000000000000e+00 1.000000000000000000e+00
3.550203787832904023e-01 -3.153873931021173443e-02 -9.995025302232719566e-01 0.000000000000000000e+00 9.995025302232719566e-01 -3.153873931021173443e-02 -0.000000000000000000e+00 0.000000000000000000e+00 0.000000000000000000e+00 1.000000000000000000e+00
3.600203787832898517e-01 -6.291831002104077142e-02 -9.980186803182073962e-01 0.000000000000000000e+00 9.980186803182073962e-01 -6.291831002104077142e-02 -0.000000000000000000e+00 0.000000000000000000e+00 0.000000000000000000e+00 1.000000000000000000e+00
3.650203787832893010e-01 -9.423578795609824366e-02 -9.955499064679244059e-01 0.000000000000000000e+00 9.955499064679244059e-01 -9.423578795609824366e-02 -0.000000000000000000e+00 0.000000000000000000e+00 0.000000000000000000e+00 1.000000000000000000e+00
3.700203787832887503e-01 -1.254602665456676369e-01 -9.920986450541547930e-01 0.000000000000000000e+00 9.920986450541547930e-01 -1.254602665456676369e-01 -0.000000000000000000e+00 0.000000000000000000e+00 0.000000000000000000e+00 1.000000000000000000e+00
3.751403787832883197e-01 -1.573055707826646055e-01 -9.875499771660876114e-01 0.000000000000000000e+00 9.875499771660876114e-01 -1.573055707826646055e-01 -0.000000000000000000e+00 0.000000000000000000e+00 0.000000000000000000e+00 1.000000000000000000e+00
3.800715787832881221e-01 -1.878230721988851104e-01 -9.822028779991294201e-01 0.000000000000000000e+00 9.822028779991294201e-01 -1.878230721988851104e-01 -0.000000000000000000e+00 0.000000000000000000e+00 0.000000000000000000e+00 1.000000000000000000e+00
3.850715787832875714e-01 -2.185821308175033562e-01 -9.758185549000797376e-01 0.000000000000000000e+00 9.758185549000797376e-01 -2.185821308175033562e-01 -0.000000000000000000e+00 0.000000000000000000e+00 0.000000000000000000e+00 1.000000000000000000e+00
3.900852406896905822e-01 -2.492086081944905884e-01 -9.684498281283162591e-01 0.000000000000000000e+00 9.684498281283162591e-01 -2.492086081944905884e-01 -0.000000000000000000e+00 0.000000000000000000e+00 0.000000000000000000e+00 1.000000000000000000e+00
3.950624427905169989e-01 -2.793678458204470472e-01 -9.601841525049470416e-01 0.000000000000000000e+00 9.601841525049470416e-01 -2.793678458204470472e-01 -0.000000000000000000e+00 0.000000000000000000e+00 0.000000000000000000e+00 1.000000000000000000e+00
4.000624427905164482e-01 -3.093901077377451680e-01 -9.509352034886637828e-01 0.000000000000000000e+00 9.509352034886637828e-01 -3.093901077377451680e-01 -0.000000000000000000e+00 0.000000000000000000e+00 0.000000000000000000e+00 1.000000000000000000e+00
4.050624427905158975e-01 -3.391070389718270350e-01 -9.407477962343360200e-01 0.000000000000000000e+00 9.407477962343360200e-01 -3.391070389718270350e-01 -0.000000000000000000e+00 0.000000000000000000e+00 0.000000000000000000e+00 1.000000000000000000e+00
4.100624427905153468e-01 -3.684893124993326996e-01 -9.296319844829830092e-01 0.000000000000000000e+00 9.296319844829830092e-01 -3.684893124993326996e-01 -0.000000000000000000e+00 0.000000000000000000e+00 0.000000000000000000e+00 1.000000000000000000e+00
4.150624427905147962e-01 -3.975079315636550481e-01 -9.175987381987752434e-01 0.000000000000000000e+00 9.175987381987752434e-01 -3.975079315636550481e-01 -0.000000000000000000e+00 0.000000000000000000e+00 0.000000000000000000e+00 1.000000000000000000e+00
4.201344427905146506e-01 -4.265434731836037496e-01 -9.044670615807234304e-01 0.000000000000000000e+00 9.044670615807234304e-01 -4.265434731836037496e-01 -0.000000000000000000e+00 0.000000000000000000e+00 0.000000000000000000e+00 1.000000000000000000e+00
4.250736427905146275e-01 -4.544027299112849416e-01 -8.907963622788159785e-01 0.000000000000000000e+00 8.907963622788159785e-01 -4.544027299112849416e-01 -0.000000000000000000e+00 0.000000000000000000e+00 0.000000000000000000e+00 1.000000000000000000e+00
4.300736427905140769e-01 -4.821590995176366357e-01 -8.760836733739201243e-01 0.000000000000000000e+00 8.760836733739201243e-01 -4.821590995176366357e-01 -0.000000000000000000e+00 0.000000000000000000e+00 0.000000000000000000e+00 1.000000000000000000e+00
4.350496427905137797e-01 -5.093098692054073284e-01 -8.605832075575090556e-01 0.000000000000000000e+00 8.605832075575090556e-01 -5.093098692054073284e-01 -0.000000000000000000e+00 0.000000000000000000e+00 0.000000000000000000e+00 1.000000000000000000e+00
4.401936427905135396e-01 -5.368536864512106765e-01 -8.436753637174343456e-01 0.000000000000000000e+00 8.436753637174343456e-01 -5.368536864512106765e-01 -0.000000000000000000e+00 0.000000000000000000e+00 0.000000000000000000e+00 1.000000000000000000e+00
4.451936427905129889e-01 -5.630892651543903948e-01 -8.263960790491982067e-01 0.000000000000000000e+00 8.263960790491982067e-01 -5.630892651543903948e-01 -0.000000000000000000e+00 0.000000000000000000e+00 0.000000000000000000e+00 1.000000000000000000e+00
4.501936427905124383e-01 -5.887691427354536655e-01 -8.083012412229484411e-01 0.000000000000000000e+00 8.083012412229484411e-01 -5.887691427354536655e-01 -0.000000000000000000e+00 0.000000000000000000e+00 0.000000000000000000e+00 1.000000000000000000e+00
4.551936427905118876e-01 -6.138679762555969699e-01 -7.894087076590035057e-01 0.000000000000000000e+00 7.894087076590035057e-01 -6.138679762555969699e-01 -0.000000000000000000e+00 0.000000000000000000e+00 0.000000000000000000e+00 1.000000000000000000e+00
4.601936427905113369e-01 -6.383609961963553348e-01 -7.697371230070672032e-01 0.000000000000000000e+00 7.697371230070672032e-01 -6.383609961963553348e-01 -0.000000000000000000e+00 0.000000000000000000e+00 0.000000000000000000e+00 1.000000000000000000e+00
4.651936427905107863e-01 -6.622240309041250717e-01 -7.493059007462121723e-01 0.000000000000000000e+00 7.493059007462121723e-01 -6.622240309041250717e-01 -0.000000000000000000e+00 0.000000000000000000e+00 0.000000000000000000e+00 1.000000000000000000e+00
4.701936427905102356e-01 -6.854335304446684818e-01 -7.281352040261188652e-01 0.000000000000000000e+00 7.281352040261188652e-01 -6.854335304446684818e-01 -0.000000000000000000e+00 0.000000000000000000e+00 0.000000000000000000e+00 1.000000000000000000e+00
4.751936427905096849e-01 -7.079665898440564709e-01 -7.062459257684802205e-01 0.000000000000000000e+00 7.062459257684802205e-01 -7.079665898440564709e-01 -0.000000000000000000e+00 0.000000000000000000e+00 0.000000000000000000e+00 1.000000000000000000e+00
4.801936427905091342e-01 -7.298009716931107560e-01 -6.836596680482119881e-01 0.000000000000000000e+00 6.836596680482119881e-01 -7.298009716931107560e-01 -0.000000000000000000e+00 0.000000000000000000e+00 0.000000000000000000e+00 1.000000000000000000e+00
4.851936427905085836e-01 -7.509151280930428385e-01 -6.603987207748127641e-01 0.000000000000000000e+00 6.603987207748127641e-01 -7.509151280930428385e-01 -0.000000000000000000e+00 0.000000000000000000e+00 0.000000000000000000e+00 1.000000000000000000e+00
4.901936427905080329e-01 -7.712882219206294021e-01 -6.364860396949127974e-01 0.000000000000000000e+00 6.364860396949127974e-01 -7.712882219206294021e-01 -0.000000000000000000e+00 0.000000000000000000e+00 0.000000000000000000e+00 1.000000000000000000e+00
4.950416427905078853e-01 -7.903153520708308122e-01 -6.127002891146362540e-01 0.000000000000000000e+00 6.127002891146362540e-01 -7.903153520708308122e-01 -0.000000000000000000e+00 0.000000000000000000e+00 0.000000000000000000e+00 1.000000000000000000e+00
5.000592427905077297e-01 -8.092357316431957326e-01 -5.874840684068818319e-01 0.000000000000000000e+00 5.874840684068818319e-01 -8.092357316431957326e-01 -0.000000000000000000e+00 0.000000000000000000e+00 0.000000000000000000e+00 1.000000000000000000e+00
5.050361899905072560e-01 -8.272083641404557319e-01 -5.618952947801494346e-01 0.000000000000000000e+00 5.618952947801494346e-01 -8.272083641404557319e-01 -0.000000000000000000e+00 0.000000000000000000e+00 0.000000000000000000e+00 1.000000000000000000e+00
5.100761899905069674e-01 -8.445843375137008779e-01 -5.354225404543059286e-01 0.000000000000000000e+00 5.354225404543059286e-01 -8.445843375137008779e-01 -0.000000000000000000e+00 0.000000000000000000e+00 0.000000000000000000e+00 1.000000000000000000e+00
5.151513899905066918e-01 -8.612258435093559372e-01 -5.082224379851779661e-01 0.000000000000000000e+00 5.082224379851779661e-01 -8.612258435093559372e-01 -0.000000000000000000e+00 0.000000000000000000e+00 0.000000000000000000e+00 1.000000000000000000e+00
5.200220386177053511e-01 -8.763733813833141095e-01 -4.816323249147382302e-01 0.000000000000000000e+00 4.816323249147382302e-01 -8.763733813833141095e-01 -0.000000000000000000e+00 0.000000000000000000e+00 0.000000000000000000e+00 1.000000000000000000e+00
5.251293882403257340e-01 -8.913753104938775262e-01 -4.532659879606490971e-01 0.000000000000000000e+00 4.532659879606490971e-01 -8.913753104938775262e-01 -0.000000000000000000e+00 0.000000000000000000e+00 0.000000000000000000e+00 1.000000000000000000e+00
5.300005594574880297e-01 -9.048285491491796506e-01 -4.257761109369459507e-01 0.000000000000000000e+00 4.257761109369459507e-01 -9.048285491491796506e-01 -0.000000000000000000e+00 0.000000000000000000e+00 0.000000000000000000e+00 1.000000000000000000e+00
5.351765594574874330e-01 -9.181946391786217632e-01 -3.961295300575815026e-01 0.000000000000000000e+00 3.961295300575815026e-01 -9.181946391786217632e-01 -0.000000000000000000e+00 0.000000000000000000e+00 0.000000000000000000e+00 1.000000000000000000e+00
5.401765594574868823e-01 -9.301842947840477382e-01 -3.670928734490814249e-01 0.000000000000000000e+00 3.670928734490814249e-01 -9.301842947840477382e-01 -0.000000000000000000e+00 0.000000000000000000e+00 0.000000000000000000e+00 1.000000000000000000e+00
5.451765594574863316e-01 -9.412559707930332475e-01 -3.376939404941468603e-01 0.000000000000000000e+00 3.376939404941468603e-01 -9.412559707930332475e-01 -0.000000000000000000e+00 0.000000000000000000e+00 0.000000000000000000e+00 1.000000000000000000e+00
5.501765594574857809e-01 -9.513987407980566413e-01 -3.079617443902285534e-01 0.000000000000000000e+00 3.079617443902285534e-01 -9.513987407980566413e-01 -0.000000000000000000e+00 0.000000000000000000e+00 0.000000000000000000e+00 1.000000000000000000e+00
5.551765594574852303e-01 -9.606025951096746063e-01 -2.779256272252687565e-01 0.000000000000000000e+00 2.779256272252687565e-01 -9.606025951096746063e-01 -0.000000000000000000e+00 0.000000000000000000e+00 0.000000000000000000e+00 1.000000000000000000e+00
5.601765594574846796e-01 -9.688584506348760783e-01 -2.476152310206057028e-01 0.000000000000000000e+00 2.476152310206057028e-01 -9.688584506348760783e-01 -0.000000000000000000e+00 0.000000000000000000e+00 0.000000000000000000e+00 1.000000000000000000e+00
5.651765594574841289e-01 -9.761581598409994065e-01 -2.170604684778740523e-01 0.000000000000000000e+00 2.170604684778740523e-01 -9.761581598409994065e-01 -0.000000000000000000e+00 0.000000000000000000e+00 0.000000000000000000e+00 1.000000000000000000e+00
5.701765594574835783e-01 -9.824945187963626259e-01 -1.862914934587827365e-01 0.000000000000000000e+00 1.862914934587827365e-01 -9.824945187963626259e-01 -0.000000000000000000e+00 0.000000000000000000e+00 0.000000000000000000e+00 1.000000000000000000e+00
5.751765594574830276e-01 -9.878612742796748503e-01 -1.553386712268926551e-01 0.000000000000000000e+00 1.553386712268926551e-01 -9.878612742796748503e-01 -0.000000000000000000e+00 0.000000000000000000e+00 0.000000000000000000e+00 1.000000000000000000e+00
5.801765594574824769e-01 -9.922531299512105107e-01 -1.242325484807663000e-01 0.000000000000000000e+00 1.242325484807663000e-01 -9.922531299512105107e-01 -0.000000000000000000e+00 0.000000000000000000e+00 0.000000000000000000e+00 1.000000000000000000e+00
5.851765594574819263e-01 -9.956657515796565328e-01 -9.300382320806722947e-02 0.000000000000000000e+00 9.300382320806722947e-02 -9.956657515796565328e-01 -0.000000000000000000e+00 0.000000000000000000e+00 0.000000000000000000e+00 1.000000000000000000e+00
5.901765594574813756e-01 -9.980957713194769099e-01 -6.168331439034901303e-02 0.000000000000000000e+00 6.168331439034901303e-02 -9.980957713194769099e-01 -0.000000000000000000e+00 0.000000000000000000e+00 0.000000000000000000e+00 1.000000000000000000e+00
5.951765594574808249e-01 -9.995407910345678326e-01 -3.030193158844433909e-02 0.000000000000000000e+00 3.030193158844433909e-02 -9.995407910345678326e-01 -0.000000000000000000e+00 0.000000000000000000e+00 0.000000000000000000e+00 1.000000000000000000e+00
6.001365594574810114e-01 -9.999996318936748008e-01 8.580282715184744165e-04 0.000000000000000000e+00 -8.580282715184744165e-04 -9.999996318936748008e-01 -0.000000000000000000e+00 0.000000000000000000e+00 -0.000000000000000000e+00 1.000000000000000000e+00
6.050165594574804517e-01 -9.995032867873744342e-01 3.151475370736672721e-02 0.000000000000000000e+00 -3.151475370736672721e-02 -9.995032867873744342e-01 -0.000000000000000000e+00 0.000000000000000000e+00 -0.000000000000000000e+00 1.000000000000000000e+00
6.101365594574810203e-01 -9.979724850073807829e-01 6.364683156444861378e-02 0.000000000000000000e+00 -6.364683156444861378e-02 -9.979724850073807829e-01 -0.000000000000000000e+00 0.000000000000000000e+00 -0.000000000000000000e+00 1.000000000000000000e+00
6.150293594574807177e-01 -9.955445874175594678e-01 9.429196393967514966e-02 0.000000000000000000e+00 -9.429196393967514966e-02 -9.955445874175594678e-01 -0.000000000000000000e+00 0.000000000000000000e+00 -0.000000000000000000e+00 1.000000000000000000e+00
6.200293594574801670e-01 -9.920915640981340378e-01 1.255162477343782224e-01 0.000000000000000000e+00 -1.255162477343782224e-01 -9.920915640981340378e-01 -0.000000000000000000e+00 0.000000000000000000e+00 -0.000000000000000000e+00 1.000000000000000000e+00
6.250092337295304334e-01 -9.876792630379442883e-01 1.564917677222137926e-01 0.000000000000000000e+00 -1.564917677222137926e-01 -9.876792630379442883e-01 -0.000000000000000000e+00 0.000000000000000000e+00 -0.000000000000000000e+00 1.000000000000000000e+00
6.300766105828692343e-01 -9.821969393448601870e-01 1.878541251652169897e-01 0.000000000000000000e+00 -1.878541251652169897e-01 -9.821969393448601870e-01 -0.000000000000000000e+00 0.000000000000000000e+00 -0.000000000000000000e+00 1.000000000000000000e+00
6.350285795369059461e-01 -9.758775741077778676e-01 2.183184837651612753e-01 0.000000000000000000e+00 -2.183184837651612753e-01 -9.758775741077778676e-01 -0.000000000000000000e+00 0.000000000000000000e+00 -0.000000000000000000e+00 1.000000000000000000e+00
6.400568842787253132e-01 -9.684942139018517526e-01 2.490360569046878858e-01 0.000000000000000000e+00 -2.490360569046878858e-01 -9.684942139018517526e-01 -0.000000000000000000e+00 0.000000000000000000e+00 -0.000000000000000000e+00 1.000000000000000000e+00
6.451625528910556184e-01 -9.600082373101164190e-01 2.799717562482397781e-01 0.000000000000000000e+00 -2.799717562482397781e-01 -9.600082373101164190e-01 -0.000000000000000000e+00 0.000000000000000000e+00 -0.000000000000000000e+00 1.000000000000000000e+00
6.501625528910550678e-01 -9.507404058124105939e-01 3.099881945423942353e-01 0.000000000000000000e+00 -3.099881945423942353e-01 -9.507404058124105939e-01 -0.000000000000000000e+00 0.000000000000000000e+00 -0.000000000000000000e+00 1.000000000000000000e+00
6.551625528910545171e-01 -9.405343083184480868e-01 3.396987119138641931e-01 0.000000000000000000e+00 -3.396987119138641931e-01 -9.405343083184480868e-01 -0.000000000000000000e+00 0.000000000000000000e+00 -0.000000000000000000e+00 1.000000000000000000e+00
6.601625528910539664e-01 -9.294000170142590056e-01 3.690739876689972943e-01 0.000000000000000000e+00 -3.690739876689972943e-01 -9.294000170142590056e-01 -0.000000000000000000e+00 0.000000000000000000e+00 -0.000000000000000000e+00 1.000000000000000000e+00
6.650306518358054531e-01 -9.176781214893873218e-01 3.973246347002777346e-01 0.000000000000000000e+00 -3.973246347002777346e-01 -9.176781214893873218e-01 -0.000000000000000000e+00 0.000000000000000000e+00 -0.000000000000000000e+00 1.000000000000000000e+00
6.700537529572070383e-01 -9.046831982538524608e-01 4.260848633748683945e-01 0.000000000000000000e+00 -4.260848633748683945e-01 -9.046831982538524608e-01 -0.000000000000000000e+00 0.000000000000000000e+00 -0.000000000000000000e+00 1.000000000000000000e+00
6.751751895821407334e-01 -8.905062550855750159e-01 4.549709986949332374e-01 0.000000000000000000e+00 -4.549709986949332374e-01 -8.905062550855750159e-01 -0.000000000000000000e+00 0.000000000000000000e+00 -0.000000000000000000e+00 1.000000000000000000e+00
6.801045708124732192e-01 -8.759899605458782990e-01 4.823293366806858384e-01 0.000000000000000000e+00 -4.823293366806858384e-01 -8.759899605458782990e-01 -0.000000000000000000e+00 0.000000000000000000e+00 -0.000000000000000000e+00 1.000000000000000000e+00
6.851045708124726685e-01 -8.604073817893347353e-01 5.096068458747600172e-01 0.000000000000000000e+00 -5.096068458747600172e-01 -8.604073817893347353e-01 -0.000000000000000000e+00 0.000000000000000000e+00 -0.000000000000000000e+00 1.000000000000000000e+00
6.901045708124721179e-01 -8.439756848252079058e-01 5.363814346375356257e-01 0.000000000000000000e+00 -5.363814346375356257e-01 -8.439756848252079058e-01 -0.000000000000000000e+00 0.000000000000000000e+00 -0.000000000000000000e+00 1.000000000000000000e+00
6.951045708124715672e-01 -8.267110857545779679e-01 5.626266796824399563e-01 0.000000000000000000e+00 -5.626266796824399563e-01 -8.267110857545779679e-01 -0.000000000000000000e+00 0.000000000000000000e+00 -0.000000000000000000e+00 1.000000000000000000e+00
7.000789708124711685e-01 -8.087252426609052858e-01 5.881866046443593454e-01 0.000000000000000000e+00 -5.881866046443593454e-01 -8.087252426609052858e-01 -0.000000000000000000e+00 0.000000000000000000e+00 -0.000000000000000000e+00 1.000000000000000000e+00
7.051088588124718726e-01 -7.897356113573814618e-01 6.134473605403993890e-01 0.000000000000000000e+00 -6.134473605403993890e-01 -7.897356113573814618e-01 -0.000000000000000000e+00 0.000000000000000000e+00 -0.000000000000000000e+00 1.000000000000000000e+00
7.101088588124713219e-01 -7.700770772570986189e-01 6.379508563229339124e-01 0.000000000000000000e+00 -6.379508563229339124e-01 -7.700770772570986189e-01 -0.000000000000000000e+00 0.000000000000000000e+00 -0.000000000000000000e+00 1.000000000000000000e+00
7.151088588124707712e-01 -7.496585700540955299e-01 6.618247716310178275e-01 0.000000000000000000e+00 -6.618247716310178275e-01 -7.496585700540955299e-01 -0.000000000000000000e+00 0.000000000000000000e+00 -0.000000000000000000e+00 1.000000000000000000e+00
7.201088588124702206e-01 -7.285002403498251899e-01 6.850455457925754832e-01 0.000000000000000000e+00 -6.850455457925754832e-01 -7.285002403498251899e-01 -0.000000000000000000e+00 0.000000000000000000e+00 -0.000000000000000000e+00 1.000000000000000000e+00
7.251088588124696699e-01 -7.066229688612296611e-01 7.075902627069866613e-01 0.000000000000000000e+00 -7.075902627069866613e-01 -7.066229688612296611e-01 -0.000000000000000000e+00 0.000000000000000000e+00 -0.000000000000000000e+00 1.000000000000000000e+00
7.300288588124695943e-01 -6.844149142452206069e-01 7.290927411233135702e-01 0.000000000000000000e+00 -7.290927411233135702e-01 -6.844149142452206069e-01 -0.000000000000000000e+00 0.000000000000000000e+00 -0.000000000000000000e+00 1.000000000000000000e+00
7.350592588124695848e-01 -6.610325275605037909e-01 7.503572465878982634e-01 0.000000000000000000e+00 -7.503572465878982634e-01 -6.610325275605037909e-01 -0.000000000000000000e+00 0.000000000000000000e+00 -0.000000000000000000e+00 1.000000000000000000e+00
7.400432588124694622e-01 -6.372145382909210065e-01 7.706864681507574755e-01 0.000000000000000000e+00 -7.706864681507574755e-01 -6.372145382909210065e-01 -0.000000000000000000e+00 0.000000000000000000e+00 -0.000000000000000000e+00 1.000000000000000000e+00
7.450272588124701167e-01 -6.127717131004749573e-01 7.902599747070007119e-01 0.000000000000000000e+00 -7.902599747070007119e-01 -6.127717131004749573e-01 -0.000000000000000000e+00 0.000000000000000000e+00 -0.000000000000000000e+00 1.000000000000000000e+00
7.501872588124695040e-01 -5.868329709764555924e-01 8.097080116776333991e-01 0.000000000000000000e+00 -8.097080116776333991e-01 -5.868329709764555924e-01 -0.000000000000000000e+00 0.000000000000000000e+00 -0.000000000000000000e+00 1.000000000000000000e+00
7.551872588124689534e-01 -5.611098610514468898e-01 8.277413387229285435e-01 0.000000000000000000e+00 -8.277413387229285435e-01 -5.611098610514468898e-01 -0.000000000000000000e+00 0.000000000000000000e+00 -0.000000000000000000e+00 1.000000000000000000e+00
7.600062148589692423e-01 -5.357938243159686698e-01 8.443488484180390330e-01 0.000000000000000000e+00 -8.443488484180390330e-01 -5.357938243159686698e-01 -0.000000000000000000e+00 0.000000000000000000e+00 -0.000000000000000000e+00 1.000000000000000000e+00
7.650154666898206779e-01 -5.089577663692966825e-01 8.607914916240612113e-01 0.000000000000000000e+00 -8.607914916240612113e-01 -5.089577663692966825e-01 -0.000000000000000000e+00 0.000000000000000000e+00 -0.000000000000000000e+00 1.000000000000000000e+00
7.700295268169485841e-01 -4.815910912388920995e-01 8.763960410906320719e-01 0.000000000000000000e+00 -8.763960410906320719e-01 -4.815910912388920995e-01 -0.000000000000000000e+00 0.000000000000000000e+00 -0.000000000000000000e+00 1.000000000000000000e+00
7.750147275534141622e-01 -4.539080476632297856e-01 8.910485308144303618e-01 0.000000000000000000e+00 -8.910485308144303618e-01 -4.539080476632297856e-01 -0.000000000000000000e+00 0.000000000000000000e+00 -0.000000000000000000e+00 1.000000000000000000e+00
7.801170476339187587e-01 -4.251137377364970216e-01 9.051399394500855289e-01 0.000000000000000000e+00 -9.051399394500855289e-01 -4.251137377364970216e-01 -0.000000000000000000e+00 0.000000000000000000e+00 -0.000000000000000000e+00 1.000000000000000000e+00
7.851404141956936922e-01 -3.963380486168900374e-01 9.181046515613323633e-01 0.000000000000000000e+00 -9.181046515613323633e-01 -3.963380486168900374e-01 -0.000000000000000000e+00 0.000000000000000000e+00 -0.000000000000000000e+00 1.000000000000000000e+00
7.901404141956931415e-01 -3.673041156964354514e-01 9.301009012964450706e-01 0.000000000000000000e+00 -9.301009012964450706e-01 -3.673041156964354514e-01 -0.000000000000000000e+00 0.000000000000000000e+00 -0.000000000000000000e+00 1.000000000000000000e+00
7.950604141956931770e-01 -3.383807435435102207e-01 9.410092839068810999e-01 0.000000000000000000e+00 -9.410092839068810999e-01 -3.383807435435102207e-01 -0.000000000000000000e+00 0.000000000000000000e+00 -0.000000000000000000e+00 1.000000000000000000e+00
8.000044141956932364e-01 -3.089906165043491693e-01 9.510650865804413101e-01 0.000000000000000000e+00 -9.510650865804413101e-01 -3.089906165043491693e-01 -0.000000000000000000e+00 0.000000000000000000e+00 -0.000000000000000000e+00 1.000000000000000000e+00
8.051644141956926237e-01 -2.779989308937902415e-01 9.605813835495199404e-01 0.000000000000000000e+00 -9.605813835495199404e-01 -2.779989308937902415e-01 -0.000000000000000000e+00 0.000000000000000000e+00 -0.000000000000000000e+00 1.000000000000000000e+00
8.101644141956920731e-01 -2.476891647893974813e-01 9.688395520652173243e-01 0.000000000000000000e+00 -9.688395520652173243e-01 -2.476891647893974813e-01 -0.000000000000000000e+00 0.000000000000000000e+00 -0.000000000000000000e+00 1.000000000000000000e+00
8.151644141956915224e-01 -2.171349593832329339e-01 9.761415929124432900e-01 0.000000000000000000e+00 -9.761415929124432900e-01 -2.171349593832329339e-01 -0.000000000000000000e+00 0.000000000000000000e+00 -0.000000000000000000e+00 1.000000000000000000e+00
8.200844141956915578e-01 -1.868602928853010103e-01 9.823864977404868082e-01 0.000000000000000000e+00 -9.823864977404868082e-01 -1.868602928853010103e-01 -0.000000000000000000e+00 0.000000000000000000e+00 -0.000000000000000000e+00 1.000000000000000000e+00
8.250844141956910072e-01 -1.559105830085914246e-01 9.877711729474195623e-01 0.000000000000000000e+00 -9.877711729474195623e-01 -1.559105830085914246e-01 -0.000000000000000000e+00 0.000000000000000000e+00 -0.000000000000000000e+00 1.000000000000000000e+00
8.300844141956904565e-01 -1.248070082097643002e-01 9.921810372617124729e-01 0.000000000000000000e+00 -9.921810372617124729e-01 -1.248070082097643002e-01 -0.000000000000000000e+00 0.000000000000000000e+00 -0.000000000000000000e+00 1.000000000000000000e+00
8.351964141956907950e-01 -9.287961218711994482e-02 9.956773461518395596e-01 0.000000000000000000e+00 -9.956773461518395596e-01 -9.287961218711994482e-02 -0.000000000000000000e+00 0.000000000000000000e+00 -0.000000000000000000e+00 1.000000000000000000e+00
8.401964141956902443e-01 -6.155880046572857756e-02 9.981034586079845505e-01 0.000000000000000000e+00 -9.981034586079845505e-01 -6.155880046572857756e-02 -0.000000000000000000e+00 0.000000000000000000e+00 -0.000000000000000000e+00 1.000000000000000000e+00
8.450764141956899067e-01 -3.093086783703287088e-02 9.995215262388540411e-01 0.000000000000000000e+00 -9.995215262388540411e-01 -3.093086783703287088e-02 -0.000000000000000000e+00 0.000000000000000000e+00 -0.000000000000000000e+00 1.000000000000000000e+00
8.500364141956914255e-01 2.287971373437801595e-04 9.999999738259346405e-01 0.000000000000000000e+00 -9.999999738259346405e-01 2.287971373437801595e-04 -0.000000000000000000e+00 -0.000000000000000000e+00 0.000000000000000000e+00 1.000000000000000000e+00
8.550597741956912357e-01 3.178614387981963663e-02 9.994946928609734771e-01 0.000000000000000000e+00 -9.994946928609734771e-01 3.178614387981963663e-02 -0.000000000000000000e+00 -0.000000000000000000e+00 0.000000000000000000e+00 1.000000000000000000e+00
8.601253741956917942e-01 6.357669482666801486e-02 9.979769555831019545e-01 0.000000000000000000e+00 -9.979769555831019545e-01 6.357669482666801486e-02 -0.000000000000000000e+00 -0.000000000000000000e+00 0.000000000000000000e+00 1.000000000000000000e+00
8.651960941956915452e-01 9.533486965987574002e-02 9.954452584783023417e-01 0.000000000000000000e+00 -9.954452584783023417e-01 9.533486965987574002e-02 -0.000000000000000000e+00 -0.000000000000000000e+00 0.000000000000000000e+00 1.000000000000000000e+00
8.701000941956916757e-01 1.259571599702676570e-01 9.920356817434663466e-01 0.000000000000000000e+00 -9.920356817434663466e-01 1.259571599702676570e-01 -0.000000000000000000e+00 -0.000000000000000000e+00 0.000000000000000000e+00 1.000000000000000000e+00
8.751080941956913550e-01 1.571052429888940283e-01 9.875818662902839939e-01 0.000000000000000000e+00 -9.875818662902839939e-01 1.571052429888940283e-01 -0.000000000000000000e+00 -0.000000000000000000e+00 0.000000000000000000e+00 1.000000000000000000e+00
8.800280941956913905e-01 1.875547060301576696e-01 9.822541586809094838e-01 0.000000000000000000e+00 -9.822541586809094838e-01 1.875547060301576696e-01 -0.000000000000000000e+00 -0.000000000000000000e+00 0.000000000000000000e+00 1.000000000000000000e+00
8.850568941956912239e-01 2.184920950270581586e-01 9.758387184420831417e-01 0.000000000000000000e+00 -9.758387184420831417e-01 2.184920950270581586e-01 -0.000000000000000000e+00 -0.000000000000000000e+00 0.000000000000000000e+00 1.000000000000000000e+00
8.900396781956912973e-01 2.489313525007509353e-01 9.685211312832298081e-01 0.000000000000000000e+00 -9.685211312832298081e-01 2.489313525007509353e-01 -0.000000000000000000e+00 -0.000000000000000000e+00 0.000000000000000000e+00 1.000000000000000000e+00
8.950611905900349718e-01 2.793602912675602901e-01 9.601863504877082844e-01 0.000000000000000000e+00 -9.601863504877082844e-01 2.793602912675602901e-01 -0.000000000000000000e+00 -0.000000000000000000e+00 0.000000000000000000e+00 1.000000000000000000e+00
9.001350752877733674e-01 3.098240475650049786e-01 9.507939101353339861e-01 0.000000000000000000e+00 -9.507939101353339861e-01 3.098240475650049786e-01 -0.000000000000000000e+00 -0.000000000000000000e+00 0.000000000000000000e+00 1.000000000000000000e+00
9.050128230650306138e-01 3.388137256212042092e-01 9.408534738898928218e-01 0.000000000000000000e+00 -9.408534738898928218e-01 3.388137256212042092e-01 -0.000000000000000000e+00 -0.000000000000000000e+00 0.000000000000000000e+00 1.000000000000000000e+00
9.100921444040064312e-01 3.686627946918347720e-01 9.295632005463674297e-01 0.000000000000000000e+00 -9.295632005463674297e-01 3.686627946918347720e-01 -0.000000000000000000e+00 -0.000000000000000000e+00 0.000000000000000000e+00 1.000000000000000000e+00
9.150712915170349238e-01 3.975589477768242674e-01 9.175766360596722127e-01 0.000000000000000000e+00 -9.175766360596722127e-01 3.975589477768242674e-01 -0.000000000000000000e+00 -0.000000000000000000e+00 0.000000000000000000e+00 1.000000000000000000e+00
9.200376915170357384e-01 4.259935632865990973e-01 9.047261928552671195e-01 0.000000000000000000e+00 -9.047261928552671195e-01 4.259935632865990973e-01 -0.000000000000000000e+00 -0.000000000000000000e+00 0.000000000000000000e+00 1.000000000000000000e+00
9.250057299170360015e-01 4.540225775785075579e-01 8.909901789856988774e-01 0.000000000000000000e+00 -8.909901789856988774e-01 4.540225775785075579e-01 -0.000000000000000000e+00 -0.000000000000000000e+00 0.000000000000000000e+00 1.000000000000000000e+00
9.301242335361693536e-01 4.824375567732177572e-01 8.759303647064006215e-01 0.000000000000000000e+00 -8.759303647064006215e-01 4.824375567732177572e-01 -0.000000000000000000e+00 -0.000000000000000000e+00 0.000000000000000000e+00 1.000000000000000000e+00
9.350477174127341806e-01 5.092994582581580332e-01 8.605893688734171931e-01 0.000000000000000000e+00 -8.605893688734171931e-01 5.092994582581580332e-01 -0.000000000000000000e+00 -0.000000000000000000e+00 0.000000000000000000e+00 1.000000000000000000e+00
9.400467089791907371e-01 5.360745662486662289e-01 8.441706340671323305e-01 0.000000000000000000e+00 -8.441706340671323305e-01 5.360745662486662289e-01 -0.000000000000000000e+00 -0.000000000000000000e+00 0.000000000000000000e+00 1.000000000000000000e+00
9.450467089791901865e-01 5.623260862182670738e-01 8.269155777698506959e-01 0.000000000000000000e+00 -8.269155777698506959e-01 5.623260862182670738e-01 -0.000000000000000000e+00 -0.000000000000000000e+00 0.000000000000000000e+00 1.000000000000000000e+00
9.500953489791894579e-01 5.882698250640308046e-01 8.086647098267207845e-01 0.000000000000000000e+00 -8.086647098267207845e-01 5.882698250640308046e-01 -0.000000000000000000e+00 -0.000000000000000000e+00 0.000000000000000000e+00 1.000000000000000000e+00
9.550891921791906380e-01 6.133497689374448614e-01 7.898114084668459434e-01 0.000000000000000000e+00 -7.898114084668459434e-01 6.133497689374448614e-01 -0.000000000000000000e+00 -0.000000000000000000e+00 0.000000000000000000e+00 1.000000000000000000e+00
9.600437137791921760e-01 6.376355962377161513e-01 7.703381377100397831e-01 0.000000000000000000e+00 -7.703381377100397831e-01 6.376355962377161513e-01 -0.000000000000000000e+00 -0.000000000000000000e+00 0.000000000000000000e+00 1.000000000000000000e+00
9.650581048744896195e-01 6.615856745656897298e-01 7.498695854676741268e-01 0.000000000000000000e+00 -7.498695854676741268e-01 6.615856745656897298e-01 -0.000000000000000000e+00 -0.000000000000000000e+00 0.000000000000000000e+00 1.000000000000000000e+00
9.701303753517199757e-01 6.851440272302703471e-01 7.284076207390245417e-01 0.000000000000000000e+00 -7.284076207390245417e-01 6.851440272302703471e-01 -0.000000000000000000e+00 -0.000000000000000000e+00 0.000000000000000000e+00 1.000000000000000000e+00
9.750841387948006034e-01 7.074805011735334492e-01 7.067328635766459977e-01 0.000000000000000000e+00 -7.067328635766459977e-01 7.074805011735334492e-01 -0.000000000000000000e+00 -0.000000000000000000e+00 0.000000000000000000e+00 1.000000000000000000e+00
9.800681387948007028e-01 7.292616348495974954e-01 6.842349508293860127e-01 0.000000000000000000e+00 -6.842349508293860127e-01 7.292616348495974954e-01 -0.000000000000000000e+00 -0.000000000000000000e+00 0.000000000000000000e+00 1.000000000000000000e+00
9.851929387948004102e-01 7.509122069205975691e-01 6.604020423178882382e-01 0.000000000000000000e+00 -6.604020423178882382e-01 7.509122069205975691e-01 -0.000000000000000000e+00 -0.000000000000000000e+00 0.000000000000000000e+00 1.000000000000000000e+00
9.900472619948007535e-01 7.707024955962793467e-01 6.371951532157688058e-01 0.000000000000000000e+00 -6.371951532157688058e-01 7.707024955962793467e-01 -0.000000000000000000e+00 -0.000000000000000000e+00 0.000000000000000000e+00 1.000000000000000000e+00
9.950187705260016280e-01 7.902272923371271851e-01 6.128138595409967637e-01 0.000000000000000000e+00 -6.128138595409967637e-01 7.902272923371271851e-01 -0.000000000000000000e+00 -0.000000000000000000e+00 0.000000000000000000e+00 1.000000000000000000e+00
1.000000000000000000e+00 8.090169943749474513e-01 5.877852522924732481e-01 0.000000000000000000e+00 -5.877852522924732481e-01 8.090169943749474513e-01 -0.000000000000000000e+00 -0.000000000000000000e+00 0.000000000000000000e+00 1.000000000000000000e+00
