time R11 R12 R13 R21 R22 R23 R31 R32 R33
0.000000000000000000e+00 1.000000000000000000e+00 -0.000000000000000000e+00 0.000000000000000000e+00 0.000000000000000000e+00 1.000000000000000000e+00 -0.000000000000000000e+00 0.000000000000000000e+00 0.000000000000000000e+00 1.000000000000000000e+00
5.032305572043664979e-03 9.999999208815498752e-01 -3.977900122136304143e-04 0.000000000000000000e+00 3.977900122136304143e-04 9.999999208815498752e-01 -0.000000000000000000e+00 0.000000000000000000e+00 0.000000000000000000e+00 1.000000000000000000e+00
1.005364966643989416e-02 9.999987396108456217e-01 -1.587695411573946877e-03 0.000000000000000000e+00 1.587695411573946877e-03 9.999987396108456217e-01 -0.000000000000000000e+00 0.000000000000000000e+00 0.000000000000000000e+00 1.000000000000000000e+00
1.510168475688106887e-02 9.999935833124140583e-01 -3.582364302782704065e-03 0.000000000000000000e+00 3.582364302782704065e-03 9.999935833124140583e-01 -0.000000000000000000e+00 0.000000000000000000e+00 0.000000000000000000e+00 1.000000000000000000e+00
2.010168475688104209e-02 9.999798563516172356e-01 -6.347195522355914520e-03 0.000000000000000000e+00 6.347195522355914520e-03 9.999798563516172356e-01 -0.000000000000000000e+00 0.000000000000000000e+00 0.000000000000000000e+00 1.000000000000000000e+00
2.510168475688101183e-02 9.999510201221646355e-01 -9.897340887457603195e-03 0.000000000000000000e+00 9.897340887457603195e-03 9.999510201221646355e-01 -0.000000000000000000e+00 0.000000000000000000e+00 0.000000000000000000e+00 1.000000000000000000e+00
3.010168475688098158e-02 9.998987102172557373e-01 -1.423268442244385486e-02 0.000000000000000000e+00 1.423268442244385486e-02 9.998987102172557373e-01 -0.000000000000000000e+00 0.000000000000000000e+00 0.000000000000000000e+00 1.000000000000000000e+00
3.510168475688095480e-02 9.998127128211159453e-01 -1.935301736890129506e-02 0.000000000000000000e+00 1.935301736890129506e-02 9.998127128211159453e-01 -0.000000000000000000e+00 0.000000000000000000e+00 0.000000000000000000e+00 1.000000000000000000e+00
4.010168475688092454e-02 9.996809658750441807e-01 -2.525799808257321241e-02 0.000000000000000000e+00 2.525799808257321241e-02 9.996809658750441807e-01 -0.000000000000000000e+00 0.000000000000000000e+00 0.000000000000000000e+00 1.000000000000000000e+00
4.510168475688089429e-02 9.994895609772869172e-01 -3.194710467993382152e-02 0.000000000000000000e+00 3.194710467993382152e-02 9.994895609772869172e-01 -0.000000000000000000e+00 0.000000000000000000e+00 0.000000000000000000e+00 1.000000000000000000e+00
5.010168475688086404e-02 9.992227462769772695e-01 -3.941958044799232647e-02 0.000000000000000000e+00 3.941958044799232647e-02 9.992227462769772695e-01 -0.000000000000000000e+00 0.000000000000000000e+00 0.000000000000000000e+00 1.000000000000000000e+00
5.510168475688083378e-02 9.988629306620536719e-01 -4.767437203795694273e-02 0.000000000000000000e+00 4.767437203795694273e-02 9.988629306620536719e-01 -0.000000000000000000e+00 0.000000000000000000e+00 0.000000000000000000e+00 1.000000000000000000e+00
6.010168475688080353e-02 9.983906895805866322e-01 -5.671006047255576499e-02 0.000000000000000000e+00 5.671006047255576499e-02 9.983906895805866322e-01 -0.000000000000000000e+00 0.000000000000000000e+00 0.000000000000000000e+00 1.000000000000000000e+00
6.510168475688087042e-02 9.977847728741854327e-01 -6.652478500837387398e-02 0.000000000000000000e+00 6.652478500837387398e-02 9.977847728741854327e-01 -0.000000000000000000e+00 0.000000000000000000e+00 0.000000000000000000e+00 1.000000000000000000e+00
7.010168475688101364e-02 9.970221150410458755e-01 -7.711615990879883142e-02 0.000000000000000000e+00 7.711615990879883142e-02 9.970221150410458755e-01 -0.000000000000000000e+00 0.000000000000000000e+00 0.000000000000000000e+00 1.000000000000000000e+00
7.510168475688115686e-02 9.960778483846051135e-01 -8.848118420034482845e-02 0.000000000000000000e+00 8.848118420034482845e-02 9.960778483846051135e-01 -0.000000000000000000e+00 0.000000000000000000e+00 0.000000000000000000e+00 1.000000000000000000e+00
8.010168475688130008e-02 9.949253195415455053e-01 -1.006161445055090004e-01 0.000000000000000000e+00 1.006161445055090004e-01 9.949253195415455053e-01 -0.000000000000000000e+00 0.000000000000000000e+00 0.000000000000000000e+00 1.000000000000000000e+00
8.510168475688144329e-02 9.935361099198576351e-01 -1.135165110691678941e-01 0.000000000000000000e+00 1.135165110691678941e-01 9.935361099198576351e-01 -0.000000000000000000e+00 0.000000000000000000e+00 0.000000000000000000e+00 1.000000000000000000e+00
9.010168475688158651e-02 9.918800606136317644e-01 -1.271768271230974690e-01 0.000000000000000000e+00 1.271768271230974690e-01 9.918800606136317644e-01 -0.000000000000000000e+00 0.000000000000000000e+00 0.000000000000000000e+00 1.000000000000000000e+00
9.510168475688172973e-02 9.899253023959492248e-01 -1.415905917647370116e-01 0.000000000000000000e+00 1.415905917647370116e-01 9.899253023959492248e-01 -0.000000000000000000e+00 0.000000000000000000e+00 0.000000000000000000e+00 1.000000000000000000e+00
1.001016847568818730e-01 9.876382914244364875e-01 -1.567501365620455056e-01 0.000000000000000000e+00 1.567501365620455056e-01 9.876382914244364875e-01 -0.000000000000000000e+00 0.000000000000000000e+00 0.000000000000000000e+00 1.000000000000000000e+00
1.051016847568820162e-01 9.849838513253978967e-01 -1.726464961364309325e-01 0.000000000000000000e+00 1.726464961364309325e-01 9.849838513253978967e-01 -0.000000000000000000e+00 0.000000000000000000e+00 0.000000000000000000e+00 1.000000000000000000e+00
1.101016847568821594e-01 9.819252223516335976e-01 -1.892692730204644513e-01 0.000000000000000000e+00 1.892692730204644513e-01 9.819252223516335976e-01 -0.000000000000000000e+00 0.000000000000000000e+00 0.000000000000000000e+00 1.000000000000000000e+00
1.151016847568823026e-01 9.784241183356773286e-01 -2.066064971365926262e-01 0.000000000000000000e+00 2.066064971365926262e-01 9.784241183356773286e-01 -0.000000000000000000e+00 0.000000000000000000e+00 0.000000000000000000e+00 1.000000000000000000e+00
1.201016847568824458e-01 9.744407921838427189e-01 -2.246444802974812416e-01 0.000000000000000000e+00 2.246444802974812416e-01 9.744407921838427189e-01 -0.000000000000000000e+00 0.000000000000000000e+00 0.000000000000000000e+00 1.000000000000000000e+00
1.251016847568825752e-01 9.699341106766836695e-01 -2.433676661880766201e-01 0.000000000000000000e+00 2.433676661880766201e-01 9.699341106766836695e-01 -0.000000000000000000e+00 0.000000000000000000e+00 0.000000000000000000e+00 1.000000000000000000e+00
1.301016847568827184e-01 9.648616393577392758e-01 -2.627584763540392609e-01 0.000000000000000000e+00 2.627584763540392609e-01 9.648616393577392758e-01 -0.000000000000000000e+00 0.000000000000000000e+00 0.000000000000000000e+00 1.000000000000000000e+00
1.350242447568826554e-01 9.592726102285709100e-01 -2.824819627255243382e-01 0.000000000000000000e+00 2.824819627255243382e-01 9.592726102285709100e-01 -0.000000000000000000e+00 0.000000000000000000e+00 0.000000000000000000e+00 1.000000000000000000e+00
1.400479247568823804e-01 9.529154343937147331e-01 -3.032361701615396421e-01 0.000000000000000000e+00 3.032361701615396421e-01 9.529154343937147331e-01 -0.000000000000000000e+00 0.000000000000000000e+00 0.000000000000000000e+00 1.000000000000000000e+00
1.450479247568825236e-01 9.458872533673643446e-01 -3.244954605493639566e-01 0.000000000000000000e+00 3.244954605493639566e-01 9.458872533673643446e-01 -0.000000000000000000e+00 0.000000000000000000e+00 0.000000000000000000e+00 1.000000000000000000e+00
1.500399247568824368e-01 9.381261918438522640e-01 -3.462935866812318353e-01 0.000000000000000000e+00 3.462935866812318353e-01 9.381261918438522640e-01 -0.000000000000000000e+00 0.000000000000000000e+00 0.000000000000000000e+00 1.000000000000000000e+00
1.550079247568825480e-01 9.296176311930959280e-01 -3.685255211989219570e-01 0.000000000000000000e+00 3.685255211989219570e-01 9.296176311930959280e-01 -0.000000000000000000e+00 0.000000000000000000e+00 0.000000000000000000e+00 1.000000000000000000e+00
1.600079247568826912e-01 9.202162562033819881e-01 -3.914103241088967011e-01 0.000000000000000000e+00 3.914103241088967011e-01 9.202162562033819881e-01 -0.000000000000000000e+00 0.000000000000000000e+00 0.000000000000000000e+00 1.000000000000000000e+00
1.650079247568828344e-01 9.099261376163683135e-01 -4.147703269070219245e-01 0.000000000000000000e+00 4.147703269070219245e-01 9.099261376163683135e-01 -0.000000000000000000e+00 0.000000000000000000e+00 0.000000000000000000e+00 1.000000000000000000e+00
1.700079247568829777e-01 8.986989609984603611e-01 -4.385660469077463652e-01 0.000000000000000000e+00 4.385660469077463652e-01 8.986989609984603611e-01 -0.000000000000000000e+00 0.000000000000000000e+00 0.000000000000000000e+00 1.000000000000000000e+00
1.750079247568831209e-01 8.864864547498866321e-01 -4.627545413553247888e-01 0.000000000000000000e+00 4.627545413553247888e-01 8.864864547498866321e-01 -0.000000000000000000e+00 0.000000000000000000e+00 0.000000000000000000e+00 1.000000000000000000e+00
1.800079247568832641e-01 8.732406180959368935e-01 -4.872892599959762205e-01 0.000000000000000000e+00 4.872892599959762205e-01 8.732406180959368935e-01 -0.000000000000000000e+00 0.000000000000000000e+00 0.000000000000000000e+00 1.000000000000000000e+00
1.850319247568832093e-01 8.588425171077174181e-01 -5.122397200609107859e-01 0.000000000000000000e+00 5.122397200609107859e-01 8.588425171077174181e-01 -0.000000000000000000e+00 0.000000000000000000e+00 0.000000000000000000e+00 1.000000000000000000e+00
1.900208527568829908e-01 8.434183395277790041e-01 -5.372573913388294375e-01 0.000000000000000000e+00 5.372573913388294375e-01 8.434183395277790041e-01 -0.000000000000000000e+00 0.000000000000000000e+00 0.000000000000000000e+00 1.000000000000000000e+00
1.951994639568829792e-01 8.261715841784672554e-01 -5.634185952700191402e-01 0.000000000000000000e+00 5.634185952700191402e-01 8.261715841784672554e-01 -0.000000000000000000e+00 0.000000000000000000e+00 0.000000000000000000e+00 1.000000000000000000e+00
2.001149839568830691e-01 8.085921287049387951e-01 -5.883695857166781895e-01 0.000000000000000000e+00 5.883695857166781895e-01 8.085921287049387951e-01 -0.000000000000000000e+00 0.000000000000000000e+00 0.000000000000000000e+00 1.000000000000000000e+00
2.050842511568828630e-01 7.898304497498530585e-01 -6.133252486633377076e-01 0.000000000000000000e+00 6.133252486633377076e-01 7.898304497498530585e-01 -0.000000000000000000e+00 0.000000000000000000e+00 0.000000000000000000e+00 1.000000000000000000e+00
2.100611983568829999e-01 7.702680831535914097e-01 -6.377202208452326104e-01 0.000000000000000000e+00 6.377202208452326104e-01 7.702680831535914097e-01 -0.000000000000000000e+00 0.000000000000000000e+00 0.000000000000000000e+00 1.000000000000000000e+00
2.150611983568831431e-01 7.498567261361304137e-01 -6.616002495982029608e-01 0.000000000000000000e+00 6.616002495982029608e-01 7.498567261361304137e-01 -0.000000000000000000e+00 0.000000000000000000e+00 0.000000000000000000e+00 1.000000000000000000e+00
2.201011983568832431e-01 7.285332121606318267e-01 -6.850104807803395479e-01 0.000000000000000000e+00 6.850104807803395479e-01 7.285332121606318267e-01 -0.000000000000000000e+00 0.000000000000000000e+00 0.000000000000000000e+00 1.000000000000000000e+00
2.251731983568832363e-01 7.063368626144148621e-01 -7.078758623600790445e-01 0.000000000000000000e+00 7.078758623600790445e-01 7.063368626144148621e-01 -0.000000000000000000e+00 0.000000000000000000e+00 0.000000000000000000e+00 1.000000000000000000e+00
2.301731983568833795e-01 6.837534098414405070e-01 -7.297131453730315576e-01 0.000000000000000000e+00 7.297131453730315576e-01 6.837534098414405070e-01 -0.000000000000000000e+00 0.000000000000000000e+00 0.000000000000000000e+00 1.000000000000000000e+00
2.351731983568835227e-01 6.604951750035024105e-01 -7.508302896108366431e-01 0.000000000000000000e+00 7.508302896108366431e-01 6.604951750035024105e-01 -0.000000000000000000e+00 0.000000000000000000e+00 0.000000000000000000e+00 1.000000000000000000e+00
2.401731983568836659e-01 6.365851111703847431e-01 -7.712064550016352049e-01 0.000000000000000000e+00 7.712064550016352049e-01 6.365851111703847431e-01 -0.000000000000000000e+00 0.000000000000000000e+00 0.000000000000000000e+00 1.000000000000000000e+00
2.451731983568838091e-01 6.120468146883935034e-01 -7.908215327302308140e-01 0.000000000000000000e+00 7.908215327302308140e-01 6.120468146883935034e-01 -0.000000000000000000e+00 0.000000000000000000e+00 0.000000000000000000e+00 1.000000000000000000e+00
2.501731983568839524e-01 5.869045018936124292e-01 -8.096561650830621515e-01 0.000000000000000000e+00 8.096561650830621515e-01 5.869045018936124292e-01 -0.000000000000000000e+00 0.000000000000000000e+00 0.000000000000000000e+00 1.000000000000000000e+00
2.550400783568836371e-01 5.618750848148412746e-01 -8.272220917409756069e-01 0.000000000000000000e+00 8.272220917409756069e-01 5.618750848148412746e-01 -0.000000000000000000e+00 0.000000000000000000e+00 0.000000000000000000e+00 1.000000000000000000e+00
2.600332950914435726e-01 5.356501505038965272e-01 -8.444400015780593183e-01 0.000000000000000000e+00 8.444400015780593183e-01 5.356501505038965272e-01 -0.000000000000000000e+00 0.000000000000000000e+00 0.000000000000000000e+00 1.000000000000000000e+00
2.650525634732178171e-01 5.087571141305531341e-01 -8.609100991517936174e-01 0.000000000000000000e+00 8.609100991517936174e-01 5.087571141305531341e-01 -0.000000000000000000e+00 0.000000000000000000e+00 0.000000000000000000e+00 1.000000000000000000e+00
2.700043861544990098e-01 4.817295237641336936e-01 -8.763199563709482831e-01 0.000000000000000000e+00 8.763199563709482831e-01 4.817295237641336936e-01 -0.000000000000000000e+00 0.000000000000000000e+00 0.000000000000000000e+00 1.000000000000000000e+00
2.750022543998209001e-01 4.539778787542471661e-01 -8.910129547889827917e-01 0.000000000000000000e+00 8.910129547889827917e-01 4.539778787542471661e-01 -0.000000000000000000e+00 0.000000000000000000e+00 0.000000000000000000e+00 1.000000000000000000e+00
2.800101354830629163e-01 4.257216684935403173e-01 -9.048541655841983999e-01 0.000000000000000000e+00 9.048541655841983999e-01 4.257216684935403173e-01 -0.000000000000000000e+00 0.000000000000000000e+00 0.000000000000000000e+00 1.000000000000000000e+00
2.850217610879128283e-01 3.970224032985235074e-01 -9.178089187184140796e-01 0.000000000000000000e+00 9.178089187184140796e-01 3.970224032985235074e-01 -0.000000000000000000e+00 0.000000000000000000e+00 0.000000000000000000e+00 1.000000000000000000e+00
2.900217610879122776e-01 3.679974218834254351e-01 -9.298268104798614875e-01 0.000000000000000000e+00 9.298268104798614875e-01 3.679974218834254351e-01 -0.000000000000000000e+00 0.000000000000000000e+00 0.000000000000000000e+00 1.000000000000000000e+00
2.950217610879117269e-01 3.386092714417952565e-01 -9.409270754387168978e-01 0.000000000000000000e+00 9.409270754387168978e-01 3.386092714417952565e-01 -0.000000000000000000e+00 0.000000000000000000e+00 0.000000000000000000e+00 1.000000000000000000e+00
3.000217610879111763e-01 3.088869545300452768e-01 -9.510987589736168424e-01 0.000000000000000000e+00 9.510987589736168424e-01 3.088869545300452768e-01 -0.000000000000000000e+00 0.000000000000000000e+00 0.000000000000000000e+00 1.000000000000000000e+00
3.050217610879106256e-01 2.788598034865477637e-01 -9.603318228609547536e-01 0.000000000000000000e+00 9.603318228609547536e-01 2.788598034865477637e-01 -0.000000000000000000e+00 0.000000000000000000e+00 0.000000000000000000e+00 1.000000000000000000e+00
3.100217610879100749e-01 2.485574514841611682e-01 -9.686171551813952396e-01 0.000000000000000000e+00 9.686171551813952396e-01 2.485574514841611682e-01 -0.000000000000000000e+00 0.000000000000000000e+00 0.000000000000000000e+00 1.000000000000000000e+00
3.150217610879095242e-01 2.180098032858649448e-01 -9.759465793122381605e-01 0.000000000000000000e+00 9.759465793122381605e-01 2.180098032858649448e-01 -0.000000000000000000e+00 0.000000000000000000e+00 0.000000000000000000e+00 1.000000000000000000e+00
3.200217610879089736e-01 1.872470057323677162e-01 -9.823128619967584907e-01 0.000000000000000000e+00 9.823128619967584907e-01 1.872470057323677162e-01 -0.000000000000000000e+00 0.000000000000000000e+00 0.000000000000000000e+00 1.000000000000000000e+00
3.250217610879084229e-01 1.562994179908176462e-01 -9.877097204825573407e-01 0.000000000000000000e+00 9.877097204825573407e-01 1.562994179908176462e-01 -0.000000000000000000e+00 0.000000000000000000e+00 0.000000000000000000e+00 1.000000000000000000e+00
3.300217610879078722e-01 1.251975815939685432e-01 -9.921318287218798826e-01 0.000000000000000000e+00 9.921318287218798826e-01 1.251975815939685432e-01 -0.000000000000000000e+00 0.000000000000000000e+00 0.000000000000000000e+00 1.000000000000000000e+00
3.350217610879073216e-01 9.397219029937298185e-02 -9.955748226277814084e-01 0.000000000000000000e+00 9.955748226277814084e-01 9.397219029937298185e-02 -0.000000000000000000e+00 0.000000000000000000e+00 0.000000000000000000e+00 1.000000000000000000e+00
3.400217610879067709e-01 6.265405979835242389e-02 -9.980353043809545577e-01 0.000000000000000000e+00 9.980353043809545577e-01 6.265405979835242389e-02 -0.000000000000000000e+00 0.000000000000000000e+00 0.000000000000000000e+00 1.000000000000000000e+00
3.450217610879062202e-01 3.127409730462677590e-02 -9.995108457829665616e-01 0.000000000000000000e+00 9.995108457829665616e-01 3.127409730462677590e-02 -0.000000000000000000e+00 0.000000000000000000e+00 0.000000000000000000e+00 1.000000000000000000e+00
3.500217610879056696e-01 -1.367289473705622302e-04 -9.999999906525972593e-01 0.000000000000000000e+00 9.999999906525972593e-01 -1.367289473705622302e-04 -0.000000000000000000e+00 0.000000000000000000e+00 0.000000000000000000e+00 1.000000000000000000e+00
3.550217610879051189e-01 -3.154742026440477548e-02 -9.995022562629167773e-01 0.000000000000000000e+00 9.995022562629167773e-01 -3.154742026440477548e-02 -0.000000000000000000e+00 0.000000000000000000e+00 0.000000000000000000e+00 1.000000000000000000e+00
3.600217610879045682e-01 -6.292697808640423940e-02 -9.980181338176743466e-01 0.000000000000000000e+00 9.980181338176743466e-01 -6.292697808640423940e-02 -0.000000000000000000e+00 0.000000000000000000e+00 0.000000000000000000e+00 1.000000000000000000e+00
3.650217610879040175e-01 -9.424443457829811965e-02 -9.955490879665435111e-01 0.000000000000000000e+00 9.955490879665435111e-01 -9.424443457829811965e-02 -0.000000000000000000e+00 0.000000000000000000e+00 0.000000000000000000e+00 1.000000000000000000e+00
3.700217610879034669e-01 -1.254688831915321823e-01 -9.920975553596881324e-01 0.000000000000000000e+00 9.920975553596881324e-01 -1.254688831915321823e-01 -0.000000000000000000e+00 0.000000000000000000e+00 0.000000000000000000e+00 1.000000000000000000e+00
3.750217610879029162e-01 -1.565695091650980419e-01 -9.876669422430823797e-01 0.000000000000000000e+00 9.876669422430823797e-01 -1.565695091650980419e-01 -0.000000000000000000e+00 0.000000000000000000e+00 0.000000000000000000e+00 1.000000000000000000e+00
3.800217610879023655e-01 -1.875156199359834797e-01 -9.822616210969580264e-01 0.000000000000000000e+00 9.822616210969580264e-01 -1.875156199359834797e-01 -0.000000000000000000e+00 0.000000000000000000e+00 0.000000000000000000e+00 1.000000000000000000e+00
3.850217610879021479e-01 -2.182766754290299260e-01 -9.758869263206932931e-01 0.000000000000000000e+00 9.758869263206932931e-01 -2.182766754290299260e-01 -0.000000000000000000e+00 0.000000000000000000e+00 0.000000000000000000e+00 1.000000000000000000e+00
3.901484810879019549e-01 -2.495934031549231491e-01 -9.683507283528753895e-01 0.000000000000000000e+00 9.683507283528753895e-01 -2.495934031549231491e-01 -0.000000000000000000e+00 0.000000000000000000e+00 0.000000000000000000e+00 1.000000000000000000e+00
3.951484810879014042e-01 -2.798868753087736527e-01 -9.600329874696449384e-01 0.000000000000000000e+00 9.600329874696449384e-01 -2.798868753087736527e-01 -0.000000000000000000e+00 0.000000000000000000e+00 0.000000000000000000e+00 1.000000000000000000e+00
4.001484810879008536e-01 -3.099041329078459639e-01 -9.507678099339691435e-01 0.000000000000000000e+00 9.507678099339691435e-01 -3.099041329078459639e-01 -0.000000000000000000e+00 0.000000000000000000e+00 0.000000000000000000e+00 1.000000000000000000e+00
4.051484810879003029e-01 -3.396155525429180866e-01 -9.405643393574776301e-01 0.000000000000000000e+00 9.405643393574776301e-01 -3.396155525429180866e-01 -0.000000000000000000e+00 0.000000000000000000e+00 0.000000000000000000e+00 1.000000000000000000e+00
4.101484810878997522e-01 -3.689918126299130408e-01 -9.294326453337494742e-01 0.000000000000000000e+00 9.294326453337494742e-01 -3.689918126299130408e-01 -0.000000000000000000e+00 0.000000000000000000e+00 0.000000000000000000e+00 1.000000000000000000e+00
4.151484810878992016e-01 -3.980039223467632947e-01 -9.173837135008401367e-01 0.000000000000000000e+00 9.173837135008401367e-01 -3.980039223467632947e-01 -0.000000000000000000e+00 0.000000000000000000e+00 0.000000000000000000e+00 1.000000000000000000e+00
4.201484810878986509e-01 -4.266232502438536689e-01 -9.044294346997835410e-01 0.000000000000000000e+00 9.044294346997835410e-01 -4.266232502438536689e-01 -0.000000000000000000e+00 0.000000000000000000e+00 0.000000000000000000e+00 1.000000000000000000e+00
4.251484810878981002e-01 -4.548215524998026615e-01 -8.905825932397674061e-01 0.000000000000000000e+00 8.905825932397674061e-01 -4.548215524998026615e-01 -0.000000000000000000e+00 0.000000000000000000e+00 0.000000000000000000e+00 1.000000000000000000e+00
4.301484810878975495e-01 -4.825710007947054958e-01 -8.758568542815636793e-01 0.000000000000000000e+00 8.758568542815636793e-01 -4.825710007947054958e-01 -0.000000000000000000e+00 0.000000000000000000e+00 0.000000000000000000e+00 1.000000000000000000e+00
4.350206090878973586e-01 -5.091528695856182285e-01 -8.606761036491779038e-01 0.000000000000000000e+00 8.606761036491779038e-01 -5.091528695856182285e-01 -0.000000000000000000e+00 0.000000000000000000e+00 0.000000000000000000e+00 1.000000000000000000e+00
4.400222730878970423e-01 -5.359449499956003837e-01 -8.442529304504742260e-01 0.000000000000000000e+00 8.442529304504742260e-01 -5.359449499956003837e-01 -0.000000000000000000e+00 0.000000000000000000e+00 0.000000000000000000e+00 1.000000000000000000e+00
4.450222730878964916e-01 -5.621991189148670687e-01 -8.270019048897935265e-01 0.000000000000000000e+00 8.270019048897935265e-01 -5.621991189148670687e-01 -0.000000000000000000e+00 0.000000000000000000e+00 0.000000000000000000e+00 1.000000000000000000e+00
4.500222730878959410e-01 -5.878984651788875526e-01 -8.089347282941364847e-01 0.000000000000000000e+00 8.089347282941364847e-01 -5.878984651788875526e-01 -0.000000000000000000e+00 0.000000000000000000e+00 0.000000000000000000e+00 1.000000000000000000e+00
4.550222730878953903e-01 -6.130176266356184289e-01 -7.900692307855265994e-01 0.000000000000000000e+00 7.900692307855265994e-01 -6.130176266356184289e-01 -0.000000000000000000e+00 0.000000000000000000e+00 0.000000000000000000e+00 1.000000000000000000e+00
4.600222730878948396e-01 -6.375318137053747058e-01 -7.704240303323459660e-01 0.000000000000000000e+00 7.704240303323459660e-01 -6.375318137053747058e-01 -0.000000000000000000e+00 0.000000000000000000e+00 0.000000000000000000e+00 1.000000000000000000e+00
4.650222730878942889e-01 -6.614168338451524853e-01 -7.500185143756479267e-01 0.000000000000000000e+00 7.500185143756479267e-01 -6.614168338451524853e-01 -0.000000000000000000e+00 0.000000000000000000e+00 0.000000000000000000e+00 1.000000000000000000e+00
4.700222730878937383e-01 -6.846491154237477339e-01 -7.288728206960936040e-01 0.000000000000000000e+00 7.288728206960936040e-01 -6.846491154237477339e-01 -0.000000000000000000e+00 0.000000000000000000e+00 0.000000000000000000e+00 1.000000000000000000e+00
4.750222730878931876e-01 -7.072057309841094375e-01 -7.070078175403944343e-01 0.000000000000000000e+00 7.070078175403944343e-01 -7.072057309841094375e-01 -0.000000000000000000e+00 0.000000000000000000e+00 0.000000000000000000e+00 1.000000000000000000e+00
4.800222730878926369e-01 -7.290644198699721690e-01 -6.844450830268715702e-01 0.000000000000000000e+00 6.844450830268715702e-01 -7.290644198699721690e-01 -0.000000000000000000e+00 0.000000000000000000e+00 0.000000000000000000e+00 1.000000000000000000e+00
4.850222730878920863e-01 -7.502036101944378199e-01 -6.612068838504572277e-01 0.000000000000000000e+00 6.612068838504572277e-01 -7.502036101944378199e-01 -0.000000000000000000e+00 0.000000000000000000e+00 0.000000000000000000e+00 1.000000000000000000e+00
4.901022730878918932e-01 -7.709226928036458926e-01 -6.369287257773628141e-01 0.000000000000000000e+00 6.369287257773628141e-01 -7.709226928036458926e-01 -0.000000000000000000e+00 0.000000000000000000e+00 0.000000000000000000e+00 1.000000000000000000e+00
4.950622730878915800e-01 -7.903947660819030663e-01 -6.125978401450123956e-01 0.000000000000000000e+00 6.125978401450123956e-01 -7.903947660819030663e-01 -0.000000000000000000e+00 0.000000000000000000e+00 0.000000000000000000e+00 1.000000000000000000e+00
5.000622730878910849e-01 -8.092469171461744715e-01 -5.874686605168080167e-01 0.000000000000000000e+00 5.874686605168080167e-01 -8.092469171461744715e-01 -0.000000000000000000e+00 0.000000000000000000e+00 0.000000000000000000e+00 1.000000000000000000e+00
5.050622730878905342e-01 -8.273004392047871303e-01 -5.617597202466245720e-01 0.000000000000000000e+00 5.617597202466245720e-01 -8.273004392047871303e-01 -0.000000000000000000e+00 0.000000000000000000e+00 0.000000000000000000e+00 1.000000000000000000e+00
5.101022730878905787e-01 -8.446720738591066979e-01 -5.352841186160445242e-01 0.000000000000000000e+00 5.352841186160445242e-01 -8.446720738591066979e-01 -0.000000000000000000e+00 0.000000000000000000e+00 0.000000000000000000e+00 1.000000000000000000e+00
5.151262730878912732e-01 -8.611456280913142303e-01 -5.083583452833401184e-01 0.000000000000000000e+00 5.083583452833401184e-01 -8.611456280913142303e-01 -0.000000000000000000e+00 0.000000000000000000e+00 0.000000000000000000e+00 1.000000000000000000e+00
5.200048162235952898e-01 -8.763212580991111000e-01 -4.817271557672356264e-01 0.000000000000000000e+00 4.817271557672356264e-01 -8.763212580991111000e-01 -0.000000000000000000e+00 0.000000000000000000e+00 0.000000000000000000e+00 1.000000000000000000e+00
5.250782511661026275e-01 -8.912296284402442259e-01 -4.535523667563248762e-01 0.000000000000000000e+00 4.535523667563248762e-01 -8.912296284402442259e-01 -0.000000000000000000e+00 0.000000000000000000e+00 0.000000000000000000e+00 1.000000000000000000e+00
5.300883076515134906e-01 -9.050631582342544279e-01 -4.252771797393275488e-01 0.000000000000000000e+00 4.252771797393275488e-01 -9.050631582342544279e-01 -0.000000000000000000e+00 0.000000000000000000e+00 0.000000000000000000e+00 1.000000000000000000e+00
5.350883076515129400e-01 -9.179748432346822584e-01 -3.966386103095111970e-01 0.000000000000000000e+00 3.966386103095111970e-01 -9.179748432346822584e-01 -0.000000000000000000e+00 0.000000000000000000e+00 0.000000000000000000e+00 1.000000000000000000e+00
5.400883076515123893e-01 -9.299805978932832451e-01 -3.676086064580796342e-01 0.000000000000000000e+00 3.676086064580796342e-01 -9.299805978932832451e-01 -0.000000000000000000e+00 0.000000000000000000e+00 0.000000000000000000e+00 1.000000000000000000e+00
5.450883076515118386e-01 -9.410685739796823546e-01 -3.382158172939984664e-01 0.000000000000000000e+00 3.382158172939984664e-01 -9.410685739796823546e-01 -0.000000000000000000e+00 0.000000000000000000e+00 0.000000000000000000e+00 1.000000000000000000e+00
5.500883076515112879e-01 -9.512278290001492387e-01 -3.084892499515391462e-01 0.000000000000000000e+00 3.084892499515391462e-01 -9.512278290001492387e-01 -0.000000000000000000e+00 0.000000000000000000e+00 0.000000000000000000e+00 1.000000000000000000e+00
5.550883076515107373e-01 -9.604483369965207684e-01 -2.784582409637357814e-01 0.000000000000000000e+00 2.784582409637357814e-01 -9.604483369965207684e-01 -0.000000000000000000e+00 0.000000000000000000e+00 0.000000000000000000e+00 1.000000000000000000e+00
5.600883076515101866e-01 -9.687209984406097707e-01 -2.481524273107720835e-01 0.000000000000000000e+00 2.481524273107720835e-01 -9.687209984406097707e-01 -0.000000000000000000e+00 0.000000000000000000e+00 0.000000000000000000e+00 1.000000000000000000e+00
5.650883076515096359e-01 -9.760376492143416627e-01 -2.176017171718587495e-01 0.000000000000000000e+00 2.176017171718587495e-01 -9.760376492143416627e-01 -0.000000000000000000e+00 0.000000000000000000e+00 0.000000000000000000e+00 1.000000000000000000e+00
5.700883076515090853e-01 -9.823910686667528536e-01 -1.868362604094701285e-01 0.000000000000000000e+00 1.868362604094701285e-01 -9.823910686667528536e-01 -0.000000000000000000e+00 0.000000000000000000e+00 0.000000000000000000e+00 1.000000000000000000e+00
5.750883076515085346e-01 -9.877749867399009398e-01 -1.558864188150729246e-01 0.000000000000000000e+00 1.558864188150729246e-01 -9.877749867399009398e-01 -0.000000000000000000e+00 0.000000000000000000e+00 0.000000000000000000e+00 1.000000000000000000e+00
5.800883076515079839e-01 -9.921840901566565396e-01 -1.247827361457002487e-01 0.000000000000000000e+00 1.247827361457002487e-01 -9.921840901566565396e-01 -0.000000000000000000e+00 0.000000000000000000e+00 0.000000000000000000e+00 1.000000000000000000e+00
5.850883076515074332e-01 -9.956140276642645448e-01 -9.355590798095411720e-02 0.000000000000000000e+00 9.355590798095411720e-02 -9.956140276642645448e-01 -0.000000000000000000e+00 0.000000000000000000e+00 0.000000000000000000e+00 1.000000000000000000e+00
5.900883076515068826e-01 -9.980614143285065909e-01 -6.223675143017288330e-02 0.000000000000000000e+00 6.223675143017288330e-02 -9.980614143285065909e-01 -0.000000000000000000e+00 0.000000000000000000e+00 0.000000000000000000e+00 1.000000000000000000e+00
5.950883076515063319e-01 -9.995238348742214729e-01 -3.085617471966370026e-02 0.000000000000000000e+00 3.085617471966370026e-02 -9.995238348742214729e-01 -0.000000000000000000e+00 0.000000000000000000e+00 0.000000000000000000e+00 1.000000000000000000e+00
6.000883076515057812e-01 -9.999998460688901414e-01 5.548533099822130837e-04 0.000000000000000000e+00 -5.548533099822130837e-04 -9.999998460688901414e-01 -0.000000000000000000e+00 0.000000000000000000e+00 -0.000000000000000000e+00 1.000000000000000000e+00
6.050883076515052306e-01 -9.994889781469342704e-01 3.196533376639986573e-02 0.000000000000000000e+00 -3.196533376639986573e-02 -9.994889781469342704e-01 -0.000000000000000000e+00 0.000000000000000000e+00 -0.000000000000000000e+00 1.000000000000000000e+00
6.100883076515046799e-01 -9.979917352733138625e-01 6.334426829761161115e-02 0.000000000000000000e+00 -6.334426829761161115e-02 -9.979917352733138625e-01 -0.000000000000000000e+00 0.000000000000000000e+00 -0.000000000000000000e+00 1.000000000000000000e+00
6.150883076515041292e-01 -9.955095950459812437e-01 9.466068968365937142e-02 0.000000000000000000e+00 -9.466068968365937142e-02 -9.955095950459812437e-01 -0.000000000000000000e+00 0.000000000000000000e+00 -0.000000000000000000e+00 1.000000000000000000e+00
6.200151990691037396e-01 -9.921027276461771294e-01 1.254279785255867363e-01 0.000000000000000000e+00 -1.254279785255867363e-01 -9.921027276461771294e-01 -0.000000000000000000e+00 0.000000000000000000e+00 -0.000000000000000000e+00 1.000000000000000000e+00
6.251589324334303477e-01 -9.875316323980674049e-01 1.574206943613459253e-01 0.000000000000000000e+00 -1.574206943613459253e-01 -9.875316323980674049e-01 -0.000000000000000000e+00 0.000000000000000000e+00 -0.000000000000000000e+00 1.000000000000000000e+00
6.300982417810649938e-01 -9.821713984880675596e-01 1.879876165921404996e-01 0.000000000000000000e+00 -1.879876165921404996e-01 -9.821713984880675596e-01 -0.000000000000000000e+00 0.000000000000000000e+00 -0.000000000000000000e+00 1.000000000000000000e+00
6.350982417810644431e-01 -9.757819224579622475e-01 2.187456052226961212e-01 0.000000000000000000e+00 -2.187456052226961212e-01 -9.757819224579622475e-01 -0.000000000000000000e+00 0.000000000000000000e+00 -0.000000000000000000e+00 1.000000000000000000e+00
6.400982417810638925e-01 -9.684294674779703183e-01 2.492877183503739436e-01 0.000000000000000000e+00 -2.492877183503739436e-01 -9.684294674779703183e-01 -0.000000000000000000e+00 0.000000000000000000e+00 -0.000000000000000000e+00 1.000000000000000000e+00
6.450022417810639119e-01 -9.602897558452472282e-01 2.790046322530783662e-01 0.000000000000000000e+00 -2.790046322530783662e-01 -9.602897558452472282e-01 -0.000000000000000000e+00 0.000000000000000000e+00 -0.000000000000000000e+00 1.000000000000000000e+00
6.500870417810639124e-01 -9.508873727905087225e-01 3.095370806019273613e-01 0.000000000000000000e+00 -3.095370806019273613e-01 -9.508873727905087225e-01 -0.000000000000000000e+00 0.000000000000000000e+00 -0.000000000000000000e+00 1.000000000000000000e+00
6.550870417810633617e-01 -9.406953726085154344e-01 3.392524369152365438e-01 0.000000000000000000e+00 -3.392524369152365438e-01 -9.406953726085154344e-01 -0.000000000000000000e+00 0.000000000000000000e+00 -0.000000000000000000e+00 1.000000000000000000e+00
6.600870417810628110e-01 -9.295750196652863284e-01 3.686329920317531483e-01 0.000000000000000000e+00 -3.686329920317531483e-01 -9.295750196652863284e-01 -0.000000000000000000e+00 0.000000000000000000e+00 -0.000000000000000000e+00 1.000000000000000000e+00
6.650070417810624024e-01 -9.177370530506162583e-01 3.971884961299487204e-01 0.000000000000000000e+00 -3.971884961299487204e-01 -9.177370530506162583e-01 -0.000000000000000000e+00 0.000000000000000000e+00 -0.000000000000000000e+00 1.000000000000000000e+00
6.701705617810626014e-01 -9.043702375288286133e-01 4.267487240426738881e-01 0.000000000000000000e+00 -4.267487240426738881e-01 -9.043702375288286133e-01 -0.000000000000000000e+00 0.000000000000000000e+00 -0.000000000000000000e+00 1.000000000000000000e+00
6.750679697810630930e-01 -8.908125587026665126e-01 4.543709775696596065e-01 0.000000000000000000e+00 -4.543709775696596065e-01 -8.908125587026665126e-01 -0.000000000000000000e+00 0.000000000000000000e+00 -0.000000000000000000e+00 1.000000000000000000e+00
6.800679697810625424e-01 -8.761008591709661397e-01 4.821278715858430264e-01 0.000000000000000000e+00 -4.821278715858430264e-01 -8.761008591709661397e-01 -0.000000000000000000e+00 0.000000000000000000e+00 -0.000000000000000000e+00 1.000000000000000000e+00
6.850679697810619917e-01 -8.605245538642027903e-01 5.094089636007742561e-01 0.000000000000000000e+00 -5.094089636007742561e-01 -8.605245538642027903e-01 -0.000000000000000000e+00 0.000000000000000000e+00 -0.000000000000000000e+00 1.000000000000000000e+00
6.900679697810614410e-01 -8.440990147151636869e-01 5.361873304703215215e-01 0.000000000000000000e+00 -5.361873304703215215e-01 -8.440990147151636869e-01 -0.000000000000000000e+00 0.000000000000000000e+00 -0.000000000000000000e+00 1.000000000000000000e+00
6.950679697810608904e-01 -8.268404517479099880e-01 5.624365451793756909e-01 0.000000000000000000e+00 -5.624365451793756909e-01 -8.268404517479099880e-01 -0.000000000000000000e+00 0.000000000000000000e+00 -0.000000000000000000e+00 1.000000000000000000e+00
7.000679697810603397e-01 -8.087658970804391112e-01 5.881307029221248817e-01 0.000000000000000000e+00 -5.881307029221248817e-01 -8.087658970804391112e-01 -0.000000000000000000e+00 0.000000000000000000e+00 -0.000000000000000000e+00 1.000000000000000000e+00
7.050679697810597890e-01 -7.898931881160401458e-01 6.132444466669703109e-01 0.000000000000000000e+00 -6.132444466669703109e-01 -7.898931881160401458e-01 -0.000000000000000000e+00 0.000000000000000000e+00 -0.000000000000000000e+00 1.000000000000000000e+00
7.100679697810592383e-01 -7.702409499399311965e-01 6.377529921808545721e-01 0.000000000000000000e+00 -6.377529921808545721e-01 -7.702409499399311965e-01 -0.000000000000000000e+00 0.000000000000000000e+00 -0.000000000000000000e+00 1.000000000000000000e+00
7.150679697810586877e-01 -7.498285769385478750e-01 6.616321524883086447e-01 0.000000000000000000e+00 -6.616321524883086447e-01 -7.498285769385478750e-01 -0.000000000000000000e+00 0.000000000000000000e+00 -0.000000000000000000e+00 1.000000000000000000e+00
7.200679697810581370e-01 -7.286762136596280914e-01 6.848583617410743951e-01 0.000000000000000000e+00 -6.848583617410743951e-01 -7.286762136596280914e-01 -0.000000000000000000e+00 0.000000000000000000e+00 -0.000000000000000000e+00 1.000000000000000000e+00
7.251079697810581814e-01 -7.066269214133981125e-01 7.075863155360082590e-01 0.000000000000000000e+00 -7.075863155360082590e-01 -7.066269214133981125e-01 -0.000000000000000000e+00 0.000000000000000000e+00 -0.000000000000000000e+00 1.000000000000000000e+00
7.301479697810576708e-01 -6.838690723259077675e-01 7.296047504752847246e-01 0.000000000000000000e+00 -7.296047504752847246e-01 -6.838690723259077675e-01 -0.000000000000000000e+00 0.000000000000000000e+00 -0.000000000000000000e+00 1.000000000000000000e+00
7.351479697810571201e-01 -6.606141851815374721e-01 7.507255812458594191e-01 0.000000000000000000e+00 -7.507255812458594191e-01 -6.606141851815374721e-01 -0.000000000000000000e+00 0.000000000000000000e+00 -0.000000000000000000e+00 1.000000000000000000e+00
7.401479697810565694e-01 -6.367073515933102668e-01 7.711055365039425347e-01 0.000000000000000000e+00 -7.711055365039425347e-01 -6.367073515933102668e-01 -0.000000000000000000e+00 0.000000000000000000e+00 -0.000000000000000000e+00 1.000000000000000000e+00
7.451479697810560188e-01 -6.121721647196707305e-01 7.907245036941958904e-01 0.000000000000000000e+00 -7.907245036941958904e-01 -6.121721647196707305e-01 -0.000000000000000000e+00 0.000000000000000000e+00 -0.000000000000000000e+00 1.000000000000000000e+00
7.500679697810559432e-01 -5.874396944590490888e-01 8.092679441160752773e-01 0.000000000000000000e+00 -8.092679441160752773e-01 -5.874396944590490888e-01 -0.000000000000000000e+00 0.000000000000000000e+00 -0.000000000000000000e+00 1.000000000000000000e+00
7.550807697810559826e-01 -5.616635691259509455e-01 8.273657202934493471e-01 0.000000000000000000e+00 -8.273657202934493471e-01 -5.616635691259509455e-01 -0.000000000000000000e+00 0.000000000000000000e+00 -0.000000000000000000e+00 1.000000000000000000e+00
7.600807697810560981e-01 -5.353982367501800566e-01 8.445997443077981615e-01 0.000000000000000000e+00 -8.445997443077981615e-01 -5.353982367501800566e-01 -0.000000000000000000e+00 0.000000000000000000e+00 -0.000000000000000000e+00 1.000000000000000000e+00
7.650007697810554674e-01 -5.090372526132372899e-01 8.607444890627921064e-01 0.000000000000000000e+00 -8.607444890627921064e-01 -5.090372526132372899e-01 -0.000000000000000000e+00 0.000000000000000000e+00 -0.000000000000000000e+00 1.000000000000000000e+00
7.701127697810554729e-01 -4.811326431168265749e-01 8.766478082602021660e-01 0.000000000000000000e+00 -8.766478082602021660e-01 -4.811326431168265749e-01 -0.000000000000000000e+00 0.000000000000000000e+00 -0.000000000000000000e+00 1.000000000000000000e+00
7.751127697810549222e-01 -4.533590600997445264e-01 8.913279770238764499e-01 0.000000000000000000e+00 -8.913279770238764499e-01 -4.533590600997445264e-01 -0.000000000000000000e+00 0.000000000000000000e+00 -0.000000000000000000e+00 1.000000000000000000e+00
7.801127697810543715e-01 -4.251380664250475894e-01 9.051285126855586061e-01 0.000000000000000000e+00 -9.051285126855586061e-01 -4.251380664250475894e-01 -0.000000000000000000e+00 0.000000000000000000e+00 -0.000000000000000000e+00 1.000000000000000000e+00
7.850727697810538919e-01 -3.967282278423672759e-01 9.179361160958068311e-01 0.000000000000000000e+00 -9.179361160958068311e-01 -3.967282278423672759e-01 -0.000000000000000000e+00 0.000000000000000000e+00 -0.000000000000000000e+00 1.000000000000000000e+00
7.901127697810540473e-01 -3.674656640121933271e-01 9.300370883852309145e-01 0.000000000000000000e+00 -9.300370883852309145e-01 -3.674656640121933271e-01 -0.000000000000000000e+00 0.000000000000000000e+00 -0.000000000000000000e+00 1.000000000000000000e+00
7.951127697810534967e-01 -3.380711709723472347e-01 9.411205466662525554e-01 0.000000000000000000e+00 -9.411205466662525554e-01 -3.380711709723472347e-01 -0.000000000000000000e+00 0.000000000000000000e+00 -0.000000000000000000e+00 1.000000000000000000e+00
8.001127697810529460e-01 -3.083430425025794341e-01 9.512752325905751150e-01 0.000000000000000000e+00 -9.512752325905751150e-01 -3.083430425025794341e-01 -0.000000000000000000e+00 0.000000000000000000e+00 -0.000000000000000000e+00 1.000000000000000000e+00
8.051127697810523953e-01 -2.783106166765683120e-01 9.604911247091816318e-01 0.000000000000000000e+00 -9.604911247091816318e-01 -2.783106166765683120e-01 -0.000000000000000000e+00 0.000000000000000000e+00 -0.000000000000000000e+00 1.000000000000000000e+00
8.100327697810524308e-01 -2.484904519712827220e-01 9.686343454983969981e-01 0.000000000000000000e+00 -9.686343454983969981e-01 -2.484904519712827220e-01 -0.000000000000000000e+00 0.000000000000000000e+00 -0.000000000000000000e+00 1.000000000000000000e+00
8.150327697810518801e-01 -2.179422968722958542e-01 9.759616566412987471e-01 0.000000000000000000e+00 -9.759616566412987471e-01 -2.179422968722958542e-01 -0.000000000000000000e+00 0.000000000000000000e+00 -0.000000000000000000e+00 1.000000000000000000e+00
8.200327697810513294e-01 -1.871790590387883979e-01 9.823258114583744982e-01 0.000000000000000000e+00 -9.823258114583744982e-01 -1.871790590387883979e-01 -0.000000000000000000e+00 0.000000000000000000e+00 -0.000000000000000000e+00 1.000000000000000000e+00
8.250327697810507788e-01 -1.562310980724105347e-01 9.877205292971735773e-01 0.000000000000000000e+00 -9.877205292971735773e-01 -1.562310980724105347e-01 -0.000000000000000000e+00 0.000000000000000000e+00 -0.000000000000000000e+00 1.000000000000000000e+00
8.300190097810509204e-01 -1.252147325292328195e-01 9.921296642866961335e-01 0.000000000000000000e+00 -9.921296642866961335e-01 -1.252147325292328195e-01 -0.000000000000000000e+00 0.000000000000000000e+00 -0.000000000000000000e+00 1.000000000000000000e+00
8.350267485565792125e-01 -9.394099173598149943e-02 9.955777669633146809e-01 0.000000000000000000e+00 -9.955777669633146809e-01 -9.394099173598149943e-02 -0.000000000000000000e+00 0.000000000000000000e+00 -0.000000000000000000e+00 1.000000000000000000e+00
8.401061239426051985e-01 -6.212502499320676774e-02 9.980683750473177129e-01 0.000000000000000000e+00 -9.980683750473177129e-01 -6.212502499320676774e-02 -0.000000000000000000e+00 0.000000000000000000e+00 -0.000000000000000000e+00 1.000000000000000000e+00
8.450734421367306348e-01 -3.094953289380695388e-02 9.995209484616395246e-01 0.000000000000000000e+00 -9.995209484616395246e-01 -3.094953289380695388e-02 -0.000000000000000000e+00 0.000000000000000000e+00 -0.000000000000000000e+00 1.000000000000000000e+00
8.501473706522292284e-01 9.259569844762336301e-04 9.999995713017394428e-01 0.000000000000000000e+00 -9.999995713017394428e-01 9.259569844762336301e-04 -0.000000000000000000e+00 -0.000000000000000000e+00 0.000000000000000000e+00 1.000000000000000000e+00
8.551260654325137933e-01 3.220245076511438903e-02 9.994813665920544432e-01 0.000000000000000000e+00 -9.994813665920544432e-01 3.220245076511438903e-02 -0.000000000000000000e+00 -0.000000000000000000e+00 0.000000000000000000e+00 1.000000000000000000e+00
8.600078751370771046e-01 6.283990275865701525e-02 9.980236202722271299e-01 0.000000000000000000e+00 -9.980236202722271299e-01 6.283990275865701525e-02 -0.000000000000000000e+00 -0.000000000000000000e+00 0.000000000000000000e+00 1.000000000000000000e+00
8.651654808371201932e-01 9.514339459448335756e-02 9.954635776687352777e-01 0.000000000000000000e+00 -9.954635776687352777e-01 9.514339459448335756e-02 -0.000000000000000000e+00 -0.000000000000000000e+00 0.000000000000000000e+00 1.000000000000000000e+00
8.701089761390093935e-01 1.260125222059717276e-01 9.920286509205715753e-01 0.000000000000000000e+00 -9.920286509205715753e-01 1.260125222059717276e-01 -0.000000000000000000e+00 -0.000000000000000000e+00 0.000000000000000000e+00 1.000000000000000000e+00
8.751009761390088348e-01 1.570610741520916953e-01 9.875888916883335256e-01 0.000000000000000000e+00 -9.875888916883335256e-01 1.570610741520916953e-01 -0.000000000000000000e+00 -0.000000000000000000e+00 0.000000000000000000e+00 1.000000000000000000e+00
8.801009761390082842e-01 1.880044907381595021e-01 9.821681686260685940e-01 0.000000000000000000e+00 -9.821681686260685940e-01 1.880044907381595021e-01 -0.000000000000000000e+00 -0.000000000000000000e+00 0.000000000000000000e+00 1.000000000000000000e+00
8.851009761390077335e-01 2.187623695899251208e-01 9.757781641599698741e-01 0.000000000000000000e+00 -9.757781641599698741e-01 2.187623695899251208e-01 -0.000000000000000000e+00 -0.000000000000000000e+00 0.000000000000000000e+00 1.000000000000000000e+00
8.900299361390068276e-01 2.488720677446920881e-01 9.685363668425062134e-01 0.000000000000000000e+00 -9.685363668425062134e-01 2.488720677446920881e-01 -0.000000000000000000e+00 -0.000000000000000000e+00 0.000000000000000000e+00 1.000000000000000000e+00
8.950167014510076458e-01 2.790918761009072990e-01 9.602644035339830131e-01 0.000000000000000000e+00 -9.602644035339830131e-01 2.790918761009072990e-01 -0.000000000000000000e+00 -0.000000000000000000e+00 0.000000000000000000e+00 1.000000000000000000e+00
9.000961786990072655e-01 3.095916695360973470e-01 9.508696010252153386e-01 0.000000000000000000e+00 -9.508696010252153386e-01 3.095916695360973470e-01 -0.000000000000000000e+00 -0.000000000000000000e+00 0.000000000000000000e+00 1.000000000000000000e+00
9.050241786990080861e-01 3.388808542331263607e-01 9.408292972873594229e-01 0.000000000000000000e+00 -9.408292972873594229e-01 3.388808542331263607e-01 -0.000000000000000000e+00 -0.000000000000000000e+00 0.000000000000000000e+00 1.000000000000000000e+00
9.101160186990073786e-01 3.688022311768794359e-01 9.295078882284730781e-01 0.000000000000000000e+00 -9.295078882284730781e-01 3.688022311768794359e-01 -0.000000000000000000e+00 -0.000000000000000000e+00 0.000000000000000000e+00 1.000000000000000000e+00
9.151905786990071068e-01 3.982465629188819412e-01 9.172784065502124218e-01 0.000000000000000000e+00 -9.172784065502124218e-01 3.982465629188819412e-01 -0.000000000000000000e+00 -0.000000000000000000e+00 0.000000000000000000e+00 1.000000000000000000e+00
9.201905786990065561e-01 4.268624633162413362e-01 9.043165581872258940e-01 0.000000000000000000e+00 -9.043165581872258940e-01 4.268624633162413362e-01 -0.000000000000000000e+00 -0.000000000000000000e+00 0.000000000000000000e+00 1.000000000000000000e+00
9.251905786990060054e-01 4.550571019980374499e-01 8.904622585607699925e-01 0.000000000000000000e+00 -8.904622585607699925e-01 4.550571019980374499e-01 -0.000000000000000000e+00 -0.000000000000000000e+00 0.000000000000000000e+00 1.000000000000000000e+00
9.301905786990054548e-01 4.828026542598720661e-01 8.757291801919256935e-01 0.000000000000000000e+00 -8.757291801919256935e-01 4.828026542598720661e-01 -0.000000000000000000e+00 -0.000000000000000000e+00 0.000000000000000000e+00 1.000000000000000000e+00
9.351905786990049041e-01 5.100717385914224078e-01 8.601318628502977459e-01 0.000000000000000000e+00 -8.601318628502977459e-01 5.100717385914224078e-01 -0.000000000000000000e+00 -0.000000000000000000e+00 0.000000000000000000e+00 1.000000000000000000e+00
9.401905786990043534e-01 5.368374436986904641e-01 8.436856992050151272e-01 0.000000000000000000e+00 -8.436856992050151272e-01 5.368374436986904641e-01 -0.000000000000000000e+00 -0.000000000000000000e+00 0.000000000000000000e+00 1.000000000000000000e+00
9.451905786990038028e-01 5.630733550621986883e-01 8.264069196340256829e-01 0.000000000000000000e+00 -8.264069196340256829e-01 5.630733550621986883e-01 -0.000000000000000000e+00 -0.000000000000000000e+00 0.000000000000000000e+00 1.000000000000000000e+00
9.501905786990032521e-01 5.887535810049300267e-01 8.083125762066747377e-01 0.000000000000000000e+00 -8.083125762066747377e-01 5.887535810049300267e-01 -0.000000000000000000e+00 -0.000000000000000000e+00 0.000000000000000000e+00 1.000000000000000000e+00
9.551905786990027014e-01 6.138527782442908531e-01 7.894205258553679272e-01 0.000000000000000000e+00 -7.894205258553679272e-01 6.138527782442908531e-01 -0.000000000000000000e+00 -0.000000000000000000e+00 0.000000000000000000e+00 1.000000000000000000e+00
9.601905786990021507e-01 6.383461769028687671e-01 7.697494127529370678e-01 0.000000000000000000e+00 -7.697494127529370678e-01 6.383461769028687671e-01 -0.000000000000000000e+00 -0.000000000000000000e+00 0.000000000000000000e+00 1.000000000000000000e+00
9.651905786990016001e-01 6.622096049533122697e-01 7.493186499130914946e-01 0.000000000000000000e+00 -7.493186499130914946e-01 6.622096049533122697e-01 -0.000000000000000000e+00 -0.000000000000000000e+00 0.000000000000000000e+00 1.000000000000000000e+00
9.701905786990010494e-01 6.854195120732009539e-01 7.281484000321193362e-01 0.000000000000000000e+00 -7.281484000321193362e-01 6.854195120732009539e-01 -0.000000000000000000e+00 -0.000000000000000000e+00 0.000000000000000000e+00 1.000000000000000000e+00
9.751905786990004987e-01 7.079529928863739219e-01 7.062595555907373868e-01 0.000000000000000000e+00 -7.062595555907373868e-01 7.079529928863739219e-01 -0.000000000000000000e+00 -0.000000000000000000e+00 0.000000000000000000e+00 1.000000000000000000e+00
9.801905786989999481e-01 7.297878095677695631e-01 6.836737182357364162e-01 0.000000000000000000e+00 -6.836737182357364162e-01 7.297878095677695631e-01 -0.000000000000000000e+00 -0.000000000000000000e+00 0.000000000000000000e+00 1.000000000000000000e+00
9.851905786989993974e-01 7.509024137894713125e-01 6.604131774617657547e-01 0.000000000000000000e+00 -6.604131774617657547e-01 7.509024137894713125e-01 -0.000000000000000000e+00 -0.000000000000000000e+00 0.000000000000000000e+00 1.000000000000000000e+00
9.901905786989988467e-01 7.712759679863100404e-01 6.365008886142897726e-01 0.000000000000000000e+00 -6.365008886142897726e-01 7.712759679863100404e-01 -0.000000000000000000e+00 -0.000000000000000000e+00 0.000000000000000000e+00 1.000000000000000000e+00
9.950705786989991752e-01 7.904267338488624173e-01 6.125565920117256313e-01 0.000000000000000000e+00 -6.125565920117256313e-01 7.904267338488624173e-01 -0.000000000000000000e+00 -0.000000000000000000e+00 0.000000000000000000e+00 1.000000000000000000e+00
1.000000000000000000e+00 8.090169943749474513e-01 5.877852522924732481e-01 0.000000000000000000e+00 -5.877852522924732481e-01 8.090169943749474513e-01 -0.000000000000000000e+00 -0.000000000000000000e+00 0.000000000000000000e+00 1.000000000000000000e+00
