time torque_Nm angle_arcmin
0.000000000000000000e+00 0.000000000000000000e+00 0.000000000000000000e+00
1.000000000000000048e-04 3.200000000000000000e+01 5.903884543479675194e-03
2.000000000000000096e-04 6.400000000000000000e+01 4.660908727912117799e-02
3.000000000000001363e-04 9.600000000000004263e+01 1.572031095163227699e-01
4.002102293708804893e-04 1.280672733986817491e+02 3.529346295606789474e-01
5.010626131184136049e-04 1.603400361978923456e+02 5.171205086301394749e-01
6.020001752724530144e-04 1.926400560871849450e+02 5.791206792078873455e-01
7.020331819027860387e-04 2.246506182088915295e+02 6.372259797385938507e-01
8.033382845711937699e-04 2.570682510627819966e+02 6.974162450030348959e-01
9.054205222737691421e-04 2.897345671276061125e+02 7.575612199426109417e-01
1.000861586012921156e-03 3.202757075241347593e+02 8.141344138500251626e-01
1.101002762438723498e-03 3.523208839803914998e+02 8.620854055015556572e-01
1.200453310061589448e-03 3.841450592197086280e+02 9.001047622894341460e-01
1.304876385065599151e-03 4.175604432209917718e+02 9.370889228176415564e-01
1.404766494590172637e-03 4.495252782688551747e+02 9.716575022806382966e-01
1.504766494590172900e-03 4.815252782688553452e+02 1.005634534712444461e+00
1.604766494590173162e-03 5.135252782688554589e+02 1.038353768367368701e+00
1.704766494590173424e-03 5.455252782688554589e+02 1.070614139398627263e+00
1.804766494590173687e-03 5.775252782688555726e+02 1.102545599132942700e+00
1.901226590078172523e-03 6.083925088250151703e+02 1.129156779370870112e+00
2.000955730691292202e-03 6.403058338212135823e+02 1.157168681486667516e+00
2.101148727772378117e-03 6.723675928871609813e+02 1.188545703469983561e+00
2.201341724853468369e-03 7.044293519531098582e+02 1.222128760716895801e+00
2.303538581876180425e-03 7.371323462003776967e+02 1.257124238363451996e+00
2.405735438898892482e-03 7.698353404476455353e+02 1.291936985521682235e+00
2.503123032061711252e-03 8.009993702597474794e+02 1.324724851963359429e+00
2.604117573119449011e-03 8.333176233982236454e+02 1.358260151341401656e+00
2.703370972701897839e-03 8.650787112646073638e+02 1.390803955682772708e+00
2.803370972701898101e-03 8.970787112646073638e+02 1.423342651712779405e+00
2.903370972701898364e-03 9.290787112646073638e+02 1.455657335724956258e+00
3.003370972701898626e-03 9.610787112646075911e+02 1.487643952131064262e+00
3.103370972701898888e-03 9.930787112646075911e+02 1.519352306112555562e+00
3.203370972701899150e-03 1.025078711264607591e+03 1.550764201139187337e+00
3.303370972701899413e-03 1.057078711264607819e+03 1.582018460758295664e+00
3.403370972701899675e-03 1.089078711264607819e+03 1.613019532627905317e+00
3.503370972701899937e-03 1.121078711264607819e+03 1.643865228521999455e+00
3.603370972701900200e-03 1.153078711264608046e+03 1.674607182211776069e+00
3.703370972701900462e-03 1.185078711264608046e+03 1.705142421131571551e+00
3.803370972701900724e-03 1.217078711264608046e+03 1.735425149690748681e+00
3.903370972701900986e-03 1.249078711264608273e+03 1.765501382706297306e+00
4.003370972701897346e-03 1.281078711264607136e+03 1.795427881542519977e+00
4.103370972701893271e-03 1.313078711264605772e+03 1.825309686841518397e+00
4.203370972701889197e-03 1.345078711264604635e+03 1.855175573739302086e+00
4.303370972701885122e-03 1.377078711264603044e+03 1.885084495916393932e+00
4.403370972701881048e-03 1.409078711264601907e+03 1.915009512421724125e+00
4.503370972701876973e-03 1.441078711264600543e+03 1.944853561004921794e+00
4.603370972701872899e-03 1.473078711264599406e+03 1.974520806492907621e+00
4.703370972701868824e-03 1.505078711264598041e+03 2.003995903148304780e+00
4.803370972701864750e-03 1.537078711264596677e+03 2.033265922544948978e+00
4.903370972701860675e-03 1.569078711264595313e+03 2.062306421026198322e+00
5.003370972701856600e-03 1.601078711264593949e+03 2.091161957824533513e+00
5.103370972701852526e-03 1.633078711264592812e+03 2.119887778549006452e+00
5.203370972701848451e-03 1.665078711264591448e+03 2.148576720697370490e+00
5.303370972701844377e-03 1.697078711264590083e+03 2.177261862281969496e+00
5.403370972701840302e-03 1.729078711264588719e+03 2.205965199784676756e+00
5.503370972701836228e-03 1.761078711264587582e+03 2.234698464792630013e+00
5.603370972701832153e-03 1.793078711264586218e+03 2.264400136898983451e+00
5.703370972701828079e-03 1.825078711264584854e+03 2.295906756077560562e+00
5.803370972701824004e-03 1.857078711264583490e+03 2.327406895064123127e+00
5.907370972701823930e-03 1.890358711264583690e+03 2.359619730229810752e+00
6.001770972701826225e-03 1.920566711264584455e+03 2.388238371304582053e+00
6.109370972701825588e-03 1.954998711264584017e+03 2.420166954665584402e+00
6.209370972701821513e-03 1.986998711264582653e+03 2.449280212193695849e+00
6.309370972701817439e-03 2.018998711264581743e+03 2.477917727635561729e+00
6.409370972701813364e-03 2.050998711264580379e+03 2.506192998462871468e+00
6.509370972701809289e-03 2.082998711264579015e+03 2.534294865489096882e+00
6.609370972701805215e-03 2.114998711264577651e+03 2.562359172120843187e+00
6.709370972701801140e-03 2.146998711264576286e+03 2.590462312113979149e+00
6.809370972701797066e-03 2.178998711264574922e+03 2.618625231186030966e+00
6.909370972701792991e-03 2.210998711264573558e+03 2.646784779510322760e+00
7.009370972701788917e-03 2.242998711264572194e+03 2.674772817445543183e+00
7.109370972701784842e-03 2.274998711264571284e+03 2.702496050588565790e+00
7.209370972701780768e-03 2.306998711264569920e+03 2.729923847910188162e+00
7.309370972701776693e-03 2.338998711264568556e+03 2.757037884515816550e+00
7.409370972701772619e-03 2.370998711264567191e+03 2.783839404599649736e+00
7.509370972701768544e-03 2.402998711264565827e+03 2.810356127099896462e+00
7.609370972701764470e-03 2.434998711264564463e+03 2.836638595361545612e+00
7.709370972701760395e-03 2.466998711264563099e+03 2.862764798055617899e+00
7.809370972701756321e-03 2.498998711264561734e+03 2.888864281471481110e+00
7.909370972701753114e-03 2.530998711264560825e+03 2.915034191197046098e+00
8.009370972701749039e-03 2.562998711264559915e+03 2.941335151177442153e+00
8.109370972701744965e-03 2.594998711264558551e+03 2.967794897170390467e+00
8.209370972701740890e-03 2.626998711264557187e+03 2.994406002645006115e+00
8.309370972701736816e-03 2.658998711264555368e+03 3.021124345944973033e+00
8.409370972701732741e-03 2.690998711264554458e+03 3.047877284029320233e+00
8.509370972701728666e-03 2.722998711264553094e+03 3.074579759976517668e+00
8.609370972701724592e-03 2.754998711264551730e+03 3.101152731878886737e+00
8.709370972701720517e-03 2.786998711264550366e+03 3.127539097359019138e+00
8.809370972701716443e-03 2.818998711264549456e+03 3.153716629203634714e+00
8.909370972701712368e-03 2.850998711264548092e+03 3.179703913221648470e+00
9.009370972701708294e-03 2.882998711264546728e+03 3.205551986257613617e+00
9.109370972701704219e-03 2.914998711264545364e+03 3.231338190995625137e+00
9.209370972701700145e-03 2.946998711264543999e+03 3.257145524972102635e+00
9.309370972701696070e-03 2.978998711264542635e+03 3.283044734396130426e+00
9.409370972701691996e-03 3.010998711264541271e+03 3.309080029435155890e+00
9.509370972701687921e-03 3.042998711264539907e+03 3.335247285624978630e+00
9.609370972701683847e-03 3.074998711264538997e+03 3.361477050746816353e+00
9.709370972701679772e-03 3.106998711264537633e+03 3.387700153918469237e+00
9.809370972701675698e-03 3.138998711264536269e+03 3.413845123325275566e+00
9.909370972701671623e-03 3.170998711264534904e+03 3.439842670884463161e+00
1.000937097270166755e-02 3.197001288735466460e+03 3.465623118051035956e+00
1.010937097270166347e-02 3.165001288735467824e+03 3.485421223896420617e+00
1.020937097270165940e-02 3.133001288735469188e+03 3.493551693574884709e+00
1.030937097270165533e-02 3.101001288735470553e+03 3.492111088872586144e+00
1.040937097270165125e-02 3.069001288735471462e+03 3.483536909941599369e+00
1.050937097270164718e-02 3.037001288735472826e+03 3.469729647389071747e+00
1.060937097270164310e-02 3.005001288735474191e+03 3.452039527851800127e+00
1.070937097270163903e-02 2.973001288735475555e+03 3.431446175446667191e+00
1.080937097270163495e-02 2.941001288735476919e+03 3.408729209520878989e+00
1.090937097270163088e-02 2.909001288735478283e+03 3.384548974294792512e+00
1.100937097270162680e-02 2.877001288735479648e+03 3.359273353716399235e+00
1.110937097270162273e-02 2.845001288735481012e+03 3.333106038419477279e+00
1.120937097270161865e-02 2.813001288735481921e+03 3.306161257501920581e+00
1.130937097270161458e-02 2.781001288735483286e+03 3.278609203931150518e+00
1.140937097270161051e-02 2.749001288735484650e+03 3.250680971392001517e+00
1.150937097270160643e-02 2.717001288735486014e+03 3.222459883230473832e+00
1.160937097270160236e-02 2.685001288735487378e+03 3.194113476253561679e+00
1.170937097270159828e-02 2.653001288735488743e+03 3.165828803479023179e+00
1.180937097270159421e-02 2.621001288735490107e+03 3.137698000982149793e+00
1.190937097270159013e-02 2.589001288735491471e+03 3.109811145794473042e+00
1.200937097270158606e-02 2.557001288735492835e+03 3.082299507166422980e+00
1.210937097270158198e-02 2.525001288735493745e+03 3.055246010390611833e+00
1.220937097270157791e-02 2.493001288735495109e+03 3.028604926158633859e+00
1.230937097270157383e-02 2.461001288735496473e+03 3.002251415671115531e+00
1.240937097270156976e-02 2.429001288735497837e+03 2.976042691856232825e+00
1.250937097270156569e-02 2.397001288735499202e+03 2.949845640013828874e+00
1.260937097270156161e-02 2.365001288735500566e+03 2.923550744327055639e+00
1.270937097270155754e-02 2.333001288735501930e+03 2.897077309129143075e+00
1.280937097270155346e-02 2.301001288735503294e+03 2.870380170928208852e+00
1.290937097270154939e-02 2.269001288735504204e+03 2.843449883100748643e+00
1.300937097270154531e-02 2.237001288735505568e+03 2.816374708478927680e+00
1.310937097270154124e-02 2.205001288735506478e+03 2.789270120491633254e+00
1.320937097270153716e-02 2.173001288735507842e+03 2.762223488638554159e+00
1.330937097270153309e-02 2.141001288735509661e+03 2.735303707009123730e+00
1.340937097270152902e-02 2.109001288735511025e+03 2.708546528926625285e+00
1.350937097270152494e-02 2.077001288735512389e+03 2.681937671635061804e+00
1.360937097270152087e-02 2.045001288735513526e+03 2.655429230524864792e+00
1.370937097270151679e-02 2.013001288735514663e+03 2.628941654586079757e+00
1.380937097270151272e-02 1.981001288735516027e+03 2.602370706162510317e+00
1.390937097270150864e-02 1.949001288735517164e+03 2.575628628866226233e+00
1.400937097270150457e-02 1.917001288735518528e+03 2.548676381345368558e+00
1.410937097270150049e-02 1.885001288735519893e+03 2.521481253179505000e+00
1.420937097270149642e-02 1.853001288735521257e+03 2.494052125834867795e+00
1.430937097270149234e-02 1.821001288735522621e+03 2.466451618322359707e+00
1.440937097270148827e-02 1.789001288735523985e+03 2.438787281536143325e+00
1.450937097270148420e-02 1.757001288735525122e+03 2.411145409777762705e+00
1.460937097270148012e-02 1.725001288735526487e+03 2.383594291059072834e+00
1.470937097270147605e-02 1.693001288735527396e+03 2.356184843065154411e+00
1.480937097270147197e-02 1.661001288735528988e+03 2.328927530179152772e+00
1.490937097270146790e-02 1.629001288735530352e+03 2.301804143819574211e+00
1.500937097270146382e-02 1.597001288735531716e+03 2.274338644067842363e+00
1.510937097270145975e-02 1.565001288735533080e+03 2.245257060829015217e+00
1.520937097270145567e-02 1.533001288735534217e+03 2.216135251186570621e+00
1.530937097270145160e-02 1.501001288735535582e+03 2.187171552976727273e+00
1.540937097270144752e-02 1.469001288735536946e+03 2.158310935816266429e+00
1.550937097270144345e-02 1.437001288735538310e+03 2.129479491520768430e+00
1.560937097270143938e-02 1.405001288735539219e+03 2.100647446857195177e+00
1.570937097270143704e-02 1.373001288735540356e+03 2.071843741695658103e+00
1.580937097270143296e-02 1.341001288735541493e+03 2.043115546302482155e+00
1.590937097270142889e-02 1.309001288735542857e+03 2.014504204472472360e+00
1.600937097270142481e-02 1.277001288735544222e+03 1.986040985153007643e+00
1.610937097270142074e-02 1.245001288735545586e+03 1.957729024630053605e+00
1.620937097270141666e-02 1.213001288735546723e+03 1.929543235529429746e+00
1.630937097270141259e-02 1.181001288735548087e+03 1.901425093549772516e+00
1.640937097270140851e-02 1.149001288735549451e+03 1.873276991608832542e+00
1.650937097270140444e-02 1.117001288735550816e+03 1.845006339112798210e+00
1.660937097270140037e-02 1.085001288735551952e+03 1.816537845715872734e+00
1.670937097270139629e-02 1.053001288735553317e+03 1.787820922350506603e+00
1.680937097270139222e-02 1.021001288735554681e+03 1.758832560896841812e+00
1.690937097270138814e-02 9.890012887355560451e+02 1.729570906866716440e+00
1.700937097270138407e-02 9.570012887355570683e+02 1.700065967392335065e+00
1.710937097270137999e-02 9.250012887355584326e+02 1.670371950639629066e+00
1.720937097270137592e-02 8.930012887355597968e+02 1.640569551380543167e+00
1.730937097270137184e-02 8.610012887355612747e+02 1.610725823938106593e+00
1.740937097270136777e-02 8.290012887355622979e+02 1.580899241121463294e+00
1.750937097270136369e-02 7.970012887355636622e+02 1.551110960759523927e+00
1.760937097270135962e-02 7.650012887355650264e+02 1.521332757556507209e+00
1.770937097270135555e-02 7.330012887355665043e+02 1.491489176286031837e+00
1.780937097270135147e-02 7.010012887355675275e+02 1.461464991318818907e+00
1.790937097270134740e-02 6.690012887355688918e+02 1.431163714725520286e+00
1.800937097270134332e-02 6.370012887355702560e+02 1.400482788941030288e+00
1.810937097270133925e-02 6.050012887355716202e+02 1.369419002234388616e+00
1.820937097270133517e-02 5.730012887355726434e+02 1.337945815533317484e+00
1.830937097270133110e-02 5.410012887355741213e+02 1.306056456171947655e+00
1.840937097270132702e-02 5.090012887355754856e+02 1.273772947438694070e+00
1.850937097270132295e-02 4.770012887355768498e+02 1.241083695003738940e+00
1.860937097270131887e-02 4.450012887355779299e+02 1.208021159934103750e+00
1.870937097270131480e-02 4.130012887355792941e+02 1.174539032296045393e+00
1.880937097270131073e-02 3.810012887355807152e+02 1.140520939986829463e+00
1.890937097270130665e-02 3.490012887355820794e+02 1.105809060045367831e+00
1.900937097270130258e-02 3.170012887355831026e+02 1.070195037641662905e+00
1.910937097270129850e-02 2.850012887355845237e+02 1.033953271457346723e+00
1.920937097270129443e-02 2.530012887355859164e+02 9.973217458628356180e-01
1.930937097270129035e-02 2.210012887355873090e+02 9.599030309124702010e-01
1.940937097270128628e-02 1.890012887355883322e+02 9.211459840273941158e-01
1.950937097270128220e-02 1.570012887355897533e+02 8.806381082081545797e-01
1.960937097270127813e-02 1.250012887355911317e+02 8.375927381191157206e-01
1.970937097270127406e-02 9.300128873559252440e+01 7.906212843655215927e-01
1.980937097270126998e-02 6.100128873559356180e+01 7.390966796975785291e-01
1.990937097270126591e-02 2.900128873559495446e+01 6.831287105159929984e-01
2.000937097270126183e-02 -2.998711264403652876e+00 6.217689834878369348e-01
2.010057097270126839e-02 -3.218271126440575358e+01 5.592895070659540391e-01
2.020624777270125724e-02 -6.599928726440218441e+01 4.745380314909299346e-01
2.030102541161326116e-02 -9.632813171624343340e+01 3.758898000037215192e-01
2.040104964249678243e-02 -1.283358855989702363e+02 2.136819246683989981e-01
2.050121116788765699e-02 -1.603875737240500996e+02 -6.113746927467540726e-02
2.060091925554856027e-02 -1.922941617755391519e+02 -4.473599464029258121e-01
2.070057202055325396e-02 -2.241830465770411251e+02 -7.705591668823840168e-01
2.080018814585826367e-02 -2.560602066746442347e+02 -8.787644657298873119e-01
2.090365419539286576e-02 -2.891693425257168997e+02 -9.352177331476209110e-01
2.100226526039040628e-02 -3.207248833249298627e+02 -9.712850338574920972e-01
2.110097453298278095e-02 -3.523118505544897516e+02 -1.007237905311465953e+00
2.120427017074114767e-02 -3.853664546371671236e+02 -1.047636710201150567e+00
2.130336516701956950e-02 -4.170768534462620778e+02 -1.086949745455446870e+00
2.140246016329798440e-02 -4.487872522553548151e+02 -1.124045776285717224e+00
2.150502348444614104e-02 -4.816075150227649715e+02 -1.158949753335382082e+00
2.160134382082876114e-02 -5.124300226652034098e+02 -1.189347851289103808e+00
2.170408551297023370e-02 -5.453073641504746547e+02 -1.219885348275309589e+00
2.180190020671669490e-02 -5.766080661493422213e+02 -1.248479619711090116e+00
2.190419218943038399e-02 -6.093415006177226587e+02 -1.276431562141888687e+00
2.200658113136940916e-02 -6.421059620382108051e+02 -1.304027425714790800e+00
2.210431603049299587e-02 -6.733811297577584583e+02 -1.334196262461021298e+00
2.220620241583167939e-02 -7.059847730661372225e+02 -1.368968103467150366e+00
2.230620241583167532e-02 -7.379847730661359719e+02 -1.405296542789701508e+00
2.240620241583167124e-02 -7.699847730661347214e+02 -1.442308101538730680e+00
2.250620241583166717e-02 -8.019847730661332434e+02 -1.478763271115403510e+00
2.260620241583166309e-02 -8.339847730661321066e+02 -1.513998777297105303e+00
2.270620241583165902e-02 -8.659847730661306286e+02 -1.547921528528104274e+00
2.280620241583165494e-02 -8.979847730661294918e+02 -1.580575624444877425e+00
2.290620241583165087e-02 -9.299847730661280139e+02 -1.612117435054270409e+00
2.300620241583164680e-02 -9.619847730661268770e+02 -1.642813998904592676e+00
2.310620241583164272e-02 -9.939847730661253991e+02 -1.672986943733611787e+00
2.320156241583164192e-02 -1.024499973066125222e+03 -1.701312921427019731e+00
2.330621521583164241e-02 -1.057988869066125517e+03 -1.732030643132873582e+00
2.340206161583162706e-02 -1.088659717066120493e+03 -1.760110793537824403e+00
2.350675537583162694e-02 -1.122161720266120483e+03 -1.790850496330028907e+00
2.360407633583164189e-02 -1.153304427466125162e+03 -1.819470832769062740e+00
2.370139729583165683e-02 -1.184447134666130069e+03 -1.848058470826978272e+00
2.380793937583165765e-02 -1.218540600266130241e+03 -1.879186377566982147e+00
2.390793937583165357e-02 -1.250540600266129104e+03 -1.908154928403223760e+00
2.400793937583164950e-02 -1.282540600266127740e+03 -1.936790441683220898e+00
2.410793937583164542e-02 -1.314540600266126376e+03 -1.965249639786994296e+00
2.420793937583164135e-02 -1.346540600266125011e+03 -1.993526046503871108e+00
2.430793937583163727e-02 -1.378540600266123874e+03 -2.021718087060319746e+00
2.440793937583163320e-02 -1.410540600266122510e+03 -2.049953526683688132e+00
2.450793937583162913e-02 -1.442540600266121146e+03 -2.078343919672328788e+00
2.460793937583162505e-02 -1.474540600266119782e+03 -2.106897933527237754e+00
2.470793937583162098e-02 -1.506540600266118645e+03 -2.135784076090179617e+00
2.480793937583161690e-02 -1.538540600266117281e+03 -2.164984266192690576e+00
2.490793937583161283e-02 -1.570540600266115916e+03 -2.194387425215545306e+00
2.500793937583160875e-02 -1.602540600266114552e+03 -2.223862985270919967e+00
2.510793937583160468e-02 -1.634540600266113188e+03 -2.253219244644189434e+00
2.520793937583160060e-02 -1.666540600266112278e+03 -2.282336196013741603e+00
2.530793937583159653e-02 -1.698540600266110687e+03 -2.311135441175120597e+00
2.540793937583159245e-02 -1.730540600266109323e+03 -2.339578174938766519e+00
2.550793937583158838e-02 -1.762540600266107958e+03 -2.367711303450301674e+00
2.560793937583158431e-02 -1.794540600266107049e+03 -2.395714185257864060e+00
2.570393937583158317e-02 -1.825260600266106394e+03 -2.422523880749354763e+00
2.580633937583158566e-02 -1.858028600266107333e+03 -2.451129661906977564e+00
2.590393937583157502e-02 -1.889260600266104120e+03 -2.478503675891641667e+00
2.600393937583157095e-02 -1.921260600266102529e+03 -2.506730425571890741e+00
2.610393937583156687e-02 -1.953260600266101164e+03 -2.535144972167167499e+00
2.620393937583156280e-02 -1.985260600266099800e+03 -2.563679734418836453e+00
2.630393937583155872e-02 -2.017260600266098891e+03 -2.592226429688076372e+00
2.640393937583155465e-02 -2.049260600266097299e+03 -2.620623583052708927e+00
2.650393937583155057e-02 -2.081260600266095935e+03 -2.648749331636385485e+00
2.660393937583154650e-02 -2.113260600266094571e+03 -2.676510667961031764e+00
2.670393937583154242e-02 -2.145260600266093206e+03 -2.703866133623732182e+00
2.680393937583153835e-02 -2.177260600266092297e+03 -2.730842816104195325e+00
2.690393937583153428e-02 -2.209260600266090933e+03 -2.757531475760646611e+00
2.700393937583153020e-02 -2.241260600266089568e+03 -2.784063005170544169e+00
2.710393937583152613e-02 -2.273260600266088204e+03 -2.810590376589736650e+00
2.720393937583152205e-02 -2.305260600266086840e+03 -2.837253670159382235e+00
2.730393937583151798e-02 -2.337260600266085476e+03 -2.864141294733749898e+00
2.740393937583151390e-02 -2.369260600266084111e+03 -2.891280197064928004e+00
2.750393937583150983e-02 -2.401260600266082747e+03 -2.918636680619769219e+00
2.760393937583150575e-02 -2.433260600266081838e+03 -2.946118154737243700e+00
2.770393937583150168e-02 -2.465260600266080473e+03 -2.973593518143455849e+00
2.780393937583149760e-02 -2.497260600266079109e+03 -3.000925241176334080e+00
2.790393937583149353e-02 -2.529260600266077745e+03 -3.027994901632732550e+00
2.800393937583148946e-02 -2.561260600266076381e+03 -3.054731627407665684e+00
2.810393937583148538e-02 -2.593260600266075016e+03 -3.081129661141046139e+00
2.820393937583148131e-02 -2.625260600266073652e+03 -3.107250713349250404e+00
2.830393937583147723e-02 -2.657260600266072288e+03 -3.133210260527008018e+00
2.840393937583147316e-02 -2.689260600266071378e+03 -3.159150424112916244e+00
2.850393937583146908e-02 -2.721260600266070014e+03 -3.185203471084955051e+00
2.860393937583146501e-02 -2.753260600266068650e+03 -3.211477974190217299e+00
2.870393937583146093e-02 -2.785260600266067286e+03 -3.238025158994503272e+00
2.880393937583145686e-02 -2.817260600266065921e+03 -3.264831291488416110e+00
2.890393937583145278e-02 -2.849260600266064557e+03 -3.291815356471305964e+00
2.900393937583144871e-02 -2.881260600266063193e+03 -3.318847843906820305e+00
2.910393937583144464e-02 -2.913260600266061829e+03 -3.345781313364227572e+00
2.920393937583144056e-02 -2.945260600266060919e+03 -3.372483699379010602e+00
2.930393937583143649e-02 -2.977260600266059555e+03 -3.398867528288343376e+00
2.940393937583143241e-02 -3.009260600266058191e+03 -3.424908988522604503e+00
2.950393937583142834e-02 -3.041260600266056827e+03 -3.450653661349037726e+00
2.960393937583142426e-02 -3.073260600266055462e+03 -3.476206658720272458e+00
2.970393937583142019e-02 -3.105260600266054098e+03 -3.501701737270080272e+00
2.980393937583141611e-02 -3.137260600266052734e+03 -3.527273323925506521e+00
2.990393937583141204e-02 -3.169260600266051370e+03 -3.553042743359438482e+00
3.000393937583140797e-02 -3.198739399733949085e+03 -3.579075308029489921e+00
3.010393937583140389e-02 -3.166739399733950449e+03 -3.600188839942236374e+00
3.020393937583139982e-02 -3.134739399733951814e+03 -3.609946194214223247e+00
3.030393937583139574e-02 -3.102739399733953178e+03 -3.610099488721213667e+00
3.040393937583139167e-02 -3.070739399733954542e+03 -3.602886612352150575e+00
3.050393937583138759e-02 -3.038739399733955906e+03 -3.589987732039393808e+00
3.060393937583138352e-02 -3.006739399733956816e+03 -3.572487851453222785e+00
3.070393937583137944e-02 -2.974739399733958180e+03 -3.551302629612167472e+00
3.080393937583137537e-02 -2.942739399733959544e+03 -3.527382993030404812e+00
3.090393937583137129e-02 -2.910739399733960454e+03 -3.501407898863162504e+00
3.100393937583136722e-02 -2.878739399733962273e+03 -3.473903466796273154e+00
3.110393937583136315e-02 -2.846739399733963637e+03 -3.445347017156169755e+00
3.120393937583135907e-02 -2.814739399733965001e+03 -3.416350646149211912e+00
3.130393937583137581e-02 -2.782739399733959544e+03 -3.387405261454705219e+00
3.140393937583140643e-02 -2.750739399733949540e+03 -3.358675106788247433e+00
3.150393937583143705e-02 -2.718739399733939990e+03 -3.330152211293686548e+00
3.160393937583146767e-02 -2.686739399733929986e+03 -3.301909966093558690e+00
3.170393937583149829e-02 -2.654739399733920436e+03 -3.273989115790653770e+00
3.180393937583152891e-02 -2.622739399733910432e+03 -3.246223071892230472e+00
3.190393937583155953e-02 -2.590739399733900882e+03 -3.218457096341144297e+00
3.200393937583159015e-02 -2.558739399733890878e+03 -3.190564647695916634e+00
3.210393937583162077e-02 -2.526739399733880873e+03 -3.162520578257621562e+00
3.220393937583165139e-02 -2.494739399733871323e+03 -3.134521156923291141e+00
3.230393937583168201e-02 -2.462739399733861319e+03 -3.106721844558578915e+00
3.240393937583171263e-02 -2.430739399733851315e+03 -3.079244061936843302e+00
3.250393937583174325e-02 -2.398739399733841765e+03 -3.052192002007561022e+00
3.260393937583177387e-02 -2.366739399733832215e+03 -3.025593806390447060e+00
3.270393937583180449e-02 -2.334739399733822211e+03 -2.999425441911344414e+00
3.280393937583183511e-02 -2.302739399733812206e+03 -2.973605650707558556e+00
3.290393937583186573e-02 -2.270739399733802657e+03 -2.948000720364168270e+00
3.300393937583189635e-02 -2.238739399733793107e+03 -2.922448739961276853e+00
3.310393937583192697e-02 -2.206739399733783102e+03 -2.896783645964122300e+00
3.320393937583195759e-02 -2.174739399733773098e+03 -2.870866071308378675e+00
3.330393937583198821e-02 -2.142739399733763548e+03 -2.844610664874798633e+00
3.340393937583201883e-02 -2.110739399733753999e+03 -2.818007881077834398e+00
3.350393937583204945e-02 -2.078739399733743994e+03 -2.791149222767873361e+00
3.360393937583208007e-02 -2.046739399733733990e+03 -2.764160025746205118e+00
3.370393937583211069e-02 -2.014739399733724213e+03 -2.737182183679150338e+00
3.380393937583214131e-02 -1.982739399733714663e+03 -2.710355753212798646e+00
3.390393937583217193e-02 -1.950739399733704659e+03 -2.683785489595490237e+00
3.400393937583220255e-02 -1.918739399733694654e+03 -2.657508902569189146e+00
3.410393937583223317e-02 -1.886739399733685104e+03 -2.631491229374483876e+00
3.420393937583226379e-02 -1.854739399733675555e+03 -2.605643698325213364e+00
3.430393937583229441e-02 -1.822739399733665550e+03 -2.579832623958146165e+00
3.440393937583232503e-02 -1.790739399733655546e+03 -2.553902274902400737e+00
3.450393937583235565e-02 -1.758739399733645996e+03 -2.527709109687133360e+00
3.460393937583238627e-02 -1.726739399733636219e+03 -2.501154053650274545e+00
3.470393937583241689e-02 -1.694739399733626215e+03 -2.474204981420241367e+00
3.480393937583244751e-02 -1.662739399733616438e+03 -2.446901899152587045e+00
3.490393937583247813e-02 -1.630739399733606660e+03 -2.419343833439179470e+00
3.500393937583250875e-02 -1.598739399733596656e+03 -2.391680960081568053e+00
3.510393937583253937e-02 -1.566739399733587106e+03 -2.364070697846404112e+00
3.520393937583256999e-02 -1.534739399733577102e+03 -2.336654902691535085e+00
3.530393937583260061e-02 -1.502739399733567552e+03 -2.309517572436218913e+00
3.540393937583263123e-02 -1.470739399733557548e+03 -2.282661573367855024e+00
3.550393937583266185e-02 -1.438739399733547998e+03 -2.255996194327965387e+00
3.560393937583269247e-02 -1.406739399733537994e+03 -2.229424268796626585e+00
3.570393937583272309e-02 -1.374739399733528444e+03 -2.202807652782349468e+00
3.580393937583275371e-02 -1.342739399733518439e+03 -2.175983113383085588e+00
3.590393937583278433e-02 -1.310739399733508662e+03 -2.148805430074510969e+00
3.600393937583281495e-02 -1.278739399733498885e+03 -2.121203310563191113e+00
3.610393937583284557e-02 -1.246739399733489108e+03 -2.093191327747751629e+00
3.620393937583287619e-02 -1.214739399733479104e+03 -2.064845058006200773e+00
3.630393937583290681e-02 -1.182739399733469554e+03 -2.036351693649854688e+00
3.640393937583293743e-02 -1.150739399733459550e+03 -2.007910256540882177e+00
3.650393937583296805e-02 -1.118739399733450000e+03 -1.979668953866981163e+00
3.660393937583299867e-02 -1.086739399733439996e+03 -1.951709479665843849e+00
3.670393937583302929e-02 -1.054739399733430446e+03 -1.924031414986699051e+00
3.680393937583305991e-02 -1.022739399733420441e+03 -1.896579862412088646e+00
3.690393937583309053e-02 -9.907393997334107780e+02 -1.869310022876949473e+00
3.700393937583312115e-02 -9.587393997334007736e+02 -1.842044059733606964e+00
3.710393937583315177e-02 -9.267393997333911102e+02 -1.814572019301041061e+00
3.720393937583318239e-02 -8.947393997333812194e+02 -1.786738137523530723e+00
3.730393937583321301e-02 -8.627393997333715561e+02 -1.758435222672370291e+00
3.740393937583324363e-02 -8.307393997333615516e+02 -1.729640323946147751e+00
3.750393937583327425e-02 -7.987393997333520019e+02 -1.700404991069878413e+00
3.760393937583330487e-02 -7.667393997333419975e+02 -1.670842652189938438e+00
3.770393937583333549e-02 -7.347393997333323341e+02 -1.641086015644499296e+00
3.780393937583336611e-02 -7.027393997333224434e+02 -1.611260974502904064e+00
3.790393937583339673e-02 -6.707393997333127800e+02 -1.581479857610045503e+00
3.800393937583342735e-02 -6.387393997333027755e+02 -1.551826158747684037e+00
3.810393937583345797e-02 -6.067393997332932258e+02 -1.522279925351570640e+00
3.820393937583348859e-02 -5.747393997332832214e+02 -1.492730622361848392e+00
3.830393937583351921e-02 -5.427393997332735580e+02 -1.463006101476650667e+00
3.840393937583354983e-02 -5.107393997332636104e+02 -1.432903550463373143e+00
3.850393937583358045e-02 -4.787393997332540039e+02 -1.402213827687830872e+00
3.860393937583361107e-02 -4.467393997332439994e+02 -1.370696748928103670e+00
3.870393937583364169e-02 -4.147393997332343929e+02 -1.338238196289534443e+00
3.880393937583367231e-02 -3.827393997332244453e+02 -1.304797521623988876e+00
3.890393937583370293e-02 -3.507393997332147819e+02 -1.270394612398672241e+00
3.900393937583373355e-02 -3.187393997332048343e+02 -1.235091418020735521e+00
3.910393937583376417e-02 -2.867393997331952278e+02 -1.199062034500346430e+00
3.920393937583379479e-02 -2.547393997331852233e+02 -1.162301981310066346e+00
3.930393937583382541e-02 -2.227393997331756168e+02 -1.124904182359858673e+00
3.940393937583385603e-02 -1.907393997331656124e+02 -1.087000960860830867e+00
3.950393937583388665e-02 -1.587393997331560058e+02 -1.048327486767407946e+00
3.960393937583391727e-02 -1.267393997331460298e+02 -1.008184927464784275e+00
3.970393937583394789e-02 -9.473939973313640905e+01 -9.656072130644841600e-01
3.980393937583397851e-02 -6.273939973312643303e+01 -9.196233115222701704e-01
3.990393937583400913e-02 -3.073939973311681229e+01 -8.692616197087040808e-01
4.000393937583403975e-02 1.260600266892453192e+00 -8.133713497719126106e-01
4.010393937583407037e-02 3.326060026690225158e+01 -7.494477113728870155e-01
4.020393937583410099e-02 6.526060026691204996e+01 -6.704390335197023543e-01
4.030004925103414237e-02 9.601576033092528917e+01 -5.648246911511317636e-01
4.040048359572787767e-02 1.281547506329205817e+02 -3.944286484394242120e-01
4.050043579190684001e-02 1.601394534101885370e+02 -1.438400842318924566e-01
4.060079479072026959e-02 1.922543330304860092e+02 1.252103656445757995e-01
4.070018581792596984e-02 2.240594617363100838e+02 3.708276487654934006e-01
4.080199650010794127e-02 2.566388800345409322e+02 5.919383589046317562e-01
4.090176865247109605e-02 2.885659687907504463e+02 7.084980818822578241e-01
4.100175665415681930e-02 3.205621293301819037e+02 7.959137659463589864e-01
4.110027887261984841e-02 3.520892392383512401e+02 8.505185138248585464e-01
4.120040214097340364e-02 3.841286851114888918e+02 8.872990005631696819e-01
4.130179717363063191e-02 4.165750955618019589e+02 9.247380540373282276e-01
4.140063681702556286e-02 4.482037814481798250e+02 9.627337914148805798e-01
4.150245477832767427e-02 4.807855290648554956e+02 1.000620208447480008e+00
4.160357054679317268e-02 5.131425749738150444e+02 1.036266255306330875e+00
4.170157506084434806e-02 5.445040194701911105e+02 1.067775760712415645e+00
4.180001415491210737e-02 5.760045295718740590e+02 1.097512286151189675e+00
4.190254077420983020e-02 6.088130477471454469e+02 1.123638751728258001e+00
4.200100156251208167e-02 6.403205000038658454e+02 1.149598470784757076e+00
4.210260168029642674e-02 6.728325376948563417e+02 1.180370774287495594e+00
4.220534337243789930e-02 7.057098791801274729e+02 1.214156197243900337e+00
4.230397539689371295e-02 7.372721270059878407e+02 1.247528412098585449e+00
4.240753902257230618e-02 7.704124872231377594e+02 1.282909655225925816e+00
4.250712862990906754e-02 8.022811615709013040e+02 1.317009509620940211e+00
4.260712862990909816e-02 8.342811615709111948e+02 1.351224711375021537e+00
4.270712862990912878e-02 8.662811615709209718e+02 1.385413254186115495e+00
4.280712862990915940e-02 8.982811615709307489e+02 1.419694485026059771e+00
4.290712862990919002e-02 9.302811615709405260e+02 1.453731895970599597e+00
4.300712862990922064e-02 9.622811615709503030e+02 1.487214903407563016e+00
4.310712862990925126e-02 9.942811615709601938e+02 1.520006353239437891e+00
4.320712862990928188e-02 1.026281161570969971e+03 1.552022203523353072e+00
4.330712862990931250e-02 1.058281161570979748e+03 1.583285630203710825e+00
4.340133662990928315e-02 1.088427721570970334e+03 1.612141991484482784e+00
4.350086942990930711e-02 1.120278217570978086e+03 1.642194523071800916e+00
4.360556318990932434e-02 1.153780220770983533e+03 1.673578437795440133e+00
4.370325790990935155e-02 1.185042531170992106e+03 1.702837459854947832e+00
4.380325790990938217e-02 1.217042531171001883e+03 1.732913297265032293e+00
4.390325790990941279e-02 1.249042531171011660e+03 1.763215527559810925e+00
4.400325790990944341e-02 1.281042531171021437e+03 1.793819427227630214e+00
4.410325790990947403e-02 1.313042531171031442e+03 1.824658771666474610e+00
4.420325790990950465e-02 1.345042531171041219e+03 1.855559129758313386e+00
4.430325790990953527e-02 1.377042531171050996e+03 1.886339326876113942e+00
4.440325790990956589e-02 1.409042531171060773e+03 1.916769233414588047e+00
4.450325790990959651e-02 1.441042531171070550e+03 1.946706933037280152e+00
4.460325790990962713e-02 1.473042531171080327e+03 1.976055327159958130e+00
4.470325790990965775e-02 1.505042531171090104e+03 2.004937836827088482e+00
4.480325790990968837e-02 1.537042531171099881e+03 2.033477233992364575e+00
4.490325790990971899e-02 1.569042531171109658e+03 2.061792438852746656e+00
4.500325790990974961e-02 1.601042531171119435e+03 2.090141629746764984e+00
4.510325790990978023e-02 1.633042531171129440e+03 2.118686751507559585e+00
4.520325790990981085e-02 1.665042531171139217e+03 2.147596965675077296e+00
4.530325790990984147e-02 1.697042531171148994e+03 2.176882748767467568e+00
4.540325790990987209e-02 1.729042531171158771e+03 2.206446449951500632e+00
4.550325790990990271e-02 1.761042531171168775e+03 2.236126136778770590e+00
4.560325790990993333e-02 1.793042531171178325e+03 2.266658201541857043e+00
4.570325790990996395e-02 1.825042531171188330e+03 2.298707364082309024e+00
4.580325790990999457e-02 1.857042531171197879e+03 2.330370178475778431e+00
4.590525790990999944e-02 1.889682531171199571e+03 2.361708073887117010e+00
4.600637790991000953e-02 1.922040931171202828e+03 2.391729789273948636e+00
4.610621790991000640e-02 1.953989731171201811e+03 2.420518500783634064e+00
4.620621790991003702e-02 1.985989731171211361e+03 2.448785040149904280e+00
4.630621790991006764e-02 2.017989731171221365e+03 2.476719924850026011e+00
4.640621790991009826e-02 2.049989731171231142e+03 2.504620092772886775e+00
4.650621790991012888e-02 2.081989731171241147e+03 2.532756199575825207e+00
4.660621790991015950e-02 2.113989731171250696e+03 2.561248362511705512e+00
4.670621790991019012e-02 2.145989731171260701e+03 2.590084294436060919e+00
4.680621790991022074e-02 2.177989731171270250e+03 2.619122932230166789e+00
4.690621790991025136e-02 2.209989731171280255e+03 2.648094096202714631e+00
4.700621790991028198e-02 2.241989731171289804e+03 2.676616858394232690e+00
4.710621790991031260e-02 2.273989731171299809e+03 2.704506560374183355e+00
4.720621790991034322e-02 2.305989731171309359e+03 2.731705336204977019e+00
4.730621790991037384e-02 2.337989731171319363e+03 2.758245973422444042e+00
4.740621790991040446e-02 2.369989731171328913e+03 2.784256546736397553e+00
4.750621790991043508e-02 2.401989731171338917e+03 2.809939127176058982e+00
4.760621790991046570e-02 2.433989731171348467e+03 2.835528286610170312e+00
4.770621790991049632e-02 2.465989731171358471e+03 2.861256165450709155e+00
4.780621790991052694e-02 2.497989731171368021e+03 2.887339311986632406e+00
4.790621790991055756e-02 2.529989731171378025e+03 2.913876539381247355e+00
4.800621790991058818e-02 2.561989731171387575e+03 2.940850039595360954e+00
4.810621790991061880e-02 2.593989731171397580e+03 2.968142521521615063e+00
4.820621790991064942e-02 2.625989731171407584e+03 2.995565718375531983e+00
4.830621790991068004e-02 2.657989731171417134e+03 3.022899235396833806e+00
4.840621790991071066e-02 2.689989731171427138e+03 3.049937193878248909e+00
4.850621790991074128e-02 2.721989731171437143e+03 3.076533300826876705e+00
4.860621790991077190e-02 2.753989731171446692e+03 3.102632966605114451e+00
4.870621790991080252e-02 2.785989731171456697e+03 3.128284594517608319e+00
4.880621790991083314e-02 2.817989731171466246e+03 3.153629434045023494e+00
4.890621790991086376e-02 2.849989731171476251e+03 3.178870117266084705e+00
4.900621790991089438e-02 2.881989731171485801e+03 3.204225086517876964e+00
4.910621790991092500e-02 2.913989731171495805e+03 3.229879923702378530e+00
4.920621790991095562e-02 2.945989731171505355e+03 3.255944274554775308e+00
4.930621790991098624e-02 2.977989731171515359e+03 3.282435369341658138e+00
4.940621790991101686e-02 3.009989731171524909e+03 3.309268535907610609e+00
4.950621790991104748e-02 3.041989731171534913e+03 3.336271983673103403e+00
4.960621790991107810e-02 3.073989731171544463e+03 3.363194460255617635e+00
4.970621790991110872e-02 3.105989731171554467e+03 3.389807519529241198e+00
4.980621790991113934e-02 3.137989731171564017e+03 3.415955641193222814e+00
4.990621790991116996e-02 3.169989731171574022e+03 3.441573068454092610e+00
5.000000000000000278e-02 3.200000000000000000e+03 3.465145502087480178e+00
