time torque_Nm angle_arcmin
0.000000000000000000e+00 0.000000000000000000e+00 0.000000000000000000e+00
1.013345901169852007e-04 3.242706883743526447e+01 6.111597530786943774e-03
2.011835876077622677e-04 6.437874803448391958e+01 4.737708305827306038e-02
3.000885582131720877e-04 9.602833862821506727e+01 1.572517433583870139e-01
4.000043637604520723e-04 1.280013964033446712e+02 3.716892656722428079e-01
5.005270175026034930e-04 1.601686456008331163e+02 7.086850350592401870e-01
6.001018103949387833e-04 1.920325793263804144e+02 1.190449853354725418e+00
7.000176622555958923e-04 2.240056519217907010e+02 1.804963356195193880e+00
8.001548219741488714e-04 2.560495430317276373e+02 2.323891735472192188e+00
9.003200773657706090e-04 2.881024247570466059e+02 2.521206073500076528e+00
1.000720313618701403e-03 3.202305003579844538e+02 2.731034931444903169e+00
1.100502368537975475e-03 3.521607579321521371e+02 2.968736456050116601e+00
1.200492883173928356e-03 3.841577226156570646e+02 3.216008741302121443e+00
1.300160393216178876e-03 4.160513258291771876e+02 3.415952079000478925e+00
1.400122066362677027e-03 4.480390612360566820e+02 3.538544804288702217e+00
1.500495295621206244e-03 4.801584945987859783e+02 3.590374256359197602e+00
1.601353012659996987e-03 5.124329640511990647e+02 3.622833675322735036e+00
1.700239075079989191e-03 5.440765040255965914e+02 3.654474457776308416e+00
1.801503256301737518e-03 5.764810420165559890e+02 3.689236203522220592e+00
1.901910732358412775e-03 6.086114343546920509e+02 3.724055149274051679e+00
2.000339629723823284e-03 6.401086815116234447e+02 3.755437432114982155e+00
2.101509232782661305e-03 6.724829544904515615e+02 3.788820204752903376e+00
2.203440112062534685e-03 7.051008358600111023e+02 3.821253446690341171e+00
2.302447690653627605e-03 7.367832610091608103e+02 3.848496796430858513e+00
2.400745211079767082e-03 7.682384675455253955e+02 3.865664344480720604e+00
2.500612903553375930e-03 8.001961291370802201e+02 3.883946055601785297e+00
2.600102968385893144e-03 8.320329498834856849e+02 3.913575809703659036e+00
2.701574424022556639e-03 8.645038156872180934e+02 3.950159917375830165e+00
2.800099934172988869e-03 8.960319789353563920e+02 3.989520209737328127e+00
2.900262080704645463e-03 9.280838658254865550e+02 4.031440777246009688e+00
3.000424227236302057e-03 9.601357527156166043e+02 4.073355279693659625e+00
3.100586373767958651e-03 9.921876396057466536e+02 4.114491733613925284e+00
3.202241132679309581e-03 1.024717162457378890e+03 4.154943175255707111e+00
3.301790522549838663e-03 1.056572967215948211e+03 4.192399626496337461e+00
3.401566161033711070e-03 1.088501171530787587e+03 4.228231141950245409e+00
3.503378037037665604e-03 1.121080971852052926e+03 4.263746705009162419e+00
3.601117438001461956e-03 1.152357580160467933e+03 4.297326719414367169e+00
3.702929314005416490e-03 1.184937380481733271e+03 4.331837006109855004e+00
3.800994512972423901e-03 1.216318244151175577e+03 4.364546307417319859e+00
3.900688701955493977e-03 1.248220384625758015e+03 4.397253019002858032e+00
4.004839807622517962e-03 1.281548738439205636e+03 4.430949932478955411e+00
4.105507913082148512e-03 1.313762532186287672e+03 4.463374931378542243e+00
4.205507913082144437e-03 1.345762532186286080e+03 4.495889827310582731e+00
4.305507913082140363e-03 1.377762532186284943e+03 4.529214677649118670e+00
4.405507913082136288e-03 1.409762532186283579e+03 4.563619721229665416e+00
4.505507913082132214e-03 1.441762532186282442e+03 4.599015611820039595e+00
4.605507913082128139e-03 1.473762532186281078e+03 4.635315457231735436e+00
4.705507913082124065e-03 1.505762532186279714e+03 4.672261107762329502e+00
4.805507913082119990e-03 1.537762532186278349e+03 4.709302739182676945e+00
4.905507913082115916e-03 1.569762532186277213e+03 4.745856207930105874e+00
5.005507913082111841e-03 1.601762532186275621e+03 4.781509044890158933e+00
5.105507913082107767e-03 1.633762532186274484e+03 4.815765392169951475e+00
5.205507913082103692e-03 1.665762532186273120e+03 4.848387771102290245e+00
5.305507913082099618e-03 1.697762532186271756e+03 4.879539091963763120e+00
5.405507913082095543e-03 1.729762532186270391e+03 4.909466353878892519e+00
5.505507913082091469e-03 1.761762532186269254e+03 4.938654497132564991e+00
5.605507913082087394e-03 1.793762532186267890e+03 4.967786619899071887e+00
5.705507913082083320e-03 1.825762532186266526e+03 4.999275293700029543e+00
5.805507913082079245e-03 1.857762532186265162e+03 5.032111582127638982e+00
5.905507913082075171e-03 1.889762532186264025e+03 5.065590130365869470e+00
6.005507913082071096e-03 1.921762532186262661e+03 5.099305623154808842e+00
6.105507913082067022e-03 1.953762532186261296e+03 5.132731080695478454e+00
6.205507913082062947e-03 1.985762532186259932e+03 5.165542158914567139e+00
6.305507913082058873e-03 2.017762532186258795e+03 5.197524994522492392e+00
6.405507913082054798e-03 2.049762532186257431e+03 5.228472652942802945e+00
6.505507913082050724e-03 2.081762532186256067e+03 5.258332979353732561e+00
6.605507913082046649e-03 2.113762532186254703e+03 5.287037918455962604e+00
6.705507913082042575e-03 2.145762532186253793e+03 5.314866292813261062e+00
6.805507913082038500e-03 2.177762532186252429e+03 5.342059551984435828e+00
6.905507913082034425e-03 2.209762532186251065e+03 5.369103733877588880e+00
7.005507913082030351e-03 2.241762532186249700e+03 5.396350337868798697e+00
7.105507913082026276e-03 2.273762532186248336e+03 5.424163179656552813e+00
7.205507913082022202e-03 2.305762532186246972e+03 5.452720447452874097e+00
7.305507913082018127e-03 2.337762532186245608e+03 5.482039812037685422e+00
7.405507913082014053e-03 2.369762532186244243e+03 5.511902023213977486e+00
7.505507913082009978e-03 2.401762532186243334e+03 5.541972464820195121e+00
7.605507913082005904e-03 2.433762532186241970e+03 5.571807778265640110e+00
7.705507913082001829e-03 2.465762532186240605e+03 5.601048954746426389e+00
7.805507913081997755e-03 2.497762532186239241e+03 5.629352505789536387e+00
7.905507913081994548e-03 2.529762532186237877e+03 5.656681737742912830e+00
8.005507913081990473e-03 2.561762532186236967e+03 5.683088194191240561e+00
8.105507913081986399e-03 2.593762532186235603e+03 5.708941495397184873e+00
8.205507913081982324e-03 2.625762532186234239e+03 5.734620549362096753e+00
8.305507913081978250e-03 2.657762532186232875e+03 5.760627105326689090e+00
8.405507913081974175e-03 2.689762532186231965e+03 5.787311222521824838e+00
8.505507913081970101e-03 2.721762532186230601e+03 5.814922838168538277e+00
8.605507913081966026e-03 2.753762532186228782e+03 5.843478731201543042e+00
8.705507913081961952e-03 2.785762532186227418e+03 5.872779327441159936e+00
8.805507913081957877e-03 2.817762532186226508e+03 5.902460615919537190e+00
8.905507913081953802e-03 2.849762532186225144e+03 5.932041262681734928e+00
9.005507913081949728e-03 2.881762532186223780e+03 5.961000980363381885e+00
9.105507913081945653e-03 2.913762532186222415e+03 5.988907722923928922e+00
9.205507913081941579e-03 2.945762532186221506e+03 6.015637180456437250e+00
9.305507913081937504e-03 2.977762532186220142e+03 6.041351186987847122e+00
9.405507913081933430e-03 3.009762532186218777e+03 6.066350477778520656e+00
9.505507913081929355e-03 3.041762532186216959e+03 6.091165031236085881e+00
9.605507913081925281e-03 3.073762532186216049e+03 6.116236485426379765e+00
9.705507913081921206e-03 3.105762532186214685e+03 6.142061631831804647e+00
9.805507913081917132e-03 3.137762532186213321e+03 6.168911087772404933e+00
9.905507913081913057e-03 3.169762532186211956e+03 6.196905353625001389e+00
1.000550791308190898e-02 3.198237467813788953e+03 6.225923138649344324e+00
1.010550791308190491e-02 3.166237467813790317e+03 6.250066125401120054e+00
1.020550791308190083e-02 3.134237467813791682e+03 6.262558409518744540e+00
1.030550791308189676e-02 3.102237467813793046e+03 6.264761707608130337e+00
1.040550791308189268e-02 3.070237467813794410e+03 6.258580389751034367e+00
1.050550791308188861e-02 3.038237467813795774e+03 6.245764802679799388e+00
1.060550791308188454e-02 3.006237467813797139e+03 6.227649505496352766e+00
1.070550791308188046e-02 2.974237467813798503e+03 6.205305275100242213e+00
1.080550791308187639e-02 2.942237467813799412e+03 6.179778947300155423e+00
1.090550791308187231e-02 2.910237467813800777e+03 6.152059390382398796e+00
1.100550791308186824e-02 2.878237467813802141e+03 6.123247039248689738e+00
1.110550791308186416e-02 2.846237467813803505e+03 6.094168154516268920e+00
1.120550791308186009e-02 2.814237467813804869e+03 6.065364691789331353e+00
1.130550791308185601e-02 2.782237467813806234e+03 6.037271263389996534e+00
1.140550791308185194e-02 2.750237467813807598e+03 6.009721355991432645e+00
1.150550791308184786e-02 2.718237467813808962e+03 5.982429774050499915e+00
1.160550791308184379e-02 2.686237467813809872e+03 5.954999985305507337e+00
1.170550791308183972e-02 2.654237467813811236e+03 5.927186150352341976e+00
1.180550791308183564e-02 2.622237467813812600e+03 5.898563998570219624e+00
1.190550791308183157e-02 2.590237467813813964e+03 5.869098814939741615e+00
1.200550791308182749e-02 2.558237467813815329e+03 5.838951178422799870e+00
1.210550791308182342e-02 2.526237467813816693e+03 5.808637136147923208e+00
1.220550791308181934e-02 2.494237467813818057e+03 5.778475570888572221e+00
1.230550791308181527e-02 2.462237467813819421e+03 5.748942579933116193e+00
1.240550791308181119e-02 2.430237467813820331e+03 5.720296155033489427e+00
1.250550791308180712e-02 2.398237467813821695e+03 5.692744158082188477e+00
1.260550791308180305e-02 2.366237467813823059e+03 5.666162235941538228e+00
1.270550791308179897e-02 2.334237467813823969e+03 5.640264544517008538e+00
1.280550791308179490e-02 2.302237467813825788e+03 5.614596489845617988e+00
1.290550791308179082e-02 2.270237467813827152e+03 5.588607454976192379e+00
1.300550791308178675e-02 2.238237467813828516e+03 5.561828802371861613e+00
1.310550791308178267e-02 2.206237467813829880e+03 5.533889976098103070e+00
1.320550791308177860e-02 2.174237467813831245e+03 5.504763422427880748e+00
1.330550791308177452e-02 2.142237467813832154e+03 5.474537550052072987e+00
1.340550791308177045e-02 2.110237467813833518e+03 5.443547717576838529e+00
1.350550791308176637e-02 2.078237467813834428e+03 5.412287039529394050e+00
1.360550791308176230e-02 2.046237467813836020e+03 5.381248371064907943e+00
1.370550791308175823e-02 2.014237467813837384e+03 5.350990641218774435e+00
1.380550791308175415e-02 1.982237467813838748e+03 5.321764927438692006e+00
1.390550791308175008e-02 1.950237467813840112e+03 5.293773197092374261e+00
1.400550791308174600e-02 1.918237467813841704e+03 5.266751835718840979e+00
1.410550791308174193e-02 1.886237467813842613e+03 5.240323848820077401e+00
1.420550791308173785e-02 1.854237467813843978e+03 5.213883989575124112e+00
1.430550791308173378e-02 1.822237467813845115e+03 5.186779473372309823e+00
1.440550791308172970e-02 1.790237467813846479e+03 5.158574238471532958e+00
1.450550791308172563e-02 1.758237467813847843e+03 5.127764542266357140e+00
1.460550791308172155e-02 1.726237467813849207e+03 5.094714755323924926e+00
1.470550791308171748e-02 1.694237467813850571e+03 5.060518841900510267e+00
1.480550791308171341e-02 1.662237467813851936e+03 5.025864622897291412e+00
1.490550791308170933e-02 1.630237467813853073e+03 4.991428812424079098e+00
1.500550791308170526e-02 1.598237467813854437e+03 4.957802208732148941e+00
1.510550791308170118e-02 1.566237467813855801e+03 4.925387802705242457e+00
1.520550791308169711e-02 1.534237467813856938e+03 4.894391407279488959e+00
1.530550791308169303e-02 1.502237467813858302e+03 4.864699648546525701e+00
1.540550791308168896e-02 1.470237467813859666e+03 4.835900508905666584e+00
1.550550791308168488e-02 1.438237467813861031e+03 4.807494183144878086e+00
1.560550791308168081e-02 1.406237467813862168e+03 4.778761595855498534e+00
1.570550791308167674e-02 1.374237467813863532e+03 4.749185968812408731e+00
1.580550791308167266e-02 1.342237467813864896e+03 4.718353107719119421e+00
1.590550791308166859e-02 1.310237467813866260e+03 4.686097989500521699e+00
1.600550791308166451e-02 1.278237467813867397e+03 4.652684405352272456e+00
1.610550791308166044e-02 1.246237467813868761e+03 4.618460029587350135e+00
1.620550791308165636e-02 1.214237467813870126e+03 4.584047040474955814e+00
1.630550791308165229e-02 1.182237467813871490e+03 4.550090613364630165e+00
1.640550791308164821e-02 1.150237467813872627e+03 4.517007644119217957e+00
1.650550791308164414e-02 1.118237467813873991e+03 4.485111243058440778e+00
1.660550791308164006e-02 1.086237467813875355e+03 4.454400491506767423e+00
1.670550791308163599e-02 1.054237467813876719e+03 4.424516169674824084e+00
1.680550791308163192e-02 1.022237467813877743e+03 4.394989271270697273e+00
1.690550791308162784e-02 9.902374678138791069e+02 4.365168807973281773e+00
1.700550791308162377e-02 9.582374678138805848e+02 4.334441165974677546e+00
1.710550791308161969e-02 9.262374678138819490e+02 4.302372898382258448e+00
1.720550791308161562e-02 8.942374678138829722e+02 4.268761272314215205e+00
1.730550791308161154e-02 8.622374678138843365e+02 4.233701123598311966e+00
1.740550791308160747e-02 8.302374678138857007e+02 4.197549950751396253e+00
1.750550791308160339e-02 7.982374678138871786e+02 4.160904521324924943e+00
1.760550791308159932e-02 7.662374678138882018e+02 4.124422907556666296e+00
1.770550791308159524e-02 7.342374678138895661e+02 4.088643768837441073e+00
1.780550791308159117e-02 7.022374678138909303e+02 4.054019693658608148e+00
1.790550791308158710e-02 6.702374678138924082e+02 4.020579606902185965e+00
1.800550791308158302e-02 6.382374678138934314e+02 3.987966739203637534e+00
1.810550791308157895e-02 6.062374678138947957e+02 3.955780882869996962e+00
1.820550791308157487e-02 5.742374678138961599e+02 3.923327018792557741e+00
1.830550791308157080e-02 5.422374678138975241e+02 3.889813426625207349e+00
1.840550791308156672e-02 5.102374678138986042e+02 3.854692921786088800e+00
1.850550791308156265e-02 4.782374678139000252e+02 3.817626157409109489e+00
1.860550791308155857e-02 4.462374678139013895e+02 3.778654374463496168e+00
1.870550791308155450e-02 4.142374678139027537e+02 3.738213861190811560e+00
1.880550791308155043e-02 3.822374678139038338e+02 3.696745088852052774e+00
1.890550791308154635e-02 3.502374678139051980e+02 3.654625428065142678e+00
1.900550791308154228e-02 3.182374678139066191e+02 3.612224615641937753e+00
1.910550791308153820e-02 2.862374678139079833e+02 3.569327766630642440e+00
1.920550791308153413e-02 2.542374678139090349e+02 3.524684173606151383e+00
1.930550791308153005e-02 2.222374678139104276e+02 3.477740791599282844e+00
1.940550791308152598e-02 1.902374678139118203e+02 3.427766028766370709e+00
1.950550791308152190e-02 1.582374678139132129e+02 3.373215807389066345e+00
1.960550791308151783e-02 1.262374678139142503e+02 3.312740971609656082e+00
1.970550791308151375e-02 9.423746781391564298e+01 3.245527143352881616e+00
1.980550791308150968e-02 6.223746781391703564e+01 3.170724555153792590e+00
1.990550791308150561e-02 3.023746781391842831e+01 3.086247875928130213e+00
2.000550791308150153e-02 -1.762532186080356666e+00 2.979499827748947727e+00
2.010062738981750752e-02 -3.220076474160227065e+01 2.843412715210671404e+00
2.020004729278527741e-02 -6.401513369128863928e+01 2.659060952159153057e+00
2.030025549711496693e-02 -9.608175907678928240e+01 2.422231448541275256e+00
2.040149229481333024e-02 -1.284775343402655494e+02 2.125908231966539219e+00
2.050045038211183862e-02 -1.601441222757882201e+02 1.773988665059263559e+00
2.060008295719437110e-02 -1.920265463021986250e+02 1.347996868127078862e+00
2.070013303539929017e-02 -2.240425713277727198e+02 8.049424674026977033e-01
2.080003567141466836e-02 -2.560114148526937470e+02 1.126858692658307681e-01
2.090010713827502795e-02 -2.880342842480088166e+02 -7.558524448942107732e-01
2.100015614155872901e-02 -3.200499652987931540e+02 -1.775789285544943086e+00
2.110019958444009011e-02 -3.520638670208286953e+02 -2.706065918606963550e+00
2.120017188150535858e-02 -3.840550020817146333e+02 -3.100318230377772100e+00
2.130011618870458409e-02 -4.160371803854667974e+02 -3.391874979611251728e+00
2.140129636368158852e-02 -4.484148363781081912e+02 -3.645533711253608367e+00
2.150140997694715769e-02 -4.804511926230903214e+02 -3.778765563715548836e+00
2.160176836879171280e-02 -5.125658780133479695e+02 -3.819902157979510271e+00
2.170013801944606358e-02 -5.440441662227401594e+02 -3.841858669974171470e+00
2.180152186467894382e-02 -5.764869966972618158e+02 -3.862686274438241973e+00
2.190369112289915210e-02 -6.091811593277284373e+02 -3.887239881919069440e+00
2.200221697713460739e-02 -6.407094326830741693e+02 -3.917594722915818561e+00
2.210034872795313410e-02 -6.721115929450027124e+02 -3.953604936990743557e+00
2.220053931050151516e-02 -7.041725793604847468e+02 -3.988086720078259706e+00
2.230073045855906003e-02 -7.362337467388990717e+02 -4.014572815494308777e+00
2.240024057440088978e-02 -7.680769838082845808e+02 -4.039763240034661251e+00
2.250015286913559232e-02 -8.000489181233893987e+02 -4.052685089383239792e+00
2.260150961762375649e-02 -8.324830776396020156e+02 -4.074092755089916196e+00
2.270192294028619551e-02 -8.646153408915823775e+02 -4.111233359512909580e+00
2.280139119638244921e-02 -8.964451828423837014e+02 -4.155733956083797587e+00
2.290346519001513342e-02 -9.291088608048426067e+02 -4.206544773480079158e+00
2.300458519565319257e-02 -9.614672626090215317e+02 -4.257388418304495659e+00
2.310053161960743534e-02 -9.921701182743792060e+02 -4.302494257520650400e+00
2.320347648860304757e-02 -1.025112476352975136e+03 -4.345514623717308567e+00
2.330425409719873858e-02 -1.057361311103596336e+03 -4.382191278184019545e+00
2.340326478439706814e-02 -1.089044731007061728e+03 -4.414268674742154452e+00
2.350326478439706407e-02 -1.121044731007060363e+03 -4.444783424133563088e+00
2.360326478439705999e-02 -1.153044731007058999e+03 -4.475514563256774103e+00
2.370326478439705592e-02 -1.185044731007057862e+03 -4.508194322213061156e+00
2.380326478439705185e-02 -1.217044731007056498e+03 -4.543890502001294074e+00
2.390326478439704777e-02 -1.249044731007055134e+03 -4.582726856627235890e+00
2.400326478439704370e-02 -1.281044731007053770e+03 -4.623866074697115636e+00
2.410326478439703962e-02 -1.313044731007052633e+03 -4.665083388907834028e+00
2.420326478439703555e-02 -1.345044731007051269e+03 -4.704062302793547978e+00
2.430326478439703147e-02 -1.377044731007049904e+03 -4.739677545695569094e+00
2.440326478439702740e-02 -1.409044731007048540e+03 -4.771552538346891303e+00
2.450326478439702332e-02 -1.441044731007047403e+03 -4.799864923989122900e+00
2.460326478439701925e-02 -1.473044731007046039e+03 -4.825264307556370369e+00
2.470326478439701517e-02 -1.505044731007044675e+03 -4.848971388802583604e+00
2.480326478439701110e-02 -1.537044731007043310e+03 -4.872515006135871296e+00
2.490326478439700703e-02 -1.569044731007042174e+03 -4.897429578879431311e+00
2.500326478439700295e-02 -1.601044731007040809e+03 -4.924970701614703295e+00
2.510326478439699888e-02 -1.633044731007039445e+03 -4.955906440916163724e+00
2.520326478439699480e-02 -1.665044731007038308e+03 -4.990236371956561001e+00
2.530326478439699073e-02 -1.697044731007036944e+03 -5.027192996391400825e+00
2.540326478439698665e-02 -1.729044731007035580e+03 -5.065455743361640728e+00
2.550326478439698258e-02 -1.761044731007034216e+03 -5.103388566040583108e+00
2.560326478439697850e-02 -1.793044731007033079e+03 -5.139507650007280937e+00
2.570326478439697443e-02 -1.825044731007031714e+03 -5.172817915211276762e+00
2.580326478439697035e-02 -1.857044731007030350e+03 -5.202821367624032689e+00
2.590326478439696628e-02 -1.889044731007028986e+03 -5.229718111405830427e+00
2.600326478439696221e-02 -1.921044731007027849e+03 -5.254356008054375415e+00
2.610326478439695813e-02 -1.953044731007026485e+03 -5.278088028220847328e+00
2.620326478439695406e-02 -1.985044731007025121e+03 -5.302444996572258873e+00
2.630326478439694998e-02 -2.017044731007023756e+03 -5.328703412784832949e+00
2.640326478439694591e-02 -2.049044731007022619e+03 -5.357662201063680740e+00
2.650326478439694183e-02 -2.081044731007021255e+03 -5.389475759747110573e+00
2.660526478439694323e-02 -2.113684731007021583e+03 -5.419146965520866388e+00
2.670126478439694209e-02 -2.144404731007021383e+03 -5.441902097614246259e+00
2.680926478439693214e-02 -2.178964731007018145e+03 -5.468863793998514744e+00
2.690926478439692807e-02 -2.210964731007016780e+03 -5.494187631592416743e+00
2.700926478439692399e-02 -2.242964731007015416e+03 -5.518624786656104675e+00
2.710926478439691992e-02 -2.274964731007014052e+03 -5.541320756809288817e+00
2.720926478439691584e-02 -2.306964731007012688e+03 -5.562112744455991908e+00
2.730926478439691177e-02 -2.338964731007011778e+03 -5.581572978417287167e+00
2.740926478439690769e-02 -2.370964731007010414e+03 -5.600746816619635027e+00
2.750926478439690362e-02 -2.402964731007009050e+03 -5.620909092129127593e+00
2.760926478439689954e-02 -2.434964731007007686e+03 -5.643289065810508376e+00
2.770926478439689547e-02 -2.466964731007006321e+03 -5.668757239253686464e+00
2.780926478439689140e-02 -2.498964731007004957e+03 -5.697562014418674714e+00
2.790926478439688732e-02 -2.530964731007003593e+03 -5.729281877184450700e+00
2.800926478439688325e-02 -2.562964731007002229e+03 -5.762915671005969465e+00
2.810926478439687917e-02 -2.594964731007001319e+03 -5.797084048242643561e+00
2.820926478439687510e-02 -2.626964731006999955e+03 -5.830321144761394514e+00
2.830926478439687102e-02 -2.658964731006998591e+03 -5.861364721591829863e+00
2.840926478439686695e-02 -2.690964731006997226e+03 -5.889455291496847877e+00
2.850926478439686287e-02 -2.722964731006995862e+03 -5.914505801891229098e+00
2.860926478439685880e-02 -2.754964731006994498e+03 -5.937105677421214978e+00
2.870926478439685472e-02 -2.786964731006993134e+03 -5.958378090383281922e+00
2.880926478439685065e-02 -2.818964731006991769e+03 -5.979720165367130136e+00
2.890926478439684658e-02 -2.850964731006990860e+03 -6.002512169923059915e+00
2.900926478439684250e-02 -2.882964731006989496e+03 -6.027828204594350758e+00
2.910926478439683843e-02 -2.914964731006988131e+03 -6.056206071201277297e+00
2.920926478439683435e-02 -2.946964731006986767e+03 -6.087538838366981508e+00
2.930926478439683028e-02 -2.978964731006985858e+03 -6.121108085708554469e+00
2.940926478439682620e-02 -3.010964731006984039e+03 -6.155744280384754852e+00
2.950926478439682213e-02 -3.042964731006982674e+03 -6.190084380621406090e+00
2.960926478439681805e-02 -3.074964731006981310e+03 -6.222844860653115262e+00
2.970926478439681398e-02 -3.106964731006980401e+03 -6.253127723285525796e+00
2.980926478439680991e-02 -3.138964731006979036e+03 -6.280615065971085542e+00
2.990926478439680583e-02 -3.170964731006977672e+03 -6.305668534708636308e+00
3.000926478439680176e-02 -3.197035268993023237e+03 -6.329111306852285956e+00
3.010926478439679768e-02 -3.165035268993024602e+03 -6.346139181480502600e+00
3.020926478439679361e-02 -3.133035268993025966e+03 -6.351986781154049133e+00
3.030926478439678953e-02 -3.101035268993026875e+03 -6.349645293213498576e+00
3.040926478439678546e-02 -3.069035268993028239e+03 -6.342013831807435054e+00
3.050926478439678138e-02 -3.037035268993029604e+03 -6.330951718792666938e+00
3.060926478439677731e-02 -3.005035268993030968e+03 -6.317219019634930710e+00
3.070926478439677323e-02 -2.973035268993031877e+03 -6.300795423459797817e+00
3.080926478439676916e-02 -2.941035268993033242e+03 -6.281249106427125639e+00
3.090926478439676509e-02 -2.909035268993035061e+03 -6.258097054888261290e+00
3.100926478439676101e-02 -2.877035268993036425e+03 -6.230867583358741690e+00
3.110926478439675694e-02 -2.845035268993037334e+03 -6.199603710503924781e+00
3.120926478439675286e-02 -2.813035268993038699e+03 -6.164959601564103053e+00
3.130926478439676613e-02 -2.781035268993034606e+03 -6.128123500377027355e+00
3.140926478439679675e-02 -2.749035268993024602e+03 -6.090791348161135765e+00
3.150926478439682737e-02 -2.717035268993014597e+03 -6.054509050323613195e+00
3.160926478439685799e-02 -2.685035268993005047e+03 -6.020443150940354649e+00
3.170926478439688861e-02 -2.653035268992995043e+03 -5.989474260696265873e+00
3.180926478439691923e-02 -2.621035268992985493e+03 -5.961982702757500974e+00
3.190926478439694985e-02 -2.589035268992975489e+03 -5.937525641796586484e+00
3.200926478439698047e-02 -2.557035268992965939e+03 -5.915017945444226655e+00
3.210926478439701109e-02 -2.525035268992955935e+03 -5.893027326240891206e+00
3.220926478439704171e-02 -2.493035268992946385e+03 -5.870169501491412589e+00
3.230926478439707233e-02 -2.461035268992936381e+03 -5.845210000679468720e+00
3.240926478439710295e-02 -2.429035268992926831e+03 -5.817496987914061890e+00
3.250926478439713357e-02 -2.397035268992917281e+03 -5.786998084514893392e+00
3.260926478439716419e-02 -2.365035268992907277e+03 -5.754311299075386188e+00
3.270926478439719481e-02 -2.333035268992897272e+03 -5.720498197844301913e+00
3.280926478439722543e-02 -2.301035268992887723e+03 -5.686880762855829552e+00
3.290926478439725605e-02 -2.269035268992878173e+03 -5.654719625869793376e+00
3.300926478439728667e-02 -2.237035268992868168e+03 -5.624925194453713750e+00
3.310926478439731729e-02 -2.205035268992858164e+03 -5.597907290982770512e+00
3.320926478439734791e-02 -2.173035268992848614e+03 -5.573485283424287395e+00
3.330926478439737853e-02 -2.141035268992838610e+03 -5.550909326239195529e+00
3.340926478439740915e-02 -2.109035268992828605e+03 -5.529017996344199659e+00
3.350926478439743977e-02 -2.077035268992818601e+03 -5.506495228656191898e+00
3.360926478439747039e-02 -2.045035268992809279e+03 -5.482172011311530646e+00
3.370926478439750101e-02 -2.013035268992799502e+03 -5.455296913225032185e+00
3.380926478439753163e-02 -1.981035268992789497e+03 -5.425696074664479340e+00
3.390926478439756225e-02 -1.949035268992779720e+03 -5.393778276102087155e+00
3.400926478439759287e-02 -1.917035268992769943e+03 -5.360439585897619708e+00
3.410926478439762349e-02 -1.885035268992760393e+03 -5.333920791314100462e+00
3.420926478439765411e-02 -1.853035268992750389e+03 -5.312475587904664565e+00
3.430926478439768473e-02 -1.821035268992740384e+03 -5.291400062100563240e+00
3.440926478439771535e-02 -1.789035268992730835e+03 -5.271123573390484651e+00
3.450926478439774597e-02 -1.757035268992721285e+03 -5.251729121198054351e+00
3.460926478439777659e-02 -1.725035268992711281e+03 -5.232824672368100671e+00
3.470926478439780721e-02 -1.693035268992701276e+03 -5.213542190437125079e+00
3.480926478439783783e-02 -1.661035268992691726e+03 -5.192776966415918238e+00
3.490926478439786845e-02 -1.629035268992681949e+03 -5.169470095050401781e+00
3.500926478439789907e-02 -1.597035268992671945e+03 -5.142880624706169357e+00
3.510926478439792969e-02 -1.565035268992662168e+03 -5.112830520677936086e+00
3.520926478439796031e-02 -1.533035268992652391e+03 -5.079741604177065106e+00
3.530926478439799093e-02 -1.501035268992642386e+03 -5.044563649823690099e+00
3.540926478439802155e-02 -1.469035268992632837e+03 -5.008577759801193352e+00
3.550926478439805217e-02 -1.437035268992622832e+03 -4.973122695690293860e+00
3.560926478439808279e-02 -1.405035268992613283e+03 -4.939407806610954133e+00
3.570926478439811341e-02 -1.373035268992603278e+03 -4.908254016207039605e+00
3.580926478439814403e-02 -1.341035268992593728e+03 -4.879834004887869447e+00
3.590926478439817465e-02 -1.309035268992583724e+03 -4.853673697847932900e+00
3.600926478439820527e-02 -1.277035268992573947e+03 -4.828726505235581890e+00
3.610926478439823589e-02 -1.245035268992564170e+03 -4.803577188945360454e+00
3.620926478439826651e-02 -1.213035268992554393e+03 -4.776889009363462613e+00
3.630926478439829713e-02 -1.181035268992544388e+03 -4.747667937427819673e+00
3.640926478439832775e-02 -1.149035268992534839e+03 -4.715407974197094454e+00
3.650926478439835837e-02 -1.117035268992524834e+03 -4.680196950973806835e+00
3.660926478439838899e-02 -1.085035268992515284e+03 -4.642696282258185647e+00
3.670926478439841961e-02 -1.053035268992505280e+03 -4.604036480016170607e+00
3.680926478439845023e-02 -1.021035268992495617e+03 -4.565586450961871989e+00
3.690926478439848085e-02 -9.890352689924857259e+02 -4.528666481294733259e+00
3.700926478439851147e-02 -9.570352689924760625e+02 -4.494242486629697275e+00
3.710926478439854209e-02 -9.250352689924660581e+02 -4.462664544422882962e+00
3.720926478439857271e-02 -8.930352689924565084e+02 -4.433666239602600534e+00
3.730926478439860333e-02 -8.610352689924465039e+02 -4.406417174111539659e+00
3.740926478439863395e-02 -8.290352689924368406e+02 -4.379658544488159500e+00
3.750926478439866457e-02 -7.970352689924268361e+02 -4.351962619457627746e+00
3.760926478439869519e-02 -7.650352689924172864e+02 -4.322048009002920743e+00
3.770926478439872581e-02 -7.330352689924072820e+02 -4.289104843784674159e+00
3.780926478439875643e-02 -7.010352689923977323e+02 -4.252997672134665841e+00
3.790926478439878705e-02 -6.690352689923877278e+02 -4.214222061780749762e+00
3.800926478439881767e-02 -6.370352689923780645e+02 -4.173823783834594181e+00
3.810926478439884829e-02 -6.050352689923680600e+02 -4.133150106636818144e+00
3.820926478439887891e-02 -5.730352689923585103e+02 -4.093402076589742755e+00
3.830926478439890953e-02 -5.410352689923485059e+02 -4.055569379438750843e+00
3.840926478439894015e-02 -5.090352689923388994e+02 -4.020258393445894640e+00
3.850926478439897077e-02 -4.770352689923288949e+02 -3.987379406445255015e+00
3.860926478439900139e-02 -4.450352689923192884e+02 -3.956276947622848095e+00
3.870926478439903201e-02 -4.130352689923092839e+02 -3.925804211029546131e+00
3.880926478439906263e-02 -3.810352689922996774e+02 -3.894295086025663544e+00
3.890926478439909325e-02 -3.490352689922897298e+02 -3.860142167293617810e+00
3.900926478439912387e-02 -3.170352689922800664e+02 -3.822043440767548539e+00
3.910926478439915449e-02 -2.850352689922701188e+02 -3.779047560778819648e+00
3.920926478439918511e-02 -2.530352689922605123e+02 -3.730763314461059910e+00
3.930926478439921573e-02 -2.210352689922505078e+02 -3.677587236892566391e+00
3.940926478439924635e-02 -1.890352689922409013e+02 -3.620130179048214103e+00
3.950926478439927697e-02 -1.570352689922309253e+02 -3.558463935790447508e+00
3.960926478439930759e-02 -1.250352689922213045e+02 -3.494341804152862441e+00
3.970926478439933821e-02 -9.303526899221132851e+01 -3.430497497573524512e+00
3.980926478439936883e-02 -6.103526899220170776e+01 -3.367189051280929490e+00
3.990926478439939945e-02 -2.903526899219173174e+01 -3.299568832633561488e+00
4.000926478439943007e-02 2.964731007817356101e+00 -3.213139646818819806e+00
4.010926478439946069e-02 3.496473100782715449e+01 -3.092031498076194929e+00
4.020926478439949131e-02 6.696473100783694576e+01 -2.922311330118618766e+00
4.030087697716751988e-02 9.628063269360609411e+01 -2.718841915897799666e+00
4.040005636196670330e-02 1.280180358293447966e+02 -2.441024591059209214e+00
4.050036810630357198e-02 1.601177940171427565e+02 -2.083782260407963438e+00
4.060015506061840501e-02 1.920496193978893302e+02 -1.654510242700744982e+00
4.070040718305251159e-02 2.241302985768034546e+02 -1.103651667236108525e+00
4.080026183744422247e-02 2.560837879821509091e+02 -3.641806500929927748e-01
4.090005143285283667e-02 2.880164585129074908e+02 4.876452070572366848e-01
4.100029137570148502e-02 3.200932402244749255e+02 1.347348775355753592e+00
4.110020715625943566e-02 3.520662900030191622e+02 2.223399932878277863e+00
4.120134963694695868e-02 3.844318838230265101e+02 2.677310298682739287e+00
4.130002640802928754e-02 4.160084505693717460e+02 3.008476398559206899e+00
4.140061298956626556e-02 4.481961566612047250e+02 3.321709006297297595e+00
4.150041598939833293e-02 4.801331166074662633e+02 3.563635025956585878e+00
4.160102749810431350e-02 5.123287993933799953e+02 3.653597772132029853e+00
4.170162998162218332e-02 5.445215941190983813e+02 3.685489780595634368e+00
4.180084601074554596e-02 5.762707234385744641e+02 3.708889422969865013e+00
4.190168358282347905e-02 6.085387465035130390e+02 3.733458504691931079e+00
4.200206242789853578e-02 6.406599769275311473e+02 3.763959057161357258e+00
4.210008306077595713e-02 6.720265794483060517e+02 3.801781669189764123e+00
4.220019903047428356e-02 7.040636897517704256e+02 3.846081253768636188e+00
4.230016612316395835e-02 7.360531594124663570e+02 3.885937432384812595e+00
4.240049538146010988e-02 7.681585220672349124e+02 3.911506006965439042e+00
4.250080978404193605e-02 8.002591308934192966e+02 3.934227129326270500e+00
4.260072554939185741e-02 8.322321758053940357e+02 3.943217648821748078e+00
4.270085266805418583e-02 8.642728537773391508e+02 3.942211763022134718e+00
4.280002937006772978e-02 8.960093984216731542e+02 3.960502944916759915e+00
4.290017648990941679e-02 9.280564767710129672e+02 3.992887845841728733e+00
4.300039590199757067e-02 9.601266886392222659e+02 4.035555860087550073e+00
4.310077894783412300e-02 9.922492633069190333e+02 4.084424721560342419e+00
4.320168449266654359e-02 1.024539037653293690e+03 4.133272692163696860e+00
4.330062114881925994e-02 1.056198767622162904e+03 4.178657222347325728e+00
4.340103447148178917e-02 1.088331030874172257e+03 4.222355276741353691e+00
4.350026646093639593e-02 1.120085267499646307e+03 4.263108324709572017e+00
4.360375124993908641e-02 1.153200399980507427e+03 4.302962010562768391e+00
4.370496787918287662e-02 1.185589721338520121e+03 4.339634764784804588e+00
4.380193170887863169e-02 1.216618146841161888e+03 4.373086918538110268e+00
4.390297822614051132e-02 1.248953032364963292e+03 4.406575021988869523e+00
4.400096272772779232e-02 1.280308072872893263e+03 4.438283203599734605e+00
4.410384645439446166e-02 1.313230865406227394e+03 4.471526439486410709e+00
4.420496646003251040e-02 1.345589267210403023e+03 4.504900761203075810e+00
4.430091288398675664e-02 1.376292122875761834e+03 4.537718033748721957e+00
4.440710563242102754e-02 1.410273802374728575e+03 4.575555615381445840e+00
4.450710563242105816e-02 1.442273802374738352e+03 4.612430066950140350e+00
4.460710563242108878e-02 1.474273802374748129e+03 4.650023155390548446e+00
4.470710563242111940e-02 1.506273802374757906e+03 4.687463352172148490e+00
4.480710563242115002e-02 1.538273802374767683e+03 4.723929415954527755e+00
4.490710563242118064e-02 1.570273802374777460e+03 4.758797003256087343e+00
4.500710563242121126e-02 1.602273802374787238e+03 4.791681419252944885e+00
4.510710563242124188e-02 1.634273802374797015e+03 4.822489994994676898e+00
4.520710563242127250e-02 1.666273802374807019e+03 4.851587439138147495e+00
4.530710563242130312e-02 1.698273802374816569e+03 4.879688366778252906e+00
4.540710563242133374e-02 1.730273802374826573e+03 4.907669343025351516e+00
4.550710563242136436e-02 1.762273802374836123e+03 4.936348867300954346e+00
4.560710563242139498e-02 1.794273802374846127e+03 4.967174623690275403e+00
4.570710563242142560e-02 1.826273802374855677e+03 5.001336512492144948e+00
4.580710563242145622e-02 1.858273802374865681e+03 5.037146985422157996e+00
4.590710563242148684e-02 1.890273802374875231e+03 5.073562047499889260e+00
4.600710563242151746e-02 1.922273802374885236e+03 5.109628047000703610e+00
4.610710563242154808e-02 1.954273802374895013e+03 5.144378166425529031e+00
4.620710563242157870e-02 1.986273802374905017e+03 5.177248231089985886e+00
4.630710563242160932e-02 2.018273802374914567e+03 5.208011306500955229e+00
4.640710563242163994e-02 2.050273802374924344e+03 5.236713804612052492e+00
4.650710563242167056e-02 2.082273802374934348e+03 5.263670863969942992e+00
4.660710563242170118e-02 2.114273802374943898e+03 5.289523632919868490e+00
4.670550563242169967e-02 2.145761802374943727e+03 5.314485805226325965e+00
4.680022563242171307e-02 2.176072202374948120e+03 5.338837065625534173e+00
4.690774563242171291e-02 2.210478602374947968e+03 5.367602804561101948e+00
4.700912163242170622e-02 2.242918922374945851e+03 5.396244920830221226e+00
4.710363363242171114e-02 2.273162762374947306e+03 5.424329683158433113e+00
4.720363363242174176e-02 2.305162762374957310e+03 5.455226014610989438e+00
4.730363363242177238e-02 2.337162762374966860e+03 5.486812056654763126e+00
4.740363363242180300e-02 2.369162762374976865e+03 5.518399556572637366e+00
4.750363363242183362e-02 2.401162762374986414e+03 5.549278064449609360e+00
4.760363363242186424e-02 2.433162762374996419e+03 5.578879393354616134e+00
4.770363363242189486e-02 2.465162762375005968e+03 5.606903649930344180e+00
4.780363363242192548e-02 2.497162762375015973e+03 5.633371727780278171e+00
4.790363363242195610e-02 2.529162762375025522e+03 5.658614599182184790e+00
4.800363363242198672e-02 2.561162762375035527e+03 5.683240283713876018e+00
4.810363363242201734e-02 2.593162762375045077e+03 5.707955045164833763e+00
4.820363363242204796e-02 2.625162762375055081e+03 5.733410024992195098e+00
4.830363363242207858e-02 2.657162762375064631e+03 5.760077744028095026e+00
4.840363363242210920e-02 2.689162762375074635e+03 5.788147160900257937e+00
4.850363363242213982e-02 2.721162762375084185e+03 5.817502000418429020e+00
4.860363363242217044e-02 2.753162762375094189e+03 5.847736447715997876e+00
4.870363363242220106e-02 2.785162762375103739e+03 5.878247204041862517e+00
4.880363363242223168e-02 2.817162762375113743e+03 5.908375492662464978e+00
4.890363363242226230e-02 2.849162762375123293e+03 5.937497729516138634e+00
4.900363363242229292e-02 2.881162762375133298e+03 5.965165911880943916e+00
4.910363363242232354e-02 2.913162762375143302e+03 5.991326454965372861e+00
4.920363363242235416e-02 2.945162762375152852e+03 6.016301231253673443e+00
4.930363363242238478e-02 2.977162762375162856e+03 6.040651720182138362e+00
4.940363363242241540e-02 3.009162762375172861e+03 6.065054732143593696e+00
4.950363363242244602e-02 3.041162762375182410e+03 6.090163992097187950e+00
4.960363363242247664e-02 3.073162762375192415e+03 6.116455177080037942e+00
4.970363363242250726e-02 3.105162762375201964e+03 6.144164323073672662e+00
4.980363363242253788e-02 3.137162762375211969e+03 6.173234515768902142e+00
4.990363363242256850e-02 3.169162762375221519e+03 6.203333005841100700e+00
5.000000000000000278e-02 3.200000000000000000e+03 6.232815339843111424e+00
