time torque_Nm angle_arcmin
0.000000000000000000e+00 0.000000000000000000e+00 0.000000000000000000e+00
1.000000000000000048e-04 3.200000000000000000e+01 5.903884543479892034e-03
2.000000000000000096e-04 6.400000000000000000e+01 4.660908727911006189e-02
3.000000000000001363e-04 9.600000000000004263e+01 1.572031095163030079e-01
4.002102293708804893e-04 1.280672733986817491e+02 3.529346295391884158e-01
5.010626131184136049e-04 1.603400361978923456e+02 5.171205082364402905e-01
6.020001752724530144e-04 1.926400560871849450e+02 5.791206761620362187e-01
7.020331819027860387e-04 2.246506182088915295e+02 6.372259744890865774e-01
8.033382845711937699e-04 2.570682510627819966e+02 6.974162391699978425e-01
9.054205222737691421e-04 2.897345671276061125e+02 7.575612137022782466e-01
1.000861586012921156e-03 3.202757075241347593e+02 8.141344084340306209e-01
1.101002762438723498e-03 3.523208839803914998e+02 8.620854030541407198e-01
1.200453310061589448e-03 3.841450592197086280e+02 9.001047613551246274e-01
1.304876385065599151e-03 4.175604432209917718e+02 9.370889225266398892e-01
1.404766494590172637e-03 4.495252782688551747e+02 9.716575025962391754e-01
1.504766494590172900e-03 4.815252782688553452e+02 1.005634535593560974e+00
1.604766494590173162e-03 5.135252782688554589e+02 1.038353770450004099e+00
1.704766494590173424e-03 5.455252782688554589e+02 1.070614142123406554e+00
1.804766494590173687e-03 5.775252782688555726e+02 1.102545601901206318e+00
1.901226590078172523e-03 6.083925088250151703e+02 1.129156782789784597e+00
2.000955730691292202e-03 6.403058338212135823e+02 1.157168683141420296e+00
2.101148727772378117e-03 6.723675928871609813e+02 1.188545703764538830e+00
2.201341724853468369e-03 7.044293519531098582e+02 1.222128760231411704e+00
2.303538581876180425e-03 7.371323462003776967e+02 1.257124237518112864e+00
2.405735438898892482e-03 7.698353404476455353e+02 1.291936984666345323e+00
2.503123032061711252e-03 8.009993702597474794e+02 1.324724851304754925e+00
2.604117573119449011e-03 8.333176233982236454e+02 1.358260150993990889e+00
2.703370972701897839e-03 8.650787112646073638e+02 1.390803955616761733e+00
2.803370972701898101e-03 8.970787112646073638e+02 1.423342651809044845e+00
2.903370972701898364e-03 9.290787112646073638e+02 1.455657335920387929e+00
3.003370972701898626e-03 9.610787112646075911e+02 1.487643952364832600e+00
3.103370972701898888e-03 9.930787112646075911e+02 1.519352306317858892e+00
3.203370972701899150e-03 1.025078711264607591e+03 1.550764201266041864e+00
3.303370972701899413e-03 1.057078711264607819e+03 1.582018460842228080e+00
3.403370972701899675e-03 1.089078711264607819e+03 1.613019532641489118e+00
3.503370972701899937e-03 1.121078711264607819e+03 1.643865228391800715e+00
3.603370972701900200e-03 1.153078711264608046e+03 1.674607182028500896e+00
3.703370972701900462e-03 1.185078711264608046e+03 1.705142420962127314e+00
3.803370972701900724e-03 1.217078711264608046e+03 1.735425149570434256e+00
3.903370972701900986e-03 1.249078711264608273e+03 1.765501382649456330e+00
4.003370972701897346e-03 1.281078711264607136e+03 1.795427881541789450e+00
4.103370972701893271e-03 1.313078711264605772e+03 1.825309686890254079e+00
4.203370972701889197e-03 1.345078711264604635e+03 1.855175573804609845e+00
4.303370972701885122e-03 1.377078711264603044e+03 1.885084495989825193e+00
4.403370972701881048e-03 1.409078711264601907e+03 1.915009512492786614e+00
4.503370972701876973e-03 1.441078711264600543e+03 1.944853561094476824e+00
4.603370972701872899e-03 1.473078711264599406e+03 1.974520806603450085e+00
4.703370972701868824e-03 1.505078711264598041e+03 2.003995903192595573e+00
4.803370972701864750e-03 1.537078711264596677e+03 2.033265922530752778e+00
4.903370972701860675e-03 1.569078711264595313e+03 2.062306421002209511e+00
5.003370972701856600e-03 1.601078711264593949e+03 2.091161957827774920e+00
5.103370972701852526e-03 1.633078711264592812e+03 2.119887778569243153e+00
5.203370972701848451e-03 1.665078711264591448e+03 2.148576720712627175e+00
5.303370972701844377e-03 1.697078711264590083e+03 2.177261862290874816e+00
5.403370972701840302e-03 1.729078711264588719e+03 2.205965199789279296e+00
5.503370972701836228e-03 1.761078711264587582e+03 2.234698464781351479e+00
5.603370972701832153e-03 1.793078711264586218e+03 2.264400136829671784e+00
5.703370972701828079e-03 1.825078711264584854e+03 2.295906755900139373e+00
5.803370972701824004e-03 1.857078711264583490e+03 2.327406894858623065e+00
5.907370972701823930e-03 1.890358711264583690e+03 2.359619730039842711e+00
6.001770972701826225e-03 1.920566711264584455e+03 2.388238371141231831e+00
6.109370972701825588e-03 1.954998711264584017e+03 2.420166954543784055e+00
6.209370972701821513e-03 1.986998711264582653e+03 2.449280212102296073e+00
6.309370972701817439e-03 2.018998711264581743e+03 2.477917727567301664e+00
6.409370972701813364e-03 2.050998711264580379e+03 2.506192998415951667e+00
6.509370972701809289e-03 2.082998711264579015e+03 2.534294865454782997e+00
6.609370972701805215e-03 2.114998711264577651e+03 2.562359172134089924e+00
6.709370972701801140e-03 2.146998711264576286e+03 2.590462312158934299e+00
6.809370972701797066e-03 2.178998711264574922e+03 2.618625231251676233e+00
6.909370972701792991e-03 2.210998711264573558e+03 2.646784779586992542e+00
7.009370972701788917e-03 2.242998711264572194e+03 2.674772817529841529e+00
7.109370972701784842e-03 2.274998711264571284e+03 2.702496050676208572e+00
7.209370972701780768e-03 2.306998711264569920e+03 2.729923847995471053e+00
7.309370972701776693e-03 2.338998711264568556e+03 2.757037884595530119e+00
7.409370972701772619e-03 2.370998711264567191e+03 2.783839404673887685e+00
7.509370972701768544e-03 2.402998711264565827e+03 2.810356127170841489e+00
7.609370972701764470e-03 2.434998711264564463e+03 2.836638595430829302e+00
7.709370972701760395e-03 2.466998711264563099e+03 2.862764798123959675e+00
7.809370972701756321e-03 2.498998711264561734e+03 2.888864281539613277e+00
7.909370972701753114e-03 2.530998711264560825e+03 2.915034191264656460e+00
8.009370972701749039e-03 2.562998711264559915e+03 2.941335151242946200e+00
8.109370972701744965e-03 2.594998711264558551e+03 2.967794897231414986e+00
8.209370972701740890e-03 2.626998711264557187e+03 2.994406002700118030e+00
8.309370972701736816e-03 2.658998711264555368e+03 3.021124345992428406e+00
8.409370972701732741e-03 2.690998711264554458e+03 3.047877284068559955e+00
8.509370972701728666e-03 2.722998711264553094e+03 3.074579760008633755e+00
8.609370972701724592e-03 2.754998711264551730e+03 3.101152731906628990e+00
8.709370972701720517e-03 2.786998711264550366e+03 3.127539097386315081e+00
8.809370972701716443e-03 2.818998711264549456e+03 3.153716629231954283e+00
8.909370972701712368e-03 2.850998711264548092e+03 3.179703913250044423e+00
9.009370972701708294e-03 2.882998711264546728e+03 3.205551986303661671e+00
9.109370972701704219e-03 2.914998711264545364e+03 3.231338191019948347e+00
9.209370972701700145e-03 2.946998711264543999e+03 3.257145525038723566e+00
9.309370972701696070e-03 2.978998711264542635e+03 3.283044734466292525e+00
9.409370972701691996e-03 3.010998711264541271e+03 3.309080029500392595e+00
9.509370972701687921e-03 3.042998711264539907e+03 3.335247285678451412e+00
9.609370972701683847e-03 3.074998711264538997e+03 3.361477050793633126e+00
9.709370972701679772e-03 3.106998711264537633e+03 3.387700153956153759e+00
9.809370972701675698e-03 3.138998711264536269e+03 3.413845123353455691e+00
9.909370972701671623e-03 3.170998711264534904e+03 3.439842670904845523e+00
1.000937097270166755e-02 3.197001288735466460e+03 3.465623118090692234e+00
1.010937097270166347e-02 3.165001288735467824e+03 3.485421224020409880e+00
1.020937097270165940e-02 3.133001288735469188e+03 3.493551693892692267e+00
1.030937097270165533e-02 3.101001288735470553e+03 3.492111089360211640e+00
1.040937097270165125e-02 3.069001288735471462e+03 3.483536910506702000e+00
1.050937097270164718e-02 3.037001288735472826e+03 3.469729648033205827e+00
1.060937097270164310e-02 3.005001288735474191e+03 3.452039528558988657e+00
1.070937097270163903e-02 2.973001288735475555e+03 3.431446176145451776e+00
1.080937097270163495e-02 2.941001288735476919e+03 3.408729210167470214e+00
1.090937097270163088e-02 2.909001288735478283e+03 3.384548974841637747e+00
1.100937097270162680e-02 2.877001288735479648e+03 3.359273354182244820e+00
1.110937097270162273e-02 2.845001288735481012e+03 3.333106038789017678e+00
1.120937097270161865e-02 2.813001288735481921e+03 3.306161257773936324e+00
1.130937097270161458e-02 2.781001288735483286e+03 3.278609204109784070e+00
1.140937097270161051e-02 2.749001288735484650e+03 3.250680971497454053e+00
1.150937097270160643e-02 2.717001288735486014e+03 3.222459883289111371e+00
1.160937097270160236e-02 2.685001288735487378e+03 3.194113476279865971e+00
1.170937097270159828e-02 2.653001288735488743e+03 3.165828803470704056e+00
1.180937097270159421e-02 2.621001288735490107e+03 3.137698000976234081e+00
1.190937097270159013e-02 2.589001288735491471e+03 3.109811145835454482e+00
1.200937097270158606e-02 2.557001288735492835e+03 3.082299507190263910e+00
1.210937097270158198e-02 2.525001288735493745e+03 3.055246010402149714e+00
1.220937097270157791e-02 2.493001288735495109e+03 3.028604926121429397e+00
1.230937097270157383e-02 2.461001288735496473e+03 3.002251415637296805e+00
1.240937097270156976e-02 2.429001288735497837e+03 2.976042691866398471e+00
1.250937097270156569e-02 2.397001288735499202e+03 2.949845640066310004e+00
1.260937097270156161e-02 2.365001288735500566e+03 2.923550744384601163e+00
1.270937097270155754e-02 2.333001288735501930e+03 2.897077309164763914e+00
1.280937097270155346e-02 2.301001288735503294e+03 2.870380170935066921e+00
1.290937097270154939e-02 2.269001288735504204e+03 2.843449883076039075e+00
1.300937097270154531e-02 2.237001288735505568e+03 2.816374708455385623e+00
1.310937097270154124e-02 2.205001288735506478e+03 2.789270120518986928e+00
1.320937097270153716e-02 2.173001288735507842e+03 2.762223488705183083e+00
1.330937097270153309e-02 2.141001288735509661e+03 2.735303707089190350e+00
1.340937097270152902e-02 2.109001288735511025e+03 2.708546529018134308e+00
1.350937097270152494e-02 2.077001288735512389e+03 2.681937671711854598e+00
1.360937097270152087e-02 2.045001288735513526e+03 2.655429230564402943e+00
1.370937097270151679e-02 2.013001288735514663e+03 2.628941654588631938e+00
1.380937097270151272e-02 1.981001288735516027e+03 2.602370706140495482e+00
1.390937097270150864e-02 1.949001288735517164e+03 2.575628628827138389e+00
1.400937097270150457e-02 1.917001288735518528e+03 2.548676381297365623e+00
1.410937097270150049e-02 1.885001288735519893e+03 2.521481253132071387e+00
1.420937097270149642e-02 1.853001288735521257e+03 2.494052125795042762e+00
1.430937097270149234e-02 1.821001288735522621e+03 2.466451618293507231e+00
1.440937097270148827e-02 1.789001288735523985e+03 2.438787281518357997e+00
1.450937097270148420e-02 1.757001288735525122e+03 2.411145409772818216e+00
1.460937097270148012e-02 1.725001288735526487e+03 2.383594291064545789e+00
1.470937097270147605e-02 1.693001288735527396e+03 2.356184843076269964e+00
1.480937097270147197e-02 1.661001288735528988e+03 2.328927530191351902e+00
1.490937097270146790e-02 1.629001288735530352e+03 2.301804143828464433e+00
1.500937097270146382e-02 1.597001288735531716e+03 2.274338644090312833e+00
1.510937097270145975e-02 1.565001288735533080e+03 2.245257060917191794e+00
1.520937097270145567e-02 1.533001288735534217e+03 2.216135251290113128e+00
1.530937097270145160e-02 1.501001288735535582e+03 2.187171553059013451e+00
1.540937097270144752e-02 1.469001288735536946e+03 2.158310935872797653e+00
1.550937097270144345e-02 1.437001288735538310e+03 2.129479491552559445e+00
1.560937097270143938e-02 1.405001288735539219e+03 2.100647446874112312e+00
1.570937097270143704e-02 1.373001288735540356e+03 2.071843741707097841e+00
1.580937097270143296e-02 1.341001288735541493e+03 2.043115546314828279e+00
1.590937097270142889e-02 1.309001288735542857e+03 2.014504204489117711e+00
1.600937097270142481e-02 1.277001288735544222e+03 1.986040985174047035e+00
1.610937097270142074e-02 1.245001288735545586e+03 1.957729024652668848e+00
1.620937097270141666e-02 1.213001288735546723e+03 1.929543235551312241e+00
1.630937097270141259e-02 1.181001288735548087e+03 1.901425093568113622e+00
1.640937097270140851e-02 1.149001288735549451e+03 1.873276991622356391e+00
1.650937097270140444e-02 1.117001288735550816e+03 1.845006339125206507e+00
1.660937097270140037e-02 1.085001288735551952e+03 1.816537845730910705e+00
1.670937097270139629e-02 1.053001288735553317e+03 1.787820922372101329e+00
1.680937097270139222e-02 1.021001288735554681e+03 1.758832560927514610e+00
1.690937097270138814e-02 9.890012887355560451e+02 1.729570906901933380e+00
1.700937097270138407e-02 9.570012887355570683e+02 1.700065967429146507e+00
1.710937097270137999e-02 9.250012887355584326e+02 1.670371950680800133e+00
1.720937097270137592e-02 8.930012887355597968e+02 1.640569551425854256e+00
1.730937097270137184e-02 8.610012887355612747e+02 1.610725823978516935e+00
1.740937097270136777e-02 8.290012887355622979e+02 1.580899241154052781e+00
1.750937097270136369e-02 7.970012887355636622e+02 1.551110960782079440e+00
1.760937097270135962e-02 7.650012887355650264e+02 1.521332757568117255e+00
1.770937097270135555e-02 7.330012887355665043e+02 1.491489176291533214e+00
1.780937097270135147e-02 7.010012887355675275e+02 1.461464991320280182e+00
1.790937097270134740e-02 6.690012887355688918e+02 1.431163714740665727e+00
1.800937097270134332e-02 6.370012887355702560e+02 1.400482788965357051e+00
1.810937097270133925e-02 6.050012887355716202e+02 1.369419002259327778e+00
1.820937097270133517e-02 5.730012887355726434e+02 1.337945815562459950e+00
1.830937097270133110e-02 5.410012887355741213e+02 1.306056456210220595e+00
1.840937097270132702e-02 5.090012887355754856e+02 1.273772947482386897e+00
1.850937097270132295e-02 4.770012887355768498e+02 1.241083695053826874e+00
1.860937097270131887e-02 4.450012887355779299e+02 1.208021159994966620e+00
1.870937097270131480e-02 4.130012887355792941e+02 1.174539032365708557e+00
1.880937097270131073e-02 3.810012887355807152e+02 1.140520940059892796e+00
1.890937097270130665e-02 3.490012887355820794e+02 1.105809060115405140e+00
1.900937097270130258e-02 3.170012887355831026e+02 1.070195037703574270e+00
1.910937097270129850e-02 2.850012887355845237e+02 1.033953271506246274e+00
1.920937097270129443e-02 2.530012887355859164e+02 9.973217458966036064e-01
1.930937097270129035e-02 2.210012887355873090e+02 9.599030309329947830e-01
1.940937097270128628e-02 1.890012887355883322e+02 9.211459840413478428e-01
1.950937097270128220e-02 1.570012887355897533e+02 8.806381082308615271e-01
1.960937097270127813e-02 1.250012887355911317e+02 8.375927381741258282e-01
1.970937097270127406e-02 9.300128873559252440e+01 7.906212844898971026e-01
1.980937097270126998e-02 6.100128873559356180e+01 7.390966799464797621e-01
1.990937097270126591e-02 2.900128873559495446e+01 6.831287109442247818e-01
2.000937097270126183e-02 -2.998711264403652876e+00 6.217689841395954709e-01
2.010057097270126839e-02 -3.218271126440575358e+01 5.592895079246764656e-01
2.020624777270125724e-02 -6.599928726440218441e+01 4.745380326039724261e-01
2.030102541161326116e-02 -9.632813171624343340e+01 3.758898011909133641e-01
2.040104964249678243e-02 -1.283358855989702363e+02 2.136819259961839634e-01
2.050121116788765699e-02 -1.603875737240500996e+02 -6.113746777081320583e-02
2.060091925554856027e-02 -1.922941617755391519e+02 -4.473599430368673247e-01
2.070050957245330933e-02 -2.241630631850588600e+02 -7.704520466675838231e-01
2.080190219690486106e-02 -2.566087030095554269e+02 -8.800091330429834491e-01
2.090120898247543532e-02 -2.883868743921391911e+02 -9.342097177435489952e-01
2.100418286121618142e-02 -3.213385155891779164e+02 -9.719613055160637449e-01
2.110125399894308487e-02 -3.524012796617870436e+02 -1.007347241016128603e+00
2.120477364701927811e-02 -3.855275670461688833e+02 -1.047839453588437886e+00
2.130386864329769994e-02 -4.172379658552638375e+02 -1.087149643601198257e+00
2.140296363957611483e-02 -4.489483646643566317e+02 -1.124227107360956213e+00
2.150255411083591695e-02 -4.808173154674932448e+02 -1.158137119585425756e+00
2.160410975983108675e-02 -5.133151231459476094e+02 -1.190179131527276279e+00
2.170010975983108215e-02 -5.440351231459461587e+02 -1.218708278647561594e+00
2.180147838703106258e-02 -5.764730838499399397e+02 -1.248349757997874399e+00
2.190097197553157043e-02 -6.083110321701024077e+02 -1.275603861943154893e+00
2.200046918791067826e-02 -6.401501401314169470e+02 -1.302251357673754217e+00
2.210099616164868525e-02 -6.723187717275791329e+02 -1.333109393086782113e+00
2.220848320891726305e-02 -7.067146268535240097e+02 -1.369774368647498797e+00
2.230773660849970363e-02 -7.384757147199049996e+02 -1.405861286463093496e+00
2.240773660849969956e-02 -7.704757147199036353e+02 -1.442872586585626227e+00
2.250773660849969549e-02 -8.024757147199023848e+02 -1.479311976803035389e+00
2.260773660849969141e-02 -8.344757147199011342e+02 -1.514527120313761133e+00
2.270773660849968734e-02 -8.664757147198997700e+02 -1.548429740575998359e+00
2.280773660849968326e-02 -8.984757147198985194e+02 -1.581065223002746656e+00
2.290773660849967919e-02 -9.304757147198971552e+02 -1.612593955997390749e+00
2.300773660849967511e-02 -9.624757147198959046e+02 -1.643278573337391357e+00
2.310773660849967104e-02 -9.944757147198945404e+02 -1.673444780185151970e+00
2.320773660849966696e-02 -1.026475714719893404e+03 -1.703130265633173268e+00
2.330773660849966289e-02 -1.058475714719892039e+03 -1.732473070817029059e+00
2.340773660849965881e-02 -1.090475714719890675e+03 -1.761772125202665240e+00
2.350773660849965474e-02 -1.122475714719889311e+03 -1.791136286016225876e+00
2.360773660849965067e-02 -1.154475714719888174e+03 -1.820544957107231632e+00
2.370773660849964659e-02 -1.186475714719886810e+03 -1.849915002105418704e+00
2.380773660849964252e-02 -1.218475714719885445e+03 -1.879125757495759386e+00
2.390773660849963844e-02 -1.250475714719884081e+03 -1.908096865972238820e+00
2.400773660849963437e-02 -1.282475714719882944e+03 -1.936772590100541258e+00
2.410773660849963029e-02 -1.314475714719881580e+03 -1.965183052855929979e+00
2.420773660849962622e-02 -1.346475714719880216e+03 -1.993464301445493136e+00
2.430773660849962214e-02 -1.378475714719878852e+03 -2.021659902352149096e+00
2.440773660849961807e-02 -1.410475714719877715e+03 -2.049897073475027476e+00
2.450773660849961399e-02 -1.442475714719876351e+03 -2.078265950152384356e+00
2.460773660849960992e-02 -1.474475714719874986e+03 -2.106816027712333117e+00
2.470773660849960585e-02 -1.506475714719873622e+03 -2.135736028478015136e+00
2.480773660849960177e-02 -1.538475714719872485e+03 -2.164943534702511663e+00
2.490773660849959770e-02 -1.570475714719871121e+03 -2.194344762764589341e+00
2.500773660849959362e-02 -1.602475714719869757e+03 -2.223819459620545835e+00
2.510773660849958955e-02 -1.634475714719868392e+03 -2.253175373346570254e+00
2.520773660849958547e-02 -1.666475714719867028e+03 -2.282291237143200036e+00
2.530773660849958140e-02 -1.698475714719866119e+03 -2.311071429951210288e+00
2.540773660849957732e-02 -1.730475714719864754e+03 -2.339477416946473376e+00
2.550773660849957325e-02 -1.762475714719863163e+03 -2.367676866599138563e+00
2.560773660849956918e-02 -1.794475714719861799e+03 -2.395700535718117141e+00
2.570773660849956510e-02 -1.826475714719860889e+03 -2.423612035972938283e+00
2.580773660849956103e-02 -1.858475714719859525e+03 -2.451539827495971213e+00
2.590773660849955695e-02 -1.890475714719857933e+03 -2.479584829188888673e+00
2.600773660849955288e-02 -1.922475714719856569e+03 -2.507796614753401432e+00
2.610773660849954880e-02 -1.954475714719855659e+03 -2.536215285195102087e+00
2.620773660849954473e-02 -1.986475714719854295e+03 -2.564773293467214277e+00
2.630773660849954065e-02 -2.018475714719852931e+03 -2.593311064828965673e+00
2.640773660849953658e-02 -2.050475714719851567e+03 -2.621696750338867066e+00
2.650773660849953250e-02 -2.082475714719850203e+03 -2.649808333516026959e+00
2.660773660849952843e-02 -2.114475714719848838e+03 -2.677556613616447478e+00
2.670773660849952436e-02 -2.146475714719847474e+03 -2.704896316713135462e+00
2.680773660849952028e-02 -2.178475714719846110e+03 -2.731860043219590750e+00
2.690773660849951621e-02 -2.210475714719844746e+03 -2.758539714865726911e+00
2.700773660849951213e-02 -2.242475714719843836e+03 -2.785068285981677327e+00
2.710773660849950806e-02 -2.274475714719842472e+03 -2.811598894270702420e+00
2.720773660849950398e-02 -2.306475714719841108e+03 -2.838270218081484941e+00
2.730773660849949991e-02 -2.338475714719839743e+03 -2.865167845514761780e+00
2.740773660849949583e-02 -2.370475714719838379e+03 -2.892316439924805138e+00
2.750773660849949176e-02 -2.402475714719837015e+03 -2.919679809897934852e+00
2.760773660849948768e-02 -2.434475714719835651e+03 -2.947163417078972447e+00
2.770773660849948361e-02 -2.466475714719834286e+03 -2.974635351312365561e+00
2.780773660849947954e-02 -2.498475714719833377e+03 -3.001958441602682548e+00
2.790773660849947546e-02 -2.530475714719832013e+03 -3.029015710087850533e+00
2.800773660849947139e-02 -2.562475714719830648e+03 -3.055738668893354770e+00
2.810773660849946731e-02 -2.594475714719829284e+03 -3.082124308322312878e+00
2.820773660849946324e-02 -2.626475714719827920e+03 -3.108236793217885374e+00
2.830773660849945916e-02 -2.658475714719826556e+03 -3.134193253353295017e+00
2.840773660849945509e-02 -2.690475714719825191e+03 -3.160135854972842218e+00
2.850773660849945101e-02 -2.722475714719823827e+03 -3.186196298667125948e+00
2.860773660849944694e-02 -2.754475714719822918e+03 -3.212481268679939106e+00
2.870773660849944287e-02 -2.786475714719821553e+03 -3.239039488237406950e+00
2.880773660849943879e-02 -2.818475714719820189e+03 -3.265854506255057910e+00
2.890773660849943472e-02 -2.850475714719818825e+03 -3.292842928814613934e+00
2.900773660849943064e-02 -2.882475714719817915e+03 -3.319873995349377438e+00
2.910773660849942657e-02 -2.914475714719816096e+03 -3.346800315362814526e+00
2.920773660849942249e-02 -2.946475714719814732e+03 -3.373491169269730250e+00
2.930773660849941842e-02 -2.978475714719813368e+03 -3.399861369332303873e+00
2.940773660849941434e-02 -3.010475714719812458e+03 -3.425889867894146068e+00
2.950773660849941027e-02 -3.042475714719811094e+03 -3.451624880852816712e+00
2.960773660849940619e-02 -3.074475714719809730e+03 -3.477173379873127690e+00
2.970773660849940212e-02 -3.106475714719808366e+03 -3.502669358085057194e+00
2.980773660849939805e-02 -3.138475714719807456e+03 -3.528247069256856161e+00
2.990773660849939397e-02 -3.170475714719806092e+03 -3.554026529417559477e+00
3.000773660849938990e-02 -3.197524285280194817e+03 -3.580063477050852150e+00
3.010773660849938582e-02 -3.165524285280196182e+03 -3.600766470666830088e+00
3.020773660849938175e-02 -3.133524285280197546e+03 -3.610116822497833500e+00
3.030773660849937767e-02 -3.101524285280198910e+03 -3.609950226302270249e+00
3.040773660849937360e-02 -3.069524285280199820e+03 -3.602494313931660308e+00
3.050773660849936952e-02 -3.037524285280201184e+03 -3.589401999057773018e+00
3.060773660849936545e-02 -3.005524285280203003e+03 -3.571743325965282434e+00
3.070773660849936137e-02 -2.973524285280203912e+03 -3.550437183478224235e+00
3.080773660849935730e-02 -2.941524285280205277e+03 -3.526427855308573278e+00
3.090773660849935323e-02 -2.909524285280206641e+03 -3.500385431224426469e+00
3.100773660849934915e-02 -2.877524285280208005e+03 -3.472832125924115942e+00
3.110773660849934508e-02 -2.845524285280209369e+03 -3.444247792722080703e+00
3.120773660849934100e-02 -2.813524285280210279e+03 -3.415246724571968429e+00
3.130773660849935774e-02 -2.781524285280205277e+03 -3.386308909390679300e+00
3.140773660849938836e-02 -2.749524285280195272e+03 -3.357587947497564951e+00
3.150773660849941898e-02 -2.717524285280185268e+03 -3.329073461388365462e+00
3.160773660849944960e-02 -2.685524285280175718e+03 -3.300844411694380920e+00
3.170773660849948022e-02 -2.653524285280165714e+03 -3.272932579175540369e+00
3.180773660849951084e-02 -2.621524285280156164e+03 -3.245168498553056668e+00
3.190773660849954146e-02 -2.589524285280146159e+03 -3.217399056529741230e+00
3.200773660849957208e-02 -2.557524285280136610e+03 -3.189499622812950186e+00
3.210773660849960270e-02 -2.525524285280126605e+03 -3.161452325393632634e+00
3.220773660849963332e-02 -2.493524285280117056e+03 -3.133458348266457971e+00
3.230773660849966394e-02 -2.461524285280107051e+03 -3.105669092708910117e+00
3.240773660849969456e-02 -2.429524285280097502e+03 -3.078206800176208624e+00
3.250773660849972518e-02 -2.397524285280087497e+03 -3.051172547162126936e+00
3.260773660849975580e-02 -2.365524285280077947e+03 -3.024592161041064653e+00
3.270773660849978642e-02 -2.333524285280068398e+03 -2.998439451361310848e+00
3.280773660849981704e-02 -2.301524285280058393e+03 -2.972630755894750898e+00
3.290773660849984766e-02 -2.269524285280048389e+03 -2.947030847427957401e+00
3.300773660849987828e-02 -2.237524285280038839e+03 -2.921477160837459675e+00
3.310773660849990890e-02 -2.205524285280029289e+03 -2.895804162525516645e+00
3.320773660849993952e-02 -2.173524285280019285e+03 -2.869874217989995202e+00
3.330773660849997014e-02 -2.141524285280009281e+03 -2.843604594038719124e+00
3.340773660850000076e-02 -2.109524285279999276e+03 -2.816989457360593363e+00
3.350773660850003138e-02 -2.077524285279989726e+03 -2.790123330236192079e+00
3.360773660850006200e-02 -2.045524285279979949e+03 -2.763132092821914743e+00
3.370773660850009262e-02 -2.013524285279969945e+03 -2.736158040600070951e+00
3.380773660850012324e-02 -1.981524285279960395e+03 -2.709340441707070113e+00
3.390773660850015386e-02 -1.949524285279950618e+03 -2.682781812713756153e+00
3.400773660850018448e-02 -1.917524285279940614e+03 -2.656516692734477214e+00
3.410773660850021510e-02 -1.885524285279930609e+03 -2.630507752271992405e+00
3.420773660850024572e-02 -1.853524285279921060e+03 -2.604664309700611469e+00
3.430773660850027634e-02 -1.821524285279911510e+03 -2.578851283390430904e+00
3.440773660850030696e-02 -1.789524285279901505e+03 -2.552912826411164904e+00
3.450773660850033758e-02 -1.757524285279891501e+03 -2.526706657114480947e+00
3.460773660850036820e-02 -1.725524285279881951e+03 -2.500136066298776161e+00
3.470773660850039882e-02 -1.693524285279872402e+03 -2.473171877637505123e+00
3.480773660850042944e-02 -1.661524285279862397e+03 -2.445856689236960424e+00
3.490773660850046006e-02 -1.629524285279852393e+03 -2.418291731053913818e+00
3.500773660850049068e-02 -1.597524285279842616e+03 -2.390628455945058128e+00
3.510773660850052130e-02 -1.565524285279832839e+03 -2.363023825928926680e+00
3.520773660850055192e-02 -1.533524285279823062e+03 -2.335618252326968847e+00
3.530773660850058254e-02 -1.501524285279813057e+03 -2.308492778699871018e+00
3.540773660850061316e-02 -1.469524285279803507e+03 -2.281646516364775668e+00
3.550773660850064378e-02 -1.437524285279793503e+03 -2.254986584305326502e+00
3.560773660850067440e-02 -1.405524285279783953e+03 -2.228415455926716859e+00
3.570773660850070502e-02 -1.373524285279773949e+03 -2.201793307592920357e+00
3.580773660850073564e-02 -1.341524285279764399e+03 -2.174956905777166494e+00
3.590773660850076626e-02 -1.309524285279754395e+03 -2.147763004504719575e+00
3.600773660850079688e-02 -1.277524285279744618e+03 -2.120143928006237299e+00
3.610773660850082750e-02 -1.245524285279734841e+03 -2.092117062316991127e+00
3.620773660850085812e-02 -1.213524285279725063e+03 -2.063761061584767464e+00
3.630773660850088874e-02 -1.181524285279715059e+03 -2.035266569886115207e+00
3.640773660850091936e-02 -1.149524285279705509e+03 -2.006830795843615789e+00
3.650773660850094998e-02 -1.117524285279695505e+03 -1.978599882123001530e+00
3.660773660850098060e-02 -1.085524285279685955e+03 -1.950652274822719523e+00
3.670773660850101122e-02 -1.053524285279675951e+03 -1.922983978947961692e+00
3.680773660850104184e-02 -1.021524285279666401e+03 -1.895541275245429258e+00
3.690773660850107246e-02 -9.895242852796563966e+02 -1.868275200832028249e+00
3.700773660850110308e-02 -9.575242852796467332e+02 -1.841004422598074619e+00
3.710773660850113370e-02 -9.255242852796367288e+02 -1.813520429547905488e+00
3.720773660850116432e-02 -8.935242852796271791e+02 -1.785669460735476610e+00
3.730773660850119494e-02 -8.615242852796171746e+02 -1.757346989194067621e+00
3.740773660850122556e-02 -8.295242852796075113e+02 -1.728533515830328771e+00
3.750773660850125618e-02 -7.975242852795976205e+02 -1.699283082750518981e+00
3.760773660850128680e-02 -7.655242852795879571e+02 -1.669711199547888825e+00
3.770773660850131742e-02 -7.335242852795779527e+02 -1.639950249249265912e+00
3.780773660850134804e-02 -7.015242852795684030e+02 -1.610125601995581190e+00
3.790773660850137866e-02 -6.695242852795583985e+02 -1.580349260189523930e+00
3.800773660850140928e-02 -6.375242852795487352e+02 -1.550701423180237404e+00
3.810773660850143990e-02 -6.055242852795388444e+02 -1.521158362063743219e+00
3.820773660850147052e-02 -5.735242852795291810e+02 -1.491605765924579829e+00
3.830773660850150114e-02 -5.415242852795191766e+02 -1.461870464289748428e+00
3.840773660850153176e-02 -5.095242852795095700e+02 -1.431749360311918684e+00
3.850773660850156238e-02 -4.775242852794996224e+02 -1.401031365944764184e+00
3.860773660850159300e-02 -4.455242852794899591e+02 -1.369479712031383745e+00
3.870773660850162362e-02 -4.135242852794800115e+02 -1.336983557418213620e+00
3.880773660850165424e-02 -3.815242852794704049e+02 -1.303505923634632691e+00
3.890773660850168486e-02 -3.495242852794604005e+02 -1.269067012234328384e+00
3.900773660850171548e-02 -3.175242852794507940e+02 -1.233733232684358416e+00
3.910773660850174610e-02 -2.855242852794407895e+02 -1.197679078890374171e+00
3.920773660850177672e-02 -2.535242852794311830e+02 -1.160891333268254666e+00
3.930773660850180734e-02 -2.215242852794212070e+02 -1.123475210877276531e+00
3.940773660850183796e-02 -1.895242852794115720e+02 -1.085551568814245860e+00
3.950773660850186858e-02 -1.575242852794016244e+02 -1.046839155317477399e+00
3.960773660850189920e-02 -1.255242852793919894e+02 -1.006625548348597077e+00
3.970773660850192982e-02 -9.352428527938201341e+01 -9.639391997466993933e-01
3.980773660850196044e-02 -6.152428527937239267e+01 -9.178062848385183381e-01
3.990773660850199106e-02 -2.952428527936241665e+01 -8.672613182357249428e-01
4.000773660850202168e-02 2.475714720646671196e+00 -8.111240159741789357e-01
4.010773660850205230e-02 3.447571472065646958e+01 -7.468040015925468955e-01
4.020773660850208292e-02 6.647571472066627507e+01 -6.669492199268316490e-01
4.030000648370211241e-02 9.600207478467569899e+01 -5.648647709760652447e-01
4.040093311488447692e-02 1.282985967630323501e+02 -3.934702462645398580e-01
4.050046475079250446e-02 1.601487202536011694e+02 -1.438211608446143541e-01
4.060013967746840813e-02 1.920446967898903381e+02 1.236766386457867489e-01
4.070096096204973979e-02 2.243075078559164695e+02 3.729917435855546470e-01
4.080123766446007438e-02 2.563960526272235256e+02 5.907997628289789471e-01
4.090109271937006352e-02 2.883496701984200854e+02 7.077774032766548373e-01
4.100081880573830384e-02 3.202620178362569732e+02 7.951839308639226944e-01
4.110094452122976805e-02 3.523022467935255122e+02 8.507541955413957524e-01
4.120254069861559176e-02 3.848130235569890942e+02 8.880382554745572810e-01
4.130061043656827607e-02 4.161953397018480700e+02 9.242667787486544828e-01
4.140364654489856605e-02 4.491668943675408627e+02 9.638717773900464802e-01
4.150408037609010226e-02 4.813057203488324376e+02 1.001204933049134382e+00
4.160009174278211930e-02 5.120293576902779478e+02 1.035089134140104949e+00
4.170072137774537974e-02 5.442308408785212350e+02 1.067512155149259456e+00
4.180160779598707244e-02 5.765144947158629520e+02 1.097977771324152307e+00
4.190204092955505943e-02 6.086530974576187418e+02 1.123524841008965325e+00
4.200133520472945636e-02 6.404272655134258230e+02 1.149690652510707345e+00
4.210570291002226767e-02 6.738249312071253598e+02 1.181352989461919023e+00
4.220589590710335098e-02 7.058866902730720767e+02 1.214335689557963338e+00
4.230107925433038846e-02 7.363453613857240043e+02 1.246544173559843482e+00
4.240327611135309011e-02 7.690483556329885459e+02 1.281444312113411588e+00
4.250032822056500070e-02 8.001050305807998484e+02 1.314676720803390930e+00
4.260032822056503132e-02 8.321050305808096255e+02 1.348902881357230576e+00
4.270032822056506194e-02 8.641050305808195162e+02 1.383086795026060356e+00
4.280032822056509256e-02 8.961050305808292933e+02 1.417364815247962540e+00
4.290032822056512318e-02 9.281050305808390704e+02 1.451433452511093458e+00
4.300032822056515380e-02 9.601050305808488474e+02 1.484959610363755678e+00
4.310032822056518442e-02 9.921050305808586245e+02 1.517801895848140070e+00
4.320032822056521504e-02 1.024105030580868515e+03 1.549870192846503292e+00
4.330032822056524566e-02 1.056105030580878292e+03 1.581181131826789876e+00
4.340032822056527628e-02 1.088105030580888069e+03 1.611834678470311699e+00
4.350032822056530690e-02 1.120105030580897846e+03 1.642030764884182537e+00
4.360032822056533752e-02 1.152105030580907624e+03 1.672010263374665628e+00
4.370032822056536814e-02 1.184105030580917401e+03 1.701958592119802605e+00
4.380032822056539876e-02 1.216105030580927178e+03 1.732029641494536421e+00
4.390032822056542938e-02 1.248105030580936955e+03 1.762335831540896791e+00
4.400032822056546000e-02 1.280105030580946732e+03 1.792918854402480111e+00
4.410032822056549062e-02 1.312105030580956736e+03 1.823756803267225113e+00
4.420032822056552124e-02 1.344105030580966513e+03 1.854657141347796134e+00
4.430032822056555186e-02 1.376105030580976290e+03 1.885444344992061927e+00
4.440032822056558248e-02 1.408105030580986067e+03 1.915886142526404212e+00
4.450032822056561310e-02 1.440105030580995845e+03 1.945838795210692806e+00
4.460032822056564372e-02 1.472105030581005622e+03 1.975203188593307679e+00
4.470032822056567434e-02 1.504105030581015399e+03 2.004096340746825078e+00
4.480032822056570496e-02 1.536105030581025176e+03 2.032644688008068634e+00
4.490032822056573558e-02 1.568105030581034953e+03 2.060963237000010828e+00
4.500032822056576620e-02 1.600105030581044730e+03 2.089309382775937696e+00
4.510032822056579682e-02 1.632105030581054734e+03 2.117846964799398712e+00
4.520032822056582744e-02 1.664105030581064511e+03 2.146746245343201576e+00
4.530032822056585806e-02 1.696105030581074516e+03 2.176022669293257827e+00
4.540032822056588868e-02 1.728105030581084065e+03 2.205580370213820363e+00
4.550032822056591930e-02 1.760105030581094070e+03 2.235259186361897132e+00
4.560032822056594992e-02 1.792105030581103620e+03 2.265795969541169352e+00
4.570032822056598054e-02 1.824105030581113624e+03 2.297854819943097926e+00
4.580032822056601116e-02 1.856105030581123174e+03 2.329531077403290684e+00
4.590232822056603684e-02 1.888745030581131232e+03 2.360884170095824075e+00
4.600792822056603421e-02 1.922537030581130693e+03 2.392227847266395369e+00
4.610632822056604657e-02 1.954025030581134388e+03 2.420583873439174027e+00
4.620632822056607719e-02 1.986025030581144392e+03 2.448841828847617030e+00
4.630632822056610781e-02 2.018025030581154169e+03 2.476771228348568332e+00
4.640632822056613843e-02 2.050025030581164174e+03 2.504669596845509716e+00
4.650632822056616905e-02 2.082025030581173723e+03 2.532806363112815262e+00
4.660632822056619967e-02 2.114025030581183728e+03 2.561300339247040370e+00
4.670632822056623029e-02 2.146025030581193278e+03 2.590137170000268885e+00
4.680632822056626091e-02 2.178025030581203282e+03 2.619174913367125157e+00
4.690632822056629153e-02 2.210025030581212832e+03 2.648143991141903797e+00
4.700632822056632215e-02 2.242025030581222836e+03 2.676663810611012551e+00
4.710632822056635277e-02 2.274025030581232386e+03 2.704550289630490933e+00
4.720632822056638339e-02 2.306025030581242390e+03 2.731745196285300992e+00
4.730632822056641401e-02 2.338025030581251940e+03 2.758282103113732564e+00
4.740632822056644463e-02 2.370025030581261944e+03 2.784289831781999069e+00
4.750632822056647525e-02 2.402025030581271494e+03 2.809970676442228754e+00
4.760632822056650587e-02 2.434025030581281499e+03 2.835559256585603372e+00
4.770632822056653649e-02 2.466025030581291048e+03 2.861287671147643596e+00
4.780632822056656711e-02 2.498025030581301053e+03 2.887372168464899413e+00
4.790632822056659773e-02 2.530025030581310602e+03 2.913911114944101044e+00
4.800632822056662835e-02 2.562025030581320607e+03 2.940886245216394190e+00
4.810632822056665897e-02 2.594025030581330611e+03 2.968179853551178304e+00
4.820632822056668959e-02 2.626025030581340616e+03 2.995603380071785615e+00
4.830632822056672021e-02 2.658025030581350165e+03 3.022936309948498934e+00
4.840632822056675083e-02 2.690025030581360170e+03 3.049972857095196943e+00
4.850632822056678145e-02 2.722025030581369720e+03 3.076567003034991643e+00
4.860632822056681207e-02 2.754025030581379724e+03 3.102664556462650491e+00
4.870632822056684269e-02 2.786025030581389274e+03 3.128314353684475968e+00
4.880632822056687331e-02 2.818025030581399278e+03 3.153658017384997958e+00
4.890632822056690393e-02 2.850025030581408828e+03 3.178898414087656388e+00
4.900632822056693455e-02 2.882025030581418832e+03 3.204254021993332202e+00
4.910632822056696517e-02 2.914025030581428382e+03 3.229910270708835629e+00
4.920632822056699579e-02 2.946025030581438386e+03 3.255976469370182702e+00
4.930632822056702641e-02 2.978025030581447936e+03 3.282469403238326144e+00
4.940632822056705703e-02 3.010025030581457941e+03 3.309303994824974282e+00
4.950632822056708765e-02 3.042025030581467490e+03 3.336308116008244617e+00
4.960632822056711827e-02 3.074025030581477495e+03 3.363230339381496403e+00
4.970632822056714889e-02 3.106025030581487044e+03 3.389842268172761575e+00
4.980632822056717951e-02 3.138025030581497049e+03 3.415988618842997759e+00
4.990632822056721013e-02 3.170025030581506599e+03 3.441604008986825392e+00
5.000000000000000278e-02 3.200000000000000000e+03 3.465147173262834723e+00
