time R11 R12 R13 R21 R22 R23 R31 R32 R33
0.000000000000000000e+00 1.000000000000000000e+00 -0.000000000000000000e+00 0.000000000000000000e+00 0.000000000000000000e+00 1.000000000000000000e+00 -0.000000000000000000e+00 0.000000000000000000e+00 0.000000000000000000e+00 1.000000000000000000e+00
5.054987628527174252e-03 9.999999194454377571e-01 -4.013840026268368087e-04 0.000000000000000000e+00 4.013840026268368087e-04 9.999999194454377571e-01 -0.000000000000000000e+00 0.000000000000000000e+00 0.000000000000000000e+00 1.000000000000000000e+00
1.010019985435288946e-02 9.999987161049194162e-01 -1.602432061763294337e-03 0.000000000000000000e+00 1.602432061763294337e-03 9.999987161049194162e-01 -0.000000000000000000e+00 0.000000000000000000e+00 0.000000000000000000e+00 1.000000000000000000e+00
1.519406175713868337e-02 9.999934248626158872e-01 -3.626324797347869801e-03 0.000000000000000000e+00 3.626324797347869801e-03 9.999934248626158872e-01 -0.000000000000000000e+00 0.000000000000000000e+00 0.000000000000000000e+00 1.000000000000000000e+00
2.019406175713865659e-02 9.999794835132692628e-01 -6.405665659038542112e-03 0.000000000000000000e+00 6.405665659038542112e-03 9.999794835132692628e-01 -0.000000000000000000e+00 0.000000000000000000e+00 0.000000000000000000e+00 1.000000000000000000e+00
2.519406175713862633e-02 9.999502951326663114e-01 -9.970319157051803910e-03 0.000000000000000000e+00 9.970319157051803910e-03 9.999502951326663114e-01 -0.000000000000000000e+00 0.000000000000000000e+00 0.000000000000000000e+00 1.000000000000000000e+00
3.019406175713859608e-02 9.998974611382381861e-01 -1.432016792169835302e-02 0.000000000000000000e+00 1.432016792169835302e-02 9.998974611382381861e-01 -0.000000000000000000e+00 0.000000000000000000e+00 0.000000000000000000e+00 1.000000000000000000e+00
3.519406175713856583e-02 9.998107335547119501e-01 -1.945500112539482254e-02 0.000000000000000000e+00 1.945500112539482254e-02 9.998107335547119501e-01 -0.000000000000000000e+00 0.000000000000000000e+00 0.000000000000000000e+00 1.000000000000000000e+00
4.019406175713853557e-02 9.996780161915947982e-01 -2.537447424554737513e-02 0.000000000000000000e+00 2.537447424554737513e-02 9.996780161915947982e-01 -0.000000000000000000e+00 0.000000000000000000e+00 0.000000000000000000e+00 1.000000000000000000e+00
4.519406175713850532e-02 9.994853665589329417e-01 -3.207806157728186613e-02 0.000000000000000000e+00 3.207806157728186613e-02 9.994853665589329417e-01 -0.000000000000000000e+00 0.000000000000000000e+00 0.000000000000000000e+00 1.000000000000000000e+00
5.019406175713847507e-02 9.992169987823149579e-01 -3.956500150971494628e-02 0.000000000000000000e+00 3.956500150971494628e-02 9.992169987823149579e-01 -0.000000000000000000e+00 0.000000000000000000e+00 0.000000000000000000e+00 1.000000000000000000e+00
5.519406175713844481e-02 9.988552878177697769e-01 -4.783423458654561394e-02 0.000000000000000000e+00 4.783423458654561394e-02 9.988552878177697769e-01 -0.000000000000000000e+00 0.000000000000000000e+00 0.000000000000000000e+00 1.000000000000000000e+00
6.019406175713841456e-02 9.983807753067142077e-01 -5.688433438095505390e-02 0.000000000000000000e+00 5.688433438095505390e-02 9.983807753067142077e-01 -0.000000000000000000e+00 0.000000000000000000e+00 0.000000000000000000e+00 1.000000000000000000e+00
6.519406175713847451e-02 9.977721774503429675e-01 -6.671343122641210099e-02 0.000000000000000000e+00 6.671343122641210099e-02 9.977721774503429675e-01 -0.000000000000000000e+00 0.000000000000000000e+00 0.000000000000000000e+00 1.000000000000000000e+00
7.019406175713861773e-02 9.970063953217371822e-01 -7.731912885926640888e-02 0.000000000000000000e+00 7.731912885926640888e-02 9.970063953217371822e-01 -0.000000000000000000e+00 0.000000000000000000e+00 0.000000000000000000e+00 1.000000000000000000e+00
7.519406175713876095e-02 9.960585280723621704e-01 -8.869841404624609349e-02 0.000000000000000000e+00 8.869841404624609349e-02 9.960585280723621704e-01 -0.000000000000000000e+00 0.000000000000000000e+00 0.000000000000000000e+00 1.000000000000000000e+00
8.019406175713890417e-02 9.949018895273867846e-01 -1.008475592904220508e-01 0.000000000000000000e+00 1.008475592904220508e-01 9.949018895273867846e-01 -0.000000000000000000e+00 0.000000000000000000e+00 0.000000000000000000e+00 1.000000000000000000e+00
8.519406175713904739e-02 9.935080287012101330e-01 -1.137620187331216948e-01 0.000000000000000000e+00 1.137620187331216948e-01 9.935080287012101330e-01 -0.000000000000000000e+00 0.000000000000000000e+00 0.000000000000000000e+00 1.000000000000000000e+00
9.019406175713919060e-02 9.918467548005138745e-01 -1.274363173969217389e-01 0.000000000000000000e+00 1.274363173969217389e-01 9.918467548005138745e-01 -0.000000000000000000e+00 0.000000000000000000e+00 0.000000000000000000e+00 1.000000000000000000e+00
9.519406175713933382e-02 9.898861673168455333e-01 -1.418639339464616567e-01 0.000000000000000000e+00 1.418639339464616567e-01 9.898861673168455333e-01 -0.000000000000000000e+00 0.000000000000000000e+00 0.000000000000000000e+00 1.000000000000000000e+00
1.001940617571394770e-01 9.875926918438866497e-01 -1.570371771796272020e-01 0.000000000000000000e+00 1.570371771796272020e-01 9.875926918438866497e-01 -0.000000000000000000e+00 0.000000000000000000e+00 0.000000000000000000e+00 1.000000000000000000e+00
1.051940617571396203e-01 9.849311222858883053e-01 -1.729470565018687289e-01 0.000000000000000000e+00 1.729470565018687289e-01 9.849311222858883053e-01 -0.000000000000000000e+00 0.000000000000000000e+00 0.000000000000000000e+00 1.000000000000000000e+00
1.101940617571397635e-01 9.818646701528885856e-01 -1.895831466812372690e-01 0.000000000000000000e+00 1.895831466812372690e-01 9.818646701528885856e-01 -0.000000000000000000e+00 0.000000000000000000e+00 0.000000000000000000e+00 1.000000000000000000e+00
1.151940617571399067e-01 9.783550216649201658e-01 -2.069334472313113793e-01 0.000000000000000000e+00 2.069334472313113793e-01 9.783550216649201658e-01 -0.000000000000000000e+00 0.000000000000000000e+00 0.000000000000000000e+00 1.000000000000000000e+00
1.201940617571400499e-01 9.743624034109983345e-01 -2.249842368237015000e-01 0.000000000000000000e+00 2.249842368237015000e-01 9.743624034109983345e-01 -0.000000000000000000e+00 0.000000000000000000e+00 0.000000000000000000e+00 1.000000000000000000e+00
1.251940617571401793e-01 9.698456573288329885e-01 -2.437199231913635411e-01 0.000000000000000000e+00 2.437199231913635411e-01 9.698456573288329885e-01 -0.000000000000000000e+00 0.000000000000000000e+00 0.000000000000000000e+00 1.000000000000000000e+00
1.300492297571401445e-01 9.649179405900046858e-01 -2.625516481143179703e-01 0.000000000000000000e+00 2.625516481143179703e-01 9.649179405900046858e-01 -0.000000000000000000e+00 0.000000000000000000e+00 0.000000000000000000e+00 1.000000000000000000e+00
1.350508937571401336e-01 9.592406684212846368e-01 -2.825904103940672374e-01 0.000000000000000000e+00 2.825904103940672374e-01 9.592406684212846368e-01 -0.000000000000000000e+00 0.000000000000000000e+00 0.000000000000000000e+00 1.000000000000000000e+00
1.400508937571402768e-01 9.529114731523450343e-01 -3.032486180259160724e-01 0.000000000000000000e+00 3.032486180259160724e-01 9.529114731523450343e-01 -0.000000000000000000e+00 0.000000000000000000e+00 0.000000000000000000e+00 1.000000000000000000e+00
1.450508937571404200e-01 9.458828630768257861e-01 -3.245082577340476226e-01 0.000000000000000000e+00 3.245082577340476226e-01 9.458828630768257861e-01 -0.000000000000000000e+00 0.000000000000000000e+00 0.000000000000000000e+00 1.000000000000000000e+00
1.501580937571402874e-01 9.379330824693588031e-01 -3.468162810617851921e-01 0.000000000000000000e+00 3.468162810617851921e-01 9.379330824693588031e-01 -0.000000000000000000e+00 0.000000000000000000e+00 0.000000000000000000e+00 1.000000000000000000e+00
1.550868617571402042e-01 9.294758648682254210e-01 -3.688829307889758824e-01 0.000000000000000000e+00 3.688829307889758824e-01 9.294758648682254210e-01 -0.000000000000000000e+00 0.000000000000000000e+00 0.000000000000000000e+00 1.000000000000000000e+00
1.600068617571403229e-01 9.202183476781559124e-01 -3.914054069586732632e-01 0.000000000000000000e+00 3.914054069586732632e-01 9.202183476781559124e-01 -0.000000000000000000e+00 0.000000000000000000e+00 0.000000000000000000e+00 1.000000000000000000e+00
1.651588617571402295e-01 9.096011780272004188e-01 -4.154824869131418241e-01 0.000000000000000000e+00 4.154824869131418241e-01 9.096011780272004188e-01 -0.000000000000000000e+00 0.000000000000000000e+00 0.000000000000000000e+00 1.000000000000000000e+00
1.700308617571402170e-01 8.986452238680479043e-01 -4.386761466265815534e-01 0.000000000000000000e+00 4.386761466265815534e-01 8.986452238680479043e-01 -0.000000000000000000e+00 0.000000000000000000e+00 0.000000000000000000e+00 1.000000000000000000e+00
1.750308617571403602e-01 8.864280866153040339e-01 -4.628663384385722779e-01 0.000000000000000000e+00 4.628663384385722779e-01 8.864280866153040339e-01 -0.000000000000000000e+00 0.000000000000000000e+00 0.000000000000000000e+00 1.000000000000000000e+00
1.800308617571405034e-01 8.731773997542141563e-01 -4.874025323677230181e-01 0.000000000000000000e+00 4.874025323677230181e-01 8.731773997542141563e-01 -0.000000000000000000e+00 0.000000000000000000e+00 0.000000000000000000e+00 1.000000000000000000e+00
1.850308617571406467e-01 8.588456822952967862e-01 -5.122344131378975263e-01 0.000000000000000000e+00 5.122344131378975263e-01 8.588456822952967862e-01 -0.000000000000000000e+00 0.000000000000000000e+00 0.000000000000000000e+00 1.000000000000000000e+00
1.901508617571407711e-01 8.430009706786937285e-01 -5.379120406114555886e-01 0.000000000000000000e+00 5.379120406114555886e-01 8.430009706786937285e-01 -0.000000000000000000e+00 0.000000000000000000e+00 0.000000000000000000e+00 1.000000000000000000e+00
1.950308617571407110e-01 8.267534274646379799e-01 -5.625644586849348761e-01 0.000000000000000000e+00 5.625644586849348761e-01 8.267534274646379799e-01 -0.000000000000000000e+00 0.000000000000000000e+00 0.000000000000000000e+00 1.000000000000000000e+00
2.000708617571407555e-01 8.087552101288306705e-01 -5.881453987658760152e-01 0.000000000000000000e+00 5.881453987658760152e-01 8.087552101288306705e-01 -0.000000000000000000e+00 0.000000000000000000e+00 0.000000000000000000e+00 1.000000000000000000e+00
2.051428617571406932e-01 7.896045322676691347e-01 -6.136160710267907215e-01 0.000000000000000000e+00 6.136160710267907215e-01 7.896045322676691347e-01 -0.000000000000000000e+00 0.000000000000000000e+00 0.000000000000000000e+00 1.000000000000000000e+00
2.101428617571408364e-01 7.699407635225596902e-01 -6.381153662671806837e-01 0.000000000000000000e+00 6.381153662671806837e-01 7.699407635225596902e-01 -0.000000000000000000e+00 0.000000000000000000e+00 0.000000000000000000e+00 1.000000000000000000e+00
2.151428617571409796e-01 7.495171561999279808e-01 -6.619849186816667563e-01 0.000000000000000000e+00 6.619849186816667563e-01 7.495171561999279808e-01 -0.000000000000000000e+00 0.000000000000000000e+00 0.000000000000000000e+00 1.000000000000000000e+00
2.201428617571411228e-01 7.283538659344300781e-01 -6.852011719038215709e-01 0.000000000000000000e+00 6.852011719038215709e-01 7.283538659344300781e-01 -0.000000000000000000e+00 0.000000000000000000e+00 0.000000000000000000e+00 1.000000000000000000e+00
2.251428617571412660e-01 7.064717783384824035e-01 -7.077412142946475360e-01 0.000000000000000000e+00 7.077412142946475360e-01 7.064717783384824035e-01 -0.000000000000000000e+00 0.000000000000000000e+00 0.000000000000000000e+00 1.000000000000000000e+00
2.301428617571414093e-01 6.838924883906863927e-01 -7.295828015535968936e-01 0.000000000000000000e+00 7.295828015535968936e-01 6.838924883906863927e-01 -0.000000000000000000e+00 0.000000000000000000e+00 0.000000000000000000e+00 1.000000000000000000e+00
2.351428617571415525e-01 6.606382791241894870e-01 -7.507043786710119182e-01 0.000000000000000000e+00 7.507043786710119182e-01 6.606382791241894870e-01 -0.000000000000000000e+00 0.000000000000000000e+00 0.000000000000000000e+00 1.000000000000000000e+00
2.401428617571416957e-01 6.367320996360226193e-01 -7.710851012003163696e-01 0.000000000000000000e+00 7.710851012003163696e-01 6.367320996360226193e-01 -0.000000000000000000e+00 0.000000000000000000e+00 0.000000000000000000e+00 1.000000000000000000e+00
2.451428617571417834e-01 6.121975424391137288e-01 -7.907048558289685447e-01 0.000000000000000000e+00 7.907048558289685447e-01 6.121975424391137288e-01 -0.000000000000000000e+00 0.000000000000000000e+00 0.000000000000000000e+00 1.000000000000000000e+00
2.500187760995314923e-01 5.876898054638909352e-01 -8.090863319534041809e-01 0.000000000000000000e+00 8.090863319534041809e-01 5.876898054638909352e-01 -0.000000000000000000e+00 0.000000000000000000e+00 0.000000000000000000e+00 1.000000000000000000e+00
2.550592744956891589e-01 5.617753070749589295e-01 -8.272898551057152883e-01 0.000000000000000000e+00 8.272898551057152883e-01 5.617753070749589295e-01 -0.000000000000000000e+00 0.000000000000000000e+00 0.000000000000000000e+00 1.000000000000000000e+00
2.600426471886381208e-01 5.356005294742766099e-01 -8.444714754370774568e-01 0.000000000000000000e+00 8.444714754370774568e-01 5.356005294742766099e-01 -0.000000000000000000e+00 0.000000000000000000e+00 0.000000000000000000e+00 1.000000000000000000e+00
2.650426471886375701e-01 5.088107528815964953e-01 -8.608783989345202281e-01 0.000000000000000000e+00 8.608783989345202281e-01 5.088107528815964953e-01 -0.000000000000000000e+00 0.000000000000000000e+00 0.000000000000000000e+00 1.000000000000000000e+00
2.700321439182372107e-01 4.815766799518380603e-01 -8.764039601271578217e-01 0.000000000000000000e+00 8.764039601271578217e-01 4.815766799518380603e-01 -0.000000000000000000e+00 0.000000000000000000e+00 0.000000000000000000e+00 1.000000000000000000e+00
2.750467848678864180e-01 4.537285616374252539e-01 -8.911399398267552119e-01 0.000000000000000000e+00 8.911399398267552119e-01 4.537285616374252539e-01 -0.000000000000000000e+00 0.000000000000000000e+00 0.000000000000000000e+00 1.000000000000000000e+00
2.801647649934724815e-01 4.248423422812829253e-01 -9.052673550973506789e-01 0.000000000000000000e+00 9.052673550973506789e-01 4.248423422812829253e-01 -0.000000000000000000e+00 0.000000000000000000e+00 0.000000000000000000e+00 1.000000000000000000e+00
2.851548612278263506e-01 3.962547075216877879e-01 -9.181406247230875506e-01 0.000000000000000000e+00 9.181406247230875506e-01 3.962547075216877879e-01 -0.000000000000000000e+00 0.000000000000000000e+00 0.000000000000000000e+00 1.000000000000000000e+00
2.901548612278257999e-01 3.672196857807155101e-01 -9.301342389005538003e-01 0.000000000000000000e+00 9.301342389005538003e-01 3.672196857807155101e-01 -0.000000000000000000e+00 0.000000000000000000e+00 0.000000000000000000e+00 1.000000000000000000e+00
2.951548612278252492e-01 3.378222625448472627e-01 -9.412099228806931617e-01 0.000000000000000000e+00 9.412099228806931617e-01 3.378222625448472627e-01 -0.000000000000000000e+00 0.000000000000000000e+00 0.000000000000000000e+00 1.000000000000000000e+00
3.001548612278246986e-01 3.080914495216233728e-01 -9.513567463006005198e-01 0.000000000000000000e+00 9.513567463006005198e-01 3.080914495216233728e-01 -0.000000000000000000e+00 0.000000000000000000e+00 0.000000000000000000e+00 1.000000000000000000e+00
3.051548612278241479e-01 2.780565874340535926e-01 -9.605646954706013041e-01 0.000000000000000000e+00 9.605646954706013041e-01 2.780565874340535926e-01 -0.000000000000000000e+00 0.000000000000000000e+00 0.000000000000000000e+00 1.000000000000000000e+00
3.101548612278235972e-01 2.477473170648646639e-01 -9.688246832565537980e-01 0.000000000000000000e+00 9.688246832565537980e-01 2.477473170648646639e-01 -0.000000000000000000e+00 0.000000000000000000e+00 0.000000000000000000e+00 1.000000000000000000e+00
3.151548612278230466e-01 2.171935500046292544e-01 -9.761285580477536694e-01 0.000000000000000000e+00 9.761285580477536694e-01 2.171935500046292544e-01 -0.000000000000000000e+00 0.000000000000000000e+00 0.000000000000000000e+00 1.000000000000000000e+00
3.200108612278227960e-01 1.873142798154191491e-01 -9.823000359244782320e-01 0.000000000000000000e+00 9.823000359244782320e-01 1.873142798154191491e-01 -0.000000000000000000e+00 0.000000000000000000e+00 0.000000000000000000e+00 1.000000000000000000e+00
3.251116612278227014e-01 1.557414761252783608e-01 -9.877978500757729208e-01 0.000000000000000000e+00 9.877978500757729208e-01 1.557414761252783608e-01 -0.000000000000000000e+00 0.000000000000000000e+00 0.000000000000000000e+00 1.000000000000000000e+00
3.301116612278221507e-01 1.246371468216391915e-01 -9.922023894509430786e-01 0.000000000000000000e+00 9.922023894509430786e-01 1.246371468216391915e-01 -0.000000000000000000e+00 0.000000000000000000e+00 0.000000000000000000e+00 1.000000000000000000e+00
3.351116612278216000e-01 9.340981570171173753e-02 -9.956277448577717237e-01 0.000000000000000000e+00 9.956277448577717237e-01 9.340981570171173753e-02 -0.000000000000000000e+00 0.000000000000000000e+00 0.000000000000000000e+00 1.000000000000000000e+00
3.401116612278210494e-01 6.209030037119041973e-02 -9.980705358840202823e-01 0.000000000000000000e+00 9.980705358840202823e-01 6.209030037119041973e-02 -0.000000000000000000e+00 0.000000000000000000e+00 0.000000000000000000e+00 1.000000000000000000e+00
3.451116612278204987e-01 3.070950941045600888e-02 -9.995283517898677639e-01 0.000000000000000000e+00 9.995283517898677639e-01 3.070950941045600888e-02 -0.000000000000000000e+00 0.000000000000000000e+00 0.000000000000000000e+00 1.000000000000000000e+00
3.501116612278199480e-01 -7.015881284629535506e-04 -9.999997538870185609e-01 0.000000000000000000e+00 9.999997538870185609e-01 -7.015881284629535506e-04 -0.000000000000000000e+00 0.000000000000000000e+00 0.000000000000000000e+00 1.000000000000000000e+00
3.551116612278193974e-01 -3.211199328460288133e-02 -9.994842769585173814e-01 0.000000000000000000e+00 9.994842769585173814e-01 -3.211199328460288133e-02 -0.000000000000000000e+00 0.000000000000000000e+00 0.000000000000000000e+00 1.000000000000000000e+00
3.601116612278188467e-01 -6.349070778029840267e-02 -9.979824297178566672e-01 0.000000000000000000e+00 9.979824297178566672e-01 -6.349070778029840267e-02 -0.000000000000000000e+00 0.000000000000000000e+00 0.000000000000000000e+00 1.000000000000000000e+00
3.651116612278182960e-01 -9.480676461274127609e-02 -9.954956943069437347e-01 0.000000000000000000e+00 9.954956943069437347e-01 -9.480676461274127609e-02 -0.000000000000000000e+00 0.000000000000000000e+00 0.000000000000000000e+00 1.000000000000000000e+00
3.701116612278177453e-01 -1.260292586146708194e-01 -9.920265248334019237e-01 0.000000000000000000e+00 9.920265248334019237e-01 -1.260292586146708194e-01 -0.000000000000000000e+00 0.000000000000000000e+00 0.000000000000000000e+00 1.000000000000000000e+00
3.751116612278171947e-01 -1.571273769540440512e-01 -9.875783449486637000e-01 0.000000000000000000e+00 9.875783449486637000e-01 -1.571273769540440512e-01 -0.000000000000000000e+00 0.000000000000000000e+00 0.000000000000000000e+00 1.000000000000000000e+00
3.800716612278168260e-01 -1.878235809939485523e-01 -9.822027807039694913e-01 0.000000000000000000e+00 9.822027807039694913e-01 -1.878235809939485523e-01 -0.000000000000000000e+00 0.000000000000000000e+00 0.000000000000000000e+00 1.000000000000000000e+00
3.850956612278169100e-01 -2.187297837738858275e-01 -9.757854690915567231e-01 0.000000000000000000e+00 9.757854690915567231e-01 -2.187297837738858275e-01 -0.000000000000000000e+00 0.000000000000000000e+00 0.000000000000000000e+00 1.000000000000000000e+00
3.901542212278168442e-01 -2.496283278812439499e-01 -9.683417257968461866e-01 0.000000000000000000e+00 9.683417257968461866e-01 -2.496283278812439499e-01 -0.000000000000000000e+00 0.000000000000000000e+00 0.000000000000000000e+00 1.000000000000000000e+00
3.951228612278163688e-01 -2.797323310176684230e-01 -9.600780296327076080e-01 0.000000000000000000e+00 9.600780296327076080e-01 -2.797323310176684230e-01 -0.000000000000000000e+00 0.000000000000000000e+00 0.000000000000000000e+00 1.000000000000000000e+00
4.001228612278158181e-01 -3.097510796835515334e-01 -9.508176842249382865e-01 0.000000000000000000e+00 9.508176842249382865e-01 -3.097510796835515334e-01 -0.000000000000000000e+00 0.000000000000000000e+00 0.000000000000000000e+00 1.000000000000000000e+00
4.051228612278152674e-01 -3.394641414304880866e-01 -9.406189965564493161e-01 0.000000000000000000e+00 9.406189965564493161e-01 -3.394641414304880866e-01 -0.000000000000000000e+00 0.000000000000000000e+00 0.000000000000000000e+00 1.000000000000000000e+00
4.101228612278147168e-01 -3.688421930538357540e-01 -9.294920315006669487e-01 0.000000000000000000e+00 9.294920315006669487e-01 -3.688421930538357540e-01 -0.000000000000000000e+00 0.000000000000000000e+00 0.000000000000000000e+00 1.000000000000000000e+00
4.151228612278141661e-01 -3.978562419634969483e-01 -9.174477700287266835e-01 0.000000000000000000e+00 9.174477700287266835e-01 -3.978562419634969483e-01 -0.000000000000000000e+00 0.000000000000000000e+00 0.000000000000000000e+00 1.000000000000000000e+00
4.201228612278136154e-01 -4.264776547961060538e-01 -9.044980983725798840e-01 0.000000000000000000e+00 9.044980983725798840e-01 -4.264776547961060538e-01 -0.000000000000000000e+00 0.000000000000000000e+00 0.000000000000000000e+00 1.000000000000000000e+00
4.251228612278130647e-01 -4.546781856727031279e-01 -8.906557962947182494e-01 0.000000000000000000e+00 8.906557962947182494e-01 -4.546781856727031279e-01 -0.000000000000000000e+00 0.000000000000000000e+00 0.000000000000000000e+00 1.000000000000000000e+00
4.301228612278125141e-01 -4.824300040740039930e-01 -8.759345244760914362e-01 0.000000000000000000e+00 8.759345244760914362e-01 -4.824300040740039930e-01 -0.000000000000000000e+00 0.000000000000000000e+00 0.000000000000000000e+00 1.000000000000000000e+00
4.350028612278125650e-01 -5.090568897651083224e-01 -8.607328755093965889e-01 0.000000000000000000e+00 8.607328755093965889e-01 -5.090568897651083224e-01 -0.000000000000000000e+00 0.000000000000000000e+00 0.000000000000000000e+00 1.000000000000000000e+00
4.400028612278120144e-01 -5.358419739028478235e-01 -8.443182924726313487e-01 0.000000000000000000e+00 8.443182924726313487e-01 -5.358419739028478235e-01 -0.000000000000000000e+00 0.000000000000000000e+00 0.000000000000000000e+00 1.000000000000000000e+00
4.450028612278114637e-01 -5.620982467053312615e-01 -8.270704692169782435e-01 0.000000000000000000e+00 8.270704692169782435e-01 -5.620982467053312615e-01 -0.000000000000000000e+00 0.000000000000000000e+00 0.000000000000000000e+00 1.000000000000000000e+00
4.500028612278109130e-01 -5.877997964012604548e-01 -8.090064272616359631e-01 0.000000000000000000e+00 8.090064272616359631e-01 -5.877997964012604548e-01 -0.000000000000000000e+00 0.000000000000000000e+00 0.000000000000000000e+00 1.000000000000000000e+00
4.550028612278103624e-01 -6.129212586640707672e-01 -7.901439936351166704e-01 0.000000000000000000e+00 7.901439936351166704e-01 -6.129212586640707672e-01 -0.000000000000000000e+00 0.000000000000000000e+00 0.000000000000000000e+00 1.000000000000000000e+00
4.600028612278098117e-01 -6.374378416434605121e-01 -7.705017832821197121e-01 0.000000000000000000e+00 7.705017832821197121e-01 -6.374378416434605121e-01 -0.000000000000000000e+00 0.000000000000000000e+00 0.000000000000000000e+00 1.000000000000000000e+00
4.650028612278092610e-01 -6.613253504319515086e-01 -7.500991806928312133e-01 0.000000000000000000e+00 7.500991806928312133e-01 -6.613253504319515086e-01 -0.000000000000000000e+00 0.000000000000000000e+00 0.000000000000000000e+00 1.000000000000000000e+00
4.700028612278087103e-01 -6.845602109423432058e-01 -7.289563207727707272e-01 0.000000000000000000e+00 7.289563207727707272e-01 -6.845602109423432058e-01 -0.000000000000000000e+00 0.000000000000000000e+00 0.000000000000000000e+00 1.000000000000000000e+00
4.750028612278081597e-01 -7.071194931724907873e-01 -7.070940689720709438e-01 0.000000000000000000e+00 7.070940689720709438e-01 -7.071194931724907873e-01 -0.000000000000000000e+00 0.000000000000000000e+00 0.000000000000000000e+00 1.000000000000000000e+00
4.800028612278076090e-01 -7.289809338344486189e-01 -6.845340006937971067e-01 0.000000000000000000e+00 6.845340006937971067e-01 -7.289809338344486189e-01 -0.000000000000000000e+00 0.000000000000000000e+00 0.000000000000000000e+00 1.000000000000000000e+00
4.850028612278070583e-01 -7.501229583256466826e-01 -6.612983800016299929e-01 0.000000000000000000e+00 6.612983800016299929e-01 -7.501229583256466826e-01 -0.000000000000000000e+00 0.000000000000000000e+00 0.000000000000000000e+00 1.000000000000000000e+00
4.900028612278065077e-01 -7.705247020204194497e-01 -6.374101376479227588e-01 0.000000000000000000e+00 6.374101376479227588e-01 -7.705247020204194497e-01 -0.000000000000000000e+00 0.000000000000000000e+00 0.000000000000000000e+00 1.000000000000000000e+00
4.950028612278059570e-01 -7.901660308608734473e-01 -6.128928484438154189e-01 0.000000000000000000e+00 6.128928484438154189e-01 -7.901660308608734473e-01 -0.000000000000000000e+00 0.000000000000000000e+00 0.000000000000000000e+00 1.000000000000000000e+00
5.000028612278054618e-01 -8.090275612267683325e-01 -5.877707079937444234e-01 0.000000000000000000e+00 5.877707079937444234e-01 -8.090275612267683325e-01 -0.000000000000000000e+00 0.000000000000000000e+00 0.000000000000000000e+00 1.000000000000000000e+00
5.050028612278049112e-01 -8.270906790648138163e-01 -5.620685088173013044e-01 0.000000000000000000e+00 5.620685088173013044e-01 -8.270906790648138163e-01 -0.000000000000000000e+00 0.000000000000000000e+00 0.000000000000000000e+00 1.000000000000000000e+00
5.100028612278046936e-01 -8.443375582584916605e-01 -5.358116158820075414e-01 0.000000000000000000e+00 5.358116158820075414e-01 -8.443375582584916605e-01 -0.000000000000000000e+00 0.000000000000000000e+00 0.000000000000000000e+00 1.000000000000000000e+00
5.151948612278052231e-01 -8.613646261607491583e-01 -5.079871856641190453e-01 0.000000000000000000e+00 5.079871856641190453e-01 -8.613646261607491583e-01 -0.000000000000000000e+00 0.000000000000000000e+00 0.000000000000000000e+00 1.000000000000000000e+00
5.201948612278046724e-01 -8.768958578183153607e-01 -4.806804079022574117e-01 0.000000000000000000e+00 4.806804079022574117e-01 -8.768958578183153607e-01 -0.000000000000000000e+00 0.000000000000000000e+00 0.000000000000000000e+00 1.000000000000000000e+00
5.251948612278041217e-01 -8.915616991331344332e-01 -4.528992566110457418e-01 0.000000000000000000e+00 4.528992566110457418e-01 -8.915616991331344332e-01 -0.000000000000000000e+00 0.000000000000000000e+00 0.000000000000000000e+00 1.000000000000000000e+00
5.301948612278035711e-01 -9.053476766904582362e-01 -4.246711484327485020e-01 0.000000000000000000e+00 4.246711484327485020e-01 -9.053476766904582362e-01 -0.000000000000000000e+00 0.000000000000000000e+00 0.000000000000000000e+00 1.000000000000000000e+00
5.351948612278030204e-01 -9.182401853948379822e-01 -3.960239411021177491e-01 0.000000000000000000e+00 3.960239411021177491e-01 -9.182401853948379822e-01 -0.000000000000000000e+00 0.000000000000000000e+00 0.000000000000000000e+00 1.000000000000000000e+00
5.401948612278024697e-01 -9.302265018967142973e-01 -3.669859059541687452e-01 0.000000000000000000e+00 3.669859059541687452e-01 -9.302265018967142973e-01 -0.000000000000000000e+00 0.000000000000000000e+00 0.000000000000000000e+00 1.000000000000000000e+00
5.451948612278019191e-01 -9.412947971488254684e-01 -3.375857000237884042e-01 0.000000000000000000e+00 3.375857000237884042e-01 -9.412947971488254684e-01 -0.000000000000000000e+00 0.000000000000000000e+00 0.000000000000000000e+00 1.000000000000000000e+00
5.501948612278013684e-01 -9.514341480800490025e-01 -3.078523377647005566e-01 0.000000000000000000e+00 3.078523377647005566e-01 -9.514341480800490025e-01 -0.000000000000000000e+00 0.000000000000000000e+00 0.000000000000000000e+00 1.000000000000000000e+00
5.551948612278008177e-01 -9.606345483751546066e-01 -2.778151624157017552e-01 0.000000000000000000e+00 2.778151624157017552e-01 -9.606345483751546066e-01 -0.000000000000000000e+00 0.000000000000000000e+00 0.000000000000000000e+00 1.000000000000000000e+00
5.601948612278002670e-01 -9.688869183498286519e-01 -2.475038170424301853e-01 0.000000000000000000e+00 2.475038170424301853e-01 -9.688869183498286519e-01 -0.000000000000000000e+00 0.000000000000000000e+00 0.000000000000000000e+00 1.000000000000000000e+00
5.651948612277997164e-01 -9.761831139112269184e-01 -2.169482152832352961e-01 0.000000000000000000e+00 2.169482152832352961e-01 -9.761831139112269184e-01 -0.000000000000000000e+00 0.000000000000000000e+00 0.000000000000000000e+00 1.000000000000000000e+00
5.701948612277991657e-01 -9.825159345952103607e-01 -1.861785118280313567e-01 0.000000000000000000e+00 1.861785118280313567e-01 -9.825159345952103607e-01 -0.000000000000000000e+00 0.000000000000000000e+00 0.000000000000000000e+00 1.000000000000000000e+00
5.751948612277986150e-01 -9.878791306723347931e-01 -1.552250726592577512e-01 0.000000000000000000e+00 1.552250726592577512e-01 -9.878791306723347931e-01 -0.000000000000000000e+00 0.000000000000000000e+00 0.000000000000000000e+00 1.000000000000000000e+00
5.801948612277980644e-01 -9.922674093155787745e-01 -1.241184450843192122e-01 0.000000000000000000e+00 1.241184450843192122e-01 -9.922674093155787745e-01 -0.000000000000000000e+00 0.000000000000000000e+00 0.000000000000000000e+00 1.000000000000000000e+00
5.851948612277975137e-01 -9.956764398237247793e-01 -9.288932758908438614e-02 0.000000000000000000e+00 9.288932758908438614e-02 -9.956764398237247793e-01 -0.000000000000000000e+00 0.000000000000000000e+00 0.000000000000000000e+00 1.000000000000000000e+00
5.901948612277969630e-01 -9.981028578952385599e-01 -6.156853954218313718e-02 0.000000000000000000e+00 6.156853954218313718e-02 -9.981028578952385599e-01 -0.000000000000000000e+00 0.000000000000000000e+00 0.000000000000000000e+00 1.000000000000000000e+00
5.951948612277964124e-01 -9.995442689484280718e-01 -3.018699078001362696e-02 0.000000000000000000e+00 3.018699078001362696e-02 -9.995442689484280718e-01 -0.000000000000000000e+00 0.000000000000000000e+00 0.000000000000000000e+00 1.000000000000000000e+00
6.001948612277958617e-01 -9.999992504846075825e-01 1.224348897535738759e-03 0.000000000000000000e+00 -1.224348897535738759e-03 -9.999992504846075825e-01 -0.000000000000000000e+00 0.000000000000000000e+00 -0.000000000000000000e+00 1.000000000000000000e+00
6.051948612277953110e-01 -9.994673534919320534e-01 3.263448029054111243e-02 0.000000000000000000e+00 -3.263448029054111243e-02 -9.994673534919320534e-01 -0.000000000000000000e+00 0.000000000000000000e+00 -0.000000000000000000e+00 1.000000000000000000e+00
6.100348612277953775e-01 -9.980129508791453219e-01 6.300912535102132228e-02 0.000000000000000000e+00 -6.300912535102132228e-02 -9.980129508791453219e-01 -0.000000000000000000e+00 0.000000000000000000e+00 -0.000000000000000000e+00 1.000000000000000000e+00
6.151628612277949548e-01 -9.954651435457224640e-01 9.512700975797622194e-02 0.000000000000000000e+00 -9.512700975797622194e-02 -9.954651435457224640e-01 -0.000000000000000000e+00 0.000000000000000000e+00 -0.000000000000000000e+00 1.000000000000000000e+00
6.201516612277949703e-01 -9.919948188954037516e-01 1.262785780909617128e-01 0.000000000000000000e+00 -1.262785780909617128e-01 -9.919948188954037516e-01 -0.000000000000000000e+00 0.000000000000000000e+00 -0.000000000000000000e+00 1.000000000000000000e+00
6.250556612277947677e-01 -9.876335703981831138e-01 1.567798795207374640e-01 0.000000000000000000e+00 -1.567798795207374640e-01 -9.876335703981831138e-01 -0.000000000000000000e+00 0.000000000000000000e+00 -0.000000000000000000e+00 1.000000000000000000e+00
6.300556612277942170e-01 -9.822216578264915121e-01 1.877248382515718517e-01 0.000000000000000000e+00 -1.877248382515718517e-01 -9.822216578264915121e-01 -0.000000000000000000e+00 0.000000000000000000e+00 -0.000000000000000000e+00 1.000000000000000000e+00
6.350556612277936663e-01 -9.758404110635832129e-01 2.184845352313459499e-01 0.000000000000000000e+00 -2.184845352313459499e-01 -9.758404110635832129e-01 -0.000000000000000000e+00 0.000000000000000000e+00 -0.000000000000000000e+00 1.000000000000000000e+00
6.401356612277936398e-01 -9.683708298493844957e-01 2.495154021234251562e-01 0.000000000000000000e+00 -2.495154021234251562e-01 -9.683708298493844957e-01 -0.000000000000000000e+00 0.000000000000000000e+00 -0.000000000000000000e+00 1.000000000000000000e+00
6.450476612277933341e-01 -9.602100947355760585e-01 2.792786672266541759e-01 0.000000000000000000e+00 -2.792786672266541759e-01 -9.602100947355760585e-01 -0.000000000000000000e+00 0.000000000000000000e+00 -0.000000000000000000e+00 1.000000000000000000e+00
6.500876612277931565e-01 -9.508861680344723455e-01 3.095407815469837232e-01 0.000000000000000000e+00 -3.095407815469837232e-01 -9.508861680344723455e-01 -0.000000000000000000e+00 0.000000000000000000e+00 -0.000000000000000000e+00 1.000000000000000000e+00
6.550876612277926059e-01 -9.406940521974596070e-01 3.392560981917983054e-01 0.000000000000000000e+00 -3.392560981917983054e-01 -9.406940521974596070e-01 -0.000000000000000000e+00 0.000000000000000000e+00 -0.000000000000000000e+00 1.000000000000000000e+00
6.600876612277920552e-01 -9.295735849022975783e-01 3.686366100265823786e-01 0.000000000000000000e+00 -3.686366100265823786e-01 -9.295735849022975783e-01 -0.000000000000000000e+00 0.000000000000000000e+00 -0.000000000000000000e+00 1.000000000000000000e+00
6.650876612277915045e-01 -9.175357407076163430e-01 3.976533220333079988e-01 0.000000000000000000e+00 -3.976533220333079988e-01 -9.175357407076163430e-01 -0.000000000000000000e+00 0.000000000000000000e+00 -0.000000000000000000e+00 1.000000000000000000e+00
6.701276612277918820e-01 -9.044852356982368002e-01 4.265049336219979836e-01 0.000000000000000000e+00 -4.265049336219979836e-01 -9.044852356982368002e-01 -0.000000000000000000e+00 0.000000000000000000e+00 -0.000000000000000000e+00 1.000000000000000000e+00
6.751036612277914184e-01 -8.907106408977237821e-01 4.545707361803725810e-01 0.000000000000000000e+00 -4.545707361803725810e-01 -8.907106408977237821e-01 -0.000000000000000000e+00 0.000000000000000000e+00 -0.000000000000000000e+00 1.000000000000000000e+00
6.801036612277908677e-01 -8.759927170867130020e-01 4.823243303121234060e-01 0.000000000000000000e+00 -4.823243303121234060e-01 -8.759927170867130020e-01 -0.000000000000000000e+00 0.000000000000000000e+00 -0.000000000000000000e+00 1.000000000000000000e+00
6.851036612277903171e-01 -8.604102942238200935e-01 5.096019285615779326e-01 0.000000000000000000e+00 -5.096019285615779326e-01 -8.604102942238200935e-01 -0.000000000000000000e+00 0.000000000000000000e+00 -0.000000000000000000e+00 1.000000000000000000e+00
6.901036612277897664e-01 -8.439787502791218365e-01 5.363766112325291102e-01 0.000000000000000000e+00 -5.363766112325291102e-01 -8.439787502791218365e-01 -0.000000000000000000e+00 0.000000000000000000e+00 -0.000000000000000000e+00 1.000000000000000000e+00
6.951036612277892157e-01 -8.267143012026876292e-01 5.626219549457269764e-01 0.000000000000000000e+00 -5.626219549457269764e-01 -8.267143012026876292e-01 -0.000000000000000000e+00 0.000000000000000000e+00 -0.000000000000000000e+00 1.000000000000000000e+00
7.001036612277886650e-01 -8.086339849213940445e-01 5.883120587155652448e-01 0.000000000000000000e+00 -5.883120587155652448e-01 -8.086339849213940445e-01 -0.000000000000000000e+00 0.000000000000000000e+00 -0.000000000000000000e+00 1.000000000000000000e+00
7.051036612277881144e-01 -7.897556445245474954e-01 6.134215695112270605e-01 0.000000000000000000e+00 -6.134215695112270605e-01 -7.897556445245474954e-01 -0.000000000000000000e+00 0.000000000000000000e+00 -0.000000000000000000e+00 1.000000000000000000e+00
7.100316612277882689e-01 -7.703864226334751208e-01 6.375772579240862603e-01 0.000000000000000000e+00 -6.375772579240862603e-01 -7.703864226334751208e-01 -0.000000000000000000e+00 0.000000000000000000e+00 -0.000000000000000000e+00 1.000000000000000000e+00
7.151516612277876161e-01 -7.494805547656995248e-01 6.620263575025540081e-01 0.000000000000000000e+00 -6.620263575025540081e-01 -7.494805547656995248e-01 -0.000000000000000000e+00 0.000000000000000000e+00 -0.000000000000000000e+00 1.000000000000000000e+00
7.201516612277870655e-01 -7.283159809359837089e-01 6.852414405983164869e-01 0.000000000000000000e+00 -6.852414405983164869e-01 -7.283159809359837089e-01 -0.000000000000000000e+00 0.000000000000000000e+00 -0.000000000000000000e+00 1.000000000000000000e+00
7.251516612277872920e-01 -7.064326471637343285e-01 7.077802731224144273e-01 0.000000000000000000e+00 -7.077802731224144273e-01 -7.064326471637343285e-01 -0.000000000000000000e+00 0.000000000000000000e+00 -0.000000000000000000e+00 1.000000000000000000e+00
7.301916612277873364e-01 -6.836687544010346951e-01 7.297924597142241288e-01 0.000000000000000000e+00 -7.297924597142241288e-01 -6.836687544010346951e-01 -0.000000000000000000e+00 0.000000000000000000e+00 -0.000000000000000000e+00 1.000000000000000000e+00
7.351676612277867617e-01 -6.605212965963511706e-01 7.508073099954976071e-01 0.000000000000000000e+00 -7.508073099954976071e-01 -6.605212965963511706e-01 -0.000000000000000000e+00 0.000000000000000000e+00 -0.000000000000000000e+00 1.000000000000000000e+00
7.401196612277869402e-01 -6.368444964324744273e-01 7.709922745162030022e-01 0.000000000000000000e+00 -7.709922745162030022e-01 -6.368444964324744273e-01 -0.000000000000000000e+00 0.000000000000000000e+00 -0.000000000000000000e+00 1.000000000000000000e+00
7.451014212277869975e-01 -6.124034042484178819e-01 7.905454259338605683e-01 0.000000000000000000e+00 -7.905454259338605683e-01 -6.124034042484178819e-01 -0.000000000000000000e+00 0.000000000000000000e+00 -0.000000000000000000e+00 1.000000000000000000e+00
7.500387012277865972e-01 -5.875885086925058953e-01 8.091599004229739212e-01 0.000000000000000000e+00 -8.091599004229739212e-01 -5.875885086925058953e-01 -0.000000000000000000e+00 0.000000000000000000e+00 -0.000000000000000000e+00 1.000000000000000000e+00
7.550387012277860466e-01 -5.618822425458110947e-01 8.272172299412593466e-01 0.000000000000000000e+00 -8.272172299412593466e-01 -5.618822425458110947e-01 -0.000000000000000000e+00 0.000000000000000000e+00 -0.000000000000000000e+00 1.000000000000000000e+00
7.600387012277854959e-01 -5.356214664625882360e-01 8.444581959247399183e-01 0.000000000000000000e+00 -8.444581959247399183e-01 -5.356214664625882360e-01 -0.000000000000000000e+00 0.000000000000000000e+00 -0.000000000000000000e+00 1.000000000000000000e+00
7.650387012277849452e-01 -5.088320966583309568e-01 8.608657836215160009e-01 0.000000000000000000e+00 -8.608657836215160009e-01 -5.088320966583309568e-01 -0.000000000000000000e+00 0.000000000000000000e+00 -0.000000000000000000e+00 1.000000000000000000e+00
7.700387012277843946e-01 -4.815405710067155454e-01 8.764238007234435024e-01 0.000000000000000000e+00 -8.764238007234435024e-01 -4.815405710067155454e-01 -0.000000000000000000e+00 0.000000000000000000e+00 -0.000000000000000000e+00 1.000000000000000000e+00
7.750387012277838439e-01 -4.537738229486142916e-01 8.911168933459847619e-01 0.000000000000000000e+00 -8.911168933459847619e-01 -4.537738229486142916e-01 -0.000000000000000000e+00 0.000000000000000000e+00 -0.000000000000000000e+00 1.000000000000000000e+00
7.800323012277845525e-01 -4.255956439849480910e-01 9.049134476959865836e-01 0.000000000000000000e+00 -9.049134476959865836e-01 -4.255956439849480910e-01 -0.000000000000000000e+00 0.000000000000000000e+00 -0.000000000000000000e+00 1.000000000000000000e+00
7.850986436277844760e-01 -3.965789935666824695e-01 9.180006001423076656e-01 0.000000000000000000e+00 -9.180006001423076656e-01 -3.965789935666824695e-01 -0.000000000000000000e+00 0.000000000000000000e+00 -0.000000000000000000e+00 1.000000000000000000e+00
7.900008900814768920e-01 -3.681193528603582399e-01 9.297785446275209642e-01 0.000000000000000000e+00 -9.297785446275209642e-01 -3.681193528603582399e-01 -0.000000000000000000e+00 0.000000000000000000e+00 -0.000000000000000000e+00 1.000000000000000000e+00
7.950547017035622943e-01 -3.384145186392349958e-01 9.409971379202888286e-01 0.000000000000000000e+00 -9.409971379202888286e-01 -3.384145186392349958e-01 -0.000000000000000000e+00 0.000000000000000000e+00 -0.000000000000000000e+00 1.000000000000000000e+00
8.000720123082754043e-01 -3.085866413758655002e-01 9.511962388300130300e-01 0.000000000000000000e+00 -9.511962388300130300e-01 -3.085866413758655002e-01 -0.000000000000000000e+00 0.000000000000000000e+00 -0.000000000000000000e+00 1.000000000000000000e+00
8.051992787595245726e-01 -2.777884987724534849e-01 9.606422590901083636e-01 0.000000000000000000e+00 -9.606422590901083636e-01 -2.777884987724534849e-01 -0.000000000000000000e+00 0.000000000000000000e+00 -0.000000000000000000e+00 1.000000000000000000e+00
8.101992787595240220e-01 -2.474769243566705135e-01 9.688937877347357785e-01 0.000000000000000000e+00 -9.688937877347357785e-01 -2.474769243566705135e-01 -0.000000000000000000e+00 0.000000000000000000e+00 -0.000000000000000000e+00 1.000000000000000000e+00
8.151992787595234713e-01 -2.169211200947988027e-01 9.761891351868334787e-01 0.000000000000000000e+00 -9.761891351868334787e-01 -2.169211200947988027e-01 -0.000000000000000000e+00 0.000000000000000000e+00 -0.000000000000000000e+00 1.000000000000000000e+00
8.201992787595229206e-01 -1.861512408765968740e-01 9.825211018192450130e-01 0.000000000000000000e+00 -9.825211018192450130e-01 -1.861512408765968740e-01 -0.000000000000000000e+00 0.000000000000000000e+00 -0.000000000000000000e+00 1.000000000000000000e+00
8.251992787595223700e-01 -1.551976528579623038e-01 9.878834387453712118e-01 0.000000000000000000e+00 -9.878834387453712118e-01 -1.551976528579623038e-01 -0.000000000000000000e+00 0.000000000000000000e+00 -0.000000000000000000e+00 1.000000000000000000e+00
8.301992787595218193e-01 -1.240909034931958060e-01 9.922708539860687349e-01 0.000000000000000000e+00 -9.922708539860687349e-01 -1.240909034931958060e-01 -0.000000000000000000e+00 0.000000000000000000e+00 -0.000000000000000000e+00 1.000000000000000000e+00
8.351992787595212686e-01 -9.286169138835877190e-02 9.956790176921943569e-01 0.000000000000000000e+00 -9.956790176921943569e-01 -9.286169138835877190e-02 -0.000000000000000000e+00 0.000000000000000000e+00 -0.000000000000000000e+00 1.000000000000000000e+00
8.401592787595214551e-01 -6.179168509704670298e-02 9.980890679958716039e-01 0.000000000000000000e+00 -9.980890679958716039e-01 -6.179168509704670298e-02 -0.000000000000000000e+00 0.000000000000000000e+00 -0.000000000000000000e+00 1.000000000000000000e+00
8.450468201571209592e-01 -3.111672315983272583e-02 9.995157575245098291e-01 0.000000000000000000e+00 -9.995157575245098291e-01 -3.111672315983272583e-02 -0.000000000000000000e+00 0.000000000000000000e+00 -0.000000000000000000e+00 1.000000000000000000e+00
8.500114783859143985e-01 7.212082566384041965e-05 9.999999973992932389e-01 0.000000000000000000e+00 -9.999999973992932389e-01 7.212082566384041965e-05 -0.000000000000000000e+00 -0.000000000000000000e+00 0.000000000000000000e+00 1.000000000000000000e+00
8.550544200830489938e-01 3.175251997893191458e-02 9.994957616093166353e-01 0.000000000000000000e+00 -9.994957616093166353e-01 3.175251997893191458e-02 -0.000000000000000000e+00 -0.000000000000000000e+00 0.000000000000000000e+00 1.000000000000000000e+00
8.601270686723722081e-01 6.358731999527658663e-02 9.979762786438454158e-01 0.000000000000000000e+00 -9.979762786438454158e-01 6.358731999527658663e-02 -0.000000000000000000e+00 -0.000000000000000000e+00 0.000000000000000000e+00 1.000000000000000000e+00
8.650680985779697352e-01 9.453428174671604789e-02 9.955216067844194772e-01 0.000000000000000000e+00 -9.955216067844194772e-01 9.453428174671604789e-02 -0.000000000000000000e+00 -0.000000000000000000e+00 0.000000000000000000e+00 1.000000000000000000e+00
8.700680985779691845e-01 1.257577241330788687e-01 9.920609834182918529e-01 0.000000000000000000e+00 -9.920609834182918529e-01 1.257577241330788687e-01 -0.000000000000000000e+00 -0.000000000000000000e+00 0.000000000000000000e+00 1.000000000000000000e+00
8.750680985779686338e-01 1.568570588286355427e-01 9.876213156345046151e-01 0.000000000000000000e+00 -9.876213156345046151e-01 1.568570588286355427e-01 -0.000000000000000000e+00 -0.000000000000000000e+00 0.000000000000000000e+00 1.000000000000000000e+00
8.801336985779685262e-01 1.882064216657838851e-01 9.821294939282504410e-01 0.000000000000000000e+00 -9.821294939282504410e-01 1.882064216657838851e-01 -0.000000000000000000e+00 -0.000000000000000000e+00 0.000000000000000000e+00 1.000000000000000000e+00
8.850082585779682764e-01 2.181938815951258714e-01 9.759054411337464430e-01 0.000000000000000000e+00 -9.759054411337464430e-01 2.181938815951258714e-01 -0.000000000000000000e+00 -0.000000000000000000e+00 0.000000000000000000e+00 1.000000000000000000e+00
8.901218585779687720e-01 2.494314196059656819e-01 9.683924653328076504e-01 0.000000000000000000e+00 -9.683924653328076504e-01 2.494314196059656819e-01 -0.000000000000000000e+00 -0.000000000000000000e+00 0.000000000000000000e+00 1.000000000000000000e+00
8.951317785779685510e-01 2.797861231394259685e-01 9.600623549012898827e-01 0.000000000000000000e+00 -9.600623549012898827e-01 2.797861231394259685e-01 -0.000000000000000000e+00 -0.000000000000000000e+00 0.000000000000000000e+00 1.000000000000000000e+00
9.001317785779680003e-01 3.098043529069328672e-01 9.508003275766772067e-01 0.000000000000000000e+00 -9.508003275766772067e-01 3.098043529069328672e-01 -0.000000000000000000e+00 -0.000000000000000000e+00 0.000000000000000000e+00 1.000000000000000000e+00
9.051429785779684378e-01 3.395830339366995299e-01 9.405760804221774407e-01 0.000000000000000000e+00 -9.405760804221774407e-01 3.395830339366995299e-01 -0.000000000000000000e+00 -0.000000000000000000e+00 0.000000000000000000e+00 1.000000000000000000e+00
9.101380505779688157e-01 3.689308997712842375e-01 9.294568258902349278e-01 0.000000000000000000e+00 -9.294568258902349278e-01 3.689308997712842375e-01 -0.000000000000000000e+00 -0.000000000000000000e+00 0.000000000000000000e+00 1.000000000000000000e+00
9.150040985779684943e-01 3.971715246348108130e-01 9.177443979775956606e-01 0.000000000000000000e+00 -9.177443979775956606e-01 3.971715246348108130e-01 -0.000000000000000000e+00 -0.000000000000000000e+00 0.000000000000000000e+00 1.000000000000000000e+00
9.201210265779686814e-01 4.264672282157344618e-01 9.045030145101720098e-01 0.000000000000000000e+00 -9.045030145101720098e-01 4.264672282157344618e-01 -0.000000000000000000e+00 -0.000000000000000000e+00 0.000000000000000000e+00 1.000000000000000000e+00
9.251210265779681308e-01 4.546679186568334807e-01 8.906610375132970603e-01 0.000000000000000000e+00 -8.906610375132970603e-01 4.546679186568334807e-01 -0.000000000000000000e+00 -0.000000000000000000e+00 0.000000000000000000e+00 1.000000000000000000e+00
9.301210265779675801e-01 4.824199067549405084e-01 8.759400856032073523e-01 0.000000000000000000e+00 -8.759400856032073523e-01 4.824199067549405084e-01 -0.000000000000000000e+00 -0.000000000000000000e+00 0.000000000000000000e+00 1.000000000000000000e+00
9.351210265779670294e-01 5.096958046483417437e-01 8.603546865821556366e-01 0.000000000000000000e+00 -8.603546865821556366e-01 5.096958046483417437e-01 -0.000000000000000000e+00 -0.000000000000000000e+00 0.000000000000000000e+00 1.000000000000000000e+00
9.401210265779664788e-01 5.364686943188754498e-01 8.439202213573276934e-01 0.000000000000000000e+00 -8.439202213573276934e-01 5.364686943188754498e-01 -0.000000000000000000e+00 -0.000000000000000000e+00 0.000000000000000000e+00 1.000000000000000000e+00
9.451210265779659281e-01 5.627121541567675633e-01 8.266529087617426885e-01 0.000000000000000000e+00 -8.266529087617426885e-01 5.627121541567675633e-01 -0.000000000000000000e+00 -0.000000000000000000e+00 0.000000000000000000e+00 1.000000000000000000e+00
9.501210265779653774e-01 5.884002850355681824e-01 8.085697895482257813e-01 0.000000000000000000e+00 -8.085697895482257813e-01 5.884002850355681824e-01 -0.000000000000000000e+00 -0.000000000000000000e+00 0.000000000000000000e+00 1.000000000000000000e+00
9.551210265779648267e-01 6.135077358714660090e-01 7.896887095722386896e-01 0.000000000000000000e+00 -7.896887095722386896e-01 6.135077358714660090e-01 -0.000000000000000000e+00 -0.000000000000000000e+00 0.000000000000000000e+00 1.000000000000000000e+00
9.601210265779642761e-01 6.380097286417462099e-01 7.700283021801767047e-01 0.000000000000000000e+00 -7.700283021801767047e-01 6.380097286417462099e-01 -0.000000000000000000e+00 -0.000000000000000000e+00 0.000000000000000000e+00 1.000000000000000000e+00
9.651210265779637254e-01 6.618820828377044441e-01 7.496079698205070363e-01 0.000000000000000000e+00 -7.496079698205070363e-01 6.618820828377044441e-01 -0.000000000000000000e+00 -0.000000000000000000e+00 0.000000000000000000e+00 1.000000000000000000e+00
9.701210265779631747e-01 6.851012393278942403e-01 7.284478648958917502e-01 0.000000000000000000e+00 -7.284478648958917502e-01 6.851012393278942403e-01 -0.000000000000000000e+00 -0.000000000000000000e+00 0.000000000000000000e+00 1.000000000000000000e+00
9.751210265779626241e-01 7.076442836081433541e-01 7.065688698752002894e-01 0.000000000000000000e+00 -7.065688698752002894e-01 7.076442836081433541e-01 -0.000000000000000000e+00 -0.000000000000000000e+00 0.000000000000000000e+00 1.000000000000000000e+00
9.801210265779620734e-01 7.294889684154003406e-01 6.839925766850362132e-01 0.000000000000000000e+00 -6.839925766850362132e-01 7.294889684154003406e-01 -0.000000000000000000e+00 -0.000000000000000000e+00 0.000000000000000000e+00 1.000000000000000000e+00
9.851210265779615227e-01 7.506137356831019680e-01 6.607412654011086683e-01 0.000000000000000000e+00 -6.607412654011086683e-01 7.506137356831019680e-01 -0.000000000000000000e+00 -0.000000000000000000e+00 0.000000000000000000e+00 1.000000000000000000e+00
9.901210265779609720e-01 7.709977378163791473e-01 6.368378822604902068e-01 0.000000000000000000e+00 -6.368378822604902068e-01 7.709977378163791473e-01 -0.000000000000000000e+00 -0.000000000000000000e+00 0.000000000000000000e+00 1.000000000000000000e+00
9.951210265779604214e-01 7.906208582661171658e-01 6.123060170164492666e-01 0.000000000000000000e+00 -6.123060170164492666e-01 7.906208582661171658e-01 -0.000000000000000000e+00 -0.000000000000000000e+00 0.000000000000000000e+00 1.000000000000000000e+00
1.000000000000000000e+00 8.090169943749474513e-01 5.877852522924732481e-01 0.000000000000000000e+00 -5.877852522924732481e-01 8.090169943749474513e-01 -0.000000000000000000e+00 -0.000000000000000000e+00 0.000000000000000000e+00 1.000000000000000000e+00
