time R11 R12 R13 R21 R22 R23 R31 R32 R33
0.000000000000000000e+00 1.000000000000000000e+00 -0.000000000000000000e+00 0.000000000000000000e+00 0.000000000000000000e+00 1.000000000000000000e+00 -0.000000000000000000e+00 0.000000000000000000e+00 0.000000000000000000e+00 1.000000000000000000e+00
5.054987628527174252e-03 9.999999908301632212e-01 1.354240495245713299e-04 0.000000000000000000e+00 -1.354240495245713299e-04 9.999999908301632212e-01 -0.000000000000000000e+00 -0.000000000000000000e+00 0.000000000000000000e+00 1.000000000000000000e+00
1.010019985435288946e-02 9.999999914194395156e-01 1.310004604794095802e-04 0.000000000000000000e+00 -1.310004604794095802e-04 9.999999914194395156e-01 -0.000000000000000000e+00 -0.000000000000000000e+00 0.000000000000000000e+00 1.000000000000000000e+00
1.519406175713868337e-02 9.999999936669038414e-01 1.125441780664042715e-04 0.000000000000000000e+00 -1.125441780664042715e-04 9.999999936669038414e-01 -0.000000000000000000e+00 -0.000000000000000000e+00 0.000000000000000000e+00 1.000000000000000000e+00
2.019406175713865659e-02 9.999999961635113177e-01 8.759553024086342784e-05 0.000000000000000000e+00 -8.759553024086342784e-05 9.999999961635113177e-01 -0.000000000000000000e+00 -0.000000000000000000e+00 0.000000000000000000e+00 1.000000000000000000e+00
2.519406175713862633e-02 9.999999984311768175e-01 5.601469527857848123e-05 0.000000000000000000e+00 -5.601469527857848123e-05 9.999999984311768175e-01 -0.000000000000000000e+00 -0.000000000000000000e+00 0.000000000000000000e+00 1.000000000000000000e+00
3.019406175713859608e-02 9.999999998465431972e-01 1.751894089010963654e-05 0.000000000000000000e+00 -1.751894089010963654e-05 9.999999998465431972e-01 -0.000000000000000000e+00 -0.000000000000000000e+00 0.000000000000000000e+00 1.000000000000000000e+00
3.519406175713856583e-02 9.999999996076236464e-01 -2.801343313872728185e-05 0.000000000000000000e+00 2.801343313872728185e-05 9.999999996076236464e-01 -0.000000000000000000e+00 0.000000000000000000e+00 0.000000000000000000e+00 1.000000000000000000e+00
4.019406175713853557e-02 9.999999967513965027e-01 -8.060525194822323501e-05 0.000000000000000000e+00 8.060525194822323501e-05 9.999999967513965027e-01 -0.000000000000000000e+00 0.000000000000000000e+00 0.000000000000000000e+00 1.000000000000000000e+00
4.519406175713850532e-02 9.999999902029725884e-01 -1.399787640649278032e-04 0.000000000000000000e+00 1.399787640649278032e-04 9.999999902029725884e-01 -0.000000000000000000e+00 0.000000000000000000e+00 0.000000000000000000e+00 1.000000000000000000e+00
5.019406175713847507e-02 9.999999787243200045e-01 -2.062798079413547371e-04 0.000000000000000000e+00 2.062798079413547371e-04 9.999999787243200045e-01 -0.000000000000000000e+00 0.000000000000000000e+00 0.000000000000000000e+00 1.000000000000000000e+00
5.519406175713844481e-02 9.999999610678963480e-01 -2.790415839836510423e-04 0.000000000000000000e+00 2.790415839836510423e-04 9.999999610678963480e-01 -0.000000000000000000e+00 0.000000000000000000e+00 0.000000000000000000e+00 1.000000000000000000e+00
6.019406175713841456e-02 9.999999357137104861e-01 -3.585701808868998640e-04 0.000000000000000000e+00 3.585701808868998640e-04 9.999999357137104861e-01 -0.000000000000000000e+00 0.000000000000000000e+00 0.000000000000000000e+00 1.000000000000000000e+00
6.519406175713847451e-02 9.999999009491592483e-01 -4.450861391307098019e-04 0.000000000000000000e+00 4.450861391307098019e-04 9.999999009491592483e-01 -0.000000000000000000e+00 0.000000000000000000e+00 0.000000000000000000e+00 1.000000000000000000e+00
7.019406175713861773e-02 9.999998548762856210e-01 -5.387461438546326279e-04 0.000000000000000000e+00 5.387461438546326279e-04 9.999998548762856210e-01 -0.000000000000000000e+00 0.000000000000000000e+00 0.000000000000000000e+00 1.000000000000000000e+00
7.519406175713876095e-02 9.999997954267421107e-01 -6.396455843892704740e-04 0.000000000000000000e+00 6.396455843892704740e-04 9.999997954267421107e-01 -0.000000000000000000e+00 0.000000000000000000e+00 0.000000000000000000e+00 1.000000000000000000e+00
8.019406175713890417e-02 9.999997207308457536e-01 -7.473541531926604755e-04 0.000000000000000000e+00 7.473541531926604755e-04 9.999997207308457536e-01 -0.000000000000000000e+00 0.000000000000000000e+00 0.000000000000000000e+00 1.000000000000000000e+00
8.519406175713904739e-02 9.999996279231576635e-01 -8.626433481016095636e-04 0.000000000000000000e+00 8.626433481016095636e-04 9.999996279231576635e-01 -0.000000000000000000e+00 0.000000000000000000e+00 0.000000000000000000e+00 1.000000000000000000e+00
9.019406175713919060e-02 9.999995161970028912e-01 -9.836695380635084116e-04 0.000000000000000000e+00 9.836695380635084116e-04 9.999995161970028912e-01 -0.000000000000000000e+00 0.000000000000000000e+00 0.000000000000000000e+00 1.000000000000000000e+00
9.519406175713933382e-02 9.999993829039939275e-01 -1.110941776579120075e-03 0.000000000000000000e+00 1.110941776579120075e-03 9.999993829039939275e-01 -0.000000000000000000e+00 0.000000000000000000e+00 0.000000000000000000e+00 1.000000000000000000e+00
1.001940617571394770e-01 9.999992245362520071e-01 -1.245362153883511260e-03 0.000000000000000000e+00 1.245362153883511260e-03 9.999992245362520071e-01 -0.000000000000000000e+00 0.000000000000000000e+00 0.000000000000000000e+00 1.000000000000000000e+00
1.051940617571396203e-01 9.999990381609885626e-01 -1.386966869671020421e-03 0.000000000000000000e+00 1.386966869671020421e-03 9.999990381609885626e-01 -0.000000000000000000e+00 0.000000000000000000e+00 0.000000000000000000e+00 1.000000000000000000e+00
1.101940617571397635e-01 9.999988206655551215e-01 -1.535795396172492553e-03 0.000000000000000000e+00 1.535795396172492553e-03 9.999988206655551215e-01 -0.000000000000000000e+00 0.000000000000000000e+00 0.000000000000000000e+00 1.000000000000000000e+00
1.151940617571399067e-01 9.999985670315835184e-01 -1.692907197528745753e-03 0.000000000000000000e+00 1.692907197528745753e-03 9.999985670315835184e-01 -0.000000000000000000e+00 0.000000000000000000e+00 0.000000000000000000e+00 1.000000000000000000e+00
1.201940617571400499e-01 9.999982733055592377e-01 -1.858328792268118968e-03 0.000000000000000000e+00 1.858328792268118968e-03 9.999982733055592377e-01 -0.000000000000000000e+00 0.000000000000000000e+00 0.000000000000000000e+00 1.000000000000000000e+00
1.251940617571401793e-01 9.999979366306933626e-01 -2.031436525091363365e-03 0.000000000000000000e+00 2.031436525091363365e-03 9.999979366306933626e-01 -0.000000000000000000e+00 0.000000000000000000e+00 0.000000000000000000e+00 1.000000000000000000e+00
1.300492297571401445e-01 9.999975569178570778e-01 -2.210465633589984730e-03 0.000000000000000000e+00 2.210465633589984730e-03 9.999975569178570778e-01 -0.000000000000000000e+00 0.000000000000000000e+00 0.000000000000000000e+00 1.000000000000000000e+00
1.350508937571401336e-01 9.999970373224280618e-01 -2.434203435686306278e-03 0.000000000000000000e+00 2.434203435686306278e-03 9.999970373224280618e-01 -0.000000000000000000e+00 0.000000000000000000e+00 0.000000000000000000e+00 1.000000000000000000e+00
1.400508937571402768e-01 9.999963590980480710e-01 -2.698479321323074206e-03 0.000000000000000000e+00 2.698479321323074206e-03 9.999963590980480710e-01 -0.000000000000000000e+00 0.000000000000000000e+00 0.000000000000000000e+00 1.000000000000000000e+00
1.450508937571404200e-01 9.999958387044218799e-01 -2.884887145102422740e-03 0.000000000000000000e+00 2.884887145102422740e-03 9.999958387044218799e-01 -0.000000000000000000e+00 0.000000000000000000e+00 0.000000000000000000e+00 1.000000000000000000e+00
1.501580937571402874e-01 9.999948727289745820e-01 -3.202267284549146793e-03 0.000000000000000000e+00 3.202267284549146793e-03 9.999948727289745820e-01 -0.000000000000000000e+00 0.000000000000000000e+00 0.000000000000000000e+00 1.000000000000000000e+00
1.550868617571402042e-01 9.999942731059668910e-01 -3.384339709461928105e-03 0.000000000000000000e+00 3.384339709461928105e-03 9.999942731059668910e-01 -0.000000000000000000e+00 0.000000000000000000e+00 0.000000000000000000e+00 1.000000000000000000e+00
1.600068617571403229e-01 9.999935775853771025e-01 -3.583962611188364240e-03 0.000000000000000000e+00 3.583962611188364240e-03 9.999935775853771025e-01 -0.000000000000000000e+00 0.000000000000000000e+00 0.000000000000000000e+00 1.000000000000000000e+00
1.651588617571402295e-01 9.999927557002363798e-01 -3.806382409506768854e-03 0.000000000000000000e+00 3.806382409506768854e-03 9.999927557002363798e-01 -0.000000000000000000e+00 0.000000000000000000e+00 0.000000000000000000e+00 1.000000000000000000e+00
1.700308617571402170e-01 9.999919712647645786e-01 -4.007169326392876797e-03 0.000000000000000000e+00 4.007169326392876797e-03 9.999919712647645786e-01 -0.000000000000000000e+00 0.000000000000000000e+00 0.000000000000000000e+00 1.000000000000000000e+00
1.750308617571403602e-01 9.999911018919021011e-01 -4.218546790005721532e-03 0.000000000000000000e+00 4.218546790005721532e-03 9.999911018919021011e-01 -0.000000000000000000e+00 0.000000000000000000e+00 0.000000000000000000e+00 1.000000000000000000e+00
1.800308617571405034e-01 9.999901181733106270e-01 -4.445622085610370991e-03 0.000000000000000000e+00 4.445622085610370991e-03 9.999901181733106270e-01 -0.000000000000000000e+00 0.000000000000000000e+00 0.000000000000000000e+00 1.000000000000000000e+00
1.850308617571406467e-01 9.999890140361836766e-01 -4.687409406177464946e-03 0.000000000000000000e+00 4.687409406177464946e-03 9.999890140361836766e-01 -0.000000000000000000e+00 0.000000000000000000e+00 0.000000000000000000e+00 1.000000000000000000e+00
1.901508617571407711e-01 9.999877232622648160e-01 -4.955131153887188354e-03 0.000000000000000000e+00 4.955131153887188354e-03 9.999877232622648160e-01 -0.000000000000000000e+00 0.000000000000000000e+00 0.000000000000000000e+00 1.000000000000000000e+00
1.950308617571407110e-01 9.999863771713796146e-01 -5.219719500057939769e-03 0.000000000000000000e+00 5.219719500057939769e-03 9.999863771713796146e-01 -0.000000000000000000e+00 0.000000000000000000e+00 0.000000000000000000e+00 1.000000000000000000e+00
2.000708617571407555e-01 9.999848221698397488e-01 -5.509576204575847118e-03 0.000000000000000000e+00 5.509576204575847118e-03 9.999848221698397488e-01 -0.000000000000000000e+00 0.000000000000000000e+00 0.000000000000000000e+00 1.000000000000000000e+00
2.051428617571406932e-01 9.999833248460973101e-01 -5.774948462499274356e-03 0.000000000000000000e+00 5.774948462499274356e-03 9.999833248460973101e-01 -0.000000000000000000e+00 0.000000000000000000e+00 0.000000000000000000e+00 1.000000000000000000e+00
2.101428617571408364e-01 9.999817798080264941e-01 -6.036559613856152043e-03 0.000000000000000000e+00 6.036559613856152043e-03 9.999817798080264941e-01 -0.000000000000000000e+00 0.000000000000000000e+00 0.000000000000000000e+00 1.000000000000000000e+00
2.151428617571409796e-01 9.999801627481069710e-01 -6.298738784031972064e-03 0.000000000000000000e+00 6.298738784031972064e-03 9.999801627481069710e-01 -0.000000000000000000e+00 0.000000000000000000e+00 0.000000000000000000e+00 1.000000000000000000e+00
2.201428617571411228e-01 9.999784958191368922e-01 -6.558040812342172052e-03 0.000000000000000000e+00 6.558040812342172052e-03 9.999784958191368922e-01 -0.000000000000000000e+00 0.000000000000000000e+00 0.000000000000000000e+00 1.000000000000000000e+00
2.251428617571412660e-01 9.999767580219239838e-01 -6.817874739422281026e-03 0.000000000000000000e+00 6.817874739422281026e-03 9.999767580219239838e-01 -0.000000000000000000e+00 0.000000000000000000e+00 0.000000000000000000e+00 1.000000000000000000e+00
2.301428617571414093e-01 9.999749423932211556e-01 -7.079165605785649185e-03 0.000000000000000000e+00 7.079165605785649185e-03 9.999749423932211556e-01 -0.000000000000000000e+00 0.000000000000000000e+00 0.000000000000000000e+00 1.000000000000000000e+00
2.351428617571415525e-01 9.999730604346471763e-01 -7.340191071462029253e-03 0.000000000000000000e+00 7.340191071462029253e-03 9.999730604346471763e-01 -0.000000000000000000e+00 0.000000000000000000e+00 0.000000000000000000e+00 1.000000000000000000e+00
2.401428617571416957e-01 9.999710410338712441e-01 -7.610328089899872674e-03 0.000000000000000000e+00 7.610328089899872674e-03 9.999710410338712441e-01 -0.000000000000000000e+00 0.000000000000000000e+00 0.000000000000000000e+00 1.000000000000000000e+00
2.451428617571417834e-01 9.999691188610299042e-01 -7.858837337381095745e-03 0.000000000000000000e+00 7.858837337381095745e-03 9.999691188610299042e-01 -0.000000000000000000e+00 0.000000000000000000e+00 0.000000000000000000e+00 1.000000000000000000e+00
2.500187760995314923e-01 9.999670108331759621e-01 -8.122637832807221014e-03 0.000000000000000000e+00 8.122637832807221014e-03 9.999670108331759621e-01 -0.000000000000000000e+00 0.000000000000000000e+00 0.000000000000000000e+00 1.000000000000000000e+00
2.550592744956891589e-01 9.999647575977906877e-01 -8.395448909486201428e-03 0.000000000000000000e+00 8.395448909486201428e-03 9.999647575977906877e-01 -0.000000000000000000e+00 0.000000000000000000e+00 0.000000000000000000e+00 1.000000000000000000e+00
2.600426471886381208e-01 9.999622505317481425e-01 -8.688930399149960571e-03 0.000000000000000000e+00 8.688930399149960571e-03 9.999622505317481425e-01 -0.000000000000000000e+00 0.000000000000000000e+00 0.000000000000000000e+00 1.000000000000000000e+00
2.650426471886375701e-01 9.999594464352149492e-01 -9.005858369885820155e-03 0.000000000000000000e+00 9.005858369885820155e-03 9.999594464352149492e-01 -0.000000000000000000e+00 0.000000000000000000e+00 0.000000000000000000e+00 1.000000000000000000e+00
2.700321439182372107e-01 9.999571272502359998e-01 -9.259787333163661815e-03 0.000000000000000000e+00 9.259787333163661815e-03 9.999571272502359998e-01 -0.000000000000000000e+00 0.000000000000000000e+00 0.000000000000000000e+00 1.000000000000000000e+00
2.750467848678864180e-01 9.999544145168418607e-01 -9.548240061919703245e-03 0.000000000000000000e+00 9.548240061919703245e-03 9.999544145168418607e-01 -0.000000000000000000e+00 0.000000000000000000e+00 0.000000000000000000e+00 1.000000000000000000e+00
2.801647649934724815e-01 9.999516454236947460e-01 -9.833962296329558025e-03 0.000000000000000000e+00 9.833962296329558025e-03 9.999516454236947460e-01 -0.000000000000000000e+00 0.000000000000000000e+00 0.000000000000000000e+00 1.000000000000000000e+00
2.851548612278263506e-01 9.999487203547862135e-01 -1.012702625777702620e-02 0.000000000000000000e+00 1.012702625777702620e-02 9.999487203547862135e-01 -0.000000000000000000e+00 0.000000000000000000e+00 0.000000000000000000e+00 1.000000000000000000e+00
2.901548612278257999e-01 9.999460483115337750e-01 -1.038751491685449210e-02 0.000000000000000000e+00 1.038751491685449210e-02 9.999460483115337750e-01 -0.000000000000000000e+00 0.000000000000000000e+00 0.000000000000000000e+00 1.000000000000000000e+00
2.951548612278252492e-01 9.999432478033214444e-01 -1.065369290647310598e-02 0.000000000000000000e+00 1.065369290647310598e-02 9.999432478033214444e-01 -0.000000000000000000e+00 0.000000000000000000e+00 0.000000000000000000e+00 1.000000000000000000e+00
3.001548612278246986e-01 9.999404245528034085e-01 -1.091546357967965349e-02 0.000000000000000000e+00 1.091546357967965349e-02 9.999404245528034085e-01 -0.000000000000000000e+00 0.000000000000000000e+00 0.000000000000000000e+00 1.000000000000000000e+00
3.051548612278241479e-01 9.999375896334434799e-01 -1.117214563363232854e-02 0.000000000000000000e+00 1.117214563363232854e-02 9.999375896334434799e-01 -0.000000000000000000e+00 0.000000000000000000e+00 0.000000000000000000e+00 1.000000000000000000e+00
3.101548612278235972e-01 9.999346890229442453e-01 -1.142880958752497643e-02 0.000000000000000000e+00 1.142880958752497643e-02 9.999346890229442453e-01 -0.000000000000000000e+00 0.000000000000000000e+00 0.000000000000000000e+00 1.000000000000000000e+00
3.151548612278230466e-01 9.999315509033066540e-01 -1.170014991818872467e-02 0.000000000000000000e+00 1.170014991818872467e-02 9.999315509033066540e-01 -0.000000000000000000e+00 0.000000000000000000e+00 0.000000000000000000e+00 1.000000000000000000e+00
3.200108612278227960e-01 9.999285242890093572e-01 -1.195601577466854325e-02 0.000000000000000000e+00 1.195601577466854325e-02 9.999285242890093572e-01 -0.000000000000000000e+00 0.000000000000000000e+00 0.000000000000000000e+00 1.000000000000000000e+00
3.251116612278227014e-01 9.999252716067654756e-01 -1.222502360473743006e-02 0.000000000000000000e+00 1.222502360473743006e-02 9.999252716067654756e-01 -0.000000000000000000e+00 0.000000000000000000e+00 0.000000000000000000e+00 1.000000000000000000e+00
3.301116612278221507e-01 9.999220153239299913e-01 -1.248852555471037344e-02 0.000000000000000000e+00 1.248852555471037344e-02 9.999220153239299913e-01 -0.000000000000000000e+00 0.000000000000000000e+00 0.000000000000000000e+00 1.000000000000000000e+00
3.351116612278216000e-01 9.999186902179683090e-01 -1.275197838701775353e-02 0.000000000000000000e+00 1.275197838701775353e-02 9.999186902179683090e-01 -0.000000000000000000e+00 0.000000000000000000e+00 0.000000000000000000e+00 1.000000000000000000e+00
3.401116612278210494e-01 9.999152760105508575e-01 -1.301694283401506197e-02 0.000000000000000000e+00 1.301694283401506197e-02 9.999152760105508575e-01 -0.000000000000000000e+00 0.000000000000000000e+00 0.000000000000000000e+00 1.000000000000000000e+00
3.451116612278204987e-01 9.999117762806485343e-01 -1.328305895788642679e-02 0.000000000000000000e+00 1.328305895788642679e-02 9.999117762806485343e-01 -0.000000000000000000e+00 0.000000000000000000e+00 0.000000000000000000e+00 1.000000000000000000e+00
3.501116612278199480e-01 9.999081781394896229e-01 -1.355120990047571118e-02 0.000000000000000000e+00 1.355120990047571118e-02 9.999081781394896229e-01 -0.000000000000000000e+00 0.000000000000000000e+00 0.000000000000000000e+00 1.000000000000000000e+00
3.551116612278193974e-01 9.999045272148814334e-01 -1.381797579910471960e-02 0.000000000000000000e+00 1.381797579910471960e-02 9.999045272148814334e-01 -0.000000000000000000e+00 0.000000000000000000e+00 0.000000000000000000e+00 1.000000000000000000e+00
3.601116612278188467e-01 9.999008352467801952e-01 -1.408260177635812724e-02 0.000000000000000000e+00 1.408260177635812724e-02 9.999008352467801952e-01 -0.000000000000000000e+00 0.000000000000000000e+00 0.000000000000000000e+00 1.000000000000000000e+00
3.651116612278182960e-01 9.998971090717742038e-01 -1.434472969103026650e-02 0.000000000000000000e+00 1.434472969103026650e-02 9.998971090717742038e-01 -0.000000000000000000e+00 0.000000000000000000e+00 0.000000000000000000e+00 1.000000000000000000e+00
3.701116612278177453e-01 9.998933076149876253e-01 -1.460730593778886491e-02 0.000000000000000000e+00 1.460730593778886491e-02 9.998933076149876253e-01 -0.000000000000000000e+00 0.000000000000000000e+00 0.000000000000000000e+00 1.000000000000000000e+00
3.751116612278171947e-01 9.998892979757340038e-01 -1.487924035675314283e-02 0.000000000000000000e+00 1.487924035675314283e-02 9.998892979757340038e-01 -0.000000000000000000e+00 0.000000000000000000e+00 0.000000000000000000e+00 1.000000000000000000e+00
3.800716612278168260e-01 9.998845959410532780e-01 -1.519193206267107320e-02 0.000000000000000000e+00 1.519193206267107320e-02 9.998845959410532780e-01 -0.000000000000000000e+00 0.000000000000000000e+00 0.000000000000000000e+00 1.000000000000000000e+00
3.850956612278169100e-01 9.998793524501552454e-01 -1.553320777748796837e-02 0.000000000000000000e+00 1.553320777748796837e-02 9.998793524501552454e-01 -0.000000000000000000e+00 0.000000000000000000e+00 0.000000000000000000e+00 1.000000000000000000e+00
3.901542212278168442e-01 9.998750949538205424e-01 -1.580488820235203401e-02 0.000000000000000000e+00 1.580488820235203401e-02 9.998750949538205424e-01 -0.000000000000000000e+00 0.000000000000000000e+00 0.000000000000000000e+00 1.000000000000000000e+00
3.951228612278163688e-01 9.998709046470578565e-01 -1.606779512796610923e-02 0.000000000000000000e+00 1.606779512796610923e-02 9.998709046470578565e-01 -0.000000000000000000e+00 0.000000000000000000e+00 0.000000000000000000e+00 1.000000000000000000e+00
4.001228612278158181e-01 9.998667556842653070e-01 -1.632393572096108719e-02 0.000000000000000000e+00 1.632393572096108719e-02 9.998667556842653070e-01 -0.000000000000000000e+00 0.000000000000000000e+00 0.000000000000000000e+00 1.000000000000000000e+00
4.051228612278152674e-01 9.998625768473253794e-01 -1.657791965919310634e-02 0.000000000000000000e+00 1.657791965919310634e-02 9.998625768473253794e-01 -0.000000000000000000e+00 0.000000000000000000e+00 0.000000000000000000e+00 1.000000000000000000e+00
4.101228612278147168e-01 9.998583497544260013e-01 -1.683093658582255833e-02 0.000000000000000000e+00 1.683093658582255833e-02 9.998583497544260013e-01 -0.000000000000000000e+00 0.000000000000000000e+00 0.000000000000000000e+00 1.000000000000000000e+00
4.151228612278141661e-01 9.998540954790653412e-01 -1.708179597525761456e-02 0.000000000000000000e+00 1.708179597525761456e-02 9.998540954790653412e-01 -0.000000000000000000e+00 0.000000000000000000e+00 0.000000000000000000e+00 1.000000000000000000e+00
4.201228612278136154e-01 9.998491482371083539e-01 -1.736895994379793889e-02 0.000000000000000000e+00 1.736895994379793889e-02 9.998491482371083539e-01 -0.000000000000000000e+00 0.000000000000000000e+00 0.000000000000000000e+00 1.000000000000000000e+00
4.251228612278130647e-01 9.998445746474725615e-01 -1.763027362280628757e-02 0.000000000000000000e+00 1.763027362280628757e-02 9.998445746474725615e-01 -0.000000000000000000e+00 0.000000000000000000e+00 0.000000000000000000e+00 1.000000000000000000e+00
4.301228612278125141e-01 9.998398186289380041e-01 -1.789796312580343302e-02 0.000000000000000000e+00 1.789796312580343302e-02 9.998398186289380041e-01 -0.000000000000000000e+00 0.000000000000000000e+00 0.000000000000000000e+00 1.000000000000000000e+00
4.350028612278125650e-01 9.998351069666709945e-01 -1.815926421818341366e-02 0.000000000000000000e+00 1.815926421818341366e-02 9.998351069666709945e-01 -0.000000000000000000e+00 0.000000000000000000e+00 0.000000000000000000e+00 1.000000000000000000e+00
4.400028612278120144e-01 9.998302481417203902e-01 -1.842484466328153658e-02 0.000000000000000000e+00 1.842484466328153658e-02 9.998302481417203902e-01 -0.000000000000000000e+00 0.000000000000000000e+00 0.000000000000000000e+00 1.000000000000000000e+00
4.450028612278114637e-01 9.998253643209674690e-01 -1.868798706241591584e-02 0.000000000000000000e+00 1.868798706241591584e-02 9.998253643209674690e-01 -0.000000000000000000e+00 0.000000000000000000e+00 0.000000000000000000e+00 1.000000000000000000e+00
4.500028612278109130e-01 9.998204111707957864e-01 -1.895113205750366750e-02 0.000000000000000000e+00 1.895113205750366750e-02 9.998204111707957864e-01 -0.000000000000000000e+00 0.000000000000000000e+00 0.000000000000000000e+00 1.000000000000000000e+00
4.550028612278103624e-01 9.998153996898441198e-01 -1.921370716539912496e-02 0.000000000000000000e+00 1.921370716539912496e-02 9.998153996898441198e-01 -0.000000000000000000e+00 0.000000000000000000e+00 0.000000000000000000e+00 1.000000000000000000e+00
4.600028612278098117e-01 9.998103078484921191e-01 -1.947686627524322645e-02 0.000000000000000000e+00 1.947686627524322645e-02 9.998103078484921191e-01 -0.000000000000000000e+00 0.000000000000000000e+00 0.000000000000000000e+00 1.000000000000000000e+00
4.650028612278092610e-01 9.998051279776968281e-01 -1.974097438074783745e-02 0.000000000000000000e+00 1.974097438074783745e-02 9.998051279776968281e-01 -0.000000000000000000e+00 0.000000000000000000e+00 0.000000000000000000e+00 1.000000000000000000e+00
4.700028612278087103e-01 9.997998695019202353e-01 -2.000552283604797518e-02 0.000000000000000000e+00 2.000552283604797518e-02 9.997998695019202353e-01 -0.000000000000000000e+00 0.000000000000000000e+00 0.000000000000000000e+00 1.000000000000000000e+00
4.750028612278081597e-01 9.997945596548215574e-01 -2.026915105823821200e-02 0.000000000000000000e+00 2.026915105823821200e-02 9.997945596548215574e-01 -0.000000000000000000e+00 0.000000000000000000e+00 0.000000000000000000e+00 1.000000000000000000e+00
4.800028612278076090e-01 9.997891955217875770e-01 -2.053203637969345033e-02 0.000000000000000000e+00 2.053203637969345033e-02 9.997891955217875770e-01 -0.000000000000000000e+00 0.000000000000000000e+00 0.000000000000000000e+00 1.000000000000000000e+00
4.850028612278070583e-01 9.997838095073530162e-01 -2.079264886841274834e-02 0.000000000000000000e+00 2.079264886841274834e-02 9.997838095073530162e-01 -0.000000000000000000e+00 0.000000000000000000e+00 0.000000000000000000e+00 1.000000000000000000e+00
4.900028612278065077e-01 9.997776268641944686e-01 -2.108783587284041028e-02 0.000000000000000000e+00 2.108783587284041028e-02 9.997776268641944686e-01 -0.000000000000000000e+00 0.000000000000000000e+00 0.000000000000000000e+00 1.000000000000000000e+00
4.950028612278059570e-01 9.997711718742872122e-01 -2.139167803410227039e-02 0.000000000000000000e+00 2.139167803410227039e-02 9.997711718742872122e-01 -0.000000000000000000e+00 0.000000000000000000e+00 0.000000000000000000e+00 1.000000000000000000e+00
5.000028612278054618e-01 9.997655552875664986e-01 -2.165258553947328746e-02 0.000000000000000000e+00 2.165258553947328746e-02 9.997655552875664986e-01 -0.000000000000000000e+00 0.000000000000000000e+00 0.000000000000000000e+00 1.000000000000000000e+00
5.050028612278049112e-01 9.997599048040488601e-01 -2.191193159444027039e-02 0.000000000000000000e+00 2.191193159444027039e-02 9.997599048040488601e-01 -0.000000000000000000e+00 0.000000000000000000e+00 0.000000000000000000e+00 1.000000000000000000e+00
5.100028612278046936e-01 9.997530935819828324e-01 -2.222052819479219607e-02 0.000000000000000000e+00 2.222052819479219607e-02 9.997530935819828324e-01 -0.000000000000000000e+00 0.000000000000000000e+00 0.000000000000000000e+00 1.000000000000000000e+00
5.151948612278052231e-01 9.997463231839808229e-01 -2.252308327275897790e-02 0.000000000000000000e+00 2.252308327275897790e-02 9.997463231839808229e-01 -0.000000000000000000e+00 0.000000000000000000e+00 0.000000000000000000e+00 1.000000000000000000e+00
5.201948612278046724e-01 9.997402995047355301e-01 -2.278889085019559016e-02 0.000000000000000000e+00 2.278889085019559016e-02 9.997402995047355301e-01 -0.000000000000000000e+00 0.000000000000000000e+00 0.000000000000000000e+00 1.000000000000000000e+00
5.251948612278041217e-01 9.997344280939545191e-01 -2.304502730860331916e-02 0.000000000000000000e+00 2.304502730860331916e-02 9.997344280939545191e-01 -0.000000000000000000e+00 0.000000000000000000e+00 0.000000000000000000e+00 1.000000000000000000e+00
5.301948612278035711e-01 9.997285605368674277e-01 -2.329818119260103695e-02 0.000000000000000000e+00 2.329818119260103695e-02 9.997285605368674277e-01 -0.000000000000000000e+00 0.000000000000000000e+00 0.000000000000000000e+00 1.000000000000000000e+00
5.351948612278030204e-01 9.997226074921540251e-01 -2.355224127527467612e-02 0.000000000000000000e+00 2.355224127527467612e-02 9.997226074921540251e-01 -0.000000000000000000e+00 0.000000000000000000e+00 0.000000000000000000e+00 1.000000000000000000e+00
5.401948612278024697e-01 9.997165648502068791e-01 -2.380735105177822844e-02 0.000000000000000000e+00 2.380735105177822844e-02 9.997165648502068791e-01 -0.000000000000000000e+00 0.000000000000000000e+00 0.000000000000000000e+00 1.000000000000000000e+00
5.451948612278019191e-01 9.997101616639449961e-01 -2.407473085725799627e-02 0.000000000000000000e+00 2.407473085725799627e-02 9.997101616639449961e-01 -0.000000000000000000e+00 0.000000000000000000e+00 0.000000000000000000e+00 1.000000000000000000e+00
5.501948612278013684e-01 9.997038641513420476e-01 -2.433483102212685364e-02 0.000000000000000000e+00 2.433483102212685364e-02 9.997038641513420476e-01 -0.000000000000000000e+00 0.000000000000000000e+00 0.000000000000000000e+00 1.000000000000000000e+00
5.551948612278008177e-01 9.996974007224177505e-01 -2.459892251384264081e-02 0.000000000000000000e+00 2.459892251384264081e-02 9.996974007224177505e-01 -0.000000000000000000e+00 0.000000000000000000e+00 0.000000000000000000e+00 1.000000000000000000e+00
5.601948612278002670e-01 9.996909216843484769e-01 -2.486083469833887463e-02 0.000000000000000000e+00 2.486083469833887463e-02 9.996909216843484769e-01 -0.000000000000000000e+00 0.000000000000000000e+00 0.000000000000000000e+00 1.000000000000000000e+00
5.651948612277997164e-01 9.996844055717014621e-01 -2.512148993897830168e-02 0.000000000000000000e+00 2.512148993897830168e-02 9.996844055717014621e-01 -0.000000000000000000e+00 0.000000000000000000e+00 0.000000000000000000e+00 1.000000000000000000e+00
5.701948612277991657e-01 9.996777769056596208e-01 -2.538389964049110603e-02 0.000000000000000000e+00 2.538389964049110603e-02 9.996777769056596208e-01 -0.000000000000000000e+00 0.000000000000000000e+00 0.000000000000000000e+00 1.000000000000000000e+00
5.751948612277986150e-01 9.996710089707855351e-01 -2.564905111952486480e-02 0.000000000000000000e+00 2.564905111952486480e-02 9.996710089707855351e-01 -0.000000000000000000e+00 0.000000000000000000e+00 0.000000000000000000e+00 1.000000000000000000e+00
5.801948612277980644e-01 9.996641604630499556e-01 -2.591459599734838304e-02 0.000000000000000000e+00 2.591459599734838304e-02 9.996641604630499556e-01 -0.000000000000000000e+00 0.000000000000000000e+00 0.000000000000000000e+00 1.000000000000000000e+00
5.851948612277975137e-01 9.996572015136842015e-01 -2.618166270177778657e-02 0.000000000000000000e+00 2.618166270177778657e-02 9.996572015136842015e-01 -0.000000000000000000e+00 0.000000000000000000e+00 0.000000000000000000e+00 1.000000000000000000e+00
5.901948612277969630e-01 9.996502517662891885e-01 -2.644568289144830914e-02 0.000000000000000000e+00 2.644568289144830914e-02 9.996502517662891885e-01 -0.000000000000000000e+00 0.000000000000000000e+00 0.000000000000000000e+00 1.000000000000000000e+00
5.951948612277964124e-01 9.996432858327718440e-01 -2.670769719499485953e-02 0.000000000000000000e+00 2.670769719499485953e-02 9.996432858327718440e-01 -0.000000000000000000e+00 0.000000000000000000e+00 0.000000000000000000e+00 1.000000000000000000e+00
6.001948612277958617e-01 9.996362196688842738e-01 -2.697087922375950714e-02 0.000000000000000000e+00 2.697087922375950714e-02 9.996362196688842738e-01 -0.000000000000000000e+00 0.000000000000000000e+00 0.000000000000000000e+00 1.000000000000000000e+00
6.051948612277953110e-01 9.996291039042046744e-01 -2.723333669745603078e-02 0.000000000000000000e+00 2.723333669745603078e-02 9.996291039042046744e-01 -0.000000000000000000e+00 0.000000000000000000e+00 0.000000000000000000e+00 1.000000000000000000e+00
6.100348612277953775e-01 9.996213417752231045e-01 -2.751677792735023401e-02 0.000000000000000000e+00 2.751677792735023401e-02 9.996213417752231045e-01 -0.000000000000000000e+00 0.000000000000000000e+00 0.000000000000000000e+00 1.000000000000000000e+00
6.151628612277949548e-01 9.996132656707831243e-01 -2.780861548140859882e-02 0.000000000000000000e+00 2.780861548140859882e-02 9.996132656707831243e-01 -0.000000000000000000e+00 0.000000000000000000e+00 0.000000000000000000e+00 1.000000000000000000e+00
6.201516612277949703e-01 9.996034980754145982e-01 -2.815753248058038352e-02 0.000000000000000000e+00 2.815753248058038352e-02 9.996034980754145982e-01 -0.000000000000000000e+00 0.000000000000000000e+00 0.000000000000000000e+00 1.000000000000000000e+00
6.250556612277947677e-01 9.995964170389965986e-01 -2.840779897846430410e-02 0.000000000000000000e+00 2.840779897846430410e-02 9.995964170389965986e-01 -0.000000000000000000e+00 0.000000000000000000e+00 0.000000000000000000e+00 1.000000000000000000e+00
6.300556612277942170e-01 9.995892005479961595e-01 -2.866060271205369409e-02 0.000000000000000000e+00 2.866060271205369409e-02 9.995892005479961595e-01 -0.000000000000000000e+00 0.000000000000000000e+00 0.000000000000000000e+00 1.000000000000000000e+00
6.350556612277936663e-01 9.995819136849753983e-01 -2.891362713121393979e-02 0.000000000000000000e+00 2.891362713121393979e-02 9.995819136849753983e-01 -0.000000000000000000e+00 0.000000000000000000e+00 0.000000000000000000e+00 1.000000000000000000e+00
6.401356612277936398e-01 9.995744131993496984e-01 -2.917177535180423206e-02 0.000000000000000000e+00 2.917177535180423206e-02 9.995744131993496984e-01 -0.000000000000000000e+00 0.000000000000000000e+00 0.000000000000000000e+00 1.000000000000000000e+00
6.450476612277933341e-01 9.995669422641104696e-01 -2.942665344167985988e-02 0.000000000000000000e+00 2.942665344167985988e-02 9.995669422641104696e-01 -0.000000000000000000e+00 0.000000000000000000e+00 0.000000000000000000e+00 1.000000000000000000e+00
6.500876612277931565e-01 9.995588597552970134e-01 -2.969993071862089482e-02 0.000000000000000000e+00 2.969993071862089482e-02 9.995588597552970134e-01 -0.000000000000000000e+00 0.000000000000000000e+00 0.000000000000000000e+00 1.000000000000000000e+00
6.550876612277926059e-01 9.995508984912727657e-01 -2.996667024027576884e-02 0.000000000000000000e+00 2.996667024027576884e-02 9.995508984912727657e-01 -0.000000000000000000e+00 0.000000000000000000e+00 0.000000000000000000e+00 1.000000000000000000e+00
6.600876612277920552e-01 9.995430837746522856e-01 -3.022620846647293066e-02 0.000000000000000000e+00 3.022620846647293066e-02 9.995430837746522856e-01 -0.000000000000000000e+00 0.000000000000000000e+00 0.000000000000000000e+00 1.000000000000000000e+00
6.650876612277915045e-01 9.995346684145014482e-01 -3.050322339545426600e-02 0.000000000000000000e+00 3.050322339545426600e-02 9.995346684145014482e-01 -0.000000000000000000e+00 0.000000000000000000e+00 0.000000000000000000e+00 1.000000000000000000e+00
6.701276612277918820e-01 9.995265820482700514e-01 -3.076705671498638009e-02 0.000000000000000000e+00 3.076705671498638009e-02 9.995265820482700514e-01 -0.000000000000000000e+00 0.000000000000000000e+00 0.000000000000000000e+00 1.000000000000000000e+00
6.751036612277914184e-01 9.995184839418398415e-01 -3.102902284324113996e-02 0.000000000000000000e+00 3.102902284324113996e-02 9.995184839418398415e-01 -0.000000000000000000e+00 0.000000000000000000e+00 0.000000000000000000e+00 1.000000000000000000e+00
6.801036612277908677e-01 9.995103619169064535e-01 -3.128955769477910487e-02 0.000000000000000000e+00 3.128955769477910487e-02 9.995103619169064535e-01 -0.000000000000000000e+00 0.000000000000000000e+00 0.000000000000000000e+00 1.000000000000000000e+00
6.851036612277903171e-01 9.995021168137836476e-01 -3.155183805685266019e-02 0.000000000000000000e+00 3.155183805685266019e-02 9.995021168137836476e-01 -0.000000000000000000e+00 0.000000000000000000e+00 0.000000000000000000e+00 1.000000000000000000e+00
6.901036612277897664e-01 9.994937678166501138e-01 -3.181521798882835927e-02 0.000000000000000000e+00 3.181521798882835927e-02 9.994937678166501138e-01 -0.000000000000000000e+00 0.000000000000000000e+00 0.000000000000000000e+00 1.000000000000000000e+00
6.951036612277892157e-01 9.994854802753714296e-01 -3.207451821478270182e-02 0.000000000000000000e+00 3.207451821478270182e-02 9.994854802753714296e-01 -0.000000000000000000e+00 0.000000000000000000e+00 0.000000000000000000e+00 1.000000000000000000e+00
7.001036612277886650e-01 9.994772166068813801e-01 -3.233099880550304589e-02 0.000000000000000000e+00 3.233099880550304589e-02 9.994772166068813801e-01 -0.000000000000000000e+00 0.000000000000000000e+00 0.000000000000000000e+00 1.000000000000000000e+00
7.051036612277881144e-01 9.994687832919652015e-01 -3.259066162076186546e-02 0.000000000000000000e+00 3.259066162076186546e-02 9.994687832919652015e-01 -0.000000000000000000e+00 0.000000000000000000e+00 0.000000000000000000e+00 1.000000000000000000e+00
7.100316612277882689e-01 9.994603258008698532e-01 -3.284900531248367839e-02 0.000000000000000000e+00 3.284900531248367839e-02 9.994603258008698532e-01 -0.000000000000000000e+00 0.000000000000000000e+00 0.000000000000000000e+00 1.000000000000000000e+00
7.151516612277876161e-01 9.994513462149627880e-01 -3.312108918950364134e-02 0.000000000000000000e+00 3.312108918950364134e-02 9.994513462149627880e-01 -0.000000000000000000e+00 0.000000000000000000e+00 0.000000000000000000e+00 1.000000000000000000e+00
7.201516612277870655e-01 9.994423875941297331e-01 -3.339032614614005634e-02 0.000000000000000000e+00 3.339032614614005634e-02 9.994423875941297331e-01 -0.000000000000000000e+00 0.000000000000000000e+00 0.000000000000000000e+00 1.000000000000000000e+00
7.251516612277872920e-01 9.994328083954284736e-01 -3.367582965313523774e-02 0.000000000000000000e+00 3.367582965313523774e-02 9.994328083954284736e-01 -0.000000000000000000e+00 0.000000000000000000e+00 0.000000000000000000e+00 1.000000000000000000e+00
7.301916612277873364e-01 9.994224334863370807e-01 -3.398234018204793899e-02 0.000000000000000000e+00 3.398234018204793899e-02 9.994224334863370807e-01 -0.000000000000000000e+00 0.000000000000000000e+00 0.000000000000000000e+00 1.000000000000000000e+00
7.351676612277867617e-01 9.994138158830088159e-01 -3.423484514589980598e-02 0.000000000000000000e+00 3.423484514589980598e-02 9.994138158830088159e-01 -0.000000000000000000e+00 0.000000000000000000e+00 0.000000000000000000e+00 1.000000000000000000e+00
7.401196612277869402e-01 9.994051797370047119e-01 -3.448603651980691048e-02 0.000000000000000000e+00 3.448603651980691048e-02 9.994051797370047119e-01 -0.000000000000000000e+00 0.000000000000000000e+00 0.000000000000000000e+00 1.000000000000000000e+00
7.451014212277869975e-01 9.993937848372198562e-01 -3.481469271352336664e-02 0.000000000000000000e+00 3.481469271352336664e-02 9.993937848372198562e-01 -0.000000000000000000e+00 0.000000000000000000e+00 0.000000000000000000e+00 1.000000000000000000e+00
7.500387012277865972e-01 9.993846031374209460e-01 -3.507727201280051721e-02 0.000000000000000000e+00 3.507727201280051721e-02 9.993846031374209460e-01 -0.000000000000000000e+00 0.000000000000000000e+00 0.000000000000000000e+00 1.000000000000000000e+00
7.550387012277860466e-01 9.993751092519852497e-01 -3.534672555673075423e-02 0.000000000000000000e+00 3.534672555673075423e-02 9.993751092519852497e-01 -0.000000000000000000e+00 0.000000000000000000e+00 0.000000000000000000e+00 1.000000000000000000e+00
7.600387012277854959e-01 9.993661127670111499e-01 -3.560017770958420757e-02 0.000000000000000000e+00 3.560017770958420757e-02 9.993661127670111499e-01 -0.000000000000000000e+00 0.000000000000000000e+00 0.000000000000000000e+00 1.000000000000000000e+00
7.650387012277849452e-01 9.993569807799558280e-01 -3.585561275966838574e-02 0.000000000000000000e+00 3.585561275966838574e-02 9.993569807799558280e-01 -0.000000000000000000e+00 0.000000000000000000e+00 0.000000000000000000e+00 1.000000000000000000e+00
7.700387012277843946e-01 9.993477573508265932e-01 -3.611176924319420972e-02 0.000000000000000000e+00 3.611176924319420972e-02 9.993477573508265932e-01 -0.000000000000000000e+00 0.000000000000000000e+00 0.000000000000000000e+00 1.000000000000000000e+00
7.750387012277838439e-01 9.993382915667666788e-01 -3.637277839836444704e-02 0.000000000000000000e+00 3.637277839836444704e-02 9.993382915667666788e-01 -0.000000000000000000e+00 0.000000000000000000e+00 0.000000000000000000e+00 1.000000000000000000e+00
7.800323012277845525e-01 9.993283563887922494e-01 -3.664472836951114532e-02 0.000000000000000000e+00 3.664472836951114532e-02 9.993283563887922494e-01 -0.000000000000000000e+00 0.000000000000000000e+00 0.000000000000000000e+00 1.000000000000000000e+00
7.850986436277844760e-01 9.993184529382405090e-01 -3.691381336467094987e-02 0.000000000000000000e+00 3.691381336467094987e-02 9.993184529382405090e-01 -0.000000000000000000e+00 0.000000000000000000e+00 0.000000000000000000e+00 1.000000000000000000e+00
7.900008900814768920e-01 9.993090305193330636e-01 -3.716801746812661844e-02 0.000000000000000000e+00 3.716801746812661844e-02 9.993090305193330636e-01 -0.000000000000000000e+00 0.000000000000000000e+00 0.000000000000000000e+00 1.000000000000000000e+00
7.950547017035622943e-01 9.992992586675455424e-01 -3.742982268852285826e-02 0.000000000000000000e+00 3.742982268852285826e-02 9.992992586675455424e-01 -0.000000000000000000e+00 0.000000000000000000e+00 0.000000000000000000e+00 1.000000000000000000e+00
8.000720123082754043e-01 9.992895500664773500e-01 -3.768812980153785769e-02 0.000000000000000000e+00 3.768812980153785769e-02 9.992895500664773500e-01 -0.000000000000000000e+00 0.000000000000000000e+00 0.000000000000000000e+00 1.000000000000000000e+00
8.051992787595245726e-01 9.992795138309883418e-01 -3.795330338328938707e-02 0.000000000000000000e+00 3.795330338328938707e-02 9.992795138309883418e-01 -0.000000000000000000e+00 0.000000000000000000e+00 0.000000000000000000e+00 1.000000000000000000e+00
8.101992787595240220e-01 9.992696084823756708e-01 -3.821321189693480808e-02 0.000000000000000000e+00 3.821321189693480808e-02 9.992696084823756708e-01 -0.000000000000000000e+00 0.000000000000000000e+00 0.000000000000000000e+00 1.000000000000000000e+00
8.151992787595234713e-01 9.992595944925450890e-01 -3.847418374176136274e-02 0.000000000000000000e+00 3.847418374176136274e-02 9.992595944925450890e-01 -0.000000000000000000e+00 0.000000000000000000e+00 0.000000000000000000e+00 1.000000000000000000e+00
8.201992787595229206e-01 9.992496602049650845e-01 -3.873133847754524350e-02 0.000000000000000000e+00 3.873133847754524350e-02 9.992496602049650845e-01 -0.000000000000000000e+00 0.000000000000000000e+00 0.000000000000000000e+00 1.000000000000000000e+00
8.251992787595223700e-01 9.992400482311636356e-01 -3.897853269406544030e-02 0.000000000000000000e+00 3.897853269406544030e-02 9.992400482311636356e-01 -0.000000000000000000e+00 0.000000000000000000e+00 0.000000000000000000e+00 1.000000000000000000e+00
8.301992787595218193e-01 9.992315121707289194e-01 -3.919674839829033475e-02 0.000000000000000000e+00 3.919674839829033475e-02 9.992315121707289194e-01 -0.000000000000000000e+00 0.000000000000000000e+00 0.000000000000000000e+00 1.000000000000000000e+00
8.351992787595212686e-01 9.992227167365507201e-01 -3.942032924301142743e-02 0.000000000000000000e+00 3.942032924301142743e-02 9.992227167365507201e-01 -0.000000000000000000e+00 0.000000000000000000e+00 0.000000000000000000e+00 1.000000000000000000e+00
8.401592787595214551e-01 9.992122618149477109e-01 -3.968445336220111780e-02 0.000000000000000000e+00 3.968445336220111780e-02 9.992122618149477109e-01 -0.000000000000000000e+00 0.000000000000000000e+00 0.000000000000000000e+00 1.000000000000000000e+00
8.450468201571209592e-01 9.992026186496716367e-01 -3.992651855144757622e-02 0.000000000000000000e+00 3.992651855144757622e-02 9.992026186496716367e-01 -0.000000000000000000e+00 0.000000000000000000e+00 0.000000000000000000e+00 1.000000000000000000e+00
8.500114783859143985e-01 9.991916508503784211e-01 -4.020006058323463694e-02 0.000000000000000000e+00 4.020006058323463694e-02 9.991916508503784211e-01 -0.000000000000000000e+00 0.000000000000000000e+00 0.000000000000000000e+00 1.000000000000000000e+00
8.550544200830489938e-01 9.991710854982472911e-01 -4.070800786398825338e-02 0.000000000000000000e+00 4.070800786398825338e-02 9.991710854982472911e-01 -0.000000000000000000e+00 0.000000000000000000e+00 0.000000000000000000e+00 1.000000000000000000e+00
8.601270686723722081e-01 9.991616167128078985e-01 -4.093975681227700336e-02 0.000000000000000000e+00 4.093975681227700336e-02 9.991616167128078985e-01 -0.000000000000000000e+00 0.000000000000000000e+00 0.000000000000000000e+00 1.000000000000000000e+00
8.650680985779697352e-01 9.991505626167287435e-01 -4.120865470595748425e-02 0.000000000000000000e+00 4.120865470595748425e-02 9.991505626167287435e-01 -0.000000000000000000e+00 0.000000000000000000e+00 0.000000000000000000e+00 1.000000000000000000e+00
8.700680985779691845e-01 9.991401600419100859e-01 -4.146010843481613695e-02 0.000000000000000000e+00 4.146010843481613695e-02 9.991401600419100859e-01 -0.000000000000000000e+00 0.000000000000000000e+00 0.000000000000000000e+00 1.000000000000000000e+00
8.750680985779686338e-01 9.991304723945270139e-01 -4.169291465812716840e-02 0.000000000000000000e+00 4.169291465812716840e-02 9.991304723945270139e-01 -0.000000000000000000e+00 0.000000000000000000e+00 0.000000000000000000e+00 1.000000000000000000e+00
8.801336985779685262e-01 9.991188894782128127e-01 -4.196956859229092340e-02 0.000000000000000000e+00 4.196956859229092340e-02 9.991188894782128127e-01 -0.000000000000000000e+00 0.000000000000000000e+00 0.000000000000000000e+00 1.000000000000000000e+00
8.850082585779682764e-01 9.991103070229769845e-01 -4.217338497741254799e-02 0.000000000000000000e+00 4.217338497741254799e-02 9.991103070229769845e-01 -0.000000000000000000e+00 0.000000000000000000e+00 0.000000000000000000e+00 1.000000000000000000e+00
8.901218585779687720e-01 9.991024114778396248e-01 -4.236002100053892772e-02 0.000000000000000000e+00 4.236002100053892772e-02 9.991024114778396248e-01 -0.000000000000000000e+00 0.000000000000000000e+00 0.000000000000000000e+00 1.000000000000000000e+00
8.951317785779685510e-01 9.990911485214543086e-01 -4.262483954317741047e-02 0.000000000000000000e+00 4.262483954317741047e-02 9.990911485214543086e-01 -0.000000000000000000e+00 0.000000000000000000e+00 0.000000000000000000e+00 1.000000000000000000e+00
9.001317785779680003e-01 9.990797849108616902e-01 -4.289036468097128657e-02 0.000000000000000000e+00 4.289036468097128657e-02 9.990797849108616902e-01 -0.000000000000000000e+00 0.000000000000000000e+00 0.000000000000000000e+00 1.000000000000000000e+00
9.051429785779684378e-01 9.990695664559156031e-01 -4.312773332310691765e-02 0.000000000000000000e+00 4.312773332310691765e-02 9.990695664559156031e-01 -0.000000000000000000e+00 0.000000000000000000e+00 0.000000000000000000e+00 1.000000000000000000e+00
9.101380505779688157e-01 9.990593928649733613e-01 -4.336276661228432444e-02 0.000000000000000000e+00 4.336276661228432444e-02 9.990593928649733613e-01 -0.000000000000000000e+00 0.000000000000000000e+00 0.000000000000000000e+00 1.000000000000000000e+00
9.150040985779684943e-01 9.990480091935849405e-01 -4.362425158481319371e-02 0.000000000000000000e+00 4.362425158481319371e-02 9.990480091935849405e-01 -0.000000000000000000e+00 0.000000000000000000e+00 0.000000000000000000e+00 1.000000000000000000e+00
9.201210265779686814e-01 9.990359710546882210e-01 -4.389907218628379126e-02 0.000000000000000000e+00 4.389907218628379126e-02 9.990359710546882210e-01 -0.000000000000000000e+00 0.000000000000000000e+00 0.000000000000000000e+00 1.000000000000000000e+00
9.251210265779681308e-01 9.990241297453780200e-01 -4.416772788462612620e-02 0.000000000000000000e+00 4.416772788462612620e-02 9.990241297453780200e-01 -0.000000000000000000e+00 0.000000000000000000e+00 0.000000000000000000e+00 1.000000000000000000e+00
9.301210265779675801e-01 9.990120629101374439e-01 -4.443982628265109175e-02 0.000000000000000000e+00 4.443982628265109175e-02 9.990120629101374439e-01 -0.000000000000000000e+00 0.000000000000000000e+00 0.000000000000000000e+00 1.000000000000000000e+00
9.351210265779670294e-01 9.989998347491302333e-01 -4.471387000932305206e-02 0.000000000000000000e+00 4.471387000932305206e-02 9.989998347491302333e-01 -0.000000000000000000e+00 0.000000000000000000e+00 0.000000000000000000e+00 1.000000000000000000e+00
9.401210265779664788e-01 9.989875488726027708e-01 -4.498752268695526552e-02 0.000000000000000000e+00 4.498752268695526552e-02 9.989875488726027708e-01 -0.000000000000000000e+00 0.000000000000000000e+00 0.000000000000000000e+00 1.000000000000000000e+00
9.451210265779659281e-01 9.989751651403475652e-01 -4.526167730890823249e-02 0.000000000000000000e+00 4.526167730890823249e-02 9.989751651403475652e-01 -0.000000000000000000e+00 0.000000000000000000e+00 0.000000000000000000e+00 1.000000000000000000e+00
9.501210265779653774e-01 9.989626612207652689e-01 -4.553681463087855263e-02 0.000000000000000000e+00 4.553681463087855263e-02 9.989626612207652689e-01 -0.000000000000000000e+00 0.000000000000000000e+00 0.000000000000000000e+00 1.000000000000000000e+00
9.551210265779648267e-01 9.989500759767847571e-01 -4.581206943564553047e-02 0.000000000000000000e+00 4.581206943564553047e-02 9.989500759767847571e-01 -0.000000000000000000e+00 0.000000000000000000e+00 0.000000000000000000e+00 1.000000000000000000e+00
9.601210265779642761e-01 9.989373726944869025e-01 -4.608823531266981188e-02 0.000000000000000000e+00 4.608823531266981188e-02 9.989373726944869025e-01 -0.000000000000000000e+00 0.000000000000000000e+00 0.000000000000000000e+00 1.000000000000000000e+00
9.651210265779637254e-01 9.989248010095371777e-01 -4.635991725679594611e-02 0.000000000000000000e+00 4.635991725679594611e-02 9.989248010095371777e-01 -0.000000000000000000e+00 0.000000000000000000e+00 0.000000000000000000e+00 1.000000000000000000e+00
9.701210265779631747e-01 9.989122291286650634e-01 -4.663001712632944967e-02 0.000000000000000000e+00 4.663001712632944967e-02 9.989122291286650634e-01 -0.000000000000000000e+00 0.000000000000000000e+00 0.000000000000000000e+00 1.000000000000000000e+00
9.751210265779626241e-01 9.988996848946453122e-01 -4.689796922446474309e-02 0.000000000000000000e+00 4.689796922446474309e-02 9.988996848946453122e-01 -0.000000000000000000e+00 0.000000000000000000e+00 0.000000000000000000e+00 1.000000000000000000e+00
9.801210265779620734e-01 9.988870768399636946e-01 -4.716574733970370359e-02 0.000000000000000000e+00 4.716574733970370359e-02 9.988870768399636946e-01 -0.000000000000000000e+00 0.000000000000000000e+00 0.000000000000000000e+00 1.000000000000000000e+00
9.851210265779615227e-01 9.988742967538155604e-01 -4.743563306809301522e-02 0.000000000000000000e+00 4.743563306809301522e-02 9.988742967538155604e-01 -0.000000000000000000e+00 0.000000000000000000e+00 0.000000000000000000e+00 1.000000000000000000e+00
9.901210265779609720e-01 9.988614824000021652e-01 -4.770470603274335614e-02 0.000000000000000000e+00 4.770470603274335614e-02 9.988614824000021652e-01 -0.000000000000000000e+00 0.000000000000000000e+00 0.000000000000000000e+00 1.000000000000000000e+00
9.951210265779604214e-01 9.988485454473587932e-01 -4.797481899596736654e-02 0.000000000000000000e+00 4.797481899596736654e-02 9.988485454473587932e-01 -0.000000000000000000e+00 0.000000000000000000e+00 0.000000000000000000e+00 1.000000000000000000e+00
1.000000000000000000e+00 9.988359789733189942e-01 -4.823574513171676598e-02 0.000000000000000000e+00 4.823574513171676598e-02 9.988359789733189942e-01 -0.000000000000000000e+00 0.000000000000000000e+00 0.000000000000000000e+00 1.000000000000000000e+00
