time R11 R12 R13 R21 R22 R23 R31 R32 R33
0.000000000000000000e+00 1.000000000000000000e+00 -0.000000000000000000e+00 0.000000000000000000e+00 0.000000000000000000e+00 1.000000000000000000e+00 -0.000000000000000000e+00 0.000000000000000000e+00 0.000000000000000000e+00 1.000000000000000000e+00
5.040000000000002811e-03 9.999999203965483918e-01 -3.990073891596773530e-04 0.000000000000000000e+00 3.990073891596773530e-04 9.999999203965483918e-01 -0.000000000000000000e+00 0.000000000000000000e+00 0.000000000000000000e+00 1.000000000000000000e+00
1.013600000000001305e-02 9.999986978048553965e-01 -1.613811820872654941e-03 0.000000000000000000e+00 1.613811820872654941e-03 9.999986978048553965e-01 -0.000000000000000000e+00 0.000000000000000000e+00 0.000000000000000000e+00 1.000000000000000000e+00
1.513600000000002617e-02 9.999935247913689373e-01 -3.598662992525689976e-03 0.000000000000000000e+00 3.598662992525689976e-03 9.999935247913689373e-01 -0.000000000000000000e+00 0.000000000000000000e+00 0.000000000000000000e+00 1.000000000000000000e+00
2.013600000000000112e-02 9.999797184519607640e-01 -6.368884104553549849e-03 0.000000000000000000e+00 6.368884104553549849e-03 9.999797184519607640e-01 -0.000000000000000000e+00 0.000000000000000000e+00 0.000000000000000000e+00 1.000000000000000000e+00
2.513599999999997087e-02 9.999507517430075154e-01 -9.924418803860003691e-03 0.000000000000000000e+00 9.924418803860003691e-03 9.999507517430075154e-01 -0.000000000000000000e+00 0.000000000000000000e+00 0.000000000000000000e+00 1.000000000000000000e+00
3.013599999999994061e-02 9.998982475624252908e-01 -1.426515059826695929e-02 0.000000000000000000e+00 1.426515059826695929e-02 9.998982475624252908e-01 -0.000000000000000000e+00 0.000000000000000000e+00 0.000000000000000000e+00 1.000000000000000000e+00
3.513599999999991036e-02 9.998119794051801845e-01 -1.939086996232788560e-02 0.000000000000000000e+00 1.939086996232788560e-02 9.998119794051801845e-01 -0.000000000000000000e+00 0.000000000000000000e+00 0.000000000000000000e+00 1.000000000000000000e+00
4.013599999999988011e-02 9.996798725335743763e-01 -2.530123418446088637e-02 0.000000000000000000e+00 2.530123418446088637e-02 9.996798725335743763e-01 -0.000000000000000000e+00 0.000000000000000000e+00 0.000000000000000000e+00 1.000000000000000000e+00
4.513599999999984985e-02 9.994880058830112324e-01 -3.199571996380342481e-02 0.000000000000000000e+00 3.199571996380342481e-02 9.994880058830112324e-01 -0.000000000000000000e+00 0.000000000000000000e+00 0.000000000000000000e+00 1.000000000000000000e+00
5.013599999999981960e-02 9.992206149637465895e-01 -3.947356877041211659e-02 0.000000000000000000e+00 3.947356877041211659e-02 9.992206149637465895e-01 -0.000000000000000000e+00 0.000000000000000000e+00 0.000000000000000000e+00 1.000000000000000000e+00
5.513599999999978934e-02 9.988600960588162048e-01 -4.773372498949323556e-02 0.000000000000000000e+00 4.773372498949323556e-02 9.988600960588162048e-01 -0.000000000000000000e+00 0.000000000000000000e+00 0.000000000000000000e+00 1.000000000000000000e+00
6.013599999999975909e-02 9.983870120578367535e-01 -5.677476687953151441e-02 0.000000000000000000e+00 5.677476687953151441e-02 9.983870120578367535e-01 -0.000000000000000000e+00 0.000000000000000000e+00 0.000000000000000000e+00 1.000000000000000000e+00
6.513599999999981904e-02 9.977801003056190332e-01 -6.659483038576506642e-02 0.000000000000000000e+00 6.659483038576506642e-02 9.977801003056190332e-01 -0.000000000000000000e+00 0.000000000000000000e+00 0.000000000000000000e+00 1.000000000000000000e+00
7.013599999999996226e-02 9.970162828834232549e-01 -7.719152586470608146e-02 0.000000000000000000e+00 7.719152586470608146e-02 9.970162828834232549e-01 -0.000000000000000000e+00 0.000000000000000000e+00 0.000000000000000000e+00 1.000000000000000000e+00
7.513600000000010548e-02 9.960706797790803702e-01 -8.856184779260607709e-02 0.000000000000000000e+00 8.856184779260607709e-02 9.960706797790803702e-01 -0.000000000000000000e+00 0.000000000000000000e+00 0.000000000000000000e+00 1.000000000000000000e+00
8.013600000000024870e-02 9.949166254399801623e-01 -1.007020775511711513e-01 0.000000000000000000e+00 1.007020775511711513e-01 9.949166254399801623e-01 -0.000000000000000000e+00 0.000000000000000000e+00 0.000000000000000000e+00 1.000000000000000000e+00
8.513600000000039192e-02 9.935256892398880435e-01 -1.136076794077109930e-01 0.000000000000000000e+00 1.136076794077109930e-01 9.935256892398880435e-01 -0.000000000000000000e+00 0.000000000000000000e+00 0.000000000000000000e+00 1.000000000000000000e+00
9.007200000000036011e-02 9.918907415767082014e-01 -1.270934961924007345e-01 0.000000000000000000e+00 1.270934961924007345e-01 9.918907415767082014e-01 -0.000000000000000000e+00 0.000000000000000000e+00 0.000000000000000000e+00 1.000000000000000000e+00
9.505600000000048733e-02 9.899446146182535600e-01 -1.414555053305354415e-01 0.000000000000000000e+00 1.414555053305354415e-01 9.899446146182535600e-01 -0.000000000000000000e+00 0.000000000000000000e+00 0.000000000000000000e+00 1.000000000000000000e+00
1.000560000000006305e-01 9.876607962072161406e-01 -1.566082744791219561e-01 0.000000000000000000e+00 1.566082744791219561e-01 9.876607962072161406e-01 -0.000000000000000000e+00 0.000000000000000000e+00 0.000000000000000000e+00 1.000000000000000000e+00
1.050560000000007738e-01 9.850098773215157921e-01 -1.724979465937276912e-01 0.000000000000000000e+00 1.724979465937276912e-01 9.850098773215157921e-01 -0.000000000000000000e+00 0.000000000000000000e+00 0.000000000000000000e+00 1.000000000000000000e+00
1.100560000000009170e-01 9.819551124357759342e-01 -1.891141379200479977e-01 0.000000000000000000e+00 1.891141379200479977e-01 9.819551124357759342e-01 -0.000000000000000000e+00 0.000000000000000000e+00 0.000000000000000000e+00 1.000000000000000000e+00
1.150560000000010602e-01 9.784582290464631793e-01 -2.064448934007791780e-01 0.000000000000000000e+00 2.064448934007791780e-01 9.784582290464631793e-01 -0.000000000000000000e+00 0.000000000000000000e+00 0.000000000000000000e+00 1.000000000000000000e+00
1.200560000000012034e-01 9.744794930844610237e-01 -2.244765412194609788e-01 0.000000000000000000e+00 2.244765412194609788e-01 9.744794930844610237e-01 -0.000000000000000000e+00 0.000000000000000000e+00 0.000000000000000000e+00 1.000000000000000000e+00
1.250560000000013328e-01 9.699777836269776188e-01 -2.431935428215485917e-01 0.000000000000000000e+00 2.431935428215485917e-01 9.699777836269776188e-01 -0.000000000000000000e+00 0.000000000000000000e+00 0.000000000000000000e+00 1.000000000000000000e+00
1.300560000000014760e-01 9.649106776905389538e-01 -2.625783389367552512e-01 0.000000000000000000e+00 2.625783389367552512e-01 9.649106776905389538e-01 -0.000000000000000000e+00 0.000000000000000000e+00 0.000000000000000000e+00 1.000000000000000000e+00
1.351619200000013232e-01 9.591073911530425544e-01 -2.830424212650907712e-01 0.000000000000000000e+00 2.830424212650907712e-01 9.591073911530425544e-01 -0.000000000000000000e+00 0.000000000000000000e+00 0.000000000000000000e+00 1.000000000000000000e+00
1.400992000000013948e-01 9.528469882919553546e-01 -3.034511771322538909e-01 0.000000000000000000e+00 3.034511771322538909e-01 9.528469882919553546e-01 -0.000000000000000000e+00 0.000000000000000000e+00 0.000000000000000000e+00 1.000000000000000000e+00
1.450992000000015381e-01 9.458113951916229389e-01 -3.247164990044019706e-01 0.000000000000000000e+00 3.247164990044019706e-01 9.458113951916229389e-01 -0.000000000000000000e+00 0.000000000000000000e+00 0.000000000000000000e+00 1.000000000000000000e+00
1.500192000000014625e-01 9.381600141441320817e-01 -3.462019466454256400e-01 0.000000000000000000e+00 3.462019466454256400e-01 9.381600141441320817e-01 -0.000000000000000000e+00 0.000000000000000000e+00 0.000000000000000000e+00 1.000000000000000000e+00
1.550473600000012719e-01 9.295468339581904882e-01 -3.687040594817260208e-01 0.000000000000000000e+00 3.687040594817260208e-01 9.295468339581904882e-01 -0.000000000000000000e+00 0.000000000000000000e+00 0.000000000000000000e+00 1.000000000000000000e+00
1.600473600000014152e-01 9.201386381264290426e-01 -3.915927560959733267e-01 0.000000000000000000e+00 3.915927560959733267e-01 9.201386381264290426e-01 -0.000000000000000000e+00 0.000000000000000000e+00 0.000000000000000000e+00 1.000000000000000000e+00
1.650473600000015584e-01 9.098413180296165415e-01 -4.149563543387788100e-01 0.000000000000000000e+00 4.149563543387788100e-01 9.098413180296165415e-01 -0.000000000000000000e+00 0.000000000000000000e+00 0.000000000000000000e+00 1.000000000000000000e+00
1.700473600000017016e-01 8.986065587257854315e-01 -4.387553448278455059e-01 0.000000000000000000e+00 4.387553448278455059e-01 8.986065587257854315e-01 -0.000000000000000000e+00 0.000000000000000000e+00 0.000000000000000000e+00 1.000000000000000000e+00
1.750473600000018448e-01 8.863860898358323359e-01 -4.629467569230218960e-01 0.000000000000000000e+00 4.629467569230218960e-01 8.863860898358323359e-01 -0.000000000000000000e+00 0.000000000000000000e+00 0.000000000000000000e+00 1.000000000000000000e+00
1.800473600000019880e-01 8.731319136748186827e-01 -4.874840113506790362e-01 0.000000000000000000e+00 4.874840113506790362e-01 8.731319136748186827e-01 -0.000000000000000000e+00 0.000000000000000000e+00 0.000000000000000000e+00 1.000000000000000000e+00
1.850473600000021313e-01 8.587965513900506220e-01 -5.123167802449536401e-01 0.000000000000000000e+00 5.123167802449536401e-01 8.587965513900506220e-01 -0.000000000000000000e+00 0.000000000000000000e+00 0.000000000000000000e+00 1.000000000000000000e+00
1.900073600000022622e-01 8.434616099718396098e-01 -5.371894568061740260e-01 0.000000000000000000e+00 5.371894568061740260e-01 8.434616099718396098e-01 -0.000000000000000000e+00 0.000000000000000000e+00 0.000000000000000000e+00 1.000000000000000000e+00
1.950006400000020845e-01 8.268575758329838044e-01 -5.624113701620918615e-01 0.000000000000000000e+00 5.624113701620918615e-01 8.268575758329838044e-01 -0.000000000000000000e+00 0.000000000000000000e+00 0.000000000000000000e+00 1.000000000000000000e+00
2.000908800000021082e-01 8.086812277859818376e-01 -5.882471179925636839e-01 0.000000000000000000e+00 5.882471179925636839e-01 8.086812277859818376e-01 -0.000000000000000000e+00 0.000000000000000000e+00 0.000000000000000000e+00 1.000000000000000000e+00
2.050908800000022514e-01 7.898049039150349948e-01 -6.133581447667930675e-01 0.000000000000000000e+00 6.133581447667930675e-01 7.898049039150349948e-01 -0.000000000000000000e+00 0.000000000000000000e+00 0.000000000000000000e+00 1.000000000000000000e+00
2.101180800000021498e-01 7.700401140935603239e-01 -6.379954723089943380e-01 0.000000000000000000e+00 6.379954723089943380e-01 7.700401140935603239e-01 -0.000000000000000000e+00 0.000000000000000000e+00 0.000000000000000000e+00 1.000000000000000000e+00
2.150689575603820791e-01 7.498244705699635970e-01 -6.616368062120442373e-01 0.000000000000000000e+00 6.616368062120442373e-01 7.498244705699635970e-01 -0.000000000000000000e+00 0.000000000000000000e+00 0.000000000000000000e+00 1.000000000000000000e+00
2.200111992742505018e-01 7.289204560114814768e-01 -6.845983996534128480e-01 0.000000000000000000e+00 6.845983996534128480e-01 7.289204560114814768e-01 -0.000000000000000000e+00 0.000000000000000000e+00 0.000000000000000000e+00 1.000000000000000000e+00
2.250655156190410067e-01 7.068156430580427863e-01 -7.073977994936413438e-01 0.000000000000000000e+00 7.073977994936413438e-01 7.068156430580427863e-01 -0.000000000000000000e+00 0.000000000000000000e+00 0.000000000000000000e+00 1.000000000000000000e+00
2.300655156190411499e-01 6.842469703533432535e-01 -7.292503572589260630e-01 0.000000000000000000e+00 7.292503572589260630e-01 6.842469703533432535e-01 -0.000000000000000000e+00 0.000000000000000000e+00 0.000000000000000000e+00 1.000000000000000000e+00
2.350655156190412931e-01 6.610030284990427996e-01 -7.503832329650587107e-01 0.000000000000000000e+00 7.503832329650587107e-01 6.610030284990427996e-01 -0.000000000000000000e+00 0.000000000000000000e+00 0.000000000000000000e+00 1.000000000000000000e+00
2.401717556190411662e-01 6.365921021224256737e-01 -7.712006843327821048e-01 0.000000000000000000e+00 7.712006843327821048e-01 6.365921021224256737e-01 -0.000000000000000000e+00 0.000000000000000000e+00 0.000000000000000000e+00 1.000000000000000000e+00
2.451679156190410824e-01 6.120730636323199469e-01 -7.908012169791763801e-01 0.000000000000000000e+00 7.908012169791763801e-01 6.120730636323199469e-01 -0.000000000000000000e+00 0.000000000000000000e+00 0.000000000000000000e+00 1.000000000000000000e+00
2.501279156190411856e-01 5.871348413720379744e-01 -8.094891463429463307e-01 0.000000000000000000e+00 8.094891463429463307e-01 5.871348413720379744e-01 -0.000000000000000000e+00 0.000000000000000000e+00 0.000000000000000000e+00 1.000000000000000000e+00
2.550799156190411976e-01 5.616680094723803807e-01 -8.273627059127901529e-01 0.000000000000000000e+00 8.273627059127901529e-01 5.616680094723803807e-01 -0.000000000000000000e+00 0.000000000000000000e+00 0.000000000000000000e+00 1.000000000000000000e+00
2.600065816887449088e-01 5.357918782091174448e-01 -8.443500833452591836e-01 0.000000000000000000e+00 8.443500833452591836e-01 5.357918782091174448e-01 -0.000000000000000000e+00 0.000000000000000000e+00 0.000000000000000000e+00 1.000000000000000000e+00
2.650604916469657679e-01 5.087142279645623377e-01 -8.609354414045337078e-01 0.000000000000000000e+00 8.609354414045337078e-01 5.087142279645623377e-01 -0.000000000000000000e+00 0.000000000000000000e+00 0.000000000000000000e+00 1.000000000000000000e+00
2.701536074653387298e-01 4.809076875727236744e-01 -8.767712335800346146e-01 0.000000000000000000e+00 8.767712335800346146e-01 4.809076875727236744e-01 -0.000000000000000000e+00 0.000000000000000000e+00 0.000000000000000000e+00 1.000000000000000000e+00
2.751799095158934394e-01 4.529830118204010159e-01 -8.915191478606155906e-01 0.000000000000000000e+00 8.915191478606155906e-01 4.529830118204010159e-01 -0.000000000000000000e+00 0.000000000000000000e+00 0.000000000000000000e+00 1.000000000000000000e+00
2.800439095158938074e-01 4.255296411579438387e-01 -9.049444869692236937e-01 0.000000000000000000e+00 9.049444869692236937e-01 4.255296411579438387e-01 -0.000000000000000000e+00 0.000000000000000000e+00 0.000000000000000000e+00 1.000000000000000000e+00
2.851664695158937501e-01 3.961877400220238377e-01 -9.181695239204146208e-01 0.000000000000000000e+00 9.181695239204146208e-01 3.961877400220238377e-01 -0.000000000000000000e+00 0.000000000000000000e+00 0.000000000000000000e+00 1.000000000000000000e+00
2.901507895158932371e-01 3.672434815829642152e-01 -9.301248438972173904e-01 0.000000000000000000e+00 9.301248438972173904e-01 3.672434815829642152e-01 -0.000000000000000000e+00 0.000000000000000000e+00 0.000000000000000000e+00 1.000000000000000000e+00
2.951507895158926864e-01 3.378463417094904053e-01 -9.412012799574351885e-01 0.000000000000000000e+00 9.412012799574351885e-01 3.378463417094904053e-01 -0.000000000000000000e+00 0.000000000000000000e+00 0.000000000000000000e+00 1.000000000000000000e+00
3.001507895158921357e-01 3.081157882854329011e-01 -9.513488639869427388e-01 0.000000000000000000e+00 9.513488639869427388e-01 3.081157882854329011e-01 -0.000000000000000000e+00 0.000000000000000000e+00 0.000000000000000000e+00 1.000000000000000000e+00
3.051507895158915851e-01 2.780811617776072775e-01 -9.605575815454358013e-01 0.000000000000000000e+00 9.605575815454358013e-01 2.780811617776072775e-01 -0.000000000000000000e+00 0.000000000000000000e+00 0.000000000000000000e+00 1.000000000000000000e+00
3.101507895158910344e-01 2.477721027362531359e-01 -9.688183447404656867e-01 0.000000000000000000e+00 9.688183447404656867e-01 2.477721027362531359e-01 -0.000000000000000000e+00 0.000000000000000000e+00 0.000000000000000000e+00 1.000000000000000000e+00
3.151507895158904837e-01 2.172185225433864164e-01 -9.761230011960935204e-01 0.000000000000000000e+00 9.761230011960935204e-01 2.172185225433864164e-01 -0.000000000000000000e+00 0.000000000000000000e+00 0.000000000000000000e+00 1.000000000000000000e+00
3.201507895158899331e-01 1.864505738938799229e-01 -9.824643420982988040e-01 0.000000000000000000e+00 9.824643420982988040e-01 1.864505738938799229e-01 -0.000000000000000000e+00 0.000000000000000000e+00 0.000000000000000000e+00 1.000000000000000000e+00
3.251507895158893824e-01 1.554986210383903500e-01 -9.878361093092107303e-01 0.000000000000000000e+00 9.878361093092107303e-01 1.554986210383903500e-01 -0.000000000000000000e+00 0.000000000000000000e+00 0.000000000000000000e+00 1.000000000000000000e+00
3.301507895158888317e-01 1.243932098175119516e-01 -9.922330015431335415e-01 0.000000000000000000e+00 9.922330015431335415e-01 1.243932098175119516e-01 -0.000000000000000000e+00 0.000000000000000000e+00 0.000000000000000000e+00 1.000000000000000000e+00
3.351507895158882810e-01 9.316503751671835476e-02 -9.956506795982755786e-01 0.000000000000000000e+00 9.956506795982755786e-01 9.316503751671835476e-02 -0.000000000000000000e+00 0.000000000000000000e+00 0.000000000000000000e+00 1.000000000000000000e+00
3.401507895158877304e-01 6.184492257184663611e-02 -9.980857706390180439e-01 0.000000000000000000e+00 9.980857706390180439e-01 6.184492257184663611e-02 -0.000000000000000000e+00 0.000000000000000000e+00 0.000000000000000000e+00 1.000000000000000000e+00
3.451507895158871797e-01 3.046377415502449920e-02 -9.995358715244951897e-01 0.000000000000000000e+00 9.995358715244951897e-01 3.046377415502449920e-02 -0.000000000000000000e+00 0.000000000000000000e+00 0.000000000000000000e+00 1.000000000000000000e+00
3.501507895158866290e-01 -9.474383289521654114e-04 -9.999995511802056702e-01 0.000000000000000000e+00 9.999995511802056702e-01 -9.474383289521654114e-04 -0.000000000000000000e+00 0.000000000000000000e+00 0.000000000000000000e+00 1.000000000000000000e+00
3.550707895158866645e-01 -3.185532012867701296e-02 -9.994924905068071075e-01 0.000000000000000000e+00 9.994924905068071075e-01 -3.185532012867701296e-02 -0.000000000000000000e+00 0.000000000000000000e+00 0.000000000000000000e+00 1.000000000000000000e+00
3.600707895158861138e-01 -6.323441927086767556e-02 -9.979987015119188287e-01 0.000000000000000000e+00 9.979987015119188287e-01 -6.323441927086767556e-02 -0.000000000000000000e+00 0.000000000000000000e+00 0.000000000000000000e+00 1.000000000000000000e+00
3.650707895158855631e-01 -9.455111367562196723e-02 -9.955200082884820834e-01 0.000000000000000000e+00 9.955200082884820834e-01 -9.455111367562196723e-02 -0.000000000000000000e+00 0.000000000000000000e+00 0.000000000000000000e+00 1.000000000000000000e+00
3.700707895158850125e-01 -1.257744975464722970e-01 -9.920588570074519996e-01 0.000000000000000000e+00 9.920588570074519996e-01 -1.257744975464722970e-01 -0.000000000000000000e+00 0.000000000000000000e+00 0.000000000000000000e+00 1.000000000000000000e+00
3.750707895158844618e-01 -1.568737571731838309e-01 -9.876186634072732229e-01 0.000000000000000000e+00 9.876186634072732229e-01 -1.568737571731838309e-01 -0.000000000000000000e+00 0.000000000000000000e+00 0.000000000000000000e+00 1.000000000000000000e+00
3.800707895158839111e-01 -1.878182013411636986e-01 -9.822038094229580407e-01 0.000000000000000000e+00 9.822038094229580407e-01 -1.878182013411636986e-01 -0.000000000000000000e+00 0.000000000000000000e+00 0.000000000000000000e+00 1.000000000000000000e+00
3.850707895158835270e-01 -2.185772916199865690e-01 -9.758196388616451333e-01 0.000000000000000000e+00 9.758196388616451333e-01 -2.185772916199865690e-01 -0.000000000000000000e+00 0.000000000000000000e+00 0.000000000000000000e+00 1.000000000000000000e+00
3.900307895158834914e-01 -2.488772609605250097e-01 -9.685350323952082174e-01 0.000000000000000000e+00 9.685350323952082174e-01 -2.488772609605250097e-01 -0.000000000000000000e+00 0.000000000000000000e+00 0.000000000000000000e+00 1.000000000000000000e+00
3.950307895158829408e-01 -2.791768756171884025e-01 -9.602396951389924329e-01 0.000000000000000000e+00 9.602396951389924329e-01 -2.791768756171884025e-01 -0.000000000000000000e+00 0.000000000000000000e+00 0.000000000000000000e+00 1.000000000000000000e+00
4.000307895158823901e-01 -3.092009764030507757e-01 -9.509967172348179343e-01 0.000000000000000000e+00 9.509967172348179343e-01 -3.092009764030507757e-01 -0.000000000000000000e+00 0.000000000000000000e+00 0.000000000000000000e+00 1.000000000000000000e+00
4.050307895158818394e-01 -3.389199331554896832e-01 -9.408152203859578844e-01 0.000000000000000000e+00 9.408152203859578844e-01 -3.389199331554896832e-01 -0.000000000000000000e+00 0.000000000000000000e+00 0.000000000000000000e+00 1.000000000000000000e+00
4.100307895158812888e-01 -3.683044168522031647e-01 -9.297052525005752299e-01 0.000000000000000000e+00 9.297052525005752299e-01 -3.683044168522031647e-01 -0.000000000000000000e+00 0.000000000000000000e+00 0.000000000000000000e+00 1.000000000000000000e+00
4.150035895158808996e-01 -3.971685891984789163e-01 -9.177456683385052383e-01 0.000000000000000000e+00 9.177456683385052383e-01 -3.971685891984789163e-01 -0.000000000000000000e+00 0.000000000000000000e+00 0.000000000000000000e+00 1.000000000000000000e+00
4.200039863158807063e-01 -4.258019544187809924e-01 -9.048163877898909302e-01 0.000000000000000000e+00 9.048163877898909302e-01 -4.258019544187809924e-01 -0.000000000000000000e+00 0.000000000000000000e+00 0.000000000000000000e+00 1.000000000000000000e+00
4.250087223158803273e-01 -4.540393297142422679e-01 -8.909816423881253833e-01 0.000000000000000000e+00 8.909816423881253833e-01 -4.540393297142422679e-01 -0.000000000000000000e+00 0.000000000000000000e+00 0.000000000000000000e+00 1.000000000000000000e+00
4.300647223158808874e-01 -4.821099951507549775e-01 -8.761106965308316230e-01 0.000000000000000000e+00 8.761106965308316230e-01 -4.821099951507549775e-01 -0.000000000000000000e+00 0.000000000000000000e+00 0.000000000000000000e+00 1.000000000000000000e+00
4.351063043958808829e-01 -5.096162177680918504e-01 -8.604018308835381657e-01 0.000000000000000000e+00 8.604018308835381657e-01 -5.096162177680918504e-01 -0.000000000000000000e+00 0.000000000000000000e+00 0.000000000000000000e+00 1.000000000000000000e+00
4.400881130358808568e-01 -5.362941585567806424e-01 -8.440311460472738059e-01 0.000000000000000000e+00 8.440311460472738059e-01 -5.362941585567806424e-01 -0.000000000000000000e+00 0.000000000000000000e+00 0.000000000000000000e+00 1.000000000000000000e+00
4.450253290358806013e-01 -5.622149981471462610e-01 -8.269911099028841583e-01 0.000000000000000000e+00 8.269911099028841583e-01 -5.622149981471462610e-01 -0.000000000000000000e+00 0.000000000000000000e+00 0.000000000000000000e+00 1.000000000000000000e+00
4.500961514358802762e-01 -5.882739023311543969e-01 -8.086617437693435217e-01 0.000000000000000000e+00 8.086617437693435217e-01 -5.882739023311543969e-01 -0.000000000000000000e+00 0.000000000000000000e+00 0.000000000000000000e+00 1.000000000000000000e+00
4.550961514358797255e-01 -6.133843038811734871e-01 -7.897845881961791381e-01 0.000000000000000000e+00 7.897845881961791381e-01 -6.133843038811734871e-01 -0.000000000000000000e+00 0.000000000000000000e+00 0.000000000000000000e+00 1.000000000000000000e+00
4.600961514358791749e-01 -6.378893691780463948e-01 -7.701280105863141934e-01 0.000000000000000000e+00 7.701280105863141934e-01 -6.378893691780463948e-01 -0.000000000000000000e+00 0.000000000000000000e+00 0.000000000000000000e+00 1.000000000000000000e+00
4.650961514358786242e-01 -6.617649146808580740e-01 -7.497114096086818780e-01 0.000000000000000000e+00 7.497114096086818780e-01 -6.617649146808580740e-01 -0.000000000000000000e+00 0.000000000000000000e+00 0.000000000000000000e+00 1.000000000000000000e+00
4.700961514358780735e-01 -6.849873781087261193e-01 -7.285549339835213356e-01 0.000000000000000000e+00 7.285549339835213356e-01 -6.849873781087261193e-01 -0.000000000000000000e+00 0.000000000000000000e+00 0.000000000000000000e+00 1.000000000000000000e+00
4.750961514358775228e-01 -7.075338416939290775e-01 -7.066794625980227229e-01 0.000000000000000000e+00 7.066794625980227229e-01 -7.075338416939290775e-01 -0.000000000000000000e+00 0.000000000000000000e+00 0.000000000000000000e+00 1.000000000000000000e+00
4.800961514358769722e-01 -7.293820547989765535e-01 -6.841065839013851235e-01 0.000000000000000000e+00 6.841065839013851235e-01 -7.293820547989765535e-01 -0.000000000000000000e+00 0.000000000000000000e+00 0.000000000000000000e+00 1.000000000000000000e+00
4.850961514358764215e-01 -7.505104558753001864e-01 -6.608585745996258254e-01 0.000000000000000000e+00 6.608585745996258254e-01 -7.505104558753001864e-01 -0.000000000000000000e+00 0.000000000000000000e+00 0.000000000000000000e+00 1.000000000000000000e+00
4.900961514358758708e-01 -7.708981937419001618e-01 -6.369583776711597034e-01 0.000000000000000000e+00 6.369583776711597034e-01 -7.708981937419001618e-01 -0.000000000000000000e+00 0.000000000000000000e+00 0.000000000000000000e+00 1.000000000000000000e+00
4.951361514358754157e-01 -7.906790435358590496e-01 -6.122308797449040885e-01 0.000000000000000000e+00 6.122308797449040885e-01 -7.906790435358590496e-01 -0.000000000000000000e+00 0.000000000000000000e+00 0.000000000000000000e+00 1.000000000000000000e+00
5.001361514358754201e-01 -8.095195278216504864e-01 -5.870929518188849894e-01 0.000000000000000000e+00 5.870929518188849894e-01 -8.095195278216504864e-01 -0.000000000000000000e+00 0.000000000000000000e+00 0.000000000000000000e+00 1.000000000000000000e+00
5.051361514358748694e-01 -8.275611140679576261e-01 -5.613756340300145586e-01 0.000000000000000000e+00 5.613756340300145586e-01 -8.275611140679576261e-01 -0.000000000000000000e+00 0.000000000000000000e+00 0.000000000000000000e+00 1.000000000000000000e+00
5.101361514358743188e-01 -8.447859974073432809e-01 -5.351043062660586491e-01 0.000000000000000000e+00 5.351043062660586491e-01 -8.447859974073432809e-01 -0.000000000000000000e+00 0.000000000000000000e+00 0.000000000000000000e+00 1.000000000000000000e+00
5.151361514358737681e-01 -8.611771789595377147e-01 -5.083048951557440631e-01 0.000000000000000000e+00 5.083048951557440631e-01 -8.611771789595377147e-01 -0.000000000000000000e+00 0.000000000000000000e+00 0.000000000000000000e+00 1.000000000000000000e+00
5.201361514358732174e-01 -8.767184826072805803e-01 -4.810038484823042637e-01 0.000000000000000000e+00 4.810038484823042637e-01 -8.767184826072805803e-01 -0.000000000000000000e+00 0.000000000000000000e+00 0.000000000000000000e+00 1.000000000000000000e+00
5.251041514358733009e-01 -8.913034260248320351e-01 -4.534073254330998615e-01 0.000000000000000000e+00 4.534073254330998615e-01 -8.913034260248320351e-01 -0.000000000000000000e+00 0.000000000000000000e+00 0.000000000000000000e+00 1.000000000000000000e+00
5.300561514358727022e-01 -9.049772152882392673e-01 -4.254600331513448408e-01 0.000000000000000000e+00 4.254600331513448408e-01 -9.049772152882392673e-01 -0.000000000000000000e+00 0.000000000000000000e+00 0.000000000000000000e+00 1.000000000000000000e+00
5.350561514358721515e-01 -9.178946862607941792e-01 -3.968240730275794936e-01 0.000000000000000000e+00 3.968240730275794936e-01 -9.178946862607941792e-01 -0.000000000000000000e+00 0.000000000000000000e+00 0.000000000000000000e+00 1.000000000000000000e+00
5.400561514358716009e-01 -9.299063059967782596e-01 -3.677964954528873398e-01 0.000000000000000000e+00 3.677964954528873398e-01 -9.299063059967782596e-01 -0.000000000000000000e+00 0.000000000000000000e+00 0.000000000000000000e+00 1.000000000000000000e+00
5.450561514358710502e-01 -9.410002204776928281e-01 -3.384059471417918963e-01 0.000000000000000000e+00 3.384059471417918963e-01 -9.410002204776928281e-01 -0.000000000000000000e+00 0.000000000000000000e+00 0.000000000000000000e+00 1.000000000000000000e+00
5.500561514358704995e-01 -9.511654813493297667e-01 -3.086814330171127052e-01 0.000000000000000000e+00 3.086814330171127052e-01 -9.511654813493297667e-01 -0.000000000000000000e+00 0.000000000000000000e+00 0.000000000000000000e+00 1.000000000000000000e+00
5.550561514358699489e-01 -9.603920567264748742e-01 -2.786522875856071169e-01 0.000000000000000000e+00 2.786522875856071169e-01 -9.603920567264748742e-01 -0.000000000000000000e+00 0.000000000000000000e+00 0.000000000000000000e+00 1.000000000000000000e+00
5.600561514358693982e-01 -9.686708410931693658e-01 -2.483481459883525866e-01 0.000000000000000000e+00 2.483481459883525866e-01 -9.686708410931693658e-01 -0.000000000000000000e+00 0.000000000000000000e+00 0.000000000000000000e+00 1.000000000000000000e+00
5.650561514358688475e-01 -9.759936642887530045e-01 -2.177989147544430459e-01 0.000000000000000000e+00 2.177989147544430459e-01 -9.759936642887530045e-01 -0.000000000000000000e+00 0.000000000000000000e+00 0.000000000000000000e+00 1.000000000000000000e+00
5.700561514358682969e-01 -9.823532995708268434e-01 -1.870347422868521292e-01 0.000000000000000000e+00 1.870347422868521292e-01 -9.823532995708268434e-01 -0.000000000000000000e+00 0.000000000000000000e+00 0.000000000000000000e+00 1.000000000000000000e+00
5.750561514358677462e-01 -9.877434707471758335e-01 -1.560859891096022245e-01 0.000000000000000000e+00 1.560859891096022245e-01 -9.877434707471758335e-01 -0.000000000000000000e+00 0.000000000000000000e+00 0.000000000000000000e+00 1.000000000000000000e+00
5.800561514358671955e-01 -9.921588583696119290e-01 -1.249831979055914533e-01 0.000000000000000000e+00 1.249831979055914533e-01 -9.921588583696119290e-01 -0.000000000000000000e+00 0.000000000000000000e+00 0.000000000000000000e+00 1.000000000000000000e+00
5.850561514358666448e-01 -9.955951049836280209e-01 -9.375706337465179729e-02 0.000000000000000000e+00 9.375706337465179729e-02 -9.955951049836280209e-01 -0.000000000000000000e+00 0.000000000000000000e+00 0.000000000000000000e+00 1.000000000000000000e+00
5.900561514358660942e-01 -9.980488194286794013e-01 -6.243840194158926243e-02 0.000000000000000000e+00 6.243840194158926243e-02 -9.980488194286794013e-01 -0.000000000000000000e+00 0.000000000000000000e+00 0.000000000000000000e+00 1.000000000000000000e+00
5.950561514358655435e-01 -9.995175801848491526e-01 -3.105812134408956690e-02 0.000000000000000000e+00 3.105812134408956690e-02 -9.995175801848491526e-01 -0.000000000000000000e+00 0.000000000000000000e+00 0.000000000000000000e+00 1.000000000000000000e+00
6.000561514358649928e-01 -9.999999377625959918e-01 3.528098694843040980e-04 0.000000000000000000e+00 -3.528098694843040980e-04 -9.999999377625959918e-01 -0.000000000000000000e+00 0.000000000000000000e+00 -0.000000000000000000e+00 1.000000000000000000e+00
6.050161514358651793e-01 -9.995033675776892057e-01 3.151219130525644008e-02 0.000000000000000000e+00 -3.151219130525644008e-02 -9.995033675776892057e-01 -0.000000000000000000e+00 0.000000000000000000e+00 -0.000000000000000000e+00 1.000000000000000000e+00
6.101041514358644946e-01 -9.979854244422313725e-01 6.344361749505830761e-02 0.000000000000000000e+00 -6.344361749505830761e-02 -9.979854244422313725e-01 -0.000000000000000000e+00 0.000000000000000000e+00 -0.000000000000000000e+00 1.000000000000000000e+00
6.151041514358639439e-01 -9.955001666952074668e-01 9.475979163028014352e-02 0.000000000000000000e+00 -9.475979163028014352e-02 -9.955001666952074668e-01 -0.000000000000000000e+00 0.000000000000000000e+00 -0.000000000000000000e+00 1.000000000000000000e+00
6.200488057309033740e-01 -9.920762205477509088e-01 1.256374650480105992e-01 0.000000000000000000e+00 -1.256374650480105992e-01 -9.920762205477509088e-01 -0.000000000000000000e+00 0.000000000000000000e+00 -0.000000000000000000e+00 1.000000000000000000e+00
6.251828271004317150e-01 -9.875079869722489523e-01 1.575689552736093957e-01 0.000000000000000000e+00 -1.575689552736093957e-01 -9.875079869722489523e-01 -0.000000000000000000e+00 0.000000000000000000e+00 -0.000000000000000000e+00 1.000000000000000000e+00
6.301464127090122824e-01 -9.821144558790404488e-01 1.882848787168434346e-01 0.000000000000000000e+00 -1.882848787168434346e-01 -9.821144558790404488e-01 -0.000000000000000000e+00 0.000000000000000000e+00 -0.000000000000000000e+00 1.000000000000000000e+00
6.351464127090117318e-01 -9.757156707176932731e-01 2.190409320559115192e-01 0.000000000000000000e+00 -2.190409320559115192e-01 -9.757156707176932731e-01 -0.000000000000000000e+00 0.000000000000000000e+00 -0.000000000000000000e+00 1.000000000000000000e+00
6.401464127090111811e-01 -9.683539719889283637e-01 2.495808184401722418e-01 0.000000000000000000e+00 -2.495808184401722418e-01 -9.683539719889283637e-01 -0.000000000000000000e+00 0.000000000000000000e+00 -0.000000000000000000e+00 1.000000000000000000e+00
6.451464127090106304e-01 -9.600366248006022563e-01 2.798743986888903579e-01 0.000000000000000000e+00 -2.798743986888903579e-01 -9.600366248006022563e-01 -0.000000000000000000e+00 0.000000000000000000e+00 -0.000000000000000000e+00 1.000000000000000000e+00
6.501464127090100797e-01 -9.507718373702244152e-01 3.098917766957482445e-01 0.000000000000000000e+00 -3.098917766957482445e-01 -9.507718373702244152e-01 -0.000000000000000000e+00 0.000000000000000000e+00 -0.000000000000000000e+00 1.000000000000000000e+00
6.550744127090101232e-01 -9.407222895991800282e-01 3.391777909169121918e-01 0.000000000000000000e+00 -3.391777909169121918e-01 -9.407222895991800282e-01 -0.000000000000000000e+00 0.000000000000000000e+00 -0.000000000000000000e+00 1.000000000000000000e+00
6.600664127090095645e-01 -9.296227926945519471e-01 3.685125008772187072e-01 0.000000000000000000e+00 -3.685125008772187072e-01 -9.296227926945519471e-01 -0.000000000000000000e+00 0.000000000000000000e+00 -0.000000000000000000e+00 1.000000000000000000e+00
6.650664127090090139e-01 -9.175888225813856325e-01 3.975308197784244713e-01 0.000000000000000000e+00 -3.975308197784244713e-01 -9.175888225813856325e-01 -0.000000000000000000e+00 0.000000000000000000e+00 -0.000000000000000000e+00 1.000000000000000000e+00
6.700664127090084632e-01 -9.046493030821729509e-01 4.261568237549868687e-01 0.000000000000000000e+00 -4.261568237549868687e-01 -9.046493030821729509e-01 -0.000000000000000000e+00 0.000000000000000000e+00 -0.000000000000000000e+00 1.000000000000000000e+00
6.750756927090083570e-01 -8.907905094896955145e-01 4.544142033465600750e-01 0.000000000000000000e+00 -4.544142033465600750e-01 -8.907905094896955145e-01 -0.000000000000000000e+00 0.000000000000000000e+00 -0.000000000000000000e+00 1.000000000000000000e+00
6.800475327090088618e-01 -8.761627619447442950e-01 4.820153675780023961e-01 0.000000000000000000e+00 -4.820153675780023961e-01 -8.761627619447442950e-01 -0.000000000000000000e+00 0.000000000000000000e+00 -0.000000000000000000e+00 1.000000000000000000e+00
6.851995327090082410e-01 -8.601031650040081855e-01 5.101201285482541703e-01 0.000000000000000000e+00 -5.101201285482541703e-01 -8.601031650040081855e-01 -0.000000000000000000e+00 0.000000000000000000e+00 -0.000000000000000000e+00 1.000000000000000000e+00
6.901195327090081655e-01 -8.439252567523789494e-01 5.364607730444335143e-01 0.000000000000000000e+00 -5.364607730444335143e-01 -8.439252567523789494e-01 -0.000000000000000000e+00 0.000000000000000000e+00 -0.000000000000000000e+00 1.000000000000000000e+00
6.951195327090077258e-01 -8.266581904853737006e-01 5.627043949565772030e-01 0.000000000000000000e+00 -5.627043949565772030e-01 -8.266581904853737006e-01 -0.000000000000000000e+00 0.000000000000000000e+00 -0.000000000000000000e+00 1.000000000000000000e+00
7.001195327090071752e-01 -8.085753123880128346e-01 5.883926955670231163e-01 0.000000000000000000e+00 -5.883926955670231163e-01 -8.085753123880128346e-01 -0.000000000000000000e+00 0.000000000000000000e+00 -0.000000000000000000e+00 1.000000000000000000e+00
7.051195327090066245e-01 -7.896944680778056336e-01 6.135003236244556124e-01 0.000000000000000000e+00 -6.135003236244556124e-01 -7.896944680778056336e-01 -0.000000000000000000e+00 0.000000000000000000e+00 -0.000000000000000000e+00 1.000000000000000000e+00
7.101195327090060738e-01 -7.700342906685744282e-01 6.380025009312628725e-01 0.000000000000000000e+00 -6.380025009312628725e-01 -7.700342906685744282e-01 -0.000000000000000000e+00 0.000000000000000000e+00 -0.000000000000000000e+00 1.000000000000000000e+00
7.150795327090059272e-01 -7.497805060479705297e-01 6.616866273021164702e-01 0.000000000000000000e+00 -6.616866273021164702e-01 -7.497805060479705297e-01 -0.000000000000000000e+00 0.000000000000000000e+00 -0.000000000000000000e+00 1.000000000000000000e+00
7.200395327090062247e-01 -7.287985693646569230e-01 6.847281543006897842e-01 0.000000000000000000e+00 -6.847281543006897842e-01 -7.287985693646569230e-01 -0.000000000000000000e+00 0.000000000000000000e+00 -0.000000000000000000e+00 1.000000000000000000e+00
7.251435327090062222e-01 -7.064687946970236165e-01 7.077441925719598625e-01 0.000000000000000000e+00 -7.077441925719598625e-01 -7.064687946970236165e-01 -0.000000000000000000e+00 0.000000000000000000e+00 -0.000000000000000000e+00 1.000000000000000000e+00
7.300843327090061896e-01 -6.841607453802048822e-01 7.293312515454161149e-01 0.000000000000000000e+00 -7.293312515454161149e-01 -6.841607453802048822e-01 -0.000000000000000000e+00 0.000000000000000000e+00 -0.000000000000000000e+00 1.000000000000000000e+00
7.350662811250059381e-01 -6.609994192862450602e-01 7.503864122592085462e-01 0.000000000000000000e+00 -7.503864122592085462e-01 -6.609994192862450602e-01 -0.000000000000000000e+00 0.000000000000000000e+00 -0.000000000000000000e+00 1.000000000000000000e+00
7.400326296851720276e-01 -6.372660069933275828e-01 7.706439102015796294e-01 0.000000000000000000e+00 -7.706439102015796294e-01 -6.372660069933275828e-01 -0.000000000000000000e+00 0.000000000000000000e+00 -0.000000000000000000e+00 1.000000000000000000e+00
7.450244350798181925e-01 -6.127857338245635832e-01 7.902491027651289413e-01 0.000000000000000000e+00 -7.902491027651289413e-01 -6.127857338245635832e-01 -0.000000000000000000e+00 0.000000000000000000e+00 -0.000000000000000000e+00 1.000000000000000000e+00
7.500478016415931259e-01 -5.875422403035978069e-01 8.091934971680317945e-01 0.000000000000000000e+00 -8.091934971680317945e-01 -5.875422403035978069e-01 -0.000000000000000000e+00 0.000000000000000000e+00 -0.000000000000000000e+00 1.000000000000000000e+00
7.550731456415930021e-01 -5.617032025105425097e-01 8.273388134793390192e-01 0.000000000000000000e+00 -8.273388134793390192e-01 -5.617032025105425097e-01 -0.000000000000000000e+00 0.000000000000000000e+00 -0.000000000000000000e+00 1.000000000000000000e+00
7.600819310495936509e-01 -5.353920741431058561e-01 8.446036508000323018e-01 0.000000000000000000e+00 -8.446036508000323018e-01 -5.353920741431058561e-01 -0.000000000000000000e+00 0.000000000000000000e+00 -0.000000000000000000e+00 1.000000000000000000e+00
7.650216696735931965e-01 -5.089242170677702459e-01 8.608113273429647272e-01 0.000000000000000000e+00 -8.608113273429647272e-01 -5.089242170677702459e-01 -0.000000000000000000e+00 0.000000000000000000e+00 -0.000000000000000000e+00 1.000000000000000000e+00
7.700216696735926458e-01 -4.816343564733395755e-01 8.763722648877655397e-01 0.000000000000000000e+00 -8.763722648877655397e-01 -4.816343564733395755e-01 -0.000000000000000000e+00 0.000000000000000000e+00 -0.000000000000000000e+00 1.000000000000000000e+00
7.750216696735920952e-01 -4.538691809174903447e-01 8.910683288128280477e-01 0.000000000000000000e+00 -8.910683288128280477e-01 -4.538691809174903447e-01 -0.000000000000000000e+00 0.000000000000000000e+00 -0.000000000000000000e+00 1.000000000000000000e+00
7.800216696735915445e-01 -4.256560912763659443e-01 9.048850158773354968e-01 0.000000000000000000e+00 -9.048850158773354968e-01 -4.256560912763659443e-01 -0.000000000000000000e+00 0.000000000000000000e+00 -0.000000000000000000e+00 1.000000000000000000e+00
7.851432696735916039e-01 -3.963215763814570969e-01 9.181117623113848047e-01 0.000000000000000000e+00 -9.181117623113848047e-01 -3.963215763814570969e-01 -0.000000000000000000e+00 0.000000000000000000e+00 -0.000000000000000000e+00 1.000000000000000000e+00
7.900240632735923141e-01 -3.679839718450318431e-01 9.298321334870907062e-01 0.000000000000000000e+00 -9.298321334870907062e-01 -3.679839718450318431e-01 -0.000000000000000000e+00 0.000000000000000000e+00 -0.000000000000000000e+00 1.000000000000000000e+00
7.951779576735918953e-01 -3.376856713112599273e-01 9.412589374827012856e-01 0.000000000000000000e+00 -9.412589374827012856e-01 -3.376856713112599273e-01 -0.000000000000000000e+00 0.000000000000000000e+00 -0.000000000000000000e+00 1.000000000000000000e+00
8.001699576735920028e-01 -3.080012083653537736e-01 9.513859656550973654e-01 0.000000000000000000e+00 -9.513859656550973654e-01 -3.080012083653537736e-01 -0.000000000000000000e+00 0.000000000000000000e+00 -0.000000000000000000e+00 1.000000000000000000e+00
8.050979576735913801e-01 -2.784000057060828648e-01 9.604652189553004593e-01 0.000000000000000000e+00 -9.604652189553004593e-01 -2.784000057060828648e-01 -0.000000000000000000e+00 0.000000000000000000e+00 -0.000000000000000000e+00 1.000000000000000000e+00
8.100979576735908294e-01 -2.480936905135638637e-01 9.687360428555139569e-01 0.000000000000000000e+00 -9.687360428555139569e-01 -2.480936905135638637e-01 -0.000000000000000000e+00 0.000000000000000000e+00 -0.000000000000000000e+00 1.000000000000000000e+00
8.150979576735902787e-01 -2.175425368012222915e-01 9.760508412383492871e-01 0.000000000000000000e+00 -9.760508412383492871e-01 -2.175425368012222915e-01 -0.000000000000000000e+00 0.000000000000000000e+00 -0.000000000000000000e+00 1.000000000000000000e+00
8.200979576735897281e-01 -1.867766948692858309e-01 9.824023952809285420e-01 0.000000000000000000e+00 -9.824023952809285420e-01 -1.867766948692858309e-01 -0.000000000000000000e+00 0.000000000000000000e+00 -0.000000000000000000e+00 1.000000000000000000e+00
8.250979576735891774e-01 -1.558265268893370414e-01 9.877844367662442782e-01 0.000000000000000000e+00 -9.877844367662442782e-01 -1.558265268893370414e-01 -0.000000000000000000e+00 0.000000000000000000e+00 -0.000000000000000000e+00 1.000000000000000000e+00
8.300979576735886267e-01 -1.247225769405139878e-01 9.921916542691323615e-01 0.000000000000000000e+00 -9.921916542691323615e-01 -1.247225769405139878e-01 -0.000000000000000000e+00 0.000000000000000000e+00 -0.000000000000000000e+00 1.000000000000000000e+00
8.350179576735885512e-01 -9.399598207857393084e-02 9.955725766377276909e-01 0.000000000000000000e+00 -9.955725766377276909e-01 -9.399598207857393084e-02 -0.000000000000000000e+00 0.000000000000000000e+00 -0.000000000000000000e+00 1.000000000000000000e+00
8.400099576735882145e-01 -6.272807695760369839e-02 9.980306550207769245e-01 0.000000000000000000e+00 -9.980306550207769245e-01 -6.272807695760369839e-02 -0.000000000000000000e+00 0.000000000000000000e+00 -0.000000000000000000e+00 1.000000000000000000e+00
8.450426081470596706e-01 -3.114317517326358961e-02 9.995149336753943459e-01 0.000000000000000000e+00 -9.995149336753943459e-01 -3.114317517326358961e-02 -0.000000000000000000e+00 0.000000000000000000e+00 -0.000000000000000000e+00 1.000000000000000000e+00
8.500898303750198393e-01 5.644208624937425978e-04 9.999998407145322954e-01 0.000000000000000000e+00 -9.999998407145322954e-01 5.644208624937425978e-04 -0.000000000000000000e+00 -0.000000000000000000e+00 0.000000000000000000e+00 1.000000000000000000e+00
8.550237022615219118e-01 3.155961094474817735e-02 9.995018714124633830e-01 0.000000000000000000e+00 -9.995018714124633830e-01 3.155961094474817735e-02 -0.000000000000000000e+00 -0.000000000000000000e+00 0.000000000000000000e+00 1.000000000000000000e+00
8.600498369896176776e-01 6.310303358623441106e-02 9.980070175866573301e-01 0.000000000000000000e+00 -9.980070175866573301e-01 6.310303358623441106e-02 -0.000000000000000000e+00 -0.000000000000000000e+00 0.000000000000000000e+00 1.000000000000000000e+00
8.650388328055668152e-01 9.435122137546800292e-02 9.955389731321206970e-01 0.000000000000000000e+00 -9.955389731321206970e-01 9.435122137546800292e-02 -0.000000000000000000e+00 -0.000000000000000000e+00 0.000000000000000000e+00 1.000000000000000000e+00
8.700388328055662646e-01 1.255752995812371708e-01 9.920840912619666163e-01 0.000000000000000000e+00 -9.920840912619666163e-01 1.255752995812371708e-01 -0.000000000000000000e+00 -0.000000000000000000e+00 0.000000000000000000e+00 1.000000000000000000e+00
8.750388328055657139e-01 1.566754501272084599e-01 9.876501421695014216e-01 0.000000000000000000e+00 -9.876501421695014216e-01 1.566754501272084599e-01 -0.000000000000000000e+00 -0.000000000000000000e+00 0.000000000000000000e+00 1.000000000000000000e+00
8.800388328055651632e-01 1.876209809195605593e-01 9.822415016271619503e-01 0.000000000000000000e+00 -9.822415016271619503e-01 1.876209809195605593e-01 -0.000000000000000000e+00 -0.000000000000000000e+00 0.000000000000000000e+00 1.000000000000000000e+00
8.850388328055646125e-01 2.183813524555014984e-01 9.758635073101700197e-01 0.000000000000000000e+00 -9.758635073101700197e-01 2.183813524555014984e-01 -0.000000000000000000e+00 -0.000000000000000000e+00 0.000000000000000000e+00 1.000000000000000000e+00
8.900468328055647360e-01 2.489748908959785456e-01 9.685099399094134753e-01 0.000000000000000000e+00 -9.685099399094134753e-01 2.489748908959785456e-01 -0.000000000000000000e+00 -0.000000000000000000e+00 0.000000000000000000e+00 1.000000000000000000e+00
8.951108328055640273e-01 2.796597705878850482e-01 9.600991681668784583e-01 0.000000000000000000e+00 -9.600991681668784583e-01 2.796597705878850482e-01 -0.000000000000000000e+00 -0.000000000000000000e+00 0.000000000000000000e+00 1.000000000000000000e+00
9.001108328055634766e-01 3.096792190353642171e-01 9.508410915066970448e-01 0.000000000000000000e+00 -9.508410915066970448e-01 3.096792190353642171e-01 -0.000000000000000000e+00 -0.000000000000000000e+00 0.000000000000000000e+00 1.000000000000000000e+00
9.051108328055629260e-01 3.393930514816815847e-01 9.406446494856347540e-01 0.000000000000000000e+00 -9.406446494856347540e-01 3.393930514816815847e-01 -0.000000000000000000e+00 -0.000000000000000000e+00 0.000000000000000000e+00 1.000000000000000000e+00
9.101108328055623753e-01 3.687719439616054529e-01 9.295199047609354892e-01 0.000000000000000000e+00 -9.295199047609354892e-01 3.687719439616054529e-01 -0.000000000000000000e+00 -0.000000000000000000e+00 0.000000000000000000e+00 1.000000000000000000e+00
9.151108328055618246e-01 3.977869030552156349e-01 9.174778361125353054e-01 0.000000000000000000e+00 -9.174778361125353054e-01 3.977869030552156349e-01 -0.000000000000000000e+00 -0.000000000000000000e+00 0.000000000000000000e+00 1.000000000000000000e+00
9.201108328055612740e-01 4.264092945009052005e-01 9.045303276083339616e-01 0.000000000000000000e+00 -9.045303276083339616e-01 4.264092945009052005e-01 -0.000000000000000000e+00 -0.000000000000000000e+00 0.000000000000000000e+00 1.000000000000000000e+00
9.251108328055607233e-01 4.546108714539413009e-01 8.906901568760529075e-01 0.000000000000000000e+00 -8.906901568760529075e-01 4.546108714539413009e-01 -0.000000000000000000e+00 -0.000000000000000000e+00 0.000000000000000000e+00 1.000000000000000000e+00
9.301108328055601726e-01 4.823638023626873328e-01 8.759709824932616629e-01 0.000000000000000000e+00 -8.759709824932616629e-01 4.823638023626873328e-01 -0.000000000000000000e+00 -0.000000000000000000e+00 0.000000000000000000e+00 1.000000000000000000e+00
9.351108328055596219e-01 5.096406984349890479e-01 8.603873305080080858e-01 0.000000000000000000e+00 -8.603873305080080858e-01 5.096406984349890479e-01 -0.000000000000000000e+00 -0.000000000000000000e+00 0.000000000000000000e+00 1.000000000000000000e+00
9.401108328055590713e-01 5.364146406676035816e-01 8.439545801033641048e-01 0.000000000000000000e+00 -8.439545801033641048e-01 5.364146406676035816e-01 -0.000000000000000000e+00 -0.000000000000000000e+00 0.000000000000000000e+00 1.000000000000000000e+00
9.451108328055585206e-01 5.626592064120029546e-01 8.266889484200299343e-01 0.000000000000000000e+00 -8.266889484200299343e-01 5.626592064120029546e-01 -0.000000000000000000e+00 -0.000000000000000000e+00 0.000000000000000000e+00 1.000000000000000000e+00
9.501108328055579699e-01 5.883484954503429565e-01 8.086074745519717943e-01 0.000000000000000000e+00 -8.086074745519717943e-01 5.883484954503429565e-01 -0.000000000000000000e+00 -0.000000000000000000e+00 0.000000000000000000e+00 1.000000000000000000e+00
9.551108328055574193e-01 6.134571555558483436e-01 7.897280027308944961e-01 0.000000000000000000e+00 -7.897280027308944961e-01 6.134571555558483436e-01 -0.000000000000000000e+00 -0.000000000000000000e+00 0.000000000000000000e+00 1.000000000000000000e+00
9.601108328055568686e-01 6.379604075124009066e-01 7.700691647161386211e-01 0.000000000000000000e+00 -7.700691647161386211e-01 6.379604075124009066e-01 -0.000000000000000000e+00 -0.000000000000000000e+00 0.000000000000000000e+00 1.000000000000000000e+00
9.651012328055568190e-01 6.617888505201676708e-01 7.496902809341969842e-01 0.000000000000000000e+00 -7.496902809341969842e-01 6.617888505201676708e-01 -0.000000000000000000e+00 -0.000000000000000000e+00 0.000000000000000000e+00 1.000000000000000000e+00
9.700660328055565884e-01 6.848494934268434253e-01 7.286845485894400953e-01 0.000000000000000000e+00 -7.286845485894400953e-01 6.848494934268434253e-01 -0.000000000000000000e+00 -0.000000000000000000e+00 0.000000000000000000e+00 1.000000000000000000e+00
9.751460328055562288e-01 7.077552900990883300e-01 7.064576769607330275e-01 0.000000000000000000e+00 -7.064576769607330275e-01 7.077552900990883300e-01 -0.000000000000000000e+00 -0.000000000000000000e+00 0.000000000000000000e+00 1.000000000000000000e+00
9.801860328055567173e-01 7.297682817089976570e-01 6.836945626604742365e-01 0.000000000000000000e+00 -6.836945626604742365e-01 7.297682817089976570e-01 -0.000000000000000000e+00 -0.000000000000000000e+00 0.000000000000000000e+00 1.000000000000000000e+00
9.851860328055561666e-01 7.508835503057225136e-01 6.604346249859054385e-01 0.000000000000000000e+00 -6.604346249859054385e-01 7.508835503057225136e-01 -0.000000000000000000e+00 -0.000000000000000000e+00 0.000000000000000000e+00 1.000000000000000000e+00
9.901860328055556160e-01 7.712577874935653277e-01 6.365229180717143498e-01 0.000000000000000000e+00 -6.365229180717143498e-01 7.712577874935653277e-01 -0.000000000000000000e+00 -0.000000000000000000e+00 0.000000000000000000e+00 1.000000000000000000e+00
9.951620328055557074e-01 7.907785925002880356e-01 6.121022934471520571e-01 0.000000000000000000e+00 -6.121022934471520571e-01 7.907785925002880356e-01 -0.000000000000000000e+00 -0.000000000000000000e+00 0.000000000000000000e+00 1.000000000000000000e+00
1.000000000000000000e+00 8.090169943749474513e-01 5.877852522924732481e-01 0.000000000000000000e+00 -5.877852522924732481e-01 8.090169943749474513e-01 -0.000000000000000000e+00 -0.000000000000000000e+00 0.000000000000000000e+00 1.000000000000000000e+00
