time R11 R12 R13 R21 R22 R23 R31 R32 R33
0.000000000000000000e+00 1.000000000000000000e+00 -0.000000000000000000e+00 0.000000000000000000e+00 0.000000000000000000e+00 1.000000000000000000e+00 -0.000000000000000000e+00 0.000000000000000000e+00 0.000000000000000000e+00 1.000000000000000000e+00
5.040000000000002811e-03 9.999999908184984410e-01 1.355101583486096510e-04 0.000000000000000000e+00 -1.355101583486096510e-04 9.999999908184984410e-01 -0.000000000000000000e+00 -0.000000000000000000e+00 0.000000000000000000e+00 1.000000000000000000e+00
1.013600000000001305e-02 9.999999914309888327e-01 1.309122683949010132e-04 0.000000000000000000e+00 -1.309122683949010132e-04 9.999999914309888327e-01 -0.000000000000000000e+00 -0.000000000000000000e+00 0.000000000000000000e+00 1.000000000000000000e+00
1.513600000000002617e-02 9.999999936337239381e-01 1.128386093497959423e-04 0.000000000000000000e+00 -1.128386093497959423e-04 9.999999936337239381e-01 -0.000000000000000000e+00 -0.000000000000000000e+00 0.000000000000000000e+00 1.000000000000000000e+00
2.013600000000000112e-02 9.999999961349504973e-01 8.792098019252738979e-05 0.000000000000000000e+00 -8.792098019252738979e-05 9.999999961349504973e-01 -0.000000000000000000e+00 -0.000000000000000000e+00 0.000000000000000000e+00 1.000000000000000000e+00
2.513599999999997087e-02 9.999999984080164550e-01 5.642665074515344005e-05 0.000000000000000000e+00 -5.642665074515344005e-05 9.999999984080164550e-01 -0.000000000000000000e+00 -0.000000000000000000e+00 0.000000000000000000e+00 1.000000000000000000e+00
3.013599999999994061e-02 9.999999998373610977e-01 1.803545448119193756e-05 0.000000000000000000e+00 -1.803545448119193756e-05 9.999999998373610977e-01 -0.000000000000000000e+00 -0.000000000000000000e+00 0.000000000000000000e+00 1.000000000000000000e+00
3.513599999999991036e-02 9.999999996234562039e-01 -2.744243473833981909e-05 0.000000000000000000e+00 2.744243473833981909e-05 9.999999996234562039e-01 -0.000000000000000000e+00 0.000000000000000000e+00 0.000000000000000000e+00 1.000000000000000000e+00
4.013599999999988011e-02 9.999999968036384912e-01 -7.995450374294998236e-05 0.000000000000000000e+00 7.995450374294998236e-05 9.999999968036384912e-01 -0.000000000000000000e+00 0.000000000000000000e+00 0.000000000000000000e+00 1.000000000000000000e+00
4.513599999999984985e-02 9.999999903047953609e-01 -1.392494486168268817e-04 0.000000000000000000e+00 1.392494486168268817e-04 9.999999903047953609e-01 -0.000000000000000000e+00 0.000000000000000000e+00 0.000000000000000000e+00 1.000000000000000000e+00
5.013599999999981960e-02 9.999999788902859121e-01 -2.054736658750352214e-04 0.000000000000000000e+00 2.054736658750352214e-04 9.999999788902859121e-01 -0.000000000000000000e+00 0.000000000000000000e+00 0.000000000000000000e+00 1.000000000000000000e+00
5.513599999999978934e-02 9.999999613138280674e-01 -2.781588434704787127e-04 0.000000000000000000e+00 2.781588434704787127e-04 9.999999613138280674e-01 -0.000000000000000000e+00 0.000000000000000000e+00 0.000000000000000000e+00 1.000000000000000000e+00
6.013599999999975909e-02 9.999999360588428532e-01 -3.576063617421368465e-04 0.000000000000000000e+00 3.576063617421368465e-04 9.999999360588428532e-01 -0.000000000000000000e+00 0.000000000000000000e+00 0.000000000000000000e+00 1.000000000000000000e+00
6.513599999999981904e-02 9.999999014130805941e-01 -4.440425979562599886e-04 0.000000000000000000e+00 4.440425979562599886e-04 9.999999014130805941e-01 -0.000000000000000000e+00 0.000000000000000000e+00 0.000000000000000000e+00 1.000000000000000000e+00
7.013599999999996226e-02 9.999998554845990206e-01 -5.376158302474880234e-04 0.000000000000000000e+00 5.376158302474880234e-04 9.999998554845990206e-01 -0.000000000000000000e+00 0.000000000000000000e+00 0.000000000000000000e+00 1.000000000000000000e+00
7.513600000000010548e-02 9.999997962001840879e-01 -6.384352669904296788e-04 0.000000000000000000e+00 6.384352669904296788e-04 9.999997962001840879e-01 -0.000000000000000000e+00 0.000000000000000000e+00 0.000000000000000000e+00 1.000000000000000000e+00
8.013600000000024870e-02 9.999997216981970638e-01 -7.460586626005448170e-04 0.000000000000000000e+00 7.460586626005448170e-04 9.999997216981970638e-01 -0.000000000000000000e+00 0.000000000000000000e+00 0.000000000000000000e+00 1.000000000000000000e+00
8.513600000000039192e-02 9.999996291124565451e-01 -8.612635771298692011e-04 0.000000000000000000e+00 8.612635771298692011e-04 9.999996291124565451e-01 -0.000000000000000000e+00 0.000000000000000000e+00 0.000000000000000000e+00 1.000000000000000000e+00
9.007200000000036011e-02 9.999995191632525815e-01 -9.806494090423543454e-04 0.000000000000000000e+00 9.806494090423543454e-04 9.999995191632525815e-01 -0.000000000000000000e+00 0.000000000000000000e+00 0.000000000000000000e+00 1.000000000000000000e+00
9.505600000000048733e-02 9.999993869063982244e-01 -1.107333205264837955e-03 0.000000000000000000e+00 1.107333205264837955e-03 9.999993869063982244e-01 -0.000000000000000000e+00 0.000000000000000000e+00 0.000000000000000000e+00 1.000000000000000000e+00
1.000560000000006305e-01 9.999992292713479891e-01 -1.241554151038921135e-03 0.000000000000000000e+00 1.241554151038921135e-03 9.999992292713479891e-01 -0.000000000000000000e+00 0.000000000000000000e+00 0.000000000000000000e+00 1.000000000000000000e+00
1.050560000000007738e-01 9.999990437102403984e-01 -1.382960087761417843e-03 0.000000000000000000e+00 1.382960087761417843e-03 9.999990437102403984e-01 -0.000000000000000000e+00 0.000000000000000000e+00 0.000000000000000000e+00 1.000000000000000000e+00
1.100560000000009170e-01 9.999988271185956679e-01 -1.531587879595265166e-03 0.000000000000000000e+00 1.531587879595265166e-03 9.999988271185956679e-01 -0.000000000000000000e+00 0.000000000000000000e+00 0.000000000000000000e+00 1.000000000000000000e+00
1.150560000000010602e-01 9.999985746216915050e-01 -1.688417775653596690e-03 0.000000000000000000e+00 1.688417775653596690e-03 9.999985746216915050e-01 -0.000000000000000000e+00 0.000000000000000000e+00 0.000000000000000000e+00 1.000000000000000000e+00
1.200560000000012034e-01 9.999982819989993166e-01 -1.853644801442933931e-03 0.000000000000000000e+00 1.853644801442933931e-03 9.999982819989993166e-01 -0.000000000000000000e+00 0.000000000000000000e+00 0.000000000000000000e+00 1.000000000000000000e+00
1.250560000000013328e-01 9.999979465541114498e-01 -2.026545721227088290e-03 0.000000000000000000e+00 2.026545721227088290e-03 9.999979465541114498e-01 -0.000000000000000000e+00 0.000000000000000000e+00 0.000000000000000000e+00 1.000000000000000000e+00
1.300560000000014760e-01 9.999975559123226443e-01 -2.210920482768830020e-03 0.000000000000000000e+00 2.210920482768830020e-03 9.999975559123226443e-01 -0.000000000000000000e+00 0.000000000000000000e+00 0.000000000000000000e+00 1.000000000000000000e+00
1.351619200000013232e-01 9.999970276356137111e-01 -2.438179635999523399e-03 0.000000000000000000e+00 2.438179635999523399e-03 9.999970276356137111e-01 -0.000000000000000000e+00 0.000000000000000000e+00 0.000000000000000000e+00 1.000000000000000000e+00
1.400992000000013948e-01 9.999963534568732104e-01 -2.700569006016540451e-03 0.000000000000000000e+00 2.700569006016540451e-03 9.999963534568732104e-01 -0.000000000000000000e+00 0.000000000000000000e+00 0.000000000000000000e+00 1.000000000000000000e+00
1.450992000000015381e-01 9.999958312243421021e-01 -2.887478820184398009e-03 0.000000000000000000e+00 2.887478820184398009e-03 9.999958312243421021e-01 -0.000000000000000000e+00 0.000000000000000000e+00 0.000000000000000000e+00 1.000000000000000000e+00
1.500192000000014625e-01 9.999948902555784169e-01 -3.196789441522947771e-03 0.000000000000000000e+00 3.196789441522947771e-03 9.999948902555784169e-01 -0.000000000000000000e+00 0.000000000000000000e+00 0.000000000000000000e+00 1.000000000000000000e+00
1.550473600000012719e-01 9.999942749115036111e-01 -3.383806172940418116e-03 0.000000000000000000e+00 3.383806172940418116e-03 9.999942749115036111e-01 -0.000000000000000000e+00 0.000000000000000000e+00 0.000000000000000000e+00 1.000000000000000000e+00
1.600473600000014152e-01 9.999935715159468108e-01 -3.585655697489663774e-03 0.000000000000000000e+00 3.585655697489663774e-03 9.999935715159468108e-01 -0.000000000000000000e+00 0.000000000000000000e+00 0.000000000000000000e+00 1.000000000000000000e+00
1.650473600000015584e-01 9.999927757213205037e-01 -3.801118936408257824e-03 0.000000000000000000e+00 3.801118936408257824e-03 9.999927757213205037e-01 -0.000000000000000000e+00 0.000000000000000000e+00 0.000000000000000000e+00 1.000000000000000000e+00
1.700473600000017016e-01 9.999919689429069836e-01 -4.007748705720610635e-03 0.000000000000000000e+00 4.007748705720610635e-03 9.999919689429069836e-01 -0.000000000000000000e+00 0.000000000000000000e+00 0.000000000000000000e+00 1.000000000000000000e+00
1.750473600000018448e-01 9.999910971733481091e-01 -4.219665157728126614e-03 0.000000000000000000e+00 4.219665157728126614e-03 9.999910971733481091e-01 -0.000000000000000000e+00 0.000000000000000000e+00 0.000000000000000000e+00 1.000000000000000000e+00
1.800473600000019880e-01 9.999901137204937340e-01 -4.446623581334480796e-03 0.000000000000000000e+00 4.446623581334480796e-03 9.999901137204937340e-01 -0.000000000000000000e+00 0.000000000000000000e+00 0.000000000000000000e+00 1.000000000000000000e+00
1.850473600000021313e-01 9.999890128282714619e-01 -4.687667089182710224e-03 0.000000000000000000e+00 4.687667089182710224e-03 9.999890128282714619e-01 -0.000000000000000000e+00 0.000000000000000000e+00 0.000000000000000000e+00 1.000000000000000000e+00
1.900073600000022622e-01 9.999877710349699411e-01 -4.945480817120897349e-03 0.000000000000000000e+00 4.945480817120897349e-03 9.999877710349699411e-01 -0.000000000000000000e+00 0.000000000000000000e+00 0.000000000000000000e+00 1.000000000000000000e+00
1.950006400000020845e-01 9.999863837360342123e-01 -5.218461701388380294e-03 0.000000000000000000e+00 5.218461701388380294e-03 9.999863837360342123e-01 -0.000000000000000000e+00 0.000000000000000000e+00 0.000000000000000000e+00 1.000000000000000000e+00
2.000908800000021082e-01 9.999848295634004014e-01 -5.508234114228590869e-03 0.000000000000000000e+00 5.508234114228590869e-03 9.999848295634004014e-01 -0.000000000000000000e+00 0.000000000000000000e+00 0.000000000000000000e+00 1.000000000000000000e+00
2.050908800000022514e-01 9.999833490701807159e-01 -5.770752324003078360e-03 0.000000000000000000e+00 5.770752324003078360e-03 9.999833490701807159e-01 -0.000000000000000000e+00 0.000000000000000000e+00 0.000000000000000000e+00 1.000000000000000000e+00
2.101180800000021498e-01 9.999818505133503121e-01 -6.024835590733897649e-03 0.000000000000000000e+00 6.024835590733897649e-03 9.999818505133503121e-01 -0.000000000000000000e+00 0.000000000000000000e+00 0.000000000000000000e+00 1.000000000000000000e+00
2.150689575603820791e-01 9.999801879869518739e-01 -6.294730620150036475e-03 0.000000000000000000e+00 6.294730620150036475e-03 9.999801879869518739e-01 -0.000000000000000000e+00 0.000000000000000000e+00 0.000000000000000000e+00 1.000000000000000000e+00
2.200111992742505018e-01 9.999785425655121074e-01 -6.550908986880349394e-03 0.000000000000000000e+00 6.550908986880349394e-03 9.999785425655121074e-01 -0.000000000000000000e+00 0.000000000000000000e+00 0.000000000000000000e+00 1.000000000000000000e+00
2.250655156190410067e-01 9.999768007025185979e-01 -6.811611905825284974e-03 0.000000000000000000e+00 6.811611905825284974e-03 9.999768007025185979e-01 -0.000000000000000000e+00 0.000000000000000000e+00 0.000000000000000000e+00 1.000000000000000000e+00
2.300655156190411499e-01 9.999750016463944124e-01 -7.070790782760492249e-03 0.000000000000000000e+00 7.070790782760492249e-03 9.999750016463944124e-01 -0.000000000000000000e+00 0.000000000000000000e+00 0.000000000000000000e+00 1.000000000000000000e+00
2.350655156190412931e-01 9.999731388295850509e-01 -7.329503346587031877e-03 0.000000000000000000e+00 7.329503346587031877e-03 9.999731388295850509e-01 -0.000000000000000000e+00 0.000000000000000000e+00 0.000000000000000000e+00 1.000000000000000000e+00
2.401717556190411662e-01 9.999710757975339703e-01 -7.605758891965560230e-03 0.000000000000000000e+00 7.605758891965560230e-03 9.999710757975339703e-01 -0.000000000000000000e+00 0.000000000000000000e+00 0.000000000000000000e+00 1.000000000000000000e+00
2.451679156190410824e-01 9.999690765652369251e-01 -7.864217269847604067e-03 0.000000000000000000e+00 7.864217269847604067e-03 9.999690765652369251e-01 -0.000000000000000000e+00 0.000000000000000000e+00 0.000000000000000000e+00 1.000000000000000000e+00
2.501279156190411856e-01 9.999669792417276160e-01 -8.126526082808775697e-03 0.000000000000000000e+00 8.126526082808775697e-03 9.999669792417276160e-01 -0.000000000000000000e+00 0.000000000000000000e+00 0.000000000000000000e+00 1.000000000000000000e+00
2.550799156190411976e-01 9.999647500268356026e-01 -8.396350622043273135e-03 0.000000000000000000e+00 8.396350622043273135e-03 9.999647500268356026e-01 -0.000000000000000000e+00 0.000000000000000000e+00 0.000000000000000000e+00 1.000000000000000000e+00
2.600065816887449088e-01 9.999622877337305260e-01 -8.684647967756552178e-03 0.000000000000000000e+00 8.684647967756552178e-03 9.999622877337305260e-01 -0.000000000000000000e+00 0.000000000000000000e+00 0.000000000000000000e+00 1.000000000000000000e+00
2.650604916469657679e-01 9.999594361756107830e-01 -9.006997466121550305e-03 0.000000000000000000e+00 9.006997466121550305e-03 9.999594361756107830e-01 -0.000000000000000000e+00 0.000000000000000000e+00 0.000000000000000000e+00 1.000000000000000000e+00
2.701536074653387298e-01 9.999570246355424796e-01 -9.270861989761899208e-03 0.000000000000000000e+00 9.270861989761899208e-03 9.999570246355424796e-01 -0.000000000000000000e+00 0.000000000000000000e+00 0.000000000000000000e+00 1.000000000000000000e+00
2.751799095158934394e-01 9.999543461144940748e-01 -9.555400919621002964e-03 0.000000000000000000e+00 9.555400919621002964e-03 9.999543461144940748e-01 -0.000000000000000000e+00 0.000000000000000000e+00 0.000000000000000000e+00 1.000000000000000000e+00
2.800439095158938074e-01 9.999517365262923230e-01 -9.824694298170625478e-03 0.000000000000000000e+00 9.824694298170625478e-03 9.999517365262923230e-01 -0.000000000000000000e+00 0.000000000000000000e+00 0.000000000000000000e+00 1.000000000000000000e+00
2.851664695158937501e-01 9.999487169458692870e-01 -1.012736285071087587e-02 0.000000000000000000e+00 1.012736285071087587e-02 9.999487169458692870e-01 -0.000000000000000000e+00 0.000000000000000000e+00 0.000000000000000000e+00 1.000000000000000000e+00
2.901507895158932371e-01 9.999460516313435354e-01 -1.038719533303046443e-02 0.000000000000000000e+00 1.038719533303046443e-02 9.999460516313435354e-01 -0.000000000000000000e+00 0.000000000000000000e+00 0.000000000000000000e+00 1.000000000000000000e+00
2.951507895158926864e-01 9.999432509250228973e-01 -1.065339990315593809e-02 0.000000000000000000e+00 1.065339990315593809e-02 9.999432509250228973e-01 -0.000000000000000000e+00 0.000000000000000000e+00 0.000000000000000000e+00 1.000000000000000000e+00
3.001507895158921357e-01 9.999404277093576487e-01 -1.091517441120693280e-02 0.000000000000000000e+00 1.091517441120693280e-02 9.999404277093576487e-01 -0.000000000000000000e+00 0.000000000000000000e+00 0.000000000000000000e+00 1.000000000000000000e+00
3.051507895158915851e-01 9.999375920244016891e-01 -1.117193163429750467e-02 0.000000000000000000e+00 1.117193163429750467e-02 9.999375920244016891e-01 -0.000000000000000000e+00 0.000000000000000000e+00 0.000000000000000000e+00 1.000000000000000000e+00
3.101507895158910344e-01 9.999346908509602061e-01 -1.142864964879051863e-02 0.000000000000000000e+00 1.142864964879051863e-02 9.999346908509602061e-01 -0.000000000000000000e+00 0.000000000000000000e+00 0.000000000000000000e+00 1.000000000000000000e+00
3.151507895158904837e-01 9.999315544297464609e-01 -1.169984853368853488e-02 0.000000000000000000e+00 1.169984853368853488e-02 9.999315544297464609e-01 -0.000000000000000000e+00 0.000000000000000000e+00 0.000000000000000000e+00 1.000000000000000000e+00
3.201507895158899331e-01 9.999284335037027516e-01 -1.196360609645846090e-02 0.000000000000000000e+00 1.196360609645846090e-02 9.999284335037027516e-01 -0.000000000000000000e+00 0.000000000000000000e+00 0.000000000000000000e+00 1.000000000000000000e+00
3.251507895158893824e-01 9.999252481499613099e-01 -1.222694206408989591e-02 0.000000000000000000e+00 1.222694206408989591e-02 9.999252481499613099e-01 -0.000000000000000000e+00 0.000000000000000000e+00 0.000000000000000000e+00 1.000000000000000000e+00
3.301507895158888317e-01 9.999219893622919297e-01 -1.249060405892727169e-02 0.000000000000000000e+00 1.249060405892727169e-02 9.999219893622919297e-01 -0.000000000000000000e+00 0.000000000000000000e+00 0.000000000000000000e+00 1.000000000000000000e+00
3.351507895158882810e-01 9.999186637992681925e-01 -1.275404978374128709e-02 0.000000000000000000e+00 1.275404978374128709e-02 9.999186637992681925e-01 -0.000000000000000000e+00 0.000000000000000000e+00 0.000000000000000000e+00 1.000000000000000000e+00
3.401507895158877304e-01 9.999152490343053978e-01 -1.301901488835443231e-02 0.000000000000000000e+00 1.301901488835443231e-02 9.999152490343053978e-01 -0.000000000000000000e+00 0.000000000000000000e+00 0.000000000000000000e+00 1.000000000000000000e+00
3.451507895158871797e-01 9.999117501133392150e-01 -1.328502861416890751e-02 0.000000000000000000e+00 1.328502861416890751e-02 9.999117501133392150e-01 -0.000000000000000000e+00 0.000000000000000000e+00 0.000000000000000000e+00 1.000000000000000000e+00
3.501507895158866290e-01 9.999081504579311330e-01 -1.355325229602166379e-02 0.000000000000000000e+00 1.355325229602166379e-02 9.999081504579311330e-01 -0.000000000000000000e+00 0.000000000000000000e+00 0.000000000000000000e+00 1.000000000000000000e+00
3.550707895158866645e-01 9.999045558137000800e-01 -1.381590615946650703e-02 0.000000000000000000e+00 1.381590615946650703e-02 9.999045558137000800e-01 -0.000000000000000000e+00 0.000000000000000000e+00 0.000000000000000000e+00 1.000000000000000000e+00
3.600707895158861138e-01 9.999008658323372822e-01 -1.408042995588720467e-02 0.000000000000000000e+00 1.408042995588720467e-02 9.999008658323372822e-01 -0.000000000000000000e+00 0.000000000000000000e+00 0.000000000000000000e+00 1.000000000000000000e+00
3.650707895158855631e-01 9.998971392061600794e-01 -1.434262902460108416e-02 0.000000000000000000e+00 1.434262902460108416e-02 9.998971392061600794e-01 -0.000000000000000000e+00 0.000000000000000000e+00 0.000000000000000000e+00 1.000000000000000000e+00
3.700707895158850125e-01 9.998933387680973839e-01 -1.460517330219883794e-02 0.000000000000000000e+00 1.460517330219883794e-02 9.998933387680973839e-01 -0.000000000000000000e+00 0.000000000000000000e+00 0.000000000000000000e+00 1.000000000000000000e+00
3.750707895158844618e-01 9.998893215539736978e-01 -1.487765580777132730e-02 0.000000000000000000e+00 1.487765580777132730e-02 9.998893215539736978e-01 -0.000000000000000000e+00 0.000000000000000000e+00 0.000000000000000000e+00 1.000000000000000000e+00
3.800707895158839111e-01 9.998845500498901862e-01 -1.519495217264144743e-02 0.000000000000000000e+00 1.519495217264144743e-02 9.998845500498901862e-01 -0.000000000000000000e+00 0.000000000000000000e+00 0.000000000000000000e+00 1.000000000000000000e+00
3.850707895158835270e-01 9.998793632572965384e-01 -1.553251210151126299e-02 0.000000000000000000e+00 1.553251210151126299e-02 9.998793632572965384e-01 -0.000000000000000000e+00 0.000000000000000000e+00 0.000000000000000000e+00 1.000000000000000000e+00
3.900307895158834914e-01 9.998751940681626094e-01 -1.579861662153598384e-02 0.000000000000000000e+00 1.579861662153598384e-02 9.998751940681626094e-01 -0.000000000000000000e+00 0.000000000000000000e+00 0.000000000000000000e+00 1.000000000000000000e+00
3.950307895158829408e-01 9.998709818813363848e-01 -1.606298825413762441e-02 0.000000000000000000e+00 1.606298825413762441e-02 9.998709818813363848e-01 -0.000000000000000000e+00 0.000000000000000000e+00 0.000000000000000000e+00 1.000000000000000000e+00
4.000307895158823901e-01 9.998668312990168783e-01 -1.631930354101034791e-02 0.000000000000000000e+00 1.631930354101034791e-02 9.998668312990168783e-01 -0.000000000000000000e+00 0.000000000000000000e+00 0.000000000000000000e+00 1.000000000000000000e+00
4.050307895158818394e-01 9.998626542025252917e-01 -1.657325348510085145e-02 0.000000000000000000e+00 1.657325348510085145e-02 9.998626542025252917e-01 -0.000000000000000000e+00 0.000000000000000000e+00 0.000000000000000000e+00 1.000000000000000000e+00
4.100307895158812888e-01 9.998584277433312240e-01 -1.682630294015784872e-02 0.000000000000000000e+00 1.682630294015784872e-02 9.998584277433312240e-01 -0.000000000000000000e+00 0.000000000000000000e+00 0.000000000000000000e+00 1.000000000000000000e+00
4.150035895158808996e-01 9.998541988650919699e-01 -1.707574337607577208e-02 0.000000000000000000e+00 1.707574337607577208e-02 9.998541988650919699e-01 -0.000000000000000000e+00 0.000000000000000000e+00 0.000000000000000000e+00 1.000000000000000000e+00
4.200039863158807063e-01 9.998492685251290091e-01 -1.736203414823821872e-02 0.000000000000000000e+00 1.736203414823821872e-02 9.998492685251290091e-01 -0.000000000000000000e+00 0.000000000000000000e+00 0.000000000000000000e+00 1.000000000000000000e+00
4.250087223158803273e-01 9.998446792140578410e-01 -1.762434246541062441e-02 0.000000000000000000e+00 1.762434246541062441e-02 9.998446792140578410e-01 -0.000000000000000000e+00 0.000000000000000000e+00 0.000000000000000000e+00 1.000000000000000000e+00
4.300647223158808874e-01 9.998398838929247745e-01 -1.789431689065307599e-02 0.000000000000000000e+00 1.789431689065307599e-02 9.998398838929247745e-01 -0.000000000000000000e+00 0.000000000000000000e+00 0.000000000000000000e+00 1.000000000000000000e+00
4.351063043958808829e-01 9.998350102614773638e-01 -1.816458795106319288e-02 0.000000000000000000e+00 1.816458795106319288e-02 9.998350102614773638e-01 -0.000000000000000000e+00 0.000000000000000000e+00 0.000000000000000000e+00 1.000000000000000000e+00
4.400881130358808568e-01 9.998301684503346776e-01 -1.842916863496184970e-02 0.000000000000000000e+00 1.842916863496184970e-02 9.998301684503346776e-01 -0.000000000000000000e+00 0.000000000000000000e+00 0.000000000000000000e+00 1.000000000000000000e+00
4.450253290358806013e-01 9.998253421319907019e-01 -1.868917415639086491e-02 0.000000000000000000e+00 1.868917415639086491e-02 9.998253421319907019e-01 -0.000000000000000000e+00 0.000000000000000000e+00 0.000000000000000000e+00 1.000000000000000000e+00
4.500961514358802762e-01 9.998203166380541518e-01 -1.895611874254744117e-02 0.000000000000000000e+00 1.895611874254744117e-02 9.998203166380541518e-01 -0.000000000000000000e+00 0.000000000000000000e+00 0.000000000000000000e+00 1.000000000000000000e+00
4.550961514358797255e-01 9.998153062708405869e-01 -1.921856775479439255e-02 0.000000000000000000e+00 1.921856775479439255e-02 9.998153062708405869e-01 -0.000000000000000000e+00 0.000000000000000000e+00 0.000000000000000000e+00 1.000000000000000000e+00
4.600961514358791749e-01 9.998102122379197709e-01 -1.948177365555103444e-02 0.000000000000000000e+00 1.948177365555103444e-02 9.998102122379197709e-01 -0.000000000000000000e+00 0.000000000000000000e+00 0.000000000000000000e+00 1.000000000000000000e+00
4.650961514358786242e-01 9.998050279874882706e-01 -1.974603785416794918e-02 0.000000000000000000e+00 1.974603785416794918e-02 9.998050279874882706e-01 -0.000000000000000000e+00 0.000000000000000000e+00 0.000000000000000000e+00 1.000000000000000000e+00
4.700961514358780735e-01 9.997997720646363273e-01 -2.001039178780810932e-02 0.000000000000000000e+00 2.001039178780810932e-02 9.997997720646363273e-01 -0.000000000000000000e+00 0.000000000000000000e+00 0.000000000000000000e+00 1.000000000000000000e+00
4.750961514358775228e-01 9.997944599477641692e-01 -2.027406860398072580e-02 0.000000000000000000e+00 2.027406860398072580e-02 9.997944599477641692e-01 -0.000000000000000000e+00 0.000000000000000000e+00 0.000000000000000000e+00 1.000000000000000000e+00
4.800961514358769722e-01 9.997890956949427865e-01 -2.053689678332487958e-02 0.000000000000000000e+00 2.053689678332487958e-02 9.997890956949427865e-01 -0.000000000000000000e+00 0.000000000000000000e+00 0.000000000000000000e+00 1.000000000000000000e+00
4.850961514358764215e-01 9.997837065884992436e-01 -2.079759698047132371e-02 0.000000000000000000e+00 2.079759698047132371e-02 9.997837065884992436e-01 -0.000000000000000000e+00 0.000000000000000000e+00 0.000000000000000000e+00 1.000000000000000000e+00
4.900961514358758708e-01 9.997775196903931905e-01 -2.109291638739762415e-02 0.000000000000000000e+00 2.109291638739762415e-02 9.997775196903931905e-01 -0.000000000000000000e+00 0.000000000000000000e+00 0.000000000000000000e+00 1.000000000000000000e+00
4.951361514358754157e-01 9.997710174497971281e-01 -2.139889406949967154e-02 0.000000000000000000e+00 2.139889406949967154e-02 9.997710174497971281e-01 -0.000000000000000000e+00 0.000000000000000000e+00 0.000000000000000000e+00 1.000000000000000000e+00
5.001361514358754201e-01 9.997654075095434578e-01 -2.165940782378335955e-02 0.000000000000000000e+00 2.165940782378335955e-02 9.997654075095434578e-01 -0.000000000000000000e+00 0.000000000000000000e+00 0.000000000000000000e+00 1.000000000000000000e+00
5.051361514358748694e-01 9.997597549208985246e-01 -2.191876913755181483e-02 0.000000000000000000e+00 2.191876913755181483e-02 9.997597549208985246e-01 -0.000000000000000000e+00 0.000000000000000000e+00 0.000000000000000000e+00 1.000000000000000000e+00
5.101361514358743188e-01 9.997528064578197204e-01 -2.223344282187623977e-02 0.000000000000000000e+00 2.223344282187623977e-02 9.997528064578197204e-01 -0.000000000000000000e+00 0.000000000000000000e+00 0.000000000000000000e+00 1.000000000000000000e+00
5.151361514358737681e-01 9.997463931464926068e-01 -2.251997758833759397e-02 0.000000000000000000e+00 2.251997758833759397e-02 9.997463931464926068e-01 -0.000000000000000000e+00 0.000000000000000000e+00 0.000000000000000000e+00 1.000000000000000000e+00
5.201361514358732174e-01 9.997403690338827476e-01 -2.278584042769028414e-02 0.000000000000000000e+00 2.278584042769028414e-02 9.997403690338827476e-01 -0.000000000000000000e+00 0.000000000000000000e+00 0.000000000000000000e+00 1.000000000000000000e+00
5.251041514358733009e-01 9.997345331480276265e-01 -2.304046942437714199e-02 0.000000000000000000e+00 2.304046942437714199e-02 9.997345331480276265e-01 -0.000000000000000000e+00 0.000000000000000000e+00 0.000000000000000000e+00 1.000000000000000000e+00
5.300561514358727022e-01 9.997287249544294374e-01 -2.329112494043581588e-02 0.000000000000000000e+00 2.329112494043581588e-02 9.997287249544294374e-01 -0.000000000000000000e+00 0.000000000000000000e+00 0.000000000000000000e+00 1.000000000000000000e+00
5.350561514358721515e-01 9.997227734389384501e-01 -2.354519627349246566e-02 0.000000000000000000e+00 2.354519627349246566e-02 9.997227734389384501e-01 -0.000000000000000000e+00 0.000000000000000000e+00 0.000000000000000000e+00 1.000000000000000000e+00
5.400561514358716009e-01 9.997167304612858407e-01 -2.380039570673629992e-02 0.000000000000000000e+00 2.380039570673629992e-02 9.997167304612858407e-01 -0.000000000000000000e+00 0.000000000000000000e+00 0.000000000000000000e+00 1.000000000000000000e+00
5.450561514358710502e-01 9.997103298888522227e-01 -2.406774425497061956e-02 0.000000000000000000e+00 2.406774425497061956e-02 9.997103298888522227e-01 -0.000000000000000000e+00 0.000000000000000000e+00 0.000000000000000000e+00 1.000000000000000000e+00
5.500561514358704995e-01 9.997040409940531891e-01 -2.432756502737131940e-02 0.000000000000000000e+00 2.432756502737131940e-02 9.997040409940531891e-01 -0.000000000000000000e+00 0.000000000000000000e+00 0.000000000000000000e+00 1.000000000000000000e+00
5.550561514358699489e-01 9.996975823029503605e-01 -2.459154199386841613e-02 0.000000000000000000e+00 2.459154199386841613e-02 9.996975823029503605e-01 -0.000000000000000000e+00 0.000000000000000000e+00 0.000000000000000000e+00 1.000000000000000000e+00
5.600561514358693982e-01 9.996911024205739071e-01 -2.485356596422105130e-02 0.000000000000000000e+00 2.485356596422105130e-02 9.996911024205739071e-01 -0.000000000000000000e+00 0.000000000000000000e+00 0.000000000000000000e+00 1.000000000000000000e+00
5.650561514358688475e-01 9.996845883569634994e-01 -2.511421512946089216e-02 0.000000000000000000e+00 2.511421512946089216e-02 9.996845883569634994e-01 -0.000000000000000000e+00 0.000000000000000000e+00 0.000000000000000000e+00 1.000000000000000000e+00
5.700561514358682969e-01 9.996779611691402057e-01 -2.537664187222945719e-02 0.000000000000000000e+00 2.537664187222945719e-02 9.996779611691402057e-01 -0.000000000000000000e+00 0.000000000000000000e+00 0.000000000000000000e+00 1.000000000000000000e+00
5.750561514358677462e-01 9.996711990179339979e-01 -2.564164296699348797e-02 0.000000000000000000e+00 2.564164296699348797e-02 9.996711990179339979e-01 -0.000000000000000000e+00 0.000000000000000000e+00 0.000000000000000000e+00 1.000000000000000000e+00
5.800561514358671955e-01 9.996643514197639524e-01 -2.590722873066521673e-02 0.000000000000000000e+00 2.590722873066521673e-02 9.996643514197639524e-01 -0.000000000000000000e+00 0.000000000000000000e+00 0.000000000000000000e+00 1.000000000000000000e+00
5.850561514358666448e-01 9.996573985837353682e-01 -2.617413717391941022e-02 0.000000000000000000e+00 2.617413717391941022e-02 9.996573985837353682e-01 -0.000000000000000000e+00 0.000000000000000000e+00 0.000000000000000000e+00 1.000000000000000000e+00
5.900561514358660942e-01 9.996504452953001163e-01 -2.643836645688203701e-02 0.000000000000000000e+00 2.643836645688203701e-02 9.996504452953001163e-01 -0.000000000000000000e+00 0.000000000000000000e+00 0.000000000000000000e+00 1.000000000000000000e+00
5.950561514358655435e-01 9.996434818023561819e-01 -2.670036123468663355e-02 0.000000000000000000e+00 2.670036123468663355e-02 9.996434818023561819e-01 -0.000000000000000000e+00 0.000000000000000000e+00 0.000000000000000000e+00 1.000000000000000000e+00
6.000561514358649928e-01 9.996364251968087311e-01 -2.696326055478719813e-02 0.000000000000000000e+00 2.696326055478719813e-02 9.996364251968087311e-01 -0.000000000000000000e+00 0.000000000000000000e+00 0.000000000000000000e+00 1.000000000000000000e+00
6.050161514358651793e-01 9.996293561797258143e-01 -2.722407507533109935e-02 0.000000000000000000e+00 2.722407507533109935e-02 9.996293561797258143e-01 -0.000000000000000000e+00 0.000000000000000000e+00 0.000000000000000000e+00 1.000000000000000000e+00
6.101041514358644946e-01 9.996212290884085583e-01 -2.752087127581280546e-02 0.000000000000000000e+00 2.752087127581280546e-02 9.996212290884085583e-01 -0.000000000000000000e+00 0.000000000000000000e+00 0.000000000000000000e+00 1.000000000000000000e+00
6.151041514358639439e-01 9.996133543399748911e-01 -2.780542798059819354e-02 0.000000000000000000e+00 2.780542798059819354e-02 9.996133543399748911e-01 -0.000000000000000000e+00 0.000000000000000000e+00 0.000000000000000000e+00 1.000000000000000000e+00
6.200488057309033740e-01 9.996036505479657386e-01 -2.815211912415915493e-02 0.000000000000000000e+00 2.815211912415915493e-02 9.996036505479657386e-01 -0.000000000000000000e+00 0.000000000000000000e+00 0.000000000000000000e+00 1.000000000000000000e+00
6.251828271004317150e-01 9.995962333866587057e-01 -2.841426049020001621e-02 0.000000000000000000e+00 2.841426049020001621e-02 9.995962333866587057e-01 -0.000000000000000000e+00 0.000000000000000000e+00 0.000000000000000000e+00 1.000000000000000000e+00
6.301464127090122824e-01 9.995890697013238846e-01 -2.866516585757252975e-02 0.000000000000000000e+00 2.866516585757252975e-02 9.995890697013238846e-01 -0.000000000000000000e+00 0.000000000000000000e+00 0.000000000000000000e+00 1.000000000000000000e+00
6.351464127090117318e-01 9.995817812049059281e-01 -2.891820677753090957e-02 0.000000000000000000e+00 2.891820677753090957e-02 9.995817812049059281e-01 -0.000000000000000000e+00 0.000000000000000000e+00 0.000000000000000000e+00 1.000000000000000000e+00
6.401464127090111811e-01 9.995743971423900476e-01 -2.917232554027479607e-02 0.000000000000000000e+00 2.917232554027479607e-02 9.995743971423900476e-01 -0.000000000000000000e+00 0.000000000000000000e+00 0.000000000000000000e+00 1.000000000000000000e+00
6.451464127090106304e-01 9.995667387613986765e-01 -2.943356522581168019e-02 0.000000000000000000e+00 2.943356522581168019e-02 9.995667387613986765e-01 -0.000000000000000000e+00 0.000000000000000000e+00 0.000000000000000000e+00 1.000000000000000000e+00
6.501464127090100797e-01 9.995587698083620021e-01 -2.970295775161613250e-02 0.000000000000000000e+00 2.970295775161613250e-02 9.995587698083620021e-01 -0.000000000000000000e+00 0.000000000000000000e+00 0.000000000000000000e+00 1.000000000000000000e+00
6.550744127090101232e-01 9.995509218848782629e-01 -2.996588992655377370e-02 0.000000000000000000e+00 2.996588992655377370e-02 9.995509218848782629e-01 -0.000000000000000000e+00 0.000000000000000000e+00 0.000000000000000000e+00 1.000000000000000000e+00
6.600664127090095645e-01 9.995431181572065338e-01 -3.022507145681086263e-02 0.000000000000000000e+00 3.022507145681086263e-02 9.995431181572065338e-01 -0.000000000000000000e+00 0.000000000000000000e+00 0.000000000000000000e+00 1.000000000000000000e+00
6.650664127090090139e-01 9.995346991121619729e-01 -3.050221747283533846e-02 0.000000000000000000e+00 3.050221747283533846e-02 9.995346991121619729e-01 -0.000000000000000000e+00 0.000000000000000000e+00 0.000000000000000000e+00 1.000000000000000000e+00
6.700664127090084632e-01 9.995266810275423852e-01 -3.076384101613443417e-02 0.000000000000000000e+00 3.076384101613443417e-02 9.995266810275423852e-01 -0.000000000000000000e+00 0.000000000000000000e+00 0.000000000000000000e+00 1.000000000000000000e+00
6.750756927090083570e-01 9.995185280670647598e-01 -3.102760143241382190e-02 0.000000000000000000e+00 3.102760143241382190e-02 9.995185280670647598e-01 -0.000000000000000000e+00 0.000000000000000000e+00 0.000000000000000000e+00 1.000000000000000000e+00
6.800475327090088618e-01 9.995104561182686087e-01 -3.128654839145369321e-02 0.000000000000000000e+00 3.128654839145369321e-02 9.995104561182686087e-01 -0.000000000000000000e+00 0.000000000000000000e+00 0.000000000000000000e+00 1.000000000000000000e+00
6.851995327090082410e-01 9.995019575797399192e-01 -3.155688188443622061e-02 0.000000000000000000e+00 3.155688188443622061e-02 9.995019575797399192e-01 -0.000000000000000000e+00 0.000000000000000000e+00 0.000000000000000000e+00 1.000000000000000000e+00
6.901195327090081655e-01 9.994937419692839775e-01 -3.181602998865185050e-02 0.000000000000000000e+00 3.181602998865185050e-02 9.994937419692839775e-01 -0.000000000000000000e+00 0.000000000000000000e+00 0.000000000000000000e+00 1.000000000000000000e+00
6.951195327090077258e-01 9.994854538498242347e-01 -3.207534166008577797e-02 0.000000000000000000e+00 3.207534166008577797e-02 9.994854538498242347e-01 -0.000000000000000000e+00 0.000000000000000000e+00 0.000000000000000000e+00 1.000000000000000000e+00
7.001195327090071752e-01 9.994771922431437972e-01 -3.233175197483360852e-02 0.000000000000000000e+00 3.233175197483360852e-02 9.994771922431437972e-01 -0.000000000000000000e+00 0.000000000000000000e+00 0.000000000000000000e+00 1.000000000000000000e+00
7.051195327090066245e-01 9.994687583018497801e-01 -3.259142799202151275e-02 0.000000000000000000e+00 3.259142799202151275e-02 9.994687583018497801e-01 -0.000000000000000000e+00 0.000000000000000000e+00 0.000000000000000000e+00 1.000000000000000000e+00
7.101195327090060738e-01 9.994601726616085813e-01 -3.285366438052302052e-02 0.000000000000000000e+00 3.285366438052302052e-02 9.994601726616085813e-01 -0.000000000000000000e+00 0.000000000000000000e+00 0.000000000000000000e+00 1.000000000000000000e+00
7.150795327090059272e-01 9.994514773512322980e-01 -3.311713182689110524e-02 0.000000000000000000e+00 3.311713182689110524e-02 9.994514773512322980e-01 -0.000000000000000000e+00 0.000000000000000000e+00 0.000000000000000000e+00 1.000000000000000000e+00
7.200395327090062247e-01 9.994425890819550462e-01 -3.338429464821306147e-02 0.000000000000000000e+00 3.338429464821306147e-02 9.994425890819550462e-01 -0.000000000000000000e+00 0.000000000000000000e+00 0.000000000000000000e+00 1.000000000000000000e+00
7.251435327090062222e-01 9.994328213495985436e-01 -3.367544519649021129e-02 0.000000000000000000e+00 3.367544519649021129e-02 9.994328213495985436e-01 -0.000000000000000000e+00 0.000000000000000000e+00 0.000000000000000000e+00 1.000000000000000000e+00
7.300843327090061896e-01 9.994226304313951204e-01 -3.397654752313093024e-02 0.000000000000000000e+00 3.397654752313093024e-02 9.994226304313951204e-01 -0.000000000000000000e+00 0.000000000000000000e+00 0.000000000000000000e+00 1.000000000000000000e+00
7.350662811250059381e-01 9.994141489349029905e-01 -3.422512101839735033e-02 0.000000000000000000e+00 3.422512101839735033e-02 9.994141489349029905e-01 -0.000000000000000000e+00 0.000000000000000000e+00 0.000000000000000000e+00 1.000000000000000000e+00
7.400326296851720276e-01 9.994053479478008928e-01 -3.448116142671952405e-02 0.000000000000000000e+00 3.448116142671952405e-02 9.994053479478008928e-01 -0.000000000000000000e+00 0.000000000000000000e+00 0.000000000000000000e+00 1.000000000000000000e+00
7.450244350798181925e-01 9.993939200079091645e-01 -3.481081227471421319e-02 0.000000000000000000e+00 3.481081227471421319e-02 9.993939200079091645e-01 -0.000000000000000000e+00 0.000000000000000000e+00 0.000000000000000000e+00 1.000000000000000000e+00
7.500478016415931259e-01 9.993845826993513759e-01 -3.507785430786146408e-02 0.000000000000000000e+00 3.507785430786146408e-02 9.993845826993513759e-01 -0.000000000000000000e+00 0.000000000000000000e+00 0.000000000000000000e+00 1.000000000000000000e+00
7.550731456415930021e-01 9.993750706873362200e-01 -3.534781589691604609e-02 0.000000000000000000e+00 3.534781589691604609e-02 9.993750706873362200e-01 -0.000000000000000000e+00 0.000000000000000000e+00 0.000000000000000000e+00 1.000000000000000000e+00
7.600819310495936509e-01 9.993660288323775731e-01 -3.560253383965657215e-02 0.000000000000000000e+00 3.560253383965657215e-02 9.993660288323775731e-01 -0.000000000000000000e+00 0.000000000000000000e+00 0.000000000000000000e+00 1.000000000000000000e+00
7.650216696735931965e-01 9.993570075538151798e-01 -3.585486651884454284e-02 0.000000000000000000e+00 3.585486651884454284e-02 9.993570075538151798e-01 -0.000000000000000000e+00 0.000000000000000000e+00 0.000000000000000000e+00 1.000000000000000000e+00
7.700216696735926458e-01 9.993477862233960396e-01 -3.611097022232946652e-02 0.000000000000000000e+00 3.611097022232946652e-02 9.993477862233960396e-01 -0.000000000000000000e+00 0.000000000000000000e+00 0.000000000000000000e+00 1.000000000000000000e+00
7.750216696735920952e-01 9.993383260348556174e-01 -3.637183137887078227e-02 0.000000000000000000e+00 3.637183137887078227e-02 9.993383260348556174e-01 -0.000000000000000000e+00 0.000000000000000000e+00 0.000000000000000000e+00 1.000000000000000000e+00
7.800216696735915445e-01 9.993283599545157436e-01 -3.664463112951524271e-02 0.000000000000000000e+00 3.664463112951524271e-02 9.993283599545157436e-01 -0.000000000000000000e+00 0.000000000000000000e+00 0.000000000000000000e+00 1.000000000000000000e+00
7.851432696735916039e-01 9.993181700447597571e-01 -3.692147096735137052e-02 0.000000000000000000e+00 3.692147096735137052e-02 9.993181700447597571e-01 -0.000000000000000000e+00 0.000000000000000000e+00 0.000000000000000000e+00 1.000000000000000000e+00
7.900240632735923141e-01 9.993089533737047336e-01 -3.717009156770183231e-02 0.000000000000000000e+00 3.717009156770183231e-02 9.993089533737047336e-01 -0.000000000000000000e+00 0.000000000000000000e+00 0.000000000000000000e+00 1.000000000000000000e+00
7.951779576735918953e-01 9.992990149920033538e-01 -3.743632775810679103e-02 0.000000000000000000e+00 3.743632775810679103e-02 9.992990149920033538e-01 -0.000000000000000000e+00 0.000000000000000000e+00 0.000000000000000000e+00 1.000000000000000000e+00
8.001699576735920028e-01 9.992893713086958840e-01 -3.769286921251328165e-02 0.000000000000000000e+00 3.769286921251328165e-02 9.992893713086958840e-01 -0.000000000000000000e+00 0.000000000000000000e+00 0.000000000000000000e+00 1.000000000000000000e+00
8.050979576735913801e-01 9.992797396549746303e-01 -3.794735715549119037e-02 0.000000000000000000e+00 3.794735715549119037e-02 9.992797396549746303e-01 -0.000000000000000000e+00 0.000000000000000000e+00 0.000000000000000000e+00 1.000000000000000000e+00
8.100979576735908294e-01 9.992697805671055811e-01 -3.820871164235888073e-02 0.000000000000000000e+00 3.820871164235888073e-02 9.992697805671055811e-01 -0.000000000000000000e+00 0.000000000000000000e+00 0.000000000000000000e+00 1.000000000000000000e+00
8.150979576735902787e-01 9.992597677582006899e-01 -3.846968338610636667e-02 0.000000000000000000e+00 3.846968338610636667e-02 9.992597677582006899e-01 -0.000000000000000000e+00 0.000000000000000000e+00 0.000000000000000000e+00 1.000000000000000000e+00
8.200979576735897281e-01 9.992498458122391902e-01 -3.872654960381383127e-02 0.000000000000000000e+00 3.872654960381383127e-02 9.992498458122391902e-01 -0.000000000000000000e+00 0.000000000000000000e+00 0.000000000000000000e+00 1.000000000000000000e+00
8.250979576735891774e-01 9.992402013101558955e-01 -3.897460821662467739e-02 0.000000000000000000e+00 3.897460821662467739e-02 9.992402013101558955e-01 -0.000000000000000000e+00 0.000000000000000000e+00 0.000000000000000000e+00 1.000000000000000000e+00
8.300979576735886267e-01 9.992316411854305080e-01 -3.919345932514017861e-02 0.000000000000000000e+00 3.919345932514017861e-02 9.992316411854305080e-01 -0.000000000000000000e+00 0.000000000000000000e+00 0.000000000000000000e+00 1.000000000000000000e+00
8.350179576735885512e-01 9.992232390268168674e-01 -3.940708805224376471e-02 0.000000000000000000e+00 3.940708805224376471e-02 9.992232390268168674e-01 -0.000000000000000000e+00 0.000000000000000000e+00 0.000000000000000000e+00 1.000000000000000000e+00
8.400099576735882145e-01 9.992123217052500950e-01 -3.968294535948697216e-02 0.000000000000000000e+00 3.968294535948697216e-02 9.992123217052500950e-01 -0.000000000000000000e+00 0.000000000000000000e+00 0.000000000000000000e+00 1.000000000000000000e+00
8.450426081470596706e-01 9.992028320539954045e-01 -3.992117752866534280e-02 0.000000000000000000e+00 3.992117752866534280e-02 9.992028320539954045e-01 -0.000000000000000000e+00 0.000000000000000000e+00 0.000000000000000000e+00 1.000000000000000000e+00
8.500898303750198393e-01 9.991914496321750994e-01 -4.020506164592783233e-02 0.000000000000000000e+00 4.020506164592783233e-02 9.991914496321750994e-01 -0.000000000000000000e+00 0.000000000000000000e+00 0.000000000000000000e+00 1.000000000000000000e+00
8.550237022615219118e-01 9.991711179946312082e-01 -4.070721023798009458e-02 0.000000000000000000e+00 4.070721023798009458e-02 9.991711179946312082e-01 -0.000000000000000000e+00 0.000000000000000000e+00 0.000000000000000000e+00 1.000000000000000000e+00
8.600498369896176776e-01 9.991618046937492670e-01 -4.093516875658873011e-02 0.000000000000000000e+00 4.093516875658873011e-02 9.991618046937492670e-01 -0.000000000000000000e+00 0.000000000000000000e+00 0.000000000000000000e+00 1.000000000000000000e+00
8.650388328055668152e-01 9.991506382858098556e-01 -4.120681998236758181e-02 0.000000000000000000e+00 4.120681998236758181e-02 9.991506382858098556e-01 -0.000000000000000000e+00 0.000000000000000000e+00 0.000000000000000000e+00 1.000000000000000000e+00
8.700388328055662646e-01 9.991402394266455378e-01 -4.145819531124910612e-02 0.000000000000000000e+00 4.145819531124910612e-02 9.991402394266455378e-01 -0.000000000000000000e+00 0.000000000000000000e+00 0.000000000000000000e+00 1.000000000000000000e+00
8.750388328055657139e-01 9.991305961186782714e-01 -4.168994962260005183e-02 0.000000000000000000e+00 4.168994962260005183e-02 9.991305961186782714e-01 -0.000000000000000000e+00 0.000000000000000000e+00 0.000000000000000000e+00 1.000000000000000000e+00
8.800388328055651632e-01 9.991191030365148551e-01 -4.196448435892371348e-02 0.000000000000000000e+00 4.196448435892371348e-02 9.991191030365148551e-01 -0.000000000000000000e+00 0.000000000000000000e+00 0.000000000000000000e+00 1.000000000000000000e+00
8.850388328055646125e-01 9.991101849561433434e-01 -4.217627670742685186e-02 0.000000000000000000e+00 4.217627670742685186e-02 9.991101849561433434e-01 -0.000000000000000000e+00 0.000000000000000000e+00 0.000000000000000000e+00 1.000000000000000000e+00
8.900468328055647360e-01 9.991023981010094257e-01 -4.236033650494800545e-02 0.000000000000000000e+00 4.236033650494800545e-02 9.991023981010094257e-01 -0.000000000000000000e+00 0.000000000000000000e+00 0.000000000000000000e+00 1.000000000000000000e+00
8.951108328055640273e-01 9.990911993942164226e-01 -4.262364711080474794e-02 0.000000000000000000e+00 4.262364711080474794e-02 9.990911993942164226e-01 -0.000000000000000000e+00 0.000000000000000000e+00 0.000000000000000000e+00 1.000000000000000000e+00
9.001108328055634766e-01 9.990798333339162562e-01 -4.288923670892618584e-02 0.000000000000000000e+00 4.288923670892618584e-02 9.990798333339162562e-01 -0.000000000000000000e+00 0.000000000000000000e+00 0.000000000000000000e+00 1.000000000000000000e+00
9.051108328055629260e-01 9.990696380600454507e-01 -4.312607455554201552e-02 0.000000000000000000e+00 4.312607455554201552e-02 9.990696380600454507e-01 -0.000000000000000000e+00 0.000000000000000000e+00 0.000000000000000000e+00 1.000000000000000000e+00
9.101108328055623753e-01 9.990594777489051337e-01 -4.336081087900869879e-02 0.000000000000000000e+00 4.336081087900869879e-02 9.990594777489051337e-01 -0.000000000000000000e+00 0.000000000000000000e+00 0.000000000000000000e+00 1.000000000000000000e+00
9.151108328055618246e-01 9.990477610197151526e-01 -4.362993469505008909e-02 0.000000000000000000e+00 4.362993469505008909e-02 9.990477610197151526e-01 -0.000000000000000000e+00 0.000000000000000000e+00 0.000000000000000000e+00 1.000000000000000000e+00
9.201108328055612740e-01 9.990359932175956192e-01 -4.389856780958289323e-02 0.000000000000000000e+00 4.389856780958289323e-02 9.990359932175956192e-01 -0.000000000000000000e+00 0.000000000000000000e+00 0.000000000000000000e+00 1.000000000000000000e+00
9.251108328055607233e-01 9.990241519261268133e-01 -4.416722617828003350e-02 0.000000000000000000e+00 4.416722617828003350e-02 9.990241519261268133e-01 -0.000000000000000000e+00 0.000000000000000000e+00 0.000000000000000000e+00 1.000000000000000000e+00
9.301108328055601726e-01 9.990120855936373001e-01 -4.443931635220489673e-02 0.000000000000000000e+00 4.443931635220489673e-02 9.990120855936373001e-01 -0.000000000000000000e+00 0.000000000000000000e+00 0.000000000000000000e+00 1.000000000000000000e+00
9.351108328055596219e-01 9.989998477041656111e-01 -4.471358056624583077e-02 0.000000000000000000e+00 4.471358056624583077e-02 9.989998477041656111e-01 -0.000000000000000000e+00 0.000000000000000000e+00 0.000000000000000000e+00 1.000000000000000000e+00
9.401108328055590713e-01 9.989875775760315157e-01 -4.498688529752700033e-02 0.000000000000000000e+00 4.498688529752700033e-02 9.989875775760315157e-01 -0.000000000000000000e+00 0.000000000000000000e+00 0.000000000000000000e+00 1.000000000000000000e+00
9.451108328055585206e-01 9.989751945743645667e-01 -4.526102766299983787e-02 0.000000000000000000e+00 4.526102766299983787e-02 9.989751945743645667e-01 -0.000000000000000000e+00 0.000000000000000000e+00 0.000000000000000000e+00 1.000000000000000000e+00
9.501108328055579699e-01 9.989626912212902221e-01 -4.553615649039252644e-02 0.000000000000000000e+00 4.553615649039252644e-02 9.989626912212902221e-01 -0.000000000000000000e+00 0.000000000000000000e+00 0.000000000000000000e+00 1.000000000000000000e+00
9.551108328055574193e-01 9.989501016629542818e-01 -4.581150933524949509e-02 0.000000000000000000e+00 4.581150933524949509e-02 9.989501016629542818e-01 -0.000000000000000000e+00 0.000000000000000000e+00 0.000000000000000000e+00 1.000000000000000000e+00
9.601108328055568686e-01 9.989374009770262131e-01 -4.608762229996762883e-02 0.000000000000000000e+00 4.608762229996762883e-02 9.989374009770262131e-01 -0.000000000000000000e+00 0.000000000000000000e+00 0.000000000000000000e+00 1.000000000000000000e+00
9.651012328055568190e-01 9.989248487898774176e-01 -4.635888771444657969e-02 0.000000000000000000e+00 4.635888771444657969e-02 9.989248487898774176e-01 -0.000000000000000000e+00 0.000000000000000000e+00 0.000000000000000000e+00 1.000000000000000000e+00
9.700660328055565884e-01 9.989123649806295191e-01 -4.662710680286699660e-02 0.000000000000000000e+00 4.662710680286699660e-02 9.989123649806295191e-01 -0.000000000000000000e+00 0.000000000000000000e+00 0.000000000000000000e+00 1.000000000000000000e+00
9.751460328055562288e-01 9.988995981957259351e-01 -4.689981582498406465e-02 0.000000000000000000e+00 4.689981582498406465e-02 9.988995981957259351e-01 -0.000000000000000000e+00 0.000000000000000000e+00 0.000000000000000000e+00 1.000000000000000000e+00
9.801860328055567173e-01 9.988869187131674821e-01 -4.716909606632394003e-02 0.000000000000000000e+00 4.716909606632394003e-02 9.988869187131674821e-01 -0.000000000000000000e+00 0.000000000000000000e+00 0.000000000000000000e+00 1.000000000000000000e+00
9.851860328055561666e-01 9.988741389737026966e-01 -4.743895540106495001e-02 0.000000000000000000e+00 4.743895540106495001e-02 9.988741389737026966e-01 -0.000000000000000000e+00 0.000000000000000000e+00 0.000000000000000000e+00 1.000000000000000000e+00
9.901860328055556160e-01 9.988613184837580317e-01 -4.770813805724241630e-02 0.000000000000000000e+00 4.770813805724241630e-02 9.988613184837580317e-01 -0.000000000000000000e+00 0.000000000000000000e+00 0.000000000000000000e+00 1.000000000000000000e+00
9.951620328055557074e-01 9.988484388990966911e-01 -4.797703730783985793e-02 0.000000000000000000e+00 4.797703730783985793e-02 9.988484388990966911e-01 -0.000000000000000000e+00 0.000000000000000000e+00 0.000000000000000000e+00 1.000000000000000000e+00
1.000000000000000000e+00 9.988359787485375785e-01 -4.823574978634970201e-02 0.000000000000000000e+00 4.823574978634970201e-02 9.988359787485375785e-01 -0.000000000000000000e+00 0.000000000000000000e+00 0.000000000000000000e+00 1.000000000000000000e+00
