time torque_Nm angle_arcmin
0.000000000000000000e+00 0.000000000000000000e+00 0.000000000000000000e+00
1.014773364736000038e-04 3.247274767155199982e+01 6.140065882662271504e-03
2.003096879153149043e-04 6.409910013290075881e+01 4.675688327874796130e-02
3.018029674474106971e-04 9.657694958317142664e+01 1.599441280245966213e-01
4.004550230919818590e-04 1.281456073894341898e+02 3.519874591101276873e-01
5.011817735236969839e-04 1.603781675275830310e+02 5.152199780072675983e-01
6.024407986604717264e-04 1.927810555713509473e+02 5.777006257967975955e-01
7.022902941441385707e-04 2.247328941261243074e+02 6.353520394735938659e-01
8.023379243969108775e-04 2.567481358070114652e+02 6.950047194866260103e-01
9.050509887014462516e-04 2.896163163844628343e+02 7.560135735859424555e-01
1.003266301979593511e-03 3.210452166334699200e+02 8.136922337697043428e-01
1.105399848363420928e-03 3.537279514762946633e+02 8.625337415397613672e-01
1.202551270533404109e-03 3.848164065706893098e+02 9.000238917420670948e-01
1.302551270533404372e-03 4.168164065706894235e+02 9.356269676298042404e-01
1.402551270533404634e-03 4.488164065706894235e+02 9.705329852735293805e-01
1.504071270533404760e-03 4.813028065706895404e+02 1.005358546501228911e+00
1.602375270533404339e-03 5.127600865706893956e+02 1.037644287004533927e+00
1.706823270533403512e-03 5.461834465706891706e+02 1.071374291222472186e+00
1.802669670533403991e-03 5.768542945706892624e+02 1.101966352150479889e+00
1.900729766021402867e-03 6.082335251268489174e+02 1.129077777287483375e+00
2.001038727219482671e-03 6.403323927102344442e+02 1.157162911416033113e+00
2.103319078406424777e-03 6.730621050900559794e+02 1.189134698101508958e+00
2.203512075487515029e-03 7.051238641560048563e+02 1.222665102485691158e+00
2.304707002539416183e-03 7.375062408126132141e+02 1.257237253830966184e+00
2.404499227632181813e-03 7.694397528422981622e+02 1.291138273367973266e+00
2.504050989531951890e-03 8.012963166502245258e+02 1.324497681116656000e+00
2.605991039218788583e-03 8.339171325500122975e+02 1.358121496092496105e+00
2.705991039218788845e-03 8.659171325500122975e+02 1.390562327430080236e+00
2.805991039218789108e-03 8.979171325500125249e+02 1.422584903871148665e+00
2.905991039218789370e-03 9.299171325500126386e+02 1.454354780777788569e+00
3.005991039218789632e-03 9.619171325500126386e+02 1.486006786833674820e+00
3.105991039218789895e-03 9.939171325500128660e+02 1.517566729565193784e+00
3.205991039218790157e-03 1.025917132550012866e+03 1.548940879133738235e+00
3.305991039218790419e-03 1.057917132550012866e+03 1.580105244206982729e+00
3.405991039218790681e-03 1.089917132550013093e+03 1.611045088296990446e+00
3.505991039218790944e-03 1.121917132550013093e+03 1.641856110438956629e+00
3.605991039218791206e-03 1.153917132550013093e+03 1.672458849056311481e+00
3.705991039218791468e-03 1.185917132550013093e+03 1.702879637834762816e+00
3.805991039218791731e-03 1.217917132550013321e+03 1.733183198300716876e+00
3.905991039218791993e-03 1.249917132550013321e+03 1.763378446882878370e+00
4.005991039218788352e-03 1.281917132550012184e+03 1.793494503460112188e+00
4.105991039218784278e-03 1.313917132550011047e+03 1.823563366012587839e+00
4.205991039218780203e-03 1.345917132550009683e+03 1.853655135858158776e+00
4.305991039218776129e-03 1.377917132550008319e+03 1.883753762804251330e+00
4.405991039218772054e-03 1.409917132550006954e+03 1.913885534038150871e+00
4.505991039218767980e-03 1.441917132550005817e+03 1.944012929770846387e+00
4.605991039218763905e-03 1.473917132550004453e+03 1.973991188764864235e+00
4.705991039218759830e-03 1.505917132550003089e+03 2.003744602380294726e+00
4.805991039218755756e-03 1.537917132550001725e+03 2.033249860656664687e+00
4.905991039218751681e-03 1.569917132550000588e+03 2.062473977418842974e+00
5.005991039218747607e-03 1.601917132549999224e+03 2.091478825929532714e+00
5.105991039218743532e-03 1.633917132549997859e+03 2.120330945647873389e+00
5.205991039218739458e-03 1.665917132549996495e+03 2.149118075510004111e+00
5.305991039218735383e-03 1.697917132549995131e+03 2.177870151177523805e+00
5.405991039218731309e-03 1.729917132549994221e+03 2.206613007160605822e+00
5.505991039218727234e-03 1.761917132549992630e+03 2.235365629504059815e+00
5.605991039218723160e-03 1.793917132549991265e+03 2.265049469061469978e+00
5.705991039218719085e-03 1.825917132549989901e+03 2.296522333536013427e+00
5.805991039218715011e-03 1.857917132549988992e+03 2.327992922118509611e+00
5.905991039218710936e-03 1.889917132549987400e+03 2.358942686265625088e+00
6.005991039218706862e-03 1.921917132549986036e+03 2.389227017851982549e+00
6.105991039218702787e-03 1.953917132549984672e+03 2.418879992603689466e+00
6.205991039218698713e-03 1.985917132549983762e+03 2.447997396013247506e+00
6.305991039218694638e-03 2.017917132549982398e+03 2.476640624787100009e+00
6.405991039218690564e-03 2.049917132549981034e+03 2.504916396322675265e+00
6.505991039218686489e-03 2.081917132549979669e+03 2.533010438278907372e+00
6.605991039218682415e-03 2.113917132549978305e+03 2.561060164835621933e+00
6.705991039218678340e-03 2.145917132549976941e+03 2.589139028912978979e+00
6.805991039218674266e-03 2.177917132549975577e+03 2.617269248607239973e+00
6.905991039218670191e-03 2.209917132549974212e+03 2.645403322550658132e+00
7.005991039218666117e-03 2.241917132549973303e+03 2.673378732696606974e+00
7.105991039218662042e-03 2.273917132549971939e+03 2.701098276078619076e+00
7.205991039218657968e-03 2.305917132549970574e+03 2.728522176104163588e+00
7.305991039218653893e-03 2.337917132549969210e+03 2.755637934932918753e+00
7.405991039218649818e-03 2.369917132549967846e+03 2.782448106986764369e+00
7.505991039218645744e-03 2.401917132549966482e+03 2.808976562165633517e+00
7.605991039218641669e-03 2.433917132549965118e+03 2.835273897486083605e+00
7.705991039218637595e-03 2.465917132549963753e+03 2.861416184465021662e+00
7.805991039218633520e-03 2.497917132549962844e+03 2.887524620299470435e+00
7.905991039218629446e-03 2.529917132549961480e+03 2.913698963694619337e+00
8.005991039218625371e-03 2.561917132549960115e+03 2.939993238635854933e+00
8.105991039218621297e-03 2.593917132549958751e+03 2.966434409003085193e+00
8.205991039218617222e-03 2.625917132549957387e+03 2.993018048737188241e+00
8.305991039218613148e-03 2.657917132549956023e+03 3.019705655477034068e+00
8.405991039218609073e-03 2.689917132549954658e+03 3.046428626782000659e+00
8.505991039218604999e-03 2.721917132549953294e+03 3.073096497472807442e+00
8.605991039218600924e-03 2.753917132549952385e+03 3.099627114674895711e+00
8.705991039218596850e-03 2.785917132549951020e+03 3.125965334084344516e+00
8.805991039218592775e-03 2.817917132549949656e+03 3.152090675603826053e+00
8.905991039218588701e-03 2.849917132549948292e+03 3.178021602982072924e+00
9.005991039218584626e-03 2.881917132549947382e+03 3.203810297414793062e+00
9.105991039218580552e-03 2.913917132549945563e+03 3.229531809273133547e+00
9.205991039218576477e-03 2.945917132549944199e+03 3.255267093157804048e+00
9.305991039218572403e-03 2.977917132549942835e+03 3.281085301199178517e+00
9.405991039218568328e-03 3.009917132549941925e+03 3.307027748559097535e+00
9.505991039218564254e-03 3.041917132549940561e+03 3.333092833564257784e+00
9.605991039218560179e-03 3.073917132549939197e+03 3.359215074495672138e+00
9.705991039218556105e-03 3.105917132549937833e+03 3.385330943607109511e+00
9.805991039218552030e-03 3.137917132549936923e+03 3.411372643488524314e+00
9.905991039218547956e-03 3.169917132549935559e+03 3.437273547899655668e+00
1.000599103921854388e-02 3.198082867450066260e+03 3.462970503794566390e+00
1.010599103921853981e-02 3.166082867450067624e+03 3.483062031453213692e+00
1.020599103921853573e-02 3.134082867450068534e+03 3.491521736399487708e+00
1.030599103921853166e-02 3.102082867450069898e+03 3.490380671805429991e+00
1.040599103921852758e-02 3.070082867450071262e+03 3.482066224269751320e+00
1.050599103921852351e-02 3.038082867450072627e+03 3.468482348861487097e+00
1.060599103921851943e-02 3.006082867450073536e+03 3.450986355324024313e+00
1.070599103921851536e-02 2.974082867450074900e+03 3.430570399732763232e+00
1.080599103921851128e-02 2.942082867450076265e+03 3.408014091812092250e+00
1.090599103921850721e-02 2.910082867450078083e+03 3.383985687770859840e+00
1.100599103921850314e-02 2.878082867450078993e+03 3.358860948717406814e+00
1.110599103921849906e-02 2.846082867450080357e+03 3.332846629341855937e+00
1.120599103921849499e-02 2.814082867450081721e+03 3.306057146494957077e+00
1.130599103921849091e-02 2.782082867450083086e+03 3.278644354150336504e+00
1.140599103921848684e-02 2.750082867450084450e+03 3.250849794881290666e+00
1.150599103921848276e-02 2.718082867450085359e+03 3.222761352764881959e+00
1.160599103921847869e-02 2.686082867450086724e+03 3.194527988562494425e+00
1.170599103921847461e-02 2.654082867450088088e+03 3.166347351527082132e+00
1.180599103921847054e-02 2.622082867450089452e+03 3.138313266619141562e+00
1.190599103921846647e-02 2.590082867450090816e+03 3.110494145112220110e+00
1.200599103921846239e-02 2.558082867450092181e+03 3.083013522695580377e+00
1.210599103921845832e-02 2.526082867450093545e+03 3.055978267637773804e+00
1.220599103921845424e-02 2.494082867450094909e+03 3.029353694688803778e+00
1.230599103921845017e-02 2.462082867450095819e+03 3.003015833566465620e+00
1.240599103921844609e-02 2.430082867450097183e+03 2.976824708891079752e+00
1.250599103921844202e-02 2.398082867450098547e+03 2.950650264813639900e+00
1.260599103921843794e-02 2.366082867450099911e+03 2.924385159341298390e+00
1.270599103921843387e-02 2.334082867450101276e+03 2.897948516985525913e+00
1.280599103921842979e-02 2.302082867450102640e+03 2.871296458863230594e+00
1.290599103921842572e-02 2.270082867450104004e+03 2.844393411583699294e+00
1.300599103921842165e-02 2.238082867450105368e+03 2.817296141918905317e+00
1.310599103921841757e-02 2.206082867450106278e+03 2.790143972877704659e+00
1.320599103921841350e-02 2.174082867450107642e+03 2.763054419762553504e+00
1.330599103921840942e-02 2.142082867450109006e+03 2.736097979444343409e+00
1.340599103921840535e-02 2.110082867450110371e+03 2.709310314781883999e+00
1.350599103921840127e-02 2.078082867450111735e+03 2.682678700091270407e+00
1.360599103921839720e-02 2.046082867450113099e+03 2.656154546886260182e+00
1.370599103921839312e-02 2.014082867450114463e+03 2.629662286340867627e+00
1.380599103921838905e-02 1.982082867450115828e+03 2.603098345002193614e+00
1.390599103921838497e-02 1.950082867450117192e+03 2.576365967172783655e+00
1.400599103921838090e-02 1.918082867450118101e+03 2.549417135297577630e+00
1.410599103921837683e-02 1.886082867450119693e+03 2.522230297060985560e+00
1.420599103921837275e-02 1.854082867450120602e+03 2.494809903533083073e+00
1.430599103921836868e-02 1.822082867450121967e+03 2.467215358246126478e+00
1.440599103921836460e-02 1.790082867450123331e+03 2.439551496189125146e+00
1.450599103921836053e-02 1.758082867450124922e+03 2.411902105653869643e+00
1.460599103921835645e-02 1.726082867450126287e+03 2.384328763770027670e+00
1.470599103921835238e-02 1.694082867450127651e+03 2.356881044528456481e+00
1.480599103921834830e-02 1.662082867450128560e+03 2.329573620222779251e+00
1.490599103921834423e-02 1.630082867450129925e+03 2.302394612436383436e+00
1.500599103921834016e-02 1.598082867450131516e+03 2.274883285462590887e+00
1.510599103921833608e-02 1.566082867450132426e+03 2.245753262532405259e+00
1.520599103921833201e-02 1.534082867450133790e+03 2.216560728857350782e+00
1.530599103921832793e-02 1.502082867450135154e+03 2.187531292144795803e+00
1.540599103921832386e-02 1.470082867450136746e+03 2.158609622803566719e+00
1.550599103921831978e-02 1.438082867450137655e+03 2.129723297785571123e+00
1.560599103921831571e-02 1.406082867450139020e+03 2.100852043708444583e+00
1.570599103921831163e-02 1.374082867450140384e+03 2.072024075818371891e+00
1.580599103921830756e-02 1.342082867450141748e+03 2.043279299339931576e+00
1.590599103921830348e-02 1.310082867450142885e+03 2.014644230084801091e+00
1.600599103921829941e-02 1.278082867450144249e+03 1.986133614965527983e+00
1.610599103921829534e-02 1.246082867450145613e+03 1.957745731343223605e+00
1.620599103921829126e-02 1.214082867450146978e+03 1.929461290662784156e+00
1.630599103921828719e-02 1.182082867450148115e+03 1.901232468510990703e+00
1.640599103921828311e-02 1.150082867450149479e+03 1.872981494207667241e+00
1.650599103921827904e-02 1.118082867450150843e+03 1.844621457489302729e+00
1.660599103921827496e-02 1.086082867450152207e+03 1.816072634412225106e+00
1.670599103921827089e-02 1.054082867450153344e+03 1.787282540251510676e+00
1.680599103921826681e-02 1.022082867450154708e+03 1.758221031919052102e+00
1.690599103921826274e-02 9.900828674501560727e+02 1.728899458847830806e+00
1.700599103921825866e-02 9.580828674501574369e+02 1.699360921432345073e+00
1.710599103921825459e-02 9.260828674501585738e+02 1.669673596118573577e+00
1.720599103921825052e-02 8.940828674501599380e+02 1.639910221101803067e+00
1.730599103921824644e-02 8.620828674501613023e+02 1.610120397012040572e+00
1.740599103921824237e-02 8.300828674501626665e+02 1.580347769050754358e+00
1.750599103921823829e-02 7.980828674501638034e+02 1.550603642919677450e+00
1.760599103921823422e-02 7.660828674501651676e+02 1.520856661624163220e+00
1.770599103921823014e-02 7.340828674501665319e+02 1.491032919814386792e+00
1.780599103921822607e-02 7.020828674501678961e+02 1.461017593765499889e+00
1.790599103921822199e-02 6.700828674501689193e+02 1.430719331524409776e+00
1.800599103921821792e-02 6.380828674501703972e+02 1.400051290968707063e+00
1.810599103921821384e-02 6.060828674501717614e+02 1.369029849594602277e+00
1.820599103921820977e-02 5.740828674501731257e+02 1.337663067141182438e+00
1.830599103921820570e-02 5.420828674501741489e+02 1.305932481898826714e+00
1.840599103921820162e-02 5.100828674501755700e+02 1.273809368467858638e+00
1.850599103921819755e-02 4.780828674501769910e+02 1.241260108054961453e+00
1.860599103921819347e-02 4.460828674501783553e+02 1.208295999840164781e+00
1.870599103921818940e-02 4.140828674501793785e+02 1.174868177494163390e+00
1.880599103921818532e-02 3.820828674501807996e+02 1.140892277847646019e+00
1.890599103921818125e-02 3.500828674501821638e+02 1.106199355200161882e+00
1.900599103921817717e-02 3.180828674501835849e+02 1.070611344936064135e+00
1.910599103921817310e-02 2.860828674501846081e+02 1.034412260392304717e+00
1.920599103921816903e-02 2.540828674501860007e+02 9.978502022309286845e-01
1.930599103921816495e-02 2.220828674501873934e+02 9.605176390316608748e-01
1.940599103921816088e-02 1.900828674501887861e+02 9.218250757379687910e-01
1.950599103921815680e-02 1.580828674501898377e+02 8.813113245560136866e-01
1.960599103921815273e-02 1.260828674501912161e+02 8.382695118817045099e-01
1.970599103921814865e-02 9.408286745019260877e+01 7.913985163255389255e-01
1.980599103921814458e-02 6.208286745019400144e+01 7.401413803717958872e-01
1.990599103921814050e-02 3.008286745019503883e+01 6.844024798028993661e-01
2.000599103921813643e-02 -1.917132549803524100e+00 6.232241338435627886e-01
2.010199103921814223e-02 -3.263713254980537926e+01 5.574041737891859416e-01
2.020759103921813959e-02 -6.642913254980453530e+01 4.722494623880384435e-01
2.030108249521813193e-02 -9.634639846980208233e+01 3.738728395246979086e-01
2.040111999837695977e-02 -1.283583994806269857e+02 2.093540049198129027e-01
2.050160971647408542e-02 -1.605151092717071890e+02 -6.400606058696098333e-02
2.060077208281109115e-02 -1.922470664995490210e+02 -4.464613047907528554e-01
2.070092226741662364e-02 -2.242951255733194387e+02 -7.703853680677406057e-01
2.080010166831090801e-02 -2.560325338594904565e+02 -8.791489191565198258e-01
2.090005617709140076e-02 -2.880179766692481280e+02 -9.347180082550219371e-01
2.100232801303678759e-02 -3.207449641717718691e+02 -9.724176212176981471e-01
2.110260115009841148e-02 -3.528323680314915123e+02 -1.008455865862162293e+00
2.120308471166694811e-02 -3.849871077334232723e+02 -1.047410277088634212e+00
2.130063134862851537e-02 -4.162020315611247270e+02 -1.085747042921353600e+00
2.140468109472085101e-02 -4.494979503106721381e+02 -1.124427186895795128e+00
2.150575799092483212e-02 -4.818425570959461197e+02 -1.158338986769074319e+00
2.160494348757539818e-02 -5.135819160241272812e+02 -1.189658143414164648e+00
2.170494348757539410e-02 -5.455819160241259169e+02 -1.219683587437542904e+00
2.180112332757538213e-02 -5.763594648241221421e+02 -1.247867543435369209e+00
2.190342240213538280e-02 -6.090951686833224130e+02 -1.275862825758568242e+00
2.200597816810020632e-02 -6.419130137920658399e+02 -1.303404237021076550e+00
2.210251829549606320e-02 -6.728058545587400658e+02 -1.333086483147706947e+00
2.220271129257714998e-02 -7.048676136246878059e+02 -1.367077059541226713e+00
2.230210438605349788e-02 -7.366734035371191567e+02 -1.403039704126361142e+00
2.240210438605349380e-02 -7.686734035371177924e+02 -1.440094867467618611e+00
2.250210438605348973e-02 -8.006734035371165419e+02 -1.476740281806612654e+00
2.260210438605348565e-02 -8.326734035371152913e+02 -1.512198669015329955e+00
2.270210438605348158e-02 -8.646734035371139271e+02 -1.546108253774301611e+00
2.280210438605347750e-02 -8.966734035371126765e+02 -1.578556265833596761e+00
2.290210438605347343e-02 -9.286734035371113123e+02 -1.609776453996641044e+00
2.300210438605346935e-02 -9.606734035371100617e+02 -1.640109494467244300e+00
2.310210438605346528e-02 -9.926734035371086975e+02 -1.669943003086913125e+00
2.320610438605346521e-02 -1.025953403537108670e+03 -1.700739584919714442e+00
2.330050438605346663e-02 -1.056161403537109209e+03 -1.728678181691086557e+00
2.340810438605345559e-02 -1.090593403537105587e+03 -1.760670503947881382e+00
2.350810438605345151e-02 -1.122593403537104450e+03 -1.790539420808031190e+00
2.360810438605344744e-02 -1.154593403537102859e+03 -1.820369180389688424e+00
2.370810438605344336e-02 -1.186593403537101722e+03 -1.850012202696561081e+00
2.380810438605343929e-02 -1.218593403537100357e+03 -1.879381524664061054e+00
2.390810438605343521e-02 -1.250593403537099221e+03 -1.908430568518316939e+00
2.400810438605343114e-02 -1.282593403537097856e+03 -1.937147536467636488e+00
2.410810438605342707e-02 -1.314593403537096492e+03 -1.965568528018835304e+00
2.420810438605342299e-02 -1.346593403537095128e+03 -1.993705508396629522e+00
2.430810438605341892e-02 -1.378593403537093991e+03 -2.021779470035089510e+00
2.440810438605341484e-02 -1.410593403537092627e+03 -2.049934356186618789e+00
2.450810438605341077e-02 -1.442593403537091262e+03 -2.078320591272921902e+00
2.460810438605340669e-02 -1.474593403537089898e+03 -2.106946693746689192e+00
2.470810438605340262e-02 -1.506593403537088761e+03 -2.135866857522543683e+00
2.480810438605339854e-02 -1.538593403537087397e+03 -2.165076783443880437e+00
2.490810438605339447e-02 -1.570593403537086033e+03 -2.194498246378994377e+00
2.500810438605339039e-02 -1.602593403537084896e+03 -2.223999944350853575e+00
2.510810438605338632e-02 -1.634593403537083532e+03 -2.253413589025542674e+00
2.520810438605338225e-02 -1.666593403537082168e+03 -2.282485242920111457e+00
2.530210438605338258e-02 -1.696673403537082322e+03 -2.309487218673399678e+00
2.540610438605338250e-02 -1.729953403537082295e+03 -2.339072967108738244e+00
2.550210438605336749e-02 -1.760673403537077320e+03 -2.366076349162958170e+00
2.560770438605335098e-02 -1.794465403537072234e+03 -2.395541270744812934e+00
2.570250438605334656e-02 -1.824801403537070883e+03 -2.421892223358421248e+00
2.580490438605334905e-02 -1.857569403537071594e+03 -2.450366566733355622e+00
2.590250438605333841e-02 -1.888801403537068154e+03 -2.477697086867164611e+00
2.600250438605333433e-02 -1.920801403537066562e+03 -2.505936789253140784e+00
2.610250438605333026e-02 -1.952801403537065653e+03 -2.534364392878347694e+00
2.620250438605332619e-02 -1.984801403537064289e+03 -2.562900523347361847e+00
2.630250438605332211e-02 -2.016801403537062924e+03 -2.591409645080486435e+00
2.640250438605331804e-02 -2.048801403537061560e+03 -2.619800221914649896e+00
2.650250438605331396e-02 -2.080801403537060651e+03 -2.647923951324309133e+00
2.660250438605330989e-02 -2.112801403537058832e+03 -2.675670206775310422e+00
2.670250438605330581e-02 -2.144801403537057467e+03 -2.702989200569113848e+00
2.680250438605330174e-02 -2.176801403537056103e+03 -2.729906753935778418e+00
2.690250438605329766e-02 -2.208801403537055194e+03 -2.756518542709025965e+00
2.700250438605329359e-02 -2.240801403537053829e+03 -2.782963433353187632e+00
2.710250438605328951e-02 -2.272801403537052465e+03 -2.809398948855758249e+00
2.720250438605328544e-02 -2.304801403537051101e+03 -2.835969837716298514e+00
2.730250438605328137e-02 -2.336801403537050192e+03 -2.862767880679377264e+00
2.740250438605327729e-02 -2.368801403537048827e+03 -2.889824362565620586e+00
2.750250438605327322e-02 -2.400801403537047008e+03 -2.917106465234161838e+00
2.760250438605326914e-02 -2.432801403537045644e+03 -2.944520057633031040e+00
2.770250438605326507e-02 -2.464801403537044735e+03 -2.971930452849688375e+00
2.780250438605326099e-02 -2.496801403537043370e+03 -2.999195798496533616e+00
2.790250438605325692e-02 -2.528801403537042006e+03 -3.026193859024008948e+00
2.800250438605325284e-02 -2.560801403537040642e+03 -3.052850706908499134e+00
2.810250438605324877e-02 -2.592801403537039732e+03 -3.079160165379598801e+00
2.820250438605324469e-02 -2.624801403537038368e+03 -3.105185023252258425e+00
2.830250438605324062e-02 -2.656801403537037004e+03 -3.131043036633750276e+00
2.840250438605323655e-02 -2.688801403537035185e+03 -3.156883184579275081e+00
2.850250438605323247e-02 -2.720801403537034275e+03 -3.182850648969071106e+00
2.860250438605322840e-02 -2.752801403537032911e+03 -3.209055755276157385e+00
2.870250438605322432e-02 -2.784801403537031547e+03 -3.235551216796030527e+00
2.880250438605322025e-02 -2.816801403537030183e+03 -3.262321720522792567e+00
2.890250438605321617e-02 -2.848801403537029273e+03 -3.289282602615916318e+00
2.900250438605321210e-02 -2.880801403537027909e+03 -3.316299753798277461e+00
2.910250438605320802e-02 -2.912801403537026545e+03 -3.343220717705400524e+00
2.920250438605320395e-02 -2.944801403537025180e+03 -3.369907747379448537e+00
2.930250438605319988e-02 -2.976801403537023816e+03 -3.396261567762382416e+00
2.940250438605319580e-02 -3.008801403537022452e+03 -3.422252499094448730e+00
2.950250438605319173e-02 -3.040801403537021088e+03 -3.447929835581928337e+00
2.960250438605318765e-02 -3.072801403537019723e+03 -3.473404110181418591e+00
2.970250438605318358e-02 -3.104801403537018814e+03 -3.498822800296876423e+00
2.980250438605317950e-02 -3.136801403537017450e+03 -3.524338633891553663e+00
2.990250438605317543e-02 -3.168801403537016085e+03 -3.550076703711527948e+00
3.000250438605317135e-02 -3.199198596462984824e+03 -3.576101631657951252e+00
3.010250438605316728e-02 -3.167198596462986188e+03 -3.597383300011429252e+00
3.020250438605316320e-02 -3.135198596462987553e+03 -3.607333153113607693e+00
3.030250438605315913e-02 -3.103198596462988462e+03 -3.607672747218967135e+00
3.040250438605315506e-02 -3.071198596462989826e+03 -3.600626436905501659e+00
3.050250438605315098e-02 -3.039198596462991190e+03 -3.587876868784315221e+00
3.060250438605314691e-02 -3.007198596462992555e+03 -3.570514218101323856e+00
3.070250438605314283e-02 -2.975198596462993919e+03 -3.549444227202024571e+00
3.080250438605313876e-02 -2.943198596462995283e+03 -3.525621075297026508e+00
3.090250438605313468e-02 -2.911198596462996647e+03 -3.499732635212266185e+00
3.100250438605313061e-02 -2.879198596462998012e+03 -3.472310483004911852e+00
3.110250438605312653e-02 -2.847198596462998921e+03 -3.443830816822989416e+00
3.120250438605312246e-02 -2.815198596463000285e+03 -3.414904904990522461e+00
3.130250438605313573e-02 -2.783198596462996193e+03 -3.386037219268290155e+00
3.140250438605316635e-02 -2.751198596462986643e+03 -3.357397107122197522e+00
3.150250438605319697e-02 -2.719198596462976639e+03 -3.328973456714387158e+00
3.160250438605322759e-02 -2.687198596462967089e+03 -3.300808936676318694e+00
3.170250438605325821e-02 -2.655198596462957084e+03 -3.272944265462649494e+00
3.180250438605328883e-02 -2.623198596462947535e+03 -3.245236655914879531e+00
3.190250438605331945e-02 -2.591198596462937530e+03 -3.217514859575691499e+00
3.200250438605335007e-02 -2.559198596462927526e+03 -3.189668942097266591e+00
3.210250438605338069e-02 -2.527198596462917521e+03 -3.161662977151463050e+00
3.220250438605341131e-02 -2.495198596462907972e+03 -3.133681449205698577e+00
3.230250438605344193e-02 -2.463198596462897967e+03 -3.105897375133076288e+00
3.240250438605347255e-02 -2.431198596462888418e+03 -3.078413699168089934e+00
3.250250438605350317e-02 -2.399198596462878868e+03 -3.051346932739403606e+00
3.260250438605353379e-02 -2.367198596462868863e+03 -3.024750016668608321e+00
3.270250438605356441e-02 -2.335198596462858859e+03 -2.998601759075633755e+00
3.280250438605359503e-02 -2.303198596462849309e+03 -2.972819720246441921e+00
3.290250438605362565e-02 -2.271198596462839760e+03 -2.947266153554254142e+00
3.300250438605365627e-02 -2.239198596462829755e+03 -2.921774293097083142e+00
3.310250438605368689e-02 -2.207198596462819751e+03 -2.896173043672241931e+00
3.320250438605371751e-02 -2.175198596462810201e+03 -2.870318339117941431e+00
3.330250438605374813e-02 -2.143198596462800651e+03 -2.844121176163997511e+00
3.340250438605377875e-02 -2.111198596462790647e+03 -2.817564392038033994e+00
3.350250438605380937e-02 -2.079198596462780642e+03 -2.790724275520494402e+00
3.360250438605383999e-02 -2.047198596462770865e+03 -2.763748914955371117e+00
3.370250438605387061e-02 -2.015198596462761316e+03 -2.736787918872162439e+00
3.380250438605390123e-02 -1.983198596462751311e+03 -2.709984339469115877e+00
3.390250438605393185e-02 -1.951198596462741307e+03 -2.683444673102790556e+00
3.400250438605396247e-02 -1.919198596462731757e+03 -2.657208655398329178e+00
3.410250438605399309e-02 -1.887198596462722207e+03 -2.631242010633245698e+00
3.420250438605402371e-02 -1.855198596462712203e+03 -2.605453760969061339e+00
3.430250438605405433e-02 -1.823198596462702199e+03 -2.579705904438594821e+00
3.440250438605408495e-02 -1.791198596462692649e+03 -2.553835409385935673e+00
3.450250438605411557e-02 -1.759198596462682872e+03 -2.527694077781133863e+00
3.460250438605414619e-02 -1.727198596462672867e+03 -2.501180528696776317e+00
3.470250438605417681e-02 -1.695198596462662863e+03 -2.474261720857074742e+00
3.480250438605420743e-02 -1.663198596462653313e+03 -2.446977804575873439e+00
3.490250438605423805e-02 -1.631198596462643764e+03 -2.419429760554267617e+00
3.500250438605426867e-02 -1.599198596462633759e+03 -2.391766409717922315e+00
3.510250438605429929e-02 -1.567198596462623755e+03 -2.364153839107972832e+00
3.520250438605432991e-02 -1.535198596462614205e+03 -2.336735503785305479e+00
3.530250438605436053e-02 -1.503198596462604200e+03 -2.309593029487180260e+00
3.540250438605439115e-02 -1.471198596462594651e+03 -2.282729954342326728e+00
3.550250438605442177e-02 -1.439198596462584646e+03 -2.256056139759344603e+00
3.560250438605445239e-02 -1.407198596462574869e+03 -2.229472727099930385e+00
3.570250438605448301e-02 -1.375198596462565092e+03 -2.202841829881221347e+00
3.580250438605451363e-02 -1.343198596462555315e+03 -2.176000565280184151e+00
3.590250438605454425e-02 -1.311198596462545311e+03 -2.148806575579476519e+00
3.600250438605457487e-02 -1.279198596462535761e+03 -2.121185791270398191e+00
3.610250438605460549e-02 -1.247198596462525757e+03 -2.093150508079363092e+00
3.620250438605463611e-02 -1.215198596462516207e+03 -2.064764666688666317e+00
3.630250438605466673e-02 -1.183198596462506202e+03 -2.036204839172221615e+00
3.640250438605469735e-02 -1.151198596462496653e+03 -2.007674477297159754e+00
3.650250438605472797e-02 -1.119198596462486648e+03 -1.979324089201184300e+00
3.660250438605475859e-02 -1.087198596462476871e+03 -1.951242274634162888e+00
3.670250438605478921e-02 -1.055198596462467094e+03 -1.923445322485907383e+00
3.680250438605481983e-02 -1.023198596462457431e+03 -1.895911497386471467e+00
3.690250438605485045e-02 -9.911985964624474263e+02 -1.868590157059103030e+00
3.700250438605488107e-02 -9.591985964624377630e+02 -1.841290026520315593e+00
3.710250438605491169e-02 -9.271985964624277585e+02 -1.813803339463910147e+00
3.720250438605494231e-02 -8.951985964624182088e+02 -1.785967281275546936e+00
3.730250438605497293e-02 -8.631985964624082044e+02 -1.757650637721931863e+00
3.740250438605500355e-02 -8.311985964623986547e+02 -1.728806717072327803e+00
3.750250438605503417e-02 -7.991985964623886503e+02 -1.699498621032932144e+00
3.760250438605506479e-02 -7.671985964623789869e+02 -1.669863136306907858e+00
3.770250438605509541e-02 -7.351985964623689824e+02 -1.640046591083994532e+00
3.780250438605512603e-02 -7.031985964623594327e+02 -1.610197420228936860e+00
3.790250438605515665e-02 -6.711985964623494283e+02 -1.580452762943475919e+00
3.800250438605518727e-02 -6.391985964623397649e+02 -1.550883784241476882e+00
3.810250438605521789e-02 -6.071985964623298742e+02 -1.521459646251487996e+00
3.820250438605524851e-02 -5.751985964623202108e+02 -1.492056096573000090e+00
3.830250438605527913e-02 -5.431985964623102063e+02 -1.462479348580489669e+00
3.840250438605530975e-02 -5.111985964623005998e+02 -1.432464918909914786e+00
3.850250438605534037e-02 -4.791985964622906522e+02 -1.401778709630953967e+00
3.860250438605537099e-02 -4.471985964622809888e+02 -1.370276957927460293e+00
3.870250438605540161e-02 -4.151985964622710412e+02 -1.337830956569580065e+00
3.880250438605543223e-02 -3.831985964622614347e+02 -1.304376668994605470e+00
3.890250438605546285e-02 -3.511985964622514302e+02 -1.269920356350056290e+00
3.900250438605549347e-02 -3.191985964622418237e+02 -1.234513740383309965e+00
3.910250438605552409e-02 -2.871985964622318761e+02 -1.198367859848083805e+00
3.920250438605555471e-02 -2.551985964622222127e+02 -1.161610516373475566e+00
3.930250438605558533e-02 -2.231985964622122651e+02 -1.124256318548246147e+00
3.940250438605561595e-02 -1.911985964622026302e+02 -1.086391593830585700e+00
3.950250438605564657e-02 -1.591985964621926541e+02 -1.047922398943326838e+00
3.960250438605567719e-02 -1.271985964621830334e+02 -1.008083426673550553e+00
3.970250438605570781e-02 -9.519859646217305738e+01 -9.657513935912619418e-01
3.980250438605573843e-02 -6.319859646216343663e+01 -9.199399267403820524e-01
3.990250438605576905e-02 -3.119859646215346061e+01 -8.697370618086335270e-01
4.000250438605579967e-02 8.014035378556272349e-01 -8.140061561140256030e-01
4.010250438605583029e-02 3.280140353786542562e+01 -7.501703772236670842e-01
4.020250438605586091e-02 6.480140353787521690e+01 -6.713069156696696016e-01
4.030034912205589237e-02 9.611171905788529557e+01 -5.636659410904283352e-01
4.040026245795931559e-02 1.280839865469807251e+02 -3.946194721550395634e-01
4.050090275888705571e-02 1.602888828438575501e+02 -1.443662464163348869e-01
4.060091173806448100e-02 1.922917561806336550e+02 1.265733878519933187e-01
4.070156337517895351e-02 2.245002800572648596e+02 3.744288124738748835e-01
4.080042254934507923e-02 2.561352157904250930e+02 5.887892068100065712e-01
4.090054752716838077e-02 2.881752086938815864e+02 7.062819829784275916e-01
4.100021399547583434e-02 3.200684785522666971e+02 7.937458346616683702e-01
4.110210965389644866e-02 3.526750892468633083e+02 8.501578238002267529e-01
4.120162917149872150e-02 3.845213348795905972e+02 8.865635545454036981e-01
4.130101308936254267e-02 4.163241885960134141e+02 9.229361894564697133e-01
4.140415117319737326e-02 4.493283754231591729e+02 9.628820683233236810e-01
4.150047560986486195e-02 4.801521951567555675e+02 9.992405122238589010e-01
4.160665650051691838e-02 5.141300801654135739e+02 1.036927766687600672e+00
4.170181608353164260e-02 5.445811467301253970e+02 1.067601920444796848e+00
4.180987955791352212e-02 5.791614585323268329e+02 1.100240737207600850e+00
4.190084352591349343e-02 6.082699282923176725e+02 1.123175097914971499e+00
4.200276511311349520e-02 6.408848361963182469e+02 1.149619148233740562e+00
4.210355423823351068e-02 6.731373562347231427e+02 1.180090477664427429e+00
4.220547582543352633e-02 7.057522641387281510e+02 1.213591630216888761e+00
4.230332054914551221e-02 7.370625757265636366e+02 1.246803480570156220e+00
4.240442676364792468e-02 7.694165643673355817e+02 1.281390987438545181e+00
4.250378018076155645e-02 8.012096578436977552e+02 1.315429749950344007e+00
4.260378018076158707e-02 8.332096578437076460e+02 1.349668374751111344e+00
4.270378018076161769e-02 8.652096578437174230e+02 1.383707535864347582e+00
4.280378018076164831e-02 8.972096578437272001e+02 1.417572295109088332e+00
4.290378018076167893e-02 9.292096578437369772e+02 1.451150913991954061e+00
4.300378018076170955e-02 9.612096578437467542e+02 1.484282933089924983e+00
4.310378018076174017e-02 9.932096578437565313e+02 1.516880360274905692e+00
4.320378018076177079e-02 1.025209657843766308e+03 1.548786305494348259e+00
4.330378018076180141e-02 1.057209657843776085e+03 1.579868035431382989e+00
4.340298018076180903e-02 1.088953657843778728e+03 1.610127496191361196e+00
4.350978018076180620e-02 1.123129657843777522e+03 1.642221636688137254e+00
4.360978018076183682e-02 1.155129657843787527e+03 1.672058472789131889e+00
4.370978018076186744e-02 1.187129657843797304e+03 1.701927328344180479e+00
4.380978018076189806e-02 1.219129657843807081e+03 1.732016752444291097e+00
4.390978018076192868e-02 1.251129657843816858e+03 1.762446053056773376e+00
4.400978018076195930e-02 1.283129657843826635e+03 1.793233260418373387e+00
4.410978018076198992e-02 1.315129657843836412e+03 1.824281726807282622e+00
4.420978018076202054e-02 1.347129657843846189e+03 1.855381044919989675e+00
4.430978018076205116e-02 1.379129657843855966e+03 1.886322632154249668e+00
4.440978018076208178e-02 1.411129657843865743e+03 1.916947643566487613e+00
4.450978018076211240e-02 1.443129657843875520e+03 1.947161370149858017e+00
4.460978018076214302e-02 1.475129657843885525e+03 1.976823133502469076e+00
4.470978018076217364e-02 1.507129657843895302e+03 2.005925569721723978e+00
4.480978018076220426e-02 1.539129657843905079e+03 2.034578591566572836e+00
4.490978018076223488e-02 1.571129657843914856e+03 2.063027778961086689e+00
4.500978018076226550e-02 1.603129657843924633e+03 2.091514923829457029e+00
4.510978018076229612e-02 1.635129657843934638e+03 2.120188636829333007e+00
4.520978018076232674e-02 1.667129657843944187e+03 2.149208105648715783e+00
4.530978018076235736e-02 1.699129657843954192e+03 2.178576468205422056e+00
4.540978018076238798e-02 1.731129657843963741e+03 2.208201655045846756e+00
4.550458018076238009e-02 1.761465657843961480e+03 2.236376586239074538e+00
4.560058018076239977e-02 1.792185657843967647e+03 2.265740217736952111e+00
4.570195618076239308e-02 1.824625977843965529e+03 2.298228524077237100e+00
4.580333218076238638e-02 1.857066297843963184e+03 2.330311071232738840e+00
4.590655138076239067e-02 1.890096441843964612e+03 2.361970298694306969e+00
4.600387234076241255e-02 1.921239149043971793e+03 2.390813385170710514e+00
4.610926178076243942e-02 1.954963769843980344e+03 2.421145100408388373e+00
4.620926178076247004e-02 1.986963769843990121e+03 2.449348154349613615e+00
4.630926178076250066e-02 2.018963769843999899e+03 2.477235317813478943e+00
4.640926178076253128e-02 2.050963769844009676e+03 2.505104661337209215e+00
4.650926178076256190e-02 2.082963769844019225e+03 2.533225984560721677e+00
4.660926178076259252e-02 2.114963769844029230e+03 2.561713975415863764e+00
4.670926178076262314e-02 2.146963769844039234e+03 2.590545630629155216e+00
4.680926178076265376e-02 2.178963769844049239e+03 2.619572624162764374e+00
4.690926178076268438e-02 2.210963769844058788e+03 2.648527155316881210e+00
4.700926178076271500e-02 2.242963769844068793e+03 2.677033652484213988e+00
4.710926178076274562e-02 2.274963769844078342e+03 2.704908520166004582e+00
4.720926178076277624e-02 2.306963769844088347e+03 2.732082472136196039e+00
4.730926178076280686e-02 2.338963769844097897e+03 2.758595778987064762e+00
4.740926178076283748e-02 2.370963769844107901e+03 2.784580133625358389e+00
4.750926178076286810e-02 2.402963769844117451e+03 2.810239734512891996e+00
4.760926178076289872e-02 2.434963769844127455e+03 2.835813253410268686e+00
4.770926178076292934e-02 2.466963769844137005e+03 2.861538036479571279e+00
4.780926178076295996e-02 2.498963769844147009e+03 2.887628077594576848e+00
4.790926178076299058e-02 2.530963769844156559e+03 2.914178165726638792e+00
4.800926178076302120e-02 2.562963769844166563e+03 2.941162684160752328e+00
4.810926178076305182e-02 2.594963769844176113e+03 2.968460500051035567e+00
4.820926178076308244e-02 2.626963769844186118e+03 2.995880756876245776e+00
4.830926178076311306e-02 2.658963769844195667e+03 3.023201714406736240e+00
4.840926178076314368e-02 2.690963769844205672e+03 3.050215402672620257e+00
4.850926178076317430e-02 2.722963769844215221e+03 3.076767892617554789e+00
4.860926178076320492e-02 2.754963769844225226e+03 3.102802815283007831e+00
4.870926178076323554e-02 2.786963769844235230e+03 3.128376373602252514e+00
4.880926178076326616e-02 2.818963769844244780e+03 3.153637780570151428e+00
4.890926178076329678e-02 2.850963769844254784e+03 3.178795200799824805e+00
4.900926178076332740e-02 2.882963769844264789e+03 3.204071190742026065e+00
4.910926178076335802e-02 2.914963769844274339e+03 3.229652960906279180e+00
4.920926178076338864e-02 2.946963769844284343e+03 3.255652363572053787e+00
4.930926178076341926e-02 2.978963769844293893e+03 3.282082380666231813e+00
4.940926178076344988e-02 3.010963769844303897e+03 3.308850894136907250e+00
4.950926178076348050e-02 3.042963769844313447e+03 3.335776626964344516e+00
4.960926178076351112e-02 3.074963769844323451e+03 3.362606520721433068e+00
4.970926178076354174e-02 3.106963769844333001e+03 3.389116741922678422e+00
4.980926178076357236e-02 3.138963769844343005e+03 3.415154040044309447e+00
4.990926178076360298e-02 3.170963769844352555e+03 3.440656324422536549e+00
5.000000000000000278e-02 3.200000000000000000e+03 3.463364197224080065e+00
