time R11 R12 R13 R21 R22 R23 R31 R32 R33
0.000000000000000000e+00 1.000000000000000000e+00 -0.000000000000000000e+00 0.000000000000000000e+00 0.000000000000000000e+00 1.000000000000000000e+00 -0.000000000000000000e+00 0.000000000000000000e+00 0.000000000000000000e+00 1.000000000000000000e+00
5.045185536000001102e-03 9.999999200684341893e-01 -3.998288699047300855e-04 0.000000000000000000e+00 3.998288699047300855e-04 9.999999200684341893e-01 -0.000000000000000000e+00 0.000000000000000000e+00 0.000000000000000000e+00 1.000000000000000000e+00
1.002813948395520245e-02 9.999987523547074764e-01 -1.579648387499865431e-03 0.000000000000000000e+00 1.579648387499865431e-03 9.999987523547074764e-01 -0.000000000000000000e+00 0.000000000000000000e+00 0.000000000000000000e+00 1.000000000000000000e+00
1.513296441098240658e-02 9.999935299843230041e-01 -3.597219689235429171e-03 0.000000000000000000e+00 3.597219689235429171e-03 9.999935299843230041e-01 -0.000000000000000000e+00 0.000000000000000000e+00 0.000000000000000000e+00 1.000000000000000000e+00
2.013296441098237979e-02 9.999797306792782559e-01 -6.366964001645141619e-03 0.000000000000000000e+00 6.366964001645141619e-03 9.999797306792782559e-01 -0.000000000000000000e+00 0.000000000000000000e+00 0.000000000000000000e+00 1.000000000000000000e+00
2.513296441098234954e-02 9.999507755286793920e-01 -9.922021950830169426e-03 0.000000000000000000e+00 9.922021950830169426e-03 9.999507755286793920e-01 -0.000000000000000000e+00 0.000000000000000000e+00 0.000000000000000000e+00 1.000000000000000000e+00
3.005296441098235724e-02 9.998993643763585126e-01 -1.418665287354129931e-02 0.000000000000000000e+00 1.418665287354129931e-02 9.998993643763585126e-01 -0.000000000000000000e+00 0.000000000000000000e+00 0.000000000000000000e+00 1.000000000000000000e+00
3.517296441098232557e-02 9.998111869613302005e-01 -1.943168615886098349e-02 0.000000000000000000e+00 1.943168615886098349e-02 9.998111869613302005e-01 -0.000000000000000000e+00 0.000000000000000000e+00 0.000000000000000000e+00 1.000000000000000000e+00
4.017296441098229531e-02 9.996786916439959203e-01 -2.534784947384858059e-02 0.000000000000000000e+00 2.534784947384858059e-02 9.996786916439959203e-01 -0.000000000000000000e+00 0.000000000000000000e+00 0.000000000000000000e+00 1.000000000000000000e+00
4.500953657098231281e-02 9.994937194133951541e-01 -3.181673856915111231e-02 0.000000000000000000e+00 3.181673856915111231e-02 9.994937194133951541e-01 -0.000000000000000000e+00 0.000000000000000000e+00 0.000000000000000000e+00 1.000000000000000000e+00
5.004475771542424289e-02 9.992262723622580278e-01 -3.933009815684297000e-02 0.000000000000000000e+00 3.933009815684297000e-02 9.992262723622580278e-01 -0.000000000000000000e+00 0.000000000000000000e+00 0.000000000000000000e+00 1.000000000000000000e+00
5.516566187343755617e-02 9.988576415799360619e-01 -4.778505893444127267e-02 0.000000000000000000e+00 4.778505893444127267e-02 9.988576415799360619e-01 -0.000000000000000000e+00 0.000000000000000000e+00 0.000000000000000000e+00 1.000000000000000000e+00
6.015630831699424891e-02 9.983848326749550361e-01 -5.681307846440215165e-02 0.000000000000000000e+00 5.681307846440215165e-02 9.983848326749550361e-01 -0.000000000000000000e+00 0.000000000000000000e+00 0.000000000000000000e+00 1.000000000000000000e+00
6.515630831699431580e-02 9.977773315264980569e-01 -6.663630160701303207e-02 0.000000000000000000e+00 6.663630160701303207e-02 9.977773315264980569e-01 -0.000000000000000000e+00 0.000000000000000000e+00 0.000000000000000000e+00 1.000000000000000000e+00
7.015630831699445902e-02 9.970128272887188725e-01 -7.723614582405792517e-02 0.000000000000000000e+00 7.723614582405792517e-02 9.970128272887188725e-01 -0.000000000000000000e+00 0.000000000000000000e+00 0.000000000000000000e+00 1.000000000000000000e+00
7.515630831699460224e-02 9.960664326612391761e-01 -8.860960289671231116e-02 0.000000000000000000e+00 8.860960289671231116e-02 9.960664326612391761e-01 -0.000000000000000000e+00 0.000000000000000000e+00 0.000000000000000000e+00 1.000000000000000000e+00
8.015630831699474546e-02 9.949114748780811812e-01 -1.007529511027891733e-01 0.000000000000000000e+00 1.007529511027891733e-01 9.949114748780811812e-01 -0.000000000000000000e+00 0.000000000000000000e+00 0.000000000000000000e+00 1.000000000000000000e+00
8.515630831699488867e-02 9.935195161915129081e-01 -1.136616511695215659e-01 0.000000000000000000e+00 1.136616511695215659e-01 9.935195161915129081e-01 -0.000000000000000000e+00 0.000000000000000000e+00 0.000000000000000000e+00 1.000000000000000000e+00
9.015630831699503189e-02 9.918603788390036868e-01 -1.273302355662149221e-01 0.000000000000000000e+00 1.273302355662149221e-01 9.918603788390036868e-01 -0.000000000000000000e+00 0.000000000000000000e+00 0.000000000000000000e+00 1.000000000000000000e+00
9.515630831699517511e-02 9.899021750950391940e-01 -1.417521913132566980e-01 0.000000000000000000e+00 1.417521913132566980e-01 9.899021750950391940e-01 -0.000000000000000000e+00 0.000000000000000000e+00 0.000000000000000000e+00 1.000000000000000000e+00
1.001563083169953183e-01 9.876113430427052586e-01 -1.569198365197463918e-01 0.000000000000000000e+00 1.569198365197463918e-01 9.876113430427052586e-01 -0.000000000000000000e+00 0.000000000000000000e+00 0.000000000000000000e+00 1.000000000000000000e+00
1.051563083169954615e-01 9.849526887312931578e-01 -1.728241909021897560e-01 0.000000000000000000e+00 1.728241909021897560e-01 9.849526887312931578e-01 -0.000000000000000000e+00 0.000000000000000000e+00 0.000000000000000000e+00 1.000000000000000000e+00
1.101563083169956048e-01 9.818894354153346882e-01 -1.894548405814837910e-01 0.000000000000000000e+00 1.894548405814837910e-01 9.818894354153346882e-01 -0.000000000000000000e+00 0.000000000000000000e+00 0.000000000000000000e+00 1.000000000000000000e+00
1.151563083169957480e-01 9.783832805970786861e-01 -2.067997975049737092e-01 0.000000000000000000e+00 2.067997975049737092e-01 9.783832805970786861e-01 -0.000000000000000000e+00 0.000000000000000000e+00 0.000000000000000000e+00 1.000000000000000000e+00
1.201563083169958912e-01 9.743944616180377771e-01 -2.248453538948372021e-01 0.000000000000000000e+00 2.248453538948372021e-01 9.743944616180377771e-01 -0.000000000000000000e+00 0.000000000000000000e+00 0.000000000000000000e+00 1.000000000000000000e+00
1.251563083169960344e-01 9.698818305654097749e-01 -2.435759321835596347e-01 0.000000000000000000e+00 2.435759321835596347e-01 9.698818305654097749e-01 -0.000000000000000000e+00 0.000000000000000000e+00 0.000000000000000000e+00 1.000000000000000000e+00
1.301563083169961776e-01 9.648029392754005062e-01 -2.629739309618889243e-01 0.000000000000000000e+00 2.629739309618889243e-01 9.648029392754005062e-01 -0.000000000000000000e+00 0.000000000000000000e+00 0.000000000000000000e+00 1.000000000000000000e+00
1.351563083169963209e-01 9.591141352271996823e-01 -2.830195675344398532e-01 0.000000000000000000e+00 2.830195675344398532e-01 9.591141352271996823e-01 -0.000000000000000000e+00 0.000000000000000000e+00 0.000000000000000000e+00 1.000000000000000000e+00
1.401563083169964641e-01 9.527706691280108942e-01 -3.036907177530502877e-01 0.000000000000000000e+00 3.036907177530502877e-01 9.527706691280108942e-01 -0.000000000000000000e+00 0.000000000000000000e+00 0.000000000000000000e+00 1.000000000000000000e+00
1.451563083169966073e-01 9.457268149904656251e-01 -3.249627538780249236e-01 0.000000000000000000e+00 3.249627538780249236e-01 9.457268149904656251e-01 -0.000000000000000000e+00 0.000000000000000000e+00 0.000000000000000000e+00 1.000000000000000000e+00
1.501163083169965995e-01 9.380014180495425125e-01 -3.466314177004841124e-01 0.000000000000000000e+00 3.466314177004841124e-01 9.380014180495425125e-01 -0.000000000000000000e+00 0.000000000000000000e+00 0.000000000000000000e+00 1.000000000000000000e+00
1.550478283169965110e-01 9.295459928846103725e-01 -3.687061799213082747e-01 0.000000000000000000e+00 3.687061799213082747e-01 9.295459928846103725e-01 -0.000000000000000000e+00 0.000000000000000000e+00 0.000000000000000000e+00 1.000000000000000000e+00
1.600478283169966542e-01 9.201377160332862015e-01 -3.915949227620902917e-01 0.000000000000000000e+00 3.915949227620902917e-01 9.201377160332862015e-01 -0.000000000000000000e+00 0.000000000000000000e+00 0.000000000000000000e+00 1.000000000000000000e+00
1.650478283169967975e-01 9.098403103961922866e-01 -4.149585636881837902e-01 0.000000000000000000e+00 4.149585636881837902e-01 9.098403103961922866e-01 -0.000000000000000000e+00 0.000000000000000000e+00 0.000000000000000000e+00 1.000000000000000000e+00
1.700478283169969407e-01 8.986054610254019526e-01 -4.387575930001947899e-01 0.000000000000000000e+00 4.387575930001947899e-01 8.986054610254019526e-01 -0.000000000000000000e+00 0.000000000000000000e+00 0.000000000000000000e+00 1.000000000000000000e+00
1.750478283169970839e-01 8.863848975563937138e-01 -4.629490397267728152e-01 0.000000000000000000e+00 4.629490397267728152e-01 8.863848975563937138e-01 -0.000000000000000000e+00 0.000000000000000000e+00 0.000000000000000000e+00 1.000000000000000000e+00
1.800078283169969373e-01 8.732408838529281958e-01 -4.872887837491814977e-01 0.000000000000000000e+00 4.872887837491814977e-01 8.732408838529281958e-01 -0.000000000000000000e+00 0.000000000000000000e+00 0.000000000000000000e+00 1.000000000000000000e+00
1.850569549540894143e-01 8.587679724701587913e-01 -5.123646840478885967e-01 0.000000000000000000e+00 5.123646840478885967e-01 8.587679724701587913e-01 -0.000000000000000000e+00 0.000000000000000000e+00 0.000000000000000000e+00 1.000000000000000000e+00
1.901426350478762906e-01 8.430274044705867720e-01 -5.378706120542242619e-01 0.000000000000000000e+00 5.378706120542242619e-01 8.430274044705867720e-01 -0.000000000000000000e+00 0.000000000000000000e+00 0.000000000000000000e+00 1.000000000000000000e+00
1.950424908577816363e-01 8.267133401173782925e-01 -5.626233671577888229e-01 0.000000000000000000e+00 5.626233671577888229e-01 8.267133401173782925e-01 -0.000000000000000000e+00 0.000000000000000000e+00 0.000000000000000000e+00 1.000000000000000000e+00
2.000424908577817795e-01 8.088600398526883950e-01 -5.880012210272247408e-01 0.000000000000000000e+00 5.880012210272247408e-01 8.088600398526883950e-01 -0.000000000000000000e+00 0.000000000000000000e+00 0.000000000000000000e+00 1.000000000000000000e+00
2.050424908577819227e-01 7.899913515591173718e-01 -6.131179857595103755e-01 0.000000000000000000e+00 6.131179857595103755e-01 7.899913515591173718e-01 -0.000000000000000000e+00 0.000000000000000000e+00 0.000000000000000000e+00 1.000000000000000000e+00
2.100424908577820660e-01 7.703430371783690500e-01 -6.376296770624829691e-01 0.000000000000000000e+00 6.376296770624829691e-01 7.703430371783690500e-01 -0.000000000000000000e+00 0.000000000000000000e+00 0.000000000000000000e+00 1.000000000000000000e+00
2.150424908577822092e-01 7.499344872245673477e-01 -6.615121048561586337e-01 0.000000000000000000e+00 6.615121048561586337e-01 7.499344872245673477e-01 -0.000000000000000000e+00 0.000000000000000000e+00 0.000000000000000000e+00 1.000000000000000000e+00
2.200424908577823524e-01 7.287858424725628392e-01 -6.847417000676655485e-01 0.000000000000000000e+00 6.847417000676655485e-01 7.287858424725628392e-01 -0.000000000000000000e+00 0.000000000000000000e+00 0.000000000000000000e+00 1.000000000000000000e+00
2.250424908577824956e-01 7.069179740814192092e-01 -7.072955378910728008e-01 0.000000000000000000e+00 7.072955378910728008e-01 7.069179740814192092e-01 -0.000000000000000000e+00 0.000000000000000000e+00 0.000000000000000000e+00 1.000000000000000000e+00
2.301544908577824455e-01 6.838391775590594301e-01 -7.296327701216204220e-01 0.000000000000000000e+00 7.296327701216204220e-01 6.838391775590594301e-01 -0.000000000000000000e+00 0.000000000000000000e+00 0.000000000000000000e+00 1.000000000000000000e+00
2.351544908577825888e-01 6.605834250475880465e-01 -7.507526480488748710e-01 0.000000000000000000e+00 7.507526480488748710e-01 6.605834250475880465e-01 -0.000000000000000000e+00 0.000000000000000000e+00 0.000000000000000000e+00 1.000000000000000000e+00
2.400344908577825287e-01 6.372569949686601731e-01 -7.706513623964555970e-01 0.000000000000000000e+00 7.706513623964555970e-01 6.372569949686601731e-01 -0.000000000000000000e+00 0.000000000000000000e+00 0.000000000000000000e+00 1.000000000000000000e+00
2.451384908577826094e-01 6.122192574706191159e-01 -7.906880426452167487e-01 0.000000000000000000e+00 7.906880426452167487e-01 6.122192574706191159e-01 -0.000000000000000000e+00 0.000000000000000000e+00 0.000000000000000000e+00 1.000000000000000000e+00
2.500184908577825493e-01 5.876912555291272655e-01 -8.090852786787052775e-01 0.000000000000000000e+00 8.090852786787052775e-01 5.876912555291272655e-01 -0.000000000000000000e+00 0.000000000000000000e+00 0.000000000000000000e+00 1.000000000000000000e+00
2.550184908577819987e-01 5.619872826087017881e-01 -8.271458723744482544e-01 0.000000000000000000e+00 8.271458723744482544e-01 5.619872826087017881e-01 -0.000000000000000000e+00 0.000000000000000000e+00 0.000000000000000000e+00 1.000000000000000000e+00
2.600184908577814480e-01 5.357286960898889339e-01 -8.443901729566891667e-01 0.000000000000000000e+00 8.443901729566891667e-01 5.357286960898889339e-01 -0.000000000000000000e+00 0.000000000000000000e+00 0.000000000000000000e+00 1.000000000000000000e+00
2.650024908577811034e-01 5.090279446268499708e-01 -8.607499936619020797e-01 0.000000000000000000e+00 8.607499936619020797e-01 5.090279446268499708e-01 -0.000000000000000000e+00 0.000000000000000000e+00 0.000000000000000000e+00 1.000000000000000000e+00
2.701336908577811058e-01 4.810174027276215014e-01 -8.767110460540421535e-01 0.000000000000000000e+00 8.767110460540421535e-01 4.810174027276215014e-01 -0.000000000000000000e+00 0.000000000000000000e+00 0.000000000000000000e+00 1.000000000000000000e+00
2.751336908577805551e-01 4.532418902276088568e-01 -8.913875638255808198e-01 0.000000000000000000e+00 8.913875638255808198e-01 4.532418902276088568e-01 -0.000000000000000000e+00 0.000000000000000000e+00 0.000000000000000000e+00 1.000000000000000000e+00
2.800056908577804315e-01 4.257469376507645453e-01 -9.048422763559379467e-01 0.000000000000000000e+00 9.048422763559379467e-01 4.257469376507645453e-01 -0.000000000000000000e+00 0.000000000000000000e+00 0.000000000000000000e+00 1.000000000000000000e+00
2.850776908577801749e-01 3.966998450340680216e-01 -9.179483825084864268e-01 0.000000000000000000e+00 9.179483825084864268e-01 3.966998450340680216e-01 -0.000000000000000000e+00 0.000000000000000000e+00 0.000000000000000000e+00 1.000000000000000000e+00
2.900376908577801949e-01 3.679043539575154731e-01 -9.298636385724001752e-01 0.000000000000000000e+00 9.298636385724001752e-01 3.679043539575154731e-01 -0.000000000000000000e+00 0.000000000000000000e+00 0.000000000000000000e+00 1.000000000000000000e+00
2.950376908577796442e-01 3.385150926409465910e-01 -9.409609620246162098e-01 0.000000000000000000e+00 9.409609620246162098e-01 3.385150926409465910e-01 -0.000000000000000000e+00 0.000000000000000000e+00 0.000000000000000000e+00 1.000000000000000000e+00
3.000376908577790935e-01 3.087917577973640082e-01 -9.511296706109080290e-01 0.000000000000000000e+00 9.511296706109080290e-01 3.087917577973640082e-01 -0.000000000000000000e+00 0.000000000000000000e+00 0.000000000000000000e+00 1.000000000000000000e+00
3.050296908577789790e-01 2.788119553626414171e-01 -9.603457156393527816e-01 0.000000000000000000e+00 9.603457156393527816e-01 2.788119553626414171e-01 -0.000000000000000000e+00 0.000000000000000000e+00 0.000000000000000000e+00 1.000000000000000000e+00
3.101896908577786438e-01 2.475352925529768489e-01 -9.688788773323074865e-01 0.000000000000000000e+00 9.688788773323074865e-01 2.475352925529768489e-01 -0.000000000000000000e+00 0.000000000000000000e+00 0.000000000000000000e+00 1.000000000000000000e+00
3.151816908577782517e-01 2.170289955237444668e-01 -9.761651576971772659e-01 0.000000000000000000e+00 9.761651576971772659e-01 2.170289955237444668e-01 -0.000000000000000000e+00 0.000000000000000000e+00 0.000000000000000000e+00 1.000000000000000000e+00
3.200856908577782711e-01 1.868524126616107339e-01 -9.823879966095551142e-01 0.000000000000000000e+00 9.823879966095551142e-01 1.868524126616107339e-01 -0.000000000000000000e+00 0.000000000000000000e+00 0.000000000000000000e+00 1.000000000000000000e+00
3.250456908577777915e-01 1.561509089533945627e-01 -9.877332097449333936e-01 0.000000000000000000e+00 9.877332097449333936e-01 1.561509089533945627e-01 -0.000000000000000000e+00 0.000000000000000000e+00 0.000000000000000000e+00 1.000000000000000000e+00
3.300038503886209007e-01 1.253092315891256858e-01 -9.921177331741141137e-01 0.000000000000000000e+00 9.921177331741141137e-01 1.253092315891256858e-01 -0.000000000000000000e+00 0.000000000000000000e+00 0.000000000000000000e+00 1.000000000000000000e+00
3.350053984231254889e-01 9.407454450654273437e-02 -9.955651561178135989e-01 0.000000000000000000e+00 9.955651561178135989e-01 9.407454450654273437e-02 -0.000000000000000000e+00 0.000000000000000000e+00 0.000000000000000000e+00 1.000000000000000000e+00
3.401307649128897381e-01 6.197049952827711483e-02 -9.980779815165825575e-01 0.000000000000000000e+00 9.980779815165825575e-01 6.197049952827711483e-02 -0.000000000000000000e+00 0.000000000000000000e+00 0.000000000000000000e+00 1.000000000000000000e+00
3.450725780738887472e-01 3.095495935949936842e-02 -9.995207804198230628e-01 0.000000000000000000e+00 9.995207804198230628e-01 3.095495935949936842e-02 -0.000000000000000000e+00 0.000000000000000000e+00 0.000000000000000000e+00 1.000000000000000000e+00
3.501445780738888236e-01 -9.084107046598131506e-04 -9.999995873949105718e-01 0.000000000000000000e+00 9.999995873949105718e-01 -9.084107046598131506e-04 -0.000000000000000000e+00 0.000000000000000000e+00 0.000000000000000000e+00 1.000000000000000000e+00
3.550965780738888911e-01 -3.201727176457928176e-02 -9.994873157317973877e-01 0.000000000000000000e+00 9.994873157317973877e-01 -3.201727176457928176e-02 -0.000000000000000000e+00 0.000000000000000000e+00 0.000000000000000000e+00 1.000000000000000000e+00
3.601925780738889915e-01 -6.399808932694886487e-02 -9.979500210744524091e-01 0.000000000000000000e+00 9.979500210744524091e-01 -6.399808932694886487e-02 -0.000000000000000000e+00 0.000000000000000000e+00 0.000000000000000000e+00 1.000000000000000000e+00
3.651925780738884408e-01 -9.531287781713690399e-02 -9.954473644157260104e-01 0.000000000000000000e+00 9.954473644157260104e-01 -9.531287781713690399e-02 -0.000000000000000000e+00 0.000000000000000000e+00 0.000000000000000000e+00 1.000000000000000000e+00
3.701925780738878902e-01 -1.265336040041822041e-01 -9.919623213901385128e-01 0.000000000000000000e+00 9.919623213901385128e-01 -1.265336040041822041e-01 -0.000000000000000000e+00 0.000000000000000000e+00 0.000000000000000000e+00 1.000000000000000000e+00
3.751925780738873395e-01 -1.576294568006630092e-01 -9.874983313144016783e-01 0.000000000000000000e+00 9.874983313144016783e-01 -1.576294568006630092e-01 -0.000000000000000000e+00 0.000000000000000000e+00 0.000000000000000000e+00 1.000000000000000000e+00
3.801365780738870104e-01 -1.882241907209681597e-01 -9.821260886604310514e-01 0.000000000000000000e+00 9.821260886604310514e-01 -1.882241907209681597e-01 -0.000000000000000000e+00 0.000000000000000000e+00 0.000000000000000000e+00 1.000000000000000000e+00
3.851445780738875779e-01 -2.190296846229253802e-01 -9.757181956148927027e-01 0.000000000000000000e+00 9.757181956148927027e-01 -2.190296846229253802e-01 -0.000000000000000000e+00 0.000000000000000000e+00 0.000000000000000000e+00 1.000000000000000000e+00
3.901445780738870273e-01 -2.495696558660533693e-01 -9.683568489306511040e-01 0.000000000000000000e+00 9.683568489306511040e-01 -2.495696558660533693e-01 -0.000000000000000000e+00 0.000000000000000000e+00 0.000000000000000000e+00 1.000000000000000000e+00
3.951445780738864766e-01 -2.798633319897513294e-01 -9.600398509476545383e-01 0.000000000000000000e+00 9.600398509476545383e-01 -2.798633319897513294e-01 -0.000000000000000000e+00 0.000000000000000000e+00 0.000000000000000000e+00 1.000000000000000000e+00
4.001445780738859259e-01 -3.098808167930846014e-01 -9.507754095387884741e-01 0.000000000000000000e+00 9.507754095387884741e-01 -3.098808167930846014e-01 -0.000000000000000000e+00 0.000000000000000000e+00 0.000000000000000000e+00 1.000000000000000000e+00
4.051445780738853752e-01 -3.395924866426079380e-01 -9.405726675892140953e-01 0.000000000000000000e+00 9.405726675892140953e-01 -3.395924866426079380e-01 -0.000000000000000000e+00 0.000000000000000000e+00 0.000000000000000000e+00 1.000000000000000000e+00
4.101445780738848246e-01 -3.689690197073128841e-01 -9.294416939734437832e-01 0.000000000000000000e+00 9.294416939734437832e-01 -3.689690197073128841e-01 -0.000000000000000000e+00 0.000000000000000000e+00 0.000000000000000000e+00 1.000000000000000000e+00
4.151445780738842739e-01 -3.979814248957359579e-01 -9.173934736185773708e-01 0.000000000000000000e+00 9.173934736185773708e-01 -3.979814248957359579e-01 -0.000000000000000000e+00 0.000000000000000000e+00 0.000000000000000000e+00 1.000000000000000000e+00
4.201445780738837232e-01 -4.266010704666667874e-01 -9.044398966635062154e-01 0.000000000000000000e+00 9.044398966635062154e-01 -4.266010704666667874e-01 -0.000000000000000000e+00 0.000000000000000000e+00 0.000000000000000000e+00 1.000000000000000000e+00
4.251445780738831726e-01 -4.547997122852188712e-01 -8.905937467247801997e-01 0.000000000000000000e+00 8.905937467247801997e-01 -4.547997122852188712e-01 -0.000000000000000000e+00 0.000000000000000000e+00 0.000000000000000000e+00 1.000000000000000000e+00
4.301445780738826219e-01 -4.825495216963802680e-01 -8.758686882807231733e-01 0.000000000000000000e+00 8.758686882807231733e-01 -4.825495216963802680e-01 -0.000000000000000000e+00 0.000000000000000000e+00 0.000000000000000000e+00 1.000000000000000000e+00
4.351445780738820712e-01 -5.098231129885367752e-01 -8.602792531862416547e-01 0.000000000000000000e+00 8.602792531862416547e-01 -5.098231129885367752e-01 -0.000000000000000000e+00 0.000000000000000000e+00 0.000000000000000000e+00 1.000000000000000000e+00
4.401445780738815206e-01 -5.365935704198645517e-01 -8.438408263316381497e-01 0.000000000000000000e+00 8.438408263316381497e-01 -5.365935704198645517e-01 -0.000000000000000000e+00 0.000000000000000000e+00 0.000000000000000000e+00 1.000000000000000000e+00
4.451445780738809699e-01 -5.628344747809147508e-01 -8.265696304595830934e-01 0.000000000000000000e+00 8.265696304595830934e-01 -5.628344747809147508e-01 -0.000000000000000000e+00 0.000000000000000000e+00 0.000000000000000000e+00 1.000000000000000000e+00
4.501445780738804192e-01 -5.885199294671856762e-01 -8.084827101552256590e-01 0.000000000000000000e+00 8.084827101552256590e-01 -5.885199294671856762e-01 -0.000000000000000000e+00 0.000000000000000000e+00 0.000000000000000000e+00 1.000000000000000000e+00
4.551445780738798685e-01 -6.136245860359451632e-01 -7.895979150252455669e-01 0.000000000000000000e+00 7.895979150252455669e-01 -6.136245860359451632e-01 -0.000000000000000000e+00 0.000000000000000000e+00 0.000000000000000000e+00 1.000000000000000000e+00
4.601445780738793179e-01 -6.381236692220814133e-01 -7.699338820824472851e-01 0.000000000000000000e+00 7.699338820824472851e-01 -6.381236692220814133e-01 -0.000000000000000000e+00 0.000000000000000000e+00 0.000000000000000000e+00 1.000000000000000000e+00
4.651445780738787672e-01 -6.619930013882994180e-01 -7.495100173532780463e-01 0.000000000000000000e+00 7.495100173532780463e-01 -6.619930013882994180e-01 -0.000000000000000000e+00 0.000000000000000000e+00 0.000000000000000000e+00 1.000000000000000000e+00
4.701045780738782320e-01 -6.850259513114397292e-01 -7.285186655329135563e-01 0.000000000000000000e+00 7.285186655329135563e-01 -6.850259513114397292e-01 -0.000000000000000000e+00 0.000000000000000000e+00 0.000000000000000000e+00 1.000000000000000000e+00
4.750914580738780923e-01 -7.075130019296511641e-01 -7.067003269423989265e-01 0.000000000000000000e+00 7.067003269423989265e-01 -7.075130019296511641e-01 -0.000000000000000000e+00 0.000000000000000000e+00 0.000000000000000000e+00 1.000000000000000000e+00
4.800951316738779062e-01 -7.293776714712149056e-01 -6.841112572960837968e-01 0.000000000000000000e+00 6.841112572960837968e-01 -7.293776714712149056e-01 -0.000000000000000000e+00 0.000000000000000000e+00 0.000000000000000000e+00 1.000000000000000000e+00
4.850951316738773555e-01 -7.505062215053210917e-01 -6.608633833719386175e-01 0.000000000000000000e+00 6.608633833719386175e-01 -7.505062215053210917e-01 -0.000000000000000000e+00 0.000000000000000000e+00 0.000000000000000000e+00 1.000000000000000000e+00
4.900951316738768049e-01 -7.708941125085156942e-01 -6.369633170754089857e-01 0.000000000000000000e+00 6.369633170754089857e-01 -7.708941125085156942e-01 -0.000000000000000000e+00 0.000000000000000000e+00 0.000000000000000000e+00 1.000000000000000000e+00
4.950951316738762542e-01 -7.905212240938386259e-01 -6.124346448864389503e-01 0.000000000000000000e+00 6.124346448864389503e-01 -7.905212240938386259e-01 -0.000000000000000000e+00 0.000000000000000000e+00 0.000000000000000000e+00 1.000000000000000000e+00
5.000951316738757590e-01 -8.093681866717656881e-01 -5.873015736430968747e-01 0.000000000000000000e+00 5.873015736430968747e-01 -8.093681866717656881e-01 -0.000000000000000000e+00 0.000000000000000000e+00 0.000000000000000000e+00 1.000000000000000000e+00
5.050951316738752084e-01 -8.274164005656531318e-01 -5.615889066523475082e-01 0.000000000000000000e+00 5.615889066523475082e-01 -8.274164005656531318e-01 -0.000000000000000000e+00 0.000000000000000000e+00 0.000000000000000000e+00 1.000000000000000000e+00
5.100951316738746577e-01 -8.446480543673744457e-01 -5.353220192121826981e-01 0.000000000000000000e+00 5.353220192121826981e-01 -8.446480543673744457e-01 -0.000000000000000000e+00 0.000000000000000000e+00 0.000000000000000000e+00 1.000000000000000000e+00
5.150951316738741070e-01 -8.610461425150310877e-01 -5.085268335692666453e-01 0.000000000000000000e+00 5.085268335692666453e-01 -8.610461425150310877e-01 -0.000000000000000000e+00 0.000000000000000000e+00 0.000000000000000000e+00 1.000000000000000000e+00
5.200951316738735564e-01 -8.765944820753859279e-01 -4.812297933368060443e-01 0.000000000000000000e+00 4.812297933368060443e-01 -8.765944820753859279e-01 -0.000000000000000000e+00 0.000000000000000000e+00 0.000000000000000000e+00 1.000000000000000000e+00
5.250951316738730057e-01 -8.912777287144671989e-01 -4.534578373978995769e-01 0.000000000000000000e+00 4.534578373978995769e-01 -8.912777287144671989e-01 -0.000000000000000000e+00 0.000000000000000000e+00 0.000000000000000000e+00 1.000000000000000000e+00
5.300951316738724550e-01 -9.050813918405720138e-01 -4.252383733201092753e-01 0.000000000000000000e+00 4.252383733201092753e-01 -9.050813918405720138e-01 -0.000000000000000000e+00 0.000000000000000000e+00 0.000000000000000000e+00 1.000000000000000000e+00
5.350951316738719044e-01 -9.179918489047309560e-01 -3.965992503075030928e-01 0.000000000000000000e+00 3.965992503075030928e-01 -9.179918489047309560e-01 -0.000000000000000000e+00 0.000000000000000000e+00 0.000000000000000000e+00 1.000000000000000000e+00
5.400951316738713537e-01 -9.299963588445200324e-01 -3.675687317168516155e-01 0.000000000000000000e+00 3.675687317168516155e-01 -9.299963588445200324e-01 -0.000000000000000000e+00 0.000000000000000000e+00 0.000000000000000000e+00 1.000000000000000000e+00
5.450151316738712781e-01 -9.409129702470832024e-01 -3.386484643709630760e-01 0.000000000000000000e+00 3.386484643709630760e-01 -9.409129702470832024e-01 -0.000000000000000000e+00 0.000000000000000000e+00 0.000000000000000000e+00 1.000000000000000000e+00
5.501671316738708795e-01 -9.513804965494454535e-01 -3.080181013923216082e-01 0.000000000000000000e+00 3.080181013923216082e-01 -9.513804965494454535e-01 -0.000000000000000000e+00 0.000000000000000000e+00 0.000000000000000000e+00 1.000000000000000000e+00
5.551671316738703288e-01 -9.605861300797139402e-01 -2.779825294842809824e-01 0.000000000000000000e+00 2.779825294842809824e-01 -9.605861300797139402e-01 -0.000000000000000000e+00 0.000000000000000000e+00 0.000000000000000000e+00 1.000000000000000000e+00
5.601671316738697781e-01 -9.688437810725627486e-01 -2.476726223808768945e-01 0.000000000000000000e+00 2.476726223808768945e-01 -9.688437810725627486e-01 -0.000000000000000000e+00 0.000000000000000000e+00 0.000000000000000000e+00 1.000000000000000000e+00
5.651671316738692274e-01 -9.761453002234201648e-01 -2.171182923010614718e-01 0.000000000000000000e+00 2.171182923010614718e-01 -9.761453002234201648e-01 -0.000000000000000000e+00 0.000000000000000000e+00 0.000000000000000000e+00 1.000000000000000000e+00
5.701671316738686768e-01 -9.824834818144076998e-01 -1.863496926797535980e-01 0.000000000000000000e+00 1.863496926797535980e-01 -9.824834818144076998e-01 -0.000000000000000000e+00 0.000000000000000000e+00 0.000000000000000000e+00 1.000000000000000000e+00
5.751671316738681261e-01 -9.878520708255126292e-01 -1.553971884100423528e-01 0.000000000000000000e+00 1.553971884100423528e-01 -9.878520708255126292e-01 -0.000000000000000000e+00 0.000000000000000000e+00 0.000000000000000000e+00 1.000000000000000000e+00
5.801671316738675754e-01 -9.922457691075390329e-01 -1.242913258766999152e-01 0.000000000000000000e+00 1.242913258766999152e-01 -9.922457691075390329e-01 -0.000000000000000000e+00 0.000000000000000000e+00 0.000000000000000000e+00 1.000000000000000000e+00
5.851671316738670248e-01 -9.956602406107399883e-01 -9.306280281059126080e-02 0.000000000000000000e+00 9.306280281059126080e-02 -9.956602406107399883e-01 -0.000000000000000000e+00 0.000000000000000000e+00 0.000000000000000000e+00 1.000000000000000000e+00
5.901671316738664741e-01 -9.980921156639762648e-01 -6.174243799371648134e-02 0.000000000000000000e+00 6.174243799371648134e-02 -9.980921156639762648e-01 -0.000000000000000000e+00 0.000000000000000000e+00 0.000000000000000000e+00 1.000000000000000000e+00
5.951671316738659234e-01 -9.995389943001737887e-01 -3.036114084479678288e-02 0.000000000000000000e+00 3.036114084479678288e-02 -9.995389943001737887e-01 -0.000000000000000000e+00 0.000000000000000000e+00 0.000000000000000000e+00 1.000000000000000000e+00
6.001671316738653728e-01 -9.999994486248019454e-01 1.050119084591314388e-03 0.000000000000000000e+00 -1.050119084591314388e-03 -9.999994486248019454e-01 -0.000000000000000000e+00 0.000000000000000000e+00 -0.000000000000000000e+00 1.000000000000000000e+00
6.051671316738648221e-01 -9.994730242250349228e-01 3.246034267322577688e-02 0.000000000000000000e+00 -3.246034267322577688e-02 -9.994730242250349228e-01 -0.000000000000000000e+00 0.000000000000000000e+00 -0.000000000000000000e+00 1.000000000000000000e+00
6.101671316738642714e-01 -9.979602406181979912e-01 6.383853182262599901e-02 0.000000000000000000e+00 -6.383853182262599901e-02 -9.979602406181979912e-01 -0.000000000000000000e+00 0.000000000000000000e+00 -0.000000000000000000e+00 1.000000000000000000e+00
6.151671316738637207e-01 -9.954625907390711737e-01 9.515372004843709874e-02 0.000000000000000000e+00 -9.515372004843709874e-02 -9.954625907390711737e-01 -0.000000000000000000e+00 0.000000000000000000e+00 -0.000000000000000000e+00 1.000000000000000000e+00
6.201159316738636962e-01 -9.920231428587420464e-01 1.260558766288338017e-01 0.000000000000000000e+00 -1.260558766288338017e-01 -9.920231428587420464e-01 -0.000000000000000000e+00 0.000000000000000000e+00 -0.000000000000000000e+00 1.000000000000000000e+00
6.250192916738636084e-01 -9.876693714231968846e-01 1.565541847173280987e-01 0.000000000000000000e+00 -1.565541847173280987e-01 -9.876693714231968846e-01 -0.000000000000000000e+00 0.000000000000000000e+00 -0.000000000000000000e+00 1.000000000000000000e+00
6.300192916738630577e-01 -9.822645304309556291e-01 1.875003793522947715e-01 0.000000000000000000e+00 -1.875003793522947715e-01 -9.822645304309556291e-01 -0.000000000000000000e+00 0.000000000000000000e+00 -0.000000000000000000e+00 1.000000000000000000e+00
6.350192916738625071e-01 -9.758903129374130181e-01 2.182615337500363462e-01 0.000000000000000000e+00 -2.182615337500363462e-01 -9.758903129374130181e-01 -0.000000000000000000e+00 0.000000000000000000e+00 -0.000000000000000000e+00 1.000000000000000000e+00
6.400192916738619564e-01 -9.685530095256669192e-01 2.488072903650005441e-01 0.000000000000000000e+00 -2.488072903650005441e-01 -9.685530095256669192e-01 -0.000000000000000000e+00 0.000000000000000000e+00 -0.000000000000000000e+00 1.000000000000000000e+00
6.450192916738614057e-01 -9.602598612283408386e-01 2.791075042232432080e-01 0.000000000000000000e+00 -2.791075042232432080e-01 -9.602598612283408386e-01 -0.000000000000000000e+00 0.000000000000000000e+00 -0.000000000000000000e+00 1.000000000000000000e+00
6.501152916738613952e-01 -9.508324151928204682e-01 3.097058575787489110e-01 0.000000000000000000e+00 -3.097058575787489110e-01 -9.508324151928204682e-01 -0.000000000000000000e+00 0.000000000000000000e+00 -0.000000000000000000e+00 1.000000000000000000e+00
6.551072916738608365e-01 -9.406522006079218734e-01 3.393721224430113481e-01 0.000000000000000000e+00 -3.393721224430113481e-01 -9.406522006079218734e-01 -0.000000000000000000e+00 0.000000000000000000e+00 -0.000000000000000000e+00 1.000000000000000000e+00
6.601072916738602858e-01 -9.295281095541909622e-01 3.687512624366353076e-01 0.000000000000000000e+00 -3.687512624366353076e-01 -9.295281095541909622e-01 -0.000000000000000000e+00 0.000000000000000000e+00 -0.000000000000000000e+00 1.000000000000000000e+00
6.651072916738597351e-01 -9.174866864796185073e-01 3.977664894541142471e-01 0.000000000000000000e+00 -3.977664894541142471e-01 -9.174866864796185073e-01 -0.000000000000000000e+00 0.000000000000000000e+00 -0.000000000000000000e+00 1.000000000000000000e+00
6.700352916738597786e-01 -9.047326161642543774e-01 4.259799211800754382e-01 0.000000000000000000e+00 -4.259799211800754382e-01 -9.047326161642543774e-01 -0.000000000000000000e+00 0.000000000000000000e+00 -0.000000000000000000e+00 1.000000000000000000e+00
6.750144916738598511e-01 -8.909651829018669922e-01 4.540716274517078155e-01 0.000000000000000000e+00 -4.540716274517078155e-01 -8.909651829018669922e-01 -0.000000000000000000e+00 0.000000000000000000e+00 -0.000000000000000000e+00 1.000000000000000000e+00
6.800008588883204030e-01 -8.763040802211574665e-01 4.817584031314354753e-01 0.000000000000000000e+00 -4.817584031314354753e-01 -8.763040802211574665e-01 -0.000000000000000000e+00 0.000000000000000000e+00 -0.000000000000000000e+00 1.000000000000000000e+00
6.851274836621327191e-01 -8.603340069768694587e-01 5.097307097273263699e-01 0.000000000000000000e+00 -5.097307097273263699e-01 -8.603340069768694587e-01 -0.000000000000000000e+00 0.000000000000000000e+00 -0.000000000000000000e+00 1.000000000000000000e+00
6.901909223902189527e-01 -8.436845399156922554e-01 5.368392656161117271e-01 0.000000000000000000e+00 -5.368392656161117271e-01 -8.436845399156922554e-01 -0.000000000000000000e+00 0.000000000000000000e+00 -0.000000000000000000e+00 1.000000000000000000e+00
6.950309223902190192e-01 -8.269713508622947851e-01 5.622440616431541027e-01 0.000000000000000000e+00 -5.622440616431541027e-01 -8.269713508622947851e-01 -0.000000000000000000e+00 0.000000000000000000e+00 -0.000000000000000000e+00 1.000000000000000000e+00
7.000949223902184215e-01 -8.086662865855203108e-01 5.882676575675266362e-01 0.000000000000000000e+00 -5.882676575675266362e-01 -8.086662865855203108e-01 -0.000000000000000000e+00 0.000000000000000000e+00 -0.000000000000000000e+00 1.000000000000000000e+00
7.050949223902178709e-01 -7.897893249235161672e-01 6.133782048922643559e-01 0.000000000000000000e+00 -6.133782048922643559e-01 -7.897893249235161672e-01 -0.000000000000000000e+00 0.000000000000000000e+00 -0.000000000000000000e+00 1.000000000000000000e+00
7.100949223902173202e-01 -7.701329365502335156e-01 6.378834219828217744e-01 0.000000000000000000e+00 -6.378834219828217744e-01 -7.701329365502335156e-01 -0.000000000000000000e+00 0.000000000000000000e+00 -0.000000000000000000e+00 1.000000000000000000e+00
7.150949223902167695e-01 -7.497165199478520448e-01 6.617591251484806758e-01 0.000000000000000000e+00 -6.617591251484806758e-01 -7.497165199478520448e-01 -0.000000000000000000e+00 0.000000000000000000e+00 -0.000000000000000000e+00 1.000000000000000000e+00
7.200949223902162188e-01 -7.285602236546540045e-01 6.849817519527660048e-01 0.000000000000000000e+00 -6.849817519527660048e-01 -7.285602236546540045e-01 -0.000000000000000000e+00 0.000000000000000000e+00 -0.000000000000000000e+00 1.000000000000000000e+00
7.250949223902156682e-01 -7.066849263808514525e-01 7.075283844667228372e-01 0.000000000000000000e+00 -7.075283844667228372e-01 -7.066849263808514525e-01 -0.000000000000000000e+00 0.000000000000000000e+00 -0.000000000000000000e+00 1.000000000000000000e+00
7.301829223902162047e-01 -6.837088246220200949e-01 7.297549199107711271e-01 0.000000000000000000e+00 -7.297549199107711271e-01 -6.837088246220200949e-01 -0.000000000000000000e+00 0.000000000000000000e+00 -0.000000000000000000e+00 1.000000000000000000e+00
7.351189223902155900e-01 -6.607511892087085670e-01 7.506049999562203201e-01 0.000000000000000000e+00 -7.506049999562203201e-01 -6.607511892087085670e-01 -0.000000000000000000e+00 0.000000000000000000e+00 -0.000000000000000000e+00 1.000000000000000000e+00
7.401189223902150394e-01 -6.368480755671017679e-01 7.709893181143816498e-01 0.000000000000000000e+00 -7.709893181143816498e-01 -6.368480755671017679e-01 -0.000000000000000000e+00 0.000000000000000000e+00 -0.000000000000000000e+00 1.000000000000000000e+00
7.450789223902145597e-01 -6.125151530816107526e-01 7.904588460162940144e-01 0.000000000000000000e+00 -7.904588460162940144e-01 -6.125151530816107526e-01 -0.000000000000000000e+00 0.000000000000000000e+00 -0.000000000000000000e+00 1.000000000000000000e+00
7.501269223902146122e-01 -5.871398930915746606e-01 8.094854822295545205e-01 0.000000000000000000e+00 -8.094854822295545205e-01 -5.871398930915746606e-01 -0.000000000000000000e+00 0.000000000000000000e+00 -0.000000000000000000e+00 1.000000000000000000e+00
7.551269223902140615e-01 -5.614236215379112549e-01 8.275285597363128964e-01 0.000000000000000000e+00 -8.275285597363128964e-01 -5.614236215379112549e-01 -0.000000000000000000e+00 0.000000000000000000e+00 -0.000000000000000000e+00 1.000000000000000000e+00
7.600021549574526025e-01 -5.358153627322997936e-01 8.443351805178165304e-01 0.000000000000000000e+00 -8.443351805178165304e-01 -5.358153627322997936e-01 -0.000000000000000000e+00 0.000000000000000000e+00 -0.000000000000000000e+00 1.000000000000000000e+00
7.650196674346464443e-01 -5.089350464113167050e-01 8.608049247851168317e-01 0.000000000000000000e+00 -8.608049247851168317e-01 -5.089350464113167050e-01 -0.000000000000000000e+00 0.000000000000000000e+00 -0.000000000000000000e+00 1.000000000000000000e+00
7.700633294606024082e-01 -4.814049441358360104e-01 8.764983056239026293e-01 0.000000000000000000e+00 -8.764983056239026293e-01 -4.814049441358360104e-01 -0.000000000000000000e+00 0.000000000000000000e+00 -0.000000000000000000e+00 1.000000000000000000e+00
7.751484924192342252e-01 -4.531589883743149527e-01 8.914297118985698987e-01 0.000000000000000000e+00 -8.914297118985698987e-01 -4.531589883743149527e-01 -0.000000000000000000e+00 0.000000000000000000e+00 -0.000000000000000000e+00 1.000000000000000000e+00
7.801484924192336745e-01 -4.249348978532981325e-01 9.052239129554670027e-01 0.000000000000000000e+00 -9.052239129554670027e-01 -4.249348978532981325e-01 -0.000000000000000000e+00 0.000000000000000000e+00 -0.000000000000000000e+00 1.000000000000000000e+00
7.851164924192333139e-01 -3.964760398171862654e-01 9.180450696185240567e-01 0.000000000000000000e+00 -9.180450696185240567e-01 -3.964760398171862654e-01 -0.000000000000000000e+00 0.000000000000000000e+00 -0.000000000000000000e+00 1.000000000000000000e+00
7.901392124192333499e-01 -3.673111388631696839e-01 9.300981277623567856e-01 0.000000000000000000e+00 -9.300981277623567856e-01 -3.673111388631696839e-01 -0.000000000000000000e+00 0.000000000000000000e+00 -0.000000000000000000e+00 1.000000000000000000e+00
7.951392124192327993e-01 -3.379148047789882758e-01 9.411767021719026349e-01 0.000000000000000000e+00 -9.411767021719026349e-01 -3.379148047789882758e-01 -0.000000000000000000e+00 0.000000000000000000e+00 -0.000000000000000000e+00 1.000000000000000000e+00
8.001392124192322486e-01 -3.081849895794379623e-01 9.513264488060456658e-01 0.000000000000000000e+00 -9.513264488060456658e-01 -3.081849895794379623e-01 -0.000000000000000000e+00 0.000000000000000000e+00 -0.000000000000000000e+00 1.000000000000000000e+00
8.051392124192316979e-01 -2.781510330027984201e-01 9.605373510902511791e-01 0.000000000000000000e+00 -9.605373510902511791e-01 -2.781510330027984201e-01 -0.000000000000000000e+00 0.000000000000000000e+00 -0.000000000000000000e+00 1.000000000000000000e+00
8.101392124192311472e-01 -2.478425749381654719e-01 9.688003189760107103e-01 0.000000000000000000e+00 -9.688003189760107103e-01 -2.478425749381654719e-01 -0.000000000000000000e+00 0.000000000000000000e+00 -0.000000000000000000e+00 1.000000000000000000e+00
8.151392124192305966e-01 -2.172895261744661743e-01 9.761071979116209274e-01 0.000000000000000000e+00 -9.761071979116209274e-01 -2.172895261744661743e-01 -0.000000000000000000e+00 0.000000000000000000e+00 -0.000000000000000000e+00 1.000000000000000000e+00
8.201392124192300459e-01 -1.865220388821151321e-01 9.824507768897426940e-01 0.000000000000000000e+00 -9.824507768897426940e-01 -1.865220388821151321e-01 -0.000000000000000000e+00 0.000000000000000000e+00 -0.000000000000000000e+00 1.000000000000000000e+00
8.251392124192294952e-01 -1.555704768564661333e-01 9.878247955637941002e-01 0.000000000000000000e+00 -9.878247955637941002e-01 -1.555704768564661333e-01 -0.000000000000000000e+00 0.000000000000000000e+00 -0.000000000000000000e+00 1.000000000000000000e+00
8.300992124192290156e-01 -1.247147546966967807e-01 9.921926375260716746e-01 0.000000000000000000e+00 -9.921926375260716746e-01 -1.247147546966967807e-01 -0.000000000000000000e+00 0.000000000000000000e+00 -0.000000000000000000e+00 1.000000000000000000e+00
8.350992124192295751e-01 -9.348769159732389644e-02 9.956204354671530643e-01 0.000000000000000000e+00 -9.956204354671530643e-01 -9.348769159732389644e-02 -0.000000000000000000e+00 0.000000000000000000e+00 -0.000000000000000000e+00 1.000000000000000000e+00
8.400992124192290245e-01 -6.216836743325729331e-02 9.980656762411397320e-01 0.000000000000000000e+00 -9.980656762411397320e-01 -6.216836743325729331e-02 -0.000000000000000000e+00 0.000000000000000000e+00 -0.000000000000000000e+00 1.000000000000000000e+00
8.450992124192284738e-01 -3.078769059621117368e-02 9.995259466906061263e-01 0.000000000000000000e+00 -9.995259466906061263e-01 -3.078769059621117368e-02 -0.000000000000000000e+00 0.000000000000000000e+00 -0.000000000000000000e+00 1.000000000000000000e+00
8.500992124192279231e-01 6.233699744095880929e-04 9.999998057049185318e-01 0.000000000000000000e+00 -9.999998057049185318e-01 6.233699744095880929e-04 -0.000000000000000000e+00 -0.000000000000000000e+00 0.000000000000000000e+00 1.000000000000000000e+00
8.550192124192278476e-01 3.153141447352167392e-02 9.995027613275009326e-01 0.000000000000000000e+00 -9.995027613275009326e-01 3.153141447352167392e-02 -0.000000000000000000e+00 -0.000000000000000000e+00 0.000000000000000000e+00 1.000000000000000000e+00
8.600752124192273529e-01 6.326215355180735134e-02 9.979969438470177590e-01 0.000000000000000000e+00 -9.979969438470177590e-01 6.326215355180735134e-02 -0.000000000000000000e+00 -0.000000000000000000e+00 0.000000000000000000e+00 1.000000000000000000e+00
8.650592124192267862e-01 9.447869826118424075e-02 9.955268834013835111e-01 0.000000000000000000e+00 -9.955268834013835111e-01 9.447869826118424075e-02 -0.000000000000000000e+00 -0.000000000000000000e+00 0.000000000000000000e+00 1.000000000000000000e+00
8.700992124192264976e-01 1.259516637286337004e-01 9.920363795768726289e-01 0.000000000000000000e+00 -9.920363795768726289e-01 1.259516637286337004e-01 -0.000000000000000000e+00 -0.000000000000000000e+00 0.000000000000000000e+00 1.000000000000000000e+00
8.750438667552271621e-01 1.567066886707850493e-01 9.876451861502881790e-01 0.000000000000000000e+00 -9.876451861502881790e-01 1.567066886707850493e-01 -0.000000000000000000e+00 -0.000000000000000000e+00 0.000000000000000000e+00 1.000000000000000000e+00
8.801311884084750403e-01 1.881909316334173521e-01 9.821324621714458969e-01 0.000000000000000000e+00 -9.821324621714458969e-01 1.881909316334173521e-01 -0.000000000000000000e+00 -0.000000000000000000e+00 0.000000000000000000e+00 1.000000000000000000e+00
8.851925648934412250e-01 2.193238635334414932e-01 9.756521116078027411e-01 0.000000000000000000e+00 -9.756521116078027411e-01 2.193238635334414932e-01 -0.000000000000000000e+00 -0.000000000000000000e+00 0.000000000000000000e+00 1.000000000000000000e+00
8.901925648934406743e-01 2.498616138682103194e-01 9.682815571491453221e-01 0.000000000000000000e+00 -9.682815571491453221e-01 2.498616138682103194e-01 -0.000000000000000000e+00 -0.000000000000000000e+00 0.000000000000000000e+00 1.000000000000000000e+00
8.951845648934407818e-01 2.801045279797435561e-01 9.599695064975998227e-01 0.000000000000000000e+00 -9.599695064975998227e-01 2.801045279797435561e-01 -0.000000000000000000e+00 -0.000000000000000000e+00 0.000000000000000000e+00 1.000000000000000000e+00
9.000582928934408589e-01 3.093653124038273639e-01 9.509432703801434794e-01 0.000000000000000000e+00 -9.509432703801434794e-01 3.093653124038273639e-01 -0.000000000000000000e+00 -0.000000000000000000e+00 0.000000000000000000e+00 1.000000000000000000e+00
9.050228084712972354e-01 3.388727542498765621e-01 9.408322148114949268e-01 0.000000000000000000e+00 -9.408322148114949268e-01 3.388727542498765621e-01 -0.000000000000000000e+00 -0.000000000000000000e+00 0.000000000000000000e+00 1.000000000000000000e+00
9.100512445123032368e-01 3.684239018840136937e-01 9.296579094056902637e-01 0.000000000000000000e+00 -9.296579094056902637e-01 3.684239018840136937e-01 -0.000000000000000000e+00 -0.000000000000000000e+00 0.000000000000000000e+00 1.000000000000000000e+00
9.151314302363023900e-01 3.979056373878206987e-01 9.174263478530535476e-01 0.000000000000000000e+00 -9.174263478530535476e-01 3.979056373878206987e-01 -0.000000000000000000e+00 -0.000000000000000000e+00 0.000000000000000000e+00 1.000000000000000000e+00
9.201176972342149929e-01 4.264483069290075368e-01 9.045119355306389108e-01 0.000000000000000000e+00 -9.045119355306389108e-01 4.264483069290075368e-01 -0.000000000000000000e+00 -0.000000000000000000e+00 0.000000000000000000e+00 1.000000000000000000e+00
9.250376972342145843e-01 4.542015296569364424e-01 8.908989675924531282e-01 0.000000000000000000e+00 -8.908989675924531282e-01 4.542015296569364424e-01 -0.000000000000000000e+00 -0.000000000000000000e+00 0.000000000000000000e+00 1.000000000000000000e+00
9.301576972342141536e-01 4.826217180139852347e-01 8.758289086923478628e-01 0.000000000000000000e+00 -8.758289086923478628e-01 4.826217180139852347e-01 -0.000000000000000000e+00 -0.000000000000000000e+00 0.000000000000000000e+00 1.000000000000000000e+00
9.350091491382137576e-01 5.090908952937026610e-01 8.607127629639612643e-01 0.000000000000000000e+00 -8.607127629639612643e-01 5.090908952937026610e-01 -0.000000000000000000e+00 -0.000000000000000000e+00 0.000000000000000000e+00 1.000000000000000000e+00
9.401219587380089671e-01 5.364736370949508837e-01 8.439170792809651545e-01 0.000000000000000000e+00 -8.439170792809651545e-01 5.364736370949508837e-01 -0.000000000000000000e+00 -0.000000000000000000e+00 0.000000000000000000e+00 1.000000000000000000e+00
9.450267836650358966e-01 5.622225565780623047e-01 8.269859713893745745e-01 0.000000000000000000e+00 -8.269859713893745745e-01 5.622225565780623047e-01 -0.000000000000000000e+00 -0.000000000000000000e+00 0.000000000000000000e+00 1.000000000000000000e+00
9.500267836650353459e-01 5.879213907936674532e-01 8.089180664611465010e-01 0.000000000000000000e+00 -8.089180664611465010e-01 5.879213907936674532e-01 -0.000000000000000000e+00 -0.000000000000000000e+00 0.000000000000000000e+00 1.000000000000000000e+00
9.550347836650358024e-01 6.130797291404596061e-01 7.900210413128632148e-01 0.000000000000000000e+00 -7.900210413128632148e-01 6.130797291404596061e-01 -0.000000000000000000e+00 -0.000000000000000000e+00 0.000000000000000000e+00 1.000000000000000000e+00
9.600143291474967366e-01 6.374933585443223194e-01 7.704558506571809184e-01 0.000000000000000000e+00 -7.704558506571809184e-01 6.374933585443223194e-01 -0.000000000000000000e+00 -0.000000000000000000e+00 0.000000000000000000e+00 1.000000000000000000e+00
9.650478752243192293e-01 6.615374754907660249e-01 7.499121071974396147e-01 0.000000000000000000e+00 -7.499121071974396147e-01 6.615374754907660249e-01 -0.000000000000000000e+00 -0.000000000000000000e+00 0.000000000000000000e+00 1.000000000000000000e+00
9.701067019892356535e-01 6.850356732983517993e-01 7.285095238283944008e-01 0.000000000000000000e+00 -7.285095238283944008e-01 6.850356732983517993e-01 -0.000000000000000000e+00 -0.000000000000000000e+00 0.000000000000000000e+00 1.000000000000000000e+00
9.751933924796277742e-01 7.079654790951437349e-01 7.062470392218176407e-01 0.000000000000000000e+00 -7.062470392218176407e-01 7.079654790951437349e-01 -0.000000000000000000e+00 -0.000000000000000000e+00 0.000000000000000000e+00 1.000000000000000000e+00
9.800733924796277696e-01 7.292842209626846373e-01 6.842108776209644416e-01 0.000000000000000000e+00 -6.842108776209644416e-01 7.292842209626846373e-01 -0.000000000000000000e+00 -0.000000000000000000e+00 0.000000000000000000e+00 1.000000000000000000e+00
9.850137277146989723e-01 7.501681074851157538e-01 6.612471629520990657e-01 0.000000000000000000e+00 -6.612471629520990657e-01 7.501681074851157538e-01 -0.000000000000000000e+00 -0.000000000000000000e+00 0.000000000000000000e+00 1.000000000000000000e+00
9.900287768580405823e-01 7.706284830231799887e-01 6.372846625750476779e-01 0.000000000000000000e+00 -6.372846625750476779e-01 7.706284830231799887e-01 -0.000000000000000000e+00 -0.000000000000000000e+00 0.000000000000000000e+00 1.000000000000000000e+00
9.951372235107881492e-01 7.906831675328847009e-01 6.122255536811284093e-01 0.000000000000000000e+00 -6.122255536811284093e-01 7.906831675328847009e-01 -0.000000000000000000e+00 -0.000000000000000000e+00 0.000000000000000000e+00 1.000000000000000000e+00
1.000000000000000000e+00 8.090169943749474513e-01 5.877852522924732481e-01 0.000000000000000000e+00 -5.877852522924732481e-01 8.090169943749474513e-01 -0.000000000000000000e+00 -0.000000000000000000e+00 0.000000000000000000e+00 1.000000000000000000e+00
