time R11 R12 R13 R21 R22 R23 R31 R32 R33
0.000000000000000000e+00 1.000000000000000000e+00 -0.000000000000000000e+00 0.000000000000000000e+00 0.000000000000000000e+00 1.000000000000000000e+00 -0.000000000000000000e+00 0.000000000000000000e+00 0.000000000000000000e+00 1.000000000000000000e+00
5.045185536000001102e-03 9.999999921497391142e-01 1.253017219461427588e-04 0.000000000000000000e+00 -1.253017219461427588e-04 9.999999921497391142e-01 -0.000000000000000000e+00 -0.000000000000000000e+00 0.000000000000000000e+00 1.000000000000000000e+00
1.002813948395520245e-02 9.999999921587141571e-01 1.252300736029430953e-04 0.000000000000000000e+00 -1.252300736029430953e-04 9.999999921587141571e-01 -0.000000000000000000e+00 -0.000000000000000000e+00 0.000000000000000000e+00 1.000000000000000000e+00
1.513296441098240658e-02 9.999999943302649852e-01 1.064869466439878853e-04 0.000000000000000000e+00 -1.064869466439878853e-04 9.999999943302649852e-01 -0.000000000000000000e+00 -0.000000000000000000e+00 0.000000000000000000e+00 1.000000000000000000e+00
2.013296441098237979e-02 9.999999967501514986e-01 8.062069668798841119e-05 0.000000000000000000e+00 -8.062069668798841119e-05 9.999999967501514986e-01 -0.000000000000000000e+00 -0.000000000000000000e+00 0.000000000000000000e+00 1.000000000000000000e+00
2.513296441098234954e-02 9.999999988557146668e-01 4.783900393109419990e-05 0.000000000000000000e+00 -4.783900393109419990e-05 9.999999988557146668e-01 -0.000000000000000000e+00 -0.000000000000000000e+00 0.000000000000000000e+00 1.000000000000000000e+00
3.005296441098235724e-02 9.999999999685096341e-01 7.936036394964824319e-06 0.000000000000000000e+00 -7.936036394964824319e-06 9.999999999685096341e-01 -0.000000000000000000e+00 -0.000000000000000000e+00 0.000000000000000000e+00 1.000000000000000000e+00
3.517296441098232557e-02 9.999999991911591168e-01 -4.022041280701503643e-05 0.000000000000000000e+00 4.022041280701503643e-05 9.999999991911591168e-01 -0.000000000000000000e+00 0.000000000000000000e+00 0.000000000000000000e+00 1.000000000000000000e+00
4.017296441098229531e-02 9.999999955108296312e-01 -9.475410550412074724e-05 0.000000000000000000e+00 9.475410550412074724e-05 9.999999955108296312e-01 -0.000000000000000000e+00 0.000000000000000000e+00 0.000000000000000000e+00 1.000000000000000000e+00
4.500953657098231281e-02 9.999999891961327547e-01 -1.469956943802517820e-04 0.000000000000000000e+00 1.469956943802517820e-04 9.999999891961327547e-01 -0.000000000000000000e+00 0.000000000000000000e+00 0.000000000000000000e+00 1.000000000000000000e+00
5.004475771542424289e-02 9.999999753628681098e-01 -2.219780688471044037e-04 0.000000000000000000e+00 2.219780688471044037e-04 9.999999753628681098e-01 -0.000000000000000000e+00 0.000000000000000000e+00 0.000000000000000000e+00 1.000000000000000000e+00
5.516566187343755617e-02 9.999999556798490064e-01 -2.977252081862366822e-04 0.000000000000000000e+00 2.977252081862366822e-04 9.999999556798490064e-01 -0.000000000000000000e+00 0.000000000000000000e+00 0.000000000000000000e+00 1.000000000000000000e+00
6.015630831699424891e-02 9.999999284837923774e-01 -3.781962583673291272e-04 0.000000000000000000e+00 3.781962583673291272e-04 9.999999284837923774e-01 -0.000000000000000000e+00 0.000000000000000000e+00 0.000000000000000000e+00 1.000000000000000000e+00
6.515630831699431580e-02 9.999998913574961179e-01 -4.661383868766460635e-04 0.000000000000000000e+00 4.661383868766460635e-04 9.999998913574961179e-01 -0.000000000000000000e+00 0.000000000000000000e+00 0.000000000000000000e+00 1.000000000000000000e+00
7.015630831699445902e-02 9.999998430426781937e-01 -5.602808392940539835e-04 0.000000000000000000e+00 5.602808392940539835e-04 9.999998430426781937e-01 -0.000000000000000000e+00 0.000000000000000000e+00 0.000000000000000000e+00 1.000000000000000000e+00
7.515630831699460224e-02 9.999997804848328453e-01 -6.625936053109708927e-04 0.000000000000000000e+00 6.625936053109708927e-04 9.999997804848328453e-01 -0.000000000000000000e+00 0.000000000000000000e+00 0.000000000000000000e+00 1.000000000000000000e+00
8.015630831699474546e-02 9.999997017554262957e-01 -7.723270409511525780e-04 0.000000000000000000e+00 7.723270409511525780e-04 9.999997017554262957e-01 -0.000000000000000000e+00 0.000000000000000000e+00 0.000000000000000000e+00 1.000000000000000000e+00
8.515630831699488867e-02 9.999996040041482237e-01 -8.899390689303396992e-04 0.000000000000000000e+00 8.899390689303396992e-04 9.999996040041482237e-01 -0.000000000000000000e+00 0.000000000000000000e+00 0.000000000000000000e+00 1.000000000000000000e+00
9.015630831699503189e-02 9.999994874493520758e-01 -1.012472732005552031e-03 0.000000000000000000e+00 1.012472732005552031e-03 9.999994874493520758e-01 -0.000000000000000000e+00 0.000000000000000000e+00 0.000000000000000000e+00 1.000000000000000000e+00
9.515630831699517511e-02 9.999993489597363006e-01 -1.141087246214138318e-03 0.000000000000000000e+00 1.141087246214138318e-03 9.999993489597363006e-01 -0.000000000000000000e+00 0.000000000000000000e+00 0.000000000000000000e+00 1.000000000000000000e+00
1.001563083169953183e-01 9.999991836028029324e-01 -1.277808173253898493e-03 0.000000000000000000e+00 1.277808173253898493e-03 9.999991836028029324e-01 -0.000000000000000000e+00 0.000000000000000000e+00 0.000000000000000000e+00 1.000000000000000000e+00
1.051563083169954615e-01 9.999989876679952205e-01 -1.422906526903551646e-03 0.000000000000000000e+00 1.422906526903551646e-03 9.999989876679952205e-01 -0.000000000000000000e+00 0.000000000000000000e+00 0.000000000000000000e+00 1.000000000000000000e+00
1.101563083169956048e-01 9.999987588048390164e-01 -1.575559831011637789e-03 0.000000000000000000e+00 1.575559831011637789e-03 9.999987588048390164e-01 -0.000000000000000000e+00 0.000000000000000000e+00 0.000000000000000000e+00 1.000000000000000000e+00
1.151563083169957480e-01 9.999984921177604846e-01 -1.736595003137927484e-03 0.000000000000000000e+00 1.736595003137927484e-03 9.999984921177604846e-01 -0.000000000000000000e+00 0.000000000000000000e+00 0.000000000000000000e+00 1.000000000000000000e+00
1.201563083169958912e-01 9.999981836618245801e-01 -1.905957253319148217e-03 0.000000000000000000e+00 1.905957253319148217e-03 9.999981836618245801e-01 -0.000000000000000000e+00 0.000000000000000000e+00 0.000000000000000000e+00 1.000000000000000000e+00
1.251563083169960344e-01 9.999978335789168060e-01 -2.081546894226951258e-03 0.000000000000000000e+00 2.081546894226951258e-03 9.999978335789168060e-01 -0.000000000000000000e+00 0.000000000000000000e+00 0.000000000000000000e+00 1.000000000000000000e+00
1.301563083169961776e-01 9.999974215489119134e-01 -2.270879901637277379e-03 0.000000000000000000e+00 2.270879901637277379e-03 9.999974215489119134e-01 -0.000000000000000000e+00 0.000000000000000000e+00 0.000000000000000000e+00 1.000000000000000000e+00
1.351563083169963209e-01 9.999970032638244577e-01 -2.448155095281563491e-03 0.000000000000000000e+00 2.448155095281563491e-03 9.999970032638244577e-01 -0.000000000000000000e+00 0.000000000000000000e+00 0.000000000000000000e+00 1.000000000000000000e+00
1.401563083169964641e-01 9.999964941253633999e-01 -2.647968463145924066e-03 0.000000000000000000e+00 2.647968463145924066e-03 9.999964941253633999e-01 -0.000000000000000000e+00 0.000000000000000000e+00 0.000000000000000000e+00 1.000000000000000000e+00
1.451563083169966073e-01 9.999959501504267489e-01 -2.845994157592852958e-03 0.000000000000000000e+00 2.845994157592852958e-03 9.999959501504267489e-01 -0.000000000000000000e+00 0.000000000000000000e+00 0.000000000000000000e+00 1.000000000000000000e+00
1.501163083169965995e-01 9.999950052034680681e-01 -3.160627804068551813e-03 0.000000000000000000e+00 3.160627804068551813e-03 9.999950052034680681e-01 -0.000000000000000000e+00 0.000000000000000000e+00 0.000000000000000000e+00 1.000000000000000000e+00
1.550478283169965110e-01 9.999944175076980191e-01 -3.341399922121936206e-03 0.000000000000000000e+00 3.341399922121936206e-03 9.999944175076980191e-01 -0.000000000000000000e+00 0.000000000000000000e+00 0.000000000000000000e+00 1.000000000000000000e+00
1.600478283169966542e-01 9.999937212285490151e-01 -3.543656794750893631e-03 0.000000000000000000e+00 3.543656794750893631e-03 9.999937212285490151e-01 -0.000000000000000000e+00 0.000000000000000000e+00 0.000000000000000000e+00 1.000000000000000000e+00
1.650478283169967975e-01 9.999929642250483530e-01 -3.751199861512841734e-03 0.000000000000000000e+00 3.751199861512841734e-03 9.999929642250483530e-01 -0.000000000000000000e+00 0.000000000000000000e+00 0.000000000000000000e+00 1.000000000000000000e+00
1.700478283169969407e-01 9.999921998042748950e-01 -3.949725383736481243e-03 0.000000000000000000e+00 3.949725383736481243e-03 9.999921998042748950e-01 -0.000000000000000000e+00 0.000000000000000000e+00 0.000000000000000000e+00 1.000000000000000000e+00
1.750478283169970839e-01 9.999913219232704487e-01 -4.166062667548236197e-03 0.000000000000000000e+00 4.166062667548236197e-03 9.999913219232704487e-01 -0.000000000000000000e+00 0.000000000000000000e+00 0.000000000000000000e+00 1.000000000000000000e+00
1.800078283169969373e-01 9.999903206643843134e-01 -4.399838354054996792e-03 0.000000000000000000e+00 4.399838354054996792e-03 9.999903206643843134e-01 -0.000000000000000000e+00 0.000000000000000000e+00 0.000000000000000000e+00 1.000000000000000000e+00
1.850569549540894143e-01 9.999892260253679943e-01 -4.641964367102430211e-03 0.000000000000000000e+00 4.641964367102430211e-03 9.999892260253679943e-01 -0.000000000000000000e+00 0.000000000000000000e+00 0.000000000000000000e+00 1.000000000000000000e+00
1.901426350478762906e-01 9.999879713983541585e-01 -4.904799547850742687e-03 0.000000000000000000e+00 4.904799547850742687e-03 9.999879713983541585e-01 -0.000000000000000000e+00 0.000000000000000000e+00 0.000000000000000000e+00 1.000000000000000000e+00
1.950424908577816363e-01 9.999866201028339008e-01 -5.172969680043966803e-03 0.000000000000000000e+00 5.172969680043966803e-03 9.999866201028339008e-01 -0.000000000000000000e+00 0.000000000000000000e+00 0.000000000000000000e+00 1.000000000000000000e+00
2.000424908577817795e-01 9.999850743932516828e-01 -5.463606018285327437e-03 0.000000000000000000e+00 5.463606018285327437e-03 9.999850743932516828e-01 -0.000000000000000000e+00 0.000000000000000000e+00 0.000000000000000000e+00 1.000000000000000000e+00
2.050424908577819227e-01 9.999835950212965230e-01 -5.727974186686992514e-03 0.000000000000000000e+00 5.727974186686992514e-03 9.999835950212965230e-01 -0.000000000000000000e+00 0.000000000000000000e+00 0.000000000000000000e+00 1.000000000000000000e+00
2.100424908577820660e-01 9.999820932659811978e-01 -5.984408691476672884e-03 0.000000000000000000e+00 5.984408691476672884e-03 9.999820932659811978e-01 -0.000000000000000000e+00 0.000000000000000000e+00 0.000000000000000000e+00 1.000000000000000000e+00
2.150424908577822092e-01 9.999804748311919012e-01 -6.248996430157380787e-03 0.000000000000000000e+00 6.248996430157380787e-03 9.999804748311919012e-01 -0.000000000000000000e+00 0.000000000000000000e+00 0.000000000000000000e+00 1.000000000000000000e+00
2.200424908577823524e-01 9.999788268431416549e-01 -6.507370084315379499e-03 0.000000000000000000e+00 6.507370084315379499e-03 9.999788268431416549e-01 -0.000000000000000000e+00 0.000000000000000000e+00 0.000000000000000000e+00 1.000000000000000000e+00
2.250424908577824956e-01 9.999771111087991660e-01 -6.765889335519190313e-03 0.000000000000000000e+00 6.765889335519190313e-03 9.999771111087991660e-01 -0.000000000000000000e+00 0.000000000000000000e+00 0.000000000000000000e+00 1.000000000000000000e+00
2.301544908577824455e-01 9.999752676179604061e-01 -7.033075599514398805e-03 0.000000000000000000e+00 7.033075599514398805e-03 9.999752676179604061e-01 -0.000000000000000000e+00 0.000000000000000000e+00 0.000000000000000000e+00 1.000000000000000000e+00
2.351544908577825888e-01 9.999733992249566494e-01 -7.293890764572947411e-03 0.000000000000000000e+00 7.293890764572947411e-03 9.999733992249566494e-01 -0.000000000000000000e+00 0.000000000000000000e+00 0.000000000000000000e+00 1.000000000000000000e+00
2.400344908577825287e-01 9.999714818157490193e-01 -7.552188769821745022e-03 0.000000000000000000e+00 7.552188769821745022e-03 9.999714818157490193e-01 -0.000000000000000000e+00 0.000000000000000000e+00 0.000000000000000000e+00 1.000000000000000000e+00
2.451384908577826094e-01 9.999693897656753983e-01 -7.824291128461979480e-03 0.000000000000000000e+00 7.824291128461979480e-03 9.999693897656753983e-01 -0.000000000000000000e+00 0.000000000000000000e+00 0.000000000000000000e+00 1.000000000000000000e+00
2.500184908577825493e-01 9.999673326985417665e-01 -8.082916290788494731e-03 0.000000000000000000e+00 8.082916290788494731e-03 9.999673326985417665e-01 -0.000000000000000000e+00 0.000000000000000000e+00 0.000000000000000000e+00 1.000000000000000000e+00
2.550184908577819987e-01 9.999650974043717833e-01 -8.354877202286689272e-03 0.000000000000000000e+00 8.354877202286689272e-03 9.999650974043717833e-01 -0.000000000000000000e+00 0.000000000000000000e+00 0.000000000000000000e+00 1.000000000000000000e+00
2.600184908577814480e-01 9.999626312824412278e-01 -8.645000792161473477e-03 0.000000000000000000e+00 8.645000792161473477e-03 9.999626312824412278e-01 -0.000000000000000000e+00 0.000000000000000000e+00 0.000000000000000000e+00 1.000000000000000000e+00
2.650024908577811034e-01 9.999598772522281243e-01 -8.957895160635168802e-03 0.000000000000000000e+00 8.957895160635168802e-03 9.999598772522281243e-01 -0.000000000000000000e+00 0.000000000000000000e+00 0.000000000000000000e+00 1.000000000000000000e+00
2.701336908577811058e-01 9.999574440277934073e-01 -9.225515346176325557e-03 0.000000000000000000e+00 9.225515346176325557e-03 9.999574440277934073e-01 -0.000000000000000000e+00 0.000000000000000000e+00 0.000000000000000000e+00 1.000000000000000000e+00
2.751336908577805551e-01 9.999547946432438827e-01 -9.508347384686038559e-03 0.000000000000000000e+00 9.508347384686038559e-03 9.999547946432438827e-01 -0.000000000000000000e+00 0.000000000000000000e+00 0.000000000000000000e+00 1.000000000000000000e+00
2.800056908577804315e-01 9.999520928805446518e-01 -9.788357564919329332e-03 0.000000000000000000e+00 9.788357564919329332e-03 9.999520928805446518e-01 -0.000000000000000000e+00 0.000000000000000000e+00 0.000000000000000000e+00 1.000000000000000000e+00
2.850776908577801749e-01 9.999491303405546594e-01 -1.008646276791145581e-02 0.000000000000000000e+00 1.008646276791145581e-02 9.999491303405546594e-01 -0.000000000000000000e+00 0.000000000000000000e+00 0.000000000000000000e+00 1.000000000000000000e+00
2.900376908577801949e-01 9.999464849496567664e-01 -1.034539689069668804e-02 0.000000000000000000e+00 1.034539689069668804e-02 9.999464849496567664e-01 -0.000000000000000000e+00 0.000000000000000000e+00 0.000000000000000000e+00 1.000000000000000000e+00
2.950376908577796442e-01 9.999436767170203355e-01 -1.061335920654982862e-02 0.000000000000000000e+00 1.061335920654982862e-02 9.999436767170203355e-01 -0.000000000000000000e+00 0.000000000000000000e+00 0.000000000000000000e+00 1.000000000000000000e+00
3.000376908577790935e-01 9.999408873964852340e-01 -1.087298085761035683e-02 0.000000000000000000e+00 1.087298085761035683e-02 9.999408873964852340e-01 -0.000000000000000000e+00 0.000000000000000000e+00 0.000000000000000000e+00 1.000000000000000000e+00
3.050296908577789790e-01 9.999380749433091076e-01 -1.112862429365016684e-02 0.000000000000000000e+00 1.112862429365016684e-02 9.999380749433091076e-01 -0.000000000000000000e+00 0.000000000000000000e+00 0.000000000000000000e+00 1.000000000000000000e+00
3.101896908577786438e-01 9.999350933533908137e-01 -1.139337879409034818e-02 0.000000000000000000e+00 1.139337879409034818e-02 9.999350933533908137e-01 -0.000000000000000000e+00 0.000000000000000000e+00 0.000000000000000000e+00 1.000000000000000000e+00
3.151816908577782517e-01 9.999319693231517592e-01 -1.166433562290627481e-02 0.000000000000000000e+00 1.166433562290627481e-02 9.999319693231517592e-01 -0.000000000000000000e+00 0.000000000000000000e+00 0.000000000000000000e+00 1.000000000000000000e+00
3.200856908577782711e-01 9.999288761177888007e-01 -1.192655464985486850e-02 0.000000000000000000e+00 1.192655464985486850e-02 9.999288761177888007e-01 -0.000000000000000000e+00 0.000000000000000000e+00 0.000000000000000000e+00 1.000000000000000000e+00
3.250456908577777915e-01 9.999257632967749609e-01 -1.218474026650279672e-02 0.000000000000000000e+00 1.218474026650279672e-02 9.999257632967749609e-01 -0.000000000000000000e+00 0.000000000000000000e+00 0.000000000000000000e+00 1.000000000000000000e+00
3.300038503886209007e-01 9.999225297424718661e-01 -1.244726931562826697e-02 0.000000000000000000e+00 1.244726931562826697e-02 9.999225297424718661e-01 -0.000000000000000000e+00 0.000000000000000000e+00 0.000000000000000000e+00 1.000000000000000000e+00
3.350053984231254889e-01 9.999192238831050572e-01 -1.271006329681448853e-02 0.000000000000000000e+00 1.271006329681448853e-02 9.999192238831050572e-01 -0.000000000000000000e+00 0.000000000000000000e+00 0.000000000000000000e+00 1.000000000000000000e+00
3.401307649128897381e-01 9.999157337791148015e-01 -1.298173104692627172e-02 0.000000000000000000e+00 1.298173104692627172e-02 9.999157337791148015e-01 -0.000000000000000000e+00 0.000000000000000000e+00 0.000000000000000000e+00 1.000000000000000000e+00
3.450725780738887472e-01 9.999122894477129320e-01 -1.324437282143863838e-02 0.000000000000000000e+00 1.324437282143863838e-02 9.999122894477129320e-01 -0.000000000000000000e+00 0.000000000000000000e+00 0.000000000000000000e+00 1.000000000000000000e+00
3.501445780738888236e-01 9.999086643813526187e-01 -1.351528375949343636e-02 0.000000000000000000e+00 1.351528375949343636e-02 9.999086643813526187e-01 -0.000000000000000000e+00 0.000000000000000000e+00 0.000000000000000000e+00 1.000000000000000000e+00
3.550965780738888911e-01 9.999050637530713104e-01 -1.377909579640451167e-02 0.000000000000000000e+00 1.377909579640451167e-02 9.999050637530713104e-01 -0.000000000000000000e+00 0.000000000000000000e+00 0.000000000000000000e+00 1.000000000000000000e+00
3.601925780738889915e-01 9.999013329164532227e-01 -1.404722150108339042e-02 0.000000000000000000e+00 1.404722150108339042e-02 9.999013329164532227e-01 -0.000000000000000000e+00 0.000000000000000000e+00 0.000000000000000000e+00 1.000000000000000000e+00
3.651925780738884408e-01 9.998976187604198262e-01 -1.430915781038546650e-02 0.000000000000000000e+00 1.430915781038546650e-02 9.998976187604198262e-01 -0.000000000000000000e+00 0.000000000000000000e+00 0.000000000000000000e+00 1.000000000000000000e+00
3.701925780738878902e-01 9.998938161725197116e-01 -1.457245277761172811e-02 0.000000000000000000e+00 1.457245277761172811e-02 9.998938161725197116e-01 -0.000000000000000000e+00 0.000000000000000000e+00 0.000000000000000000e+00 1.000000000000000000e+00
3.751925780738873395e-01 9.998898876338533359e-01 -1.483956224288458803e-02 0.000000000000000000e+00 1.483956224288458803e-02 9.998898876338533359e-01 -0.000000000000000000e+00 0.000000000000000000e+00 0.000000000000000000e+00 1.000000000000000000e+00
3.801365780738870104e-01 9.998850055337165088e-01 -1.516495001112290637e-02 0.000000000000000000e+00 1.516495001112290637e-02 9.998850055337165088e-01 -0.000000000000000000e+00 0.000000000000000000e+00 0.000000000000000000e+00 1.000000000000000000e+00
3.851445780738875779e-01 9.998801760630428026e-01 -1.548010065015085514e-02 0.000000000000000000e+00 1.548010065015085514e-02 9.998801760630428026e-01 -0.000000000000000000e+00 0.000000000000000000e+00 0.000000000000000000e+00 1.000000000000000000e+00
3.901445780738870273e-01 9.998753821720197665e-01 -1.578670726774812280e-02 0.000000000000000000e+00 1.578670726774812280e-02 9.998753821720197665e-01 -0.000000000000000000e+00 0.000000000000000000e+00 0.000000000000000000e+00 1.000000000000000000e+00
3.951445780738864766e-01 9.998712134151814812e-01 -1.604856952045808152e-02 0.000000000000000000e+00 1.604856952045808152e-02 9.998712134151814812e-01 -0.000000000000000000e+00 0.000000000000000000e+00 0.000000000000000000e+00 1.000000000000000000e+00
4.001445780738859259e-01 9.998671656078440551e-01 -1.629880791151370675e-02 0.000000000000000000e+00 1.629880791151370675e-02 9.998671656078440551e-01 -0.000000000000000000e+00 0.000000000000000000e+00 0.000000000000000000e+00 1.000000000000000000e+00
4.051445780738853752e-01 9.998630532764749557e-01 -1.654915987732326343e-02 0.000000000000000000e+00 1.654915987732326343e-02 9.998630532764749557e-01 -0.000000000000000000e+00 0.000000000000000000e+00 0.000000000000000000e+00 1.000000000000000000e+00
4.101445780738848246e-01 9.998588488932991236e-01 -1.680125857687237573e-02 0.000000000000000000e+00 1.680125857687237573e-02 9.998588488932991236e-01 -0.000000000000000000e+00 0.000000000000000000e+00 0.000000000000000000e+00 1.000000000000000000e+00
4.151445780738842739e-01 9.998545814868725623e-01 -1.705332459408536935e-02 0.000000000000000000e+00 1.705332459408536935e-02 9.998545814868725623e-01 -0.000000000000000000e+00 0.000000000000000000e+00 0.000000000000000000e+00 1.000000000000000000e+00
4.201445780738837232e-01 9.998495927706594344e-01 -1.734335135856869201e-02 0.000000000000000000e+00 1.734335135856869201e-02 9.998495927706594344e-01 -0.000000000000000000e+00 0.000000000000000000e+00 0.000000000000000000e+00 1.000000000000000000e+00
4.251445780738831726e-01 9.998450358241778302e-01 -1.760410002666164611e-02 0.000000000000000000e+00 1.760410002666164611e-02 9.998450358241778302e-01 -0.000000000000000000e+00 0.000000000000000000e+00 0.000000000000000000e+00 1.000000000000000000e+00
4.301445780738826219e-01 9.998403032175390281e-01 -1.787087188303644256e-02 0.000000000000000000e+00 1.787087188303644256e-02 9.998403032175390281e-01 -0.000000000000000000e+00 0.000000000000000000e+00 0.000000000000000000e+00 1.000000000000000000e+00
4.351445780738820712e-01 9.998353310234474600e-01 -1.814692363001476835e-02 0.000000000000000000e+00 1.814692363001476835e-02 9.998353310234474600e-01 -0.000000000000000000e+00 0.000000000000000000e+00 0.000000000000000000e+00 1.000000000000000000e+00
4.401445780738815206e-01 9.998305100357728348e-01 -1.841062740937152858e-02 0.000000000000000000e+00 1.841062740937152858e-02 9.998305100357728348e-01 -0.000000000000000000e+00 0.000000000000000000e+00 0.000000000000000000e+00 1.000000000000000000e+00
4.451445780738809699e-01 9.998256722383471740e-01 -1.867150591509901883e-02 0.000000000000000000e+00 1.867150591509901883e-02 9.998256722383471740e-01 -0.000000000000000000e+00 0.000000000000000000e+00 0.000000000000000000e+00 1.000000000000000000e+00
4.501445780738804192e-01 9.998207581542645217e-01 -1.893281711293529068e-02 0.000000000000000000e+00 1.893281711293529068e-02 9.998207581542645217e-01 -0.000000000000000000e+00 0.000000000000000000e+00 0.000000000000000000e+00 1.000000000000000000e+00
4.551445780738798685e-01 9.998157684824320324e-01 -1.919450686743971735e-02 0.000000000000000000e+00 1.919450686743971735e-02 9.998157684824320324e-01 -0.000000000000000000e+00 0.000000000000000000e+00 0.000000000000000000e+00 1.000000000000000000e+00
4.601445780738793179e-01 9.998106907733727011e-01 -1.945719957423859212e-02 0.000000000000000000e+00 1.945719957423859212e-02 9.998106907733727011e-01 -0.000000000000000000e+00 0.000000000000000000e+00 0.000000000000000000e+00 1.000000000000000000e+00
4.651445780738787672e-01 9.998055233943535791e-01 -1.972093786164676524e-02 0.000000000000000000e+00 1.972093786164676524e-02 9.998055233943535791e-01 -0.000000000000000000e+00 0.000000000000000000e+00 0.000000000000000000e+00 1.000000000000000000e+00
4.701045780738782320e-01 9.998003129343950857e-01 -1.998334947615383606e-02 0.000000000000000000e+00 1.998334947615383606e-02 9.998003129343950857e-01 -0.000000000000000000e+00 0.000000000000000000e+00 0.000000000000000000e+00 1.000000000000000000e+00
4.750914580738780923e-01 9.997950167471553184e-01 -2.024659199854864436e-02 0.000000000000000000e+00 2.024659199854864436e-02 9.997950167471553184e-01 -0.000000000000000000e+00 0.000000000000000000e+00 0.000000000000000000e+00 1.000000000000000000e+00
4.800951316738779062e-01 9.997896359623796858e-01 -2.051057830029501608e-02 0.000000000000000000e+00 2.051057830029501608e-02 9.997896359623796858e-01 -0.000000000000000000e+00 0.000000000000000000e+00 0.000000000000000000e+00 1.000000000000000000e+00
4.850951316738773555e-01 9.997841879930087217e-01 -2.077444196989216077e-02 0.000000000000000000e+00 2.077444196989216077e-02 9.997841879930087217e-01 -0.000000000000000000e+00 0.000000000000000000e+00 0.000000000000000000e+00 1.000000000000000000e+00
4.900951316738768049e-01 9.997780450426855259e-01 -2.106800063191138772e-02 0.000000000000000000e+00 2.106800063191138772e-02 9.997780450426855259e-01 -0.000000000000000000e+00 0.000000000000000000e+00 0.000000000000000000e+00 1.000000000000000000e+00
4.950951316738762542e-01 9.997716712344907330e-01 -2.136832695822532199e-02 0.000000000000000000e+00 2.136832695822532199e-02 9.997716712344907330e-01 -0.000000000000000000e+00 0.000000000000000000e+00 0.000000000000000000e+00 1.000000000000000000e+00
5.000951316738757590e-01 9.997659780275144348e-01 -2.163305754367511255e-02 0.000000000000000000e+00 2.163305754367511255e-02 9.997659780275144348e-01 -0.000000000000000000e+00 0.000000000000000000e+00 0.000000000000000000e+00 1.000000000000000000e+00
5.050951316738752084e-01 9.997603618722460395e-01 -2.189106733524084566e-02 0.000000000000000000e+00 2.189106733524084566e-02 9.997603618722460395e-01 -0.000000000000000000e+00 0.000000000000000000e+00 0.000000000000000000e+00 1.000000000000000000e+00
5.100951316738746577e-01 9.997538566751176248e-01 -2.218616828631540805e-02 0.000000000000000000e+00 2.218616828631540805e-02 9.997538566751176248e-01 -0.000000000000000000e+00 0.000000000000000000e+00 0.000000000000000000e+00 1.000000000000000000e+00
5.150951316738741070e-01 9.997468063448867737e-01 -2.250162667897603885e-02 0.000000000000000000e+00 2.250162667897603885e-02 9.997468063448867737e-01 -0.000000000000000000e+00 0.000000000000000000e+00 0.000000000000000000e+00 1.000000000000000000e+00
5.200951316738735564e-01 9.997407212737574600e-01 -2.277038047612290825e-02 0.000000000000000000e+00 2.277038047612290825e-02 9.997407212737574600e-01 -0.000000000000000000e+00 0.000000000000000000e+00 0.000000000000000000e+00 1.000000000000000000e+00
5.250951316738730057e-01 9.997349460086688566e-01 -2.302254827434302778e-02 0.000000000000000000e+00 2.302254827434302778e-02 9.997349460086688566e-01 -0.000000000000000000e+00 0.000000000000000000e+00 0.000000000000000000e+00 1.000000000000000000e+00
5.300951316738724550e-01 9.997291262076724028e-01 -2.327389550642842975e-02 0.000000000000000000e+00 2.327389550642842975e-02 9.997291262076724028e-01 -0.000000000000000000e+00 0.000000000000000000e+00 0.000000000000000000e+00 1.000000000000000000e+00
5.350951316738719044e-01 9.997231941093687180e-01 -2.352732793501799771e-02 0.000000000000000000e+00 2.352732793501799771e-02 9.997231941093687180e-01 -0.000000000000000000e+00 0.000000000000000000e+00 0.000000000000000000e+00 1.000000000000000000e+00
5.400951316738713537e-01 9.997171799664349434e-01 -2.378150710024642955e-02 0.000000000000000000e+00 2.378150710024642955e-02 9.997171799664349434e-01 -0.000000000000000000e+00 0.000000000000000000e+00 0.000000000000000000e+00 1.000000000000000000e+00
5.450151316738712781e-01 9.997108392230327212e-01 -2.404657855039150915e-02 0.000000000000000000e+00 2.404657855039150915e-02 9.997108392230327212e-01 -0.000000000000000000e+00 0.000000000000000000e+00 0.000000000000000000e+00 1.000000000000000000e+00
5.501671316738708795e-01 9.997044093107321228e-01 -2.431242490334151532e-02 0.000000000000000000e+00 2.431242490334151532e-02 9.997044093107321228e-01 -0.000000000000000000e+00 0.000000000000000000e+00 0.000000000000000000e+00 1.000000000000000000e+00
5.551671316738703288e-01 9.996979003261334817e-01 -2.457861028456070907e-02 0.000000000000000000e+00 2.457861028456070907e-02 9.996979003261334817e-01 -0.000000000000000000e+00 0.000000000000000000e+00 0.000000000000000000e+00 1.000000000000000000e+00
5.601671316738697781e-01 9.996914367350100417e-01 -2.484011511027552771e-02 0.000000000000000000e+00 2.484011511027552771e-02 9.996914367350100417e-01 -0.000000000000000000e+00 0.000000000000000000e+00 0.000000000000000000e+00 1.000000000000000000e+00
5.651671316738692274e-01 9.996849295376210032e-01 -2.510063057698254038e-02 0.000000000000000000e+00 2.510063057698254038e-02 9.996849295376210032e-01 -0.000000000000000000e+00 0.000000000000000000e+00 0.000000000000000000e+00 1.000000000000000000e+00
5.701671316738686768e-01 9.996783414138323831e-01 -2.536165822830600131e-02 0.000000000000000000e+00 2.536165822830600131e-02 9.996783414138323831e-01 -0.000000000000000000e+00 0.000000000000000000e+00 0.000000000000000000e+00 1.000000000000000000e+00
5.751671316738681261e-01 9.996715986400787068e-01 -2.562605846379155047e-02 0.000000000000000000e+00 2.562605846379155047e-02 9.996715986400787068e-01 -0.000000000000000000e+00 0.000000000000000000e+00 0.000000000000000000e+00 1.000000000000000000e+00
5.801671316738675754e-01 9.996647674155649810e-01 -2.589117200871308977e-02 0.000000000000000000e+00 2.589117200871308977e-02 9.996647674155649810e-01 -0.000000000000000000e+00 0.000000000000000000e+00 0.000000000000000000e+00 1.000000000000000000e+00
5.851671316738670248e-01 9.996578468489153435e-01 -2.615701117082981988e-02 0.000000000000000000e+00 2.615701117082981988e-02 9.996578468489153435e-01 -0.000000000000000000e+00 0.000000000000000000e+00 0.000000000000000000e+00 1.000000000000000000e+00
5.901671316738664741e-01 9.996509215424816963e-01 -2.642035312533616218e-02 0.000000000000000000e+00 2.642035312533616218e-02 9.996509215424816963e-01 -0.000000000000000000e+00 0.000000000000000000e+00 0.000000000000000000e+00 1.000000000000000000e+00
5.951671316738659234e-01 9.996439588900835060e-01 -2.668249340974884407e-02 0.000000000000000000e+00 2.668249340974884407e-02 9.996439588900835060e-01 -0.000000000000000000e+00 0.000000000000000000e+00 0.000000000000000000e+00 1.000000000000000000e+00
6.001671316738653728e-01 9.996368920521337964e-01 -2.694594678891370013e-02 0.000000000000000000e+00 2.694594678891370013e-02 9.996368920521337964e-01 -0.000000000000000000e+00 0.000000000000000000e+00 0.000000000000000000e+00 1.000000000000000000e+00
6.051671316738648221e-01 9.996297675432438412e-01 -2.720896619573722960e-02 0.000000000000000000e+00 2.720896619573722960e-02 9.996297675432438412e-01 -0.000000000000000000e+00 0.000000000000000000e+00 0.000000000000000000e+00 1.000000000000000000e+00
6.101671316738642714e-01 9.996219322850257161e-01 -2.749531768777774624e-02 0.000000000000000000e+00 2.749531768777774624e-02 9.996219322850257161e-01 -0.000000000000000000e+00 0.000000000000000000e+00 0.000000000000000000e+00 1.000000000000000000e+00
6.151671316738637207e-01 9.996138549602942014e-01 -2.778742469931995418e-02 0.000000000000000000e+00 2.778742469931995418e-02 9.996138549602942014e-01 -0.000000000000000000e+00 0.000000000000000000e+00 0.000000000000000000e+00 1.000000000000000000e+00
6.201159316738636962e-01 9.996038641669281466e-01 -2.814453308452259661e-02 0.000000000000000000e+00 2.814453308452259661e-02 9.996038641669281466e-01 -0.000000000000000000e+00 0.000000000000000000e+00 0.000000000000000000e+00 1.000000000000000000e+00
6.250192916738636084e-01 9.995968744425645092e-01 -2.839169957322823859e-02 0.000000000000000000e+00 2.839169957322823859e-02 9.995968744425645092e-01 -0.000000000000000000e+00 0.000000000000000000e+00 0.000000000000000000e+00 1.000000000000000000e+00
6.300192916738630577e-01 9.995897357092013991e-01 -2.864193193220808051e-02 0.000000000000000000e+00 2.864193193220808051e-02 9.995897357092013991e-01 -0.000000000000000000e+00 0.000000000000000000e+00 0.000000000000000000e+00 1.000000000000000000e+00
6.350192916738625071e-01 9.995825228071588686e-01 -2.889256130003542075e-02 0.000000000000000000e+00 2.889256130003542075e-02 9.995825228071588686e-01 -0.000000000000000000e+00 0.000000000000000000e+00 0.000000000000000000e+00 1.000000000000000000e+00
6.400192916738619564e-01 9.995751767545845157e-01 -2.914560028617213180e-02 0.000000000000000000e+00 2.914560028617213180e-02 9.995751767545845157e-01 -0.000000000000000000e+00 0.000000000000000000e+00 0.000000000000000000e+00 1.000000000000000000e+00
6.450192916738614057e-01 9.995676056965144829e-01 -2.940410927298841778e-02 0.000000000000000000e+00 2.940410927298841778e-02 9.995676056965144829e-01 -0.000000000000000000e+00 0.000000000000000000e+00 0.000000000000000000e+00 1.000000000000000000e+00
6.501152916738613952e-01 9.995593597327225854e-01 -2.968309907523518365e-02 0.000000000000000000e+00 2.968309907523518365e-02 9.995593597327225854e-01 -0.000000000000000000e+00 0.000000000000000000e+00 0.000000000000000000e+00 1.000000000000000000e+00
6.551072916738608365e-01 9.995514468754476134e-01 -2.994837306431593488e-02 0.000000000000000000e+00 2.994837306431593488e-02 9.995514468754476134e-01 -0.000000000000000000e+00 0.000000000000000000e+00 0.000000000000000000e+00 1.000000000000000000e+00
6.601072916738602858e-01 9.995436557801715693e-01 -3.020728702830238407e-02 0.000000000000000000e+00 3.020728702830238407e-02 9.995436557801715693e-01 -0.000000000000000000e+00 0.000000000000000000e+00 0.000000000000000000e+00 1.000000000000000000e+00
6.651072916738597351e-01 9.995351769543516784e-01 -3.048655491906642964e-02 0.000000000000000000e+00 3.048655491906642964e-02 9.995351769543516784e-01 -0.000000000000000000e+00 0.000000000000000000e+00 0.000000000000000000e+00 1.000000000000000000e+00
6.700352916738597786e-01 9.995271550678596073e-01 -3.074843543907887847e-02 0.000000000000000000e+00 3.074843543907887847e-02 9.995271550678596073e-01 -0.000000000000000000e+00 0.000000000000000000e+00 0.000000000000000000e+00 1.000000000000000000e+00
6.750144916738598511e-01 9.995190920011641778e-01 -3.100942961695199451e-02 0.000000000000000000e+00 3.100942961695199451e-02 9.995190920011641778e-01 -0.000000000000000000e+00 0.000000000000000000e+00 0.000000000000000000e+00 1.000000000000000000e+00
6.800008588883204030e-01 9.995110100434698719e-01 -3.126884714668787257e-02 0.000000000000000000e+00 3.126884714668787257e-02 9.995110100434698719e-01 -0.000000000000000000e+00 0.000000000000000000e+00 0.000000000000000000e+00 1.000000000000000000e+00
6.851274836621327191e-01 9.995026212751716432e-01 -3.153585362823243393e-02 0.000000000000000000e+00 3.153585362823243393e-02 9.995026212751716432e-01 -0.000000000000000000e+00 0.000000000000000000e+00 0.000000000000000000e+00 1.000000000000000000e+00
6.901909223902189527e-01 9.994941767728179327e-01 -3.180236779278042963e-02 0.000000000000000000e+00 3.180236779278042963e-02 9.994941767728179327e-01 -0.000000000000000000e+00 0.000000000000000000e+00 0.000000000000000000e+00 1.000000000000000000e+00
6.950309223902190192e-01 9.994861301973592127e-01 -3.205425935984173441e-02 0.000000000000000000e+00 3.205425935984173441e-02 9.994861301973592127e-01 -0.000000000000000000e+00 0.000000000000000000e+00 0.000000000000000000e+00 1.000000000000000000e+00
7.000949223902184215e-01 9.994777103234191440e-01 -3.231573249449581214e-02 0.000000000000000000e+00 3.231573249449581214e-02 9.994777103234191440e-01 -0.000000000000000000e+00 0.000000000000000000e+00 0.000000000000000000e+00 1.000000000000000000e+00
7.050949223902178709e-01 9.994692247791926443e-01 -3.257711956696070915e-02 0.000000000000000000e+00 3.257711956696070915e-02 9.994692247791926443e-01 -0.000000000000000000e+00 0.000000000000000000e+00 0.000000000000000000e+00 1.000000000000000000e+00
7.100949223902173202e-01 9.994606622490067593e-01 -3.283876698016077039e-02 0.000000000000000000e+00 3.283876698016077039e-02 9.994606622490067593e-01 -0.000000000000000000e+00 0.000000000000000000e+00 0.000000000000000000e+00 1.000000000000000000e+00
7.150949223902167695e-01 9.994519627391263983e-01 -3.310247992081775253e-02 0.000000000000000000e+00 3.310247992081775253e-02 9.994519627391263983e-01 -0.000000000000000000e+00 0.000000000000000000e+00 0.000000000000000000e+00 1.000000000000000000e+00
7.200949223902162188e-01 9.994432159859861775e-01 -3.336552141942034089e-02 0.000000000000000000e+00 3.336552141942034089e-02 9.994432159859861775e-01 -0.000000000000000000e+00 0.000000000000000000e+00 0.000000000000000000e+00 1.000000000000000000e+00
7.250949223902156682e-01 9.994335304141905851e-01 -3.365439471788909953e-02 0.000000000000000000e+00 3.365439471788909953e-02 9.994335304141905851e-01 -0.000000000000000000e+00 0.000000000000000000e+00 0.000000000000000000e+00 1.000000000000000000e+00
7.301829223902162047e-01 9.994230286917021866e-01 -3.396483064443860111e-02 0.000000000000000000e+00 3.396483064443860111e-02 9.994230286917021866e-01 -0.000000000000000000e+00 0.000000000000000000e+00 0.000000000000000000e+00 1.000000000000000000e+00
7.351189223902155900e-01 9.994143788823760532e-01 -3.421840561970825728e-02 0.000000000000000000e+00 3.421840561970825728e-02 9.994143788823760532e-01 -0.000000000000000000e+00 0.000000000000000000e+00 0.000000000000000000e+00 1.000000000000000000e+00
7.401189223902150394e-01 9.994056474505758070e-01 -3.447247951476170580e-02 0.000000000000000000e+00 3.447247951476170580e-02 9.994056474505758070e-01 -0.000000000000000000e+00 0.000000000000000000e+00 0.000000000000000000e+00 1.000000000000000000e+00
7.450789223902145597e-01 9.993943203467826608e-01 -3.479931692710000468e-02 0.000000000000000000e+00 3.479931692710000468e-02 9.993943203467826608e-01 -0.000000000000000000e+00 0.000000000000000000e+00 0.000000000000000000e+00 1.000000000000000000e+00
7.501269223902146122e-01 9.993849318283773986e-01 -3.506790604512625975e-02 0.000000000000000000e+00 3.506790604512625975e-02 9.993849318283773986e-01 -0.000000000000000000e+00 0.000000000000000000e+00 0.000000000000000000e+00 1.000000000000000000e+00
7.551269223902140615e-01 9.993753924966495283e-01 -3.533871633446785537e-02 0.000000000000000000e+00 3.533871633446785537e-02 9.993753924966495283e-01 -0.000000000000000000e+00 0.000000000000000000e+00 0.000000000000000000e+00 1.000000000000000000e+00
7.600021549574526025e-01 9.993668171416164592e-01 -3.558039904547873750e-02 0.000000000000000000e+00 3.558039904547873750e-02 9.993668171416164592e-01 -0.000000000000000000e+00 0.000000000000000000e+00 0.000000000000000000e+00 1.000000000000000000e+00
7.650196674346464443e-01 9.993575242756815857e-01 -3.584046140301352240e-02 0.000000000000000000e+00 3.584046140301352240e-02 9.993575242756815857e-01 -0.000000000000000000e+00 0.000000000000000000e+00 0.000000000000000000e+00 1.000000000000000000e+00
7.700633294606024082e-01 9.993482373768420857e-01 -3.609848268001331767e-02 0.000000000000000000e+00 3.609848268001331767e-02 9.993482373768420857e-01 -0.000000000000000000e+00 0.000000000000000000e+00 0.000000000000000000e+00 1.000000000000000000e+00
7.751484924192342252e-01 9.993386454286878884e-01 -3.636305477755602533e-02 0.000000000000000000e+00 3.636305477755602533e-02 9.993386454286878884e-01 -0.000000000000000000e+00 0.000000000000000000e+00 0.000000000000000000e+00 1.000000000000000000e+00
7.801484924192336745e-01 9.993287390919051161e-01 -3.663429028906332180e-02 0.000000000000000000e+00 3.663429028906332180e-02 9.993287390919051161e-01 -0.000000000000000000e+00 0.000000000000000000e+00 0.000000000000000000e+00 1.000000000000000000e+00
7.851164924192333139e-01 9.993188663234280344e-01 -3.690262063944797777e-02 0.000000000000000000e+00 3.690262063944797777e-02 9.993188663234280344e-01 -0.000000000000000000e+00 0.000000000000000000e+00 0.000000000000000000e+00 1.000000000000000000e+00
7.901392124192333499e-01 9.993093989152233014e-01 -3.715811135802549875e-02 0.000000000000000000e+00 3.715811135802549875e-02 9.993093989152233014e-01 -0.000000000000000000e+00 0.000000000000000000e+00 0.000000000000000000e+00 1.000000000000000000e+00
7.951392124192327993e-01 9.992996981824369129e-01 -3.741808670269917286e-02 0.000000000000000000e+00 3.741808670269917286e-02 9.992996981824369129e-01 -0.000000000000000000e+00 0.000000000000000000e+00 0.000000000000000000e+00 1.000000000000000000e+00
8.001392124192322486e-01 9.992900758054549248e-01 -3.767418740634755764e-02 0.000000000000000000e+00 3.767418740634755764e-02 9.992900758054549248e-01 -0.000000000000000000e+00 0.000000000000000000e+00 0.000000000000000000e+00 1.000000000000000000e+00
8.051392124192316979e-01 9.992802893374755913e-01 -3.793287942684066966e-02 0.000000000000000000e+00 3.793287942684066966e-02 9.992802893374755913e-01 -0.000000000000000000e+00 0.000000000000000000e+00 0.000000000000000000e+00 1.000000000000000000e+00
8.101392124192311472e-01 9.992704028631727020e-01 -3.819243330390079127e-02 0.000000000000000000e+00 3.819243330390079127e-02 9.992704028631727020e-01 -0.000000000000000000e+00 0.000000000000000000e+00 0.000000000000000000e+00 1.000000000000000000e+00
8.151392124192305966e-01 9.992603852864129221e-01 -3.845363958391918163e-02 0.000000000000000000e+00 3.845363958391918163e-02 9.992603852864129221e-01 -0.000000000000000000e+00 0.000000000000000000e+00 0.000000000000000000e+00 1.000000000000000000e+00
8.201392124192300459e-01 9.992506581672291333e-01 -3.870558296111443336e-02 0.000000000000000000e+00 3.870558296111443336e-02 9.992506581672291333e-01 -0.000000000000000000e+00 0.000000000000000000e+00 0.000000000000000000e+00 1.000000000000000000e+00
8.251392124192294952e-01 9.992413261248834777e-01 -3.894575925803411831e-02 0.000000000000000000e+00 3.894575925803411831e-02 9.992413261248834777e-01 -0.000000000000000000e+00 0.000000000000000000e+00 0.000000000000000000e+00 1.000000000000000000e+00
8.300992124192290156e-01 9.992318524189515161e-01 -3.918807358611786640e-02 0.000000000000000000e+00 3.918807358611786640e-02 9.992318524189515161e-01 -0.000000000000000000e+00 0.000000000000000000e+00 0.000000000000000000e+00 1.000000000000000000e+00
8.350992124192295751e-01 9.992219371702946162e-01 -3.944008465563846738e-02 0.000000000000000000e+00 3.944008465563846738e-02 9.992219371702946162e-01 -0.000000000000000000e+00 0.000000000000000000e+00 0.000000000000000000e+00 1.000000000000000000e+00
8.400992124192290245e-01 9.992113638857262892e-01 -3.970705581665374961e-02 0.000000000000000000e+00 3.970705581665374961e-02 9.992113638857262892e-01 -0.000000000000000000e+00 0.000000000000000000e+00 0.000000000000000000e+00 1.000000000000000000e+00
8.450992124192284738e-01 9.992006376603200790e-01 -3.997606407852038329e-02 0.000000000000000000e+00 3.997606407852038329e-02 9.992006376603200790e-01 -0.000000000000000000e+00 0.000000000000000000e+00 0.000000000000000000e+00 1.000000000000000000e+00
8.500992124192279231e-01 9.991892813326539446e-01 -4.025891292540061811e-02 0.000000000000000000e+00 4.025891292540061811e-02 9.991892813326539446e-01 -0.000000000000000000e+00 0.000000000000000000e+00 0.000000000000000000e+00 1.000000000000000000e+00
8.550192124192278476e-01 9.991720776271109106e-01 -4.068364893078221106e-02 0.000000000000000000e+00 4.068364893078221106e-02 9.991720776271109106e-01 -0.000000000000000000e+00 0.000000000000000000e+00 0.000000000000000000e+00 1.000000000000000000e+00
8.600752124192273529e-01 9.991617887650099394e-01 -4.093555754971583277e-02 0.000000000000000000e+00 4.093555754971583277e-02 9.991617887650099394e-01 -0.000000000000000000e+00 0.000000000000000000e+00 0.000000000000000000e+00 1.000000000000000000e+00
8.650592124192267862e-01 9.991515085790103612e-01 -4.118571238048413657e-02 0.000000000000000000e+00 4.118571238048413657e-02 9.991515085790103612e-01 -0.000000000000000000e+00 0.000000000000000000e+00 0.000000000000000000e+00 1.000000000000000000e+00
8.700992124192264976e-01 9.991414316346258762e-01 -4.142945318382400266e-02 0.000000000000000000e+00 4.142945318382400266e-02 9.991414316346258762e-01 -0.000000000000000000e+00 0.000000000000000000e+00 0.000000000000000000e+00 1.000000000000000000e+00
8.750438667552271621e-01 9.991316250638569985e-01 -4.166528287743633679e-02 0.000000000000000000e+00 4.166528287743633679e-02 9.991316250638569985e-01 -0.000000000000000000e+00 0.000000000000000000e+00 0.000000000000000000e+00 1.000000000000000000e+00
8.801311884084750403e-01 9.991201383224237453e-01 -4.193982830891284513e-02 0.000000000000000000e+00 4.193982830891284513e-02 9.991201383224237453e-01 -0.000000000000000000e+00 0.000000000000000000e+00 0.000000000000000000e+00 1.000000000000000000e+00
8.851925648934412250e-01 9.991104608090796146e-01 -4.216974154377571560e-02 0.000000000000000000e+00 4.216974154377571560e-02 9.991104608090796146e-01 -0.000000000000000000e+00 0.000000000000000000e+00 0.000000000000000000e+00 1.000000000000000000e+00
8.901925648934406743e-01 9.991002955863262924e-01 -4.240989695007428562e-02 0.000000000000000000e+00 4.240989695007428562e-02 9.991002955863262924e-01 -0.000000000000000000e+00 0.000000000000000000e+00 0.000000000000000000e+00 1.000000000000000000e+00
8.951845648934407818e-01 9.990891787299388538e-01 -4.267098481095420864e-02 0.000000000000000000e+00 4.267098481095420864e-02 9.990891787299388538e-01 -0.000000000000000000e+00 0.000000000000000000e+00 0.000000000000000000e+00 1.000000000000000000e+00
9.000582928934408589e-01 9.990780565732499952e-01 -4.293060532788221112e-02 0.000000000000000000e+00 4.293060532788221112e-02 9.990780565732499952e-01 -0.000000000000000000e+00 0.000000000000000000e+00 0.000000000000000000e+00 1.000000000000000000e+00
9.050228084712972354e-01 9.990688112334378257e-01 -4.314522477176146315e-02 0.000000000000000000e+00 4.314522477176146315e-02 9.990688112334378257e-01 -0.000000000000000000e+00 0.000000000000000000e+00 0.000000000000000000e+00 1.000000000000000000e+00
9.100512445123032368e-01 9.990588053493317799e-01 -4.337630060259027587e-02 0.000000000000000000e+00 4.337630060259027587e-02 9.990588053493317799e-01 -0.000000000000000000e+00 0.000000000000000000e+00 0.000000000000000000e+00 1.000000000000000000e+00
9.151314302363023900e-01 9.990469151863279329e-01 -4.364929846724256712e-02 0.000000000000000000e+00 4.364929846724256712e-02 9.990469151863279329e-01 -0.000000000000000000e+00 0.000000000000000000e+00 0.000000000000000000e+00 1.000000000000000000e+00
9.201176972342149929e-01 9.990351095109958335e-01 -4.391867443756539841e-02 0.000000000000000000e+00 4.391867443756539841e-02 9.990351095109958335e-01 -0.000000000000000000e+00 0.000000000000000000e+00 0.000000000000000000e+00 1.000000000000000000e+00
9.250376972342145843e-01 9.990234818572736319e-01 -4.418237994687370523e-02 0.000000000000000000e+00 4.418237994687370523e-02 9.990234818572736319e-01 -0.000000000000000000e+00 0.000000000000000000e+00 0.000000000000000000e+00 1.000000000000000000e+00
9.301576972342141536e-01 9.990110163298925317e-01 -4.446334728195118491e-02 0.000000000000000000e+00 4.446334728195118491e-02 9.990110163298925317e-01 -0.000000000000000000e+00 0.000000000000000000e+00 0.000000000000000000e+00 1.000000000000000000e+00
9.350091491382137576e-01 9.989990713620061635e-01 -4.473092238988139735e-02 0.000000000000000000e+00 4.473092238988139735e-02 9.989990713620061635e-01 -0.000000000000000000e+00 0.000000000000000000e+00 0.000000000000000000e+00 1.000000000000000000e+00
9.401219587380089671e-01 9.989864505644759918e-01 -4.501190496513268746e-02 0.000000000000000000e+00 4.501190496513268746e-02 9.989864505644759918e-01 -0.000000000000000000e+00 0.000000000000000000e+00 0.000000000000000000e+00 1.000000000000000000e+00
9.450267836650358966e-01 9.989742303137442159e-01 -4.528230525340536106e-02 0.000000000000000000e+00 4.528230525340536106e-02 9.989742303137442159e-01 -0.000000000000000000e+00 0.000000000000000000e+00 0.000000000000000000e+00 1.000000000000000000e+00
9.500267836650353459e-01 9.989616775340648402e-01 -4.555838911032097927e-02 0.000000000000000000e+00 4.555838911032097927e-02 9.989616775340648402e-01 -0.000000000000000000e+00 0.000000000000000000e+00 0.000000000000000000e+00 1.000000000000000000e+00
9.550347836650358024e-01 9.989490065730127766e-01 -4.583538225859089960e-02 0.000000000000000000e+00 4.583538225859089960e-02 9.989490065730127766e-01 -0.000000000000000000e+00 0.000000000000000000e+00 0.000000000000000000e+00 1.000000000000000000e+00
9.600143291474967366e-01 9.989362210991999946e-01 -4.611318874303225318e-02 0.000000000000000000e+00 4.611318874303225318e-02 9.989362210991999946e-01 -0.000000000000000000e+00 0.000000000000000000e+00 0.000000000000000000e+00 1.000000000000000000e+00
9.650478752243192293e-01 9.989236979798166161e-01 -4.638367831822343829e-02 0.000000000000000000e+00 4.638367831822343829e-02 9.989236979798166161e-01 -0.000000000000000000e+00 0.000000000000000000e+00 0.000000000000000000e+00 1.000000000000000000e+00
9.701067019892356535e-01 9.989109891303523669e-01 -4.665657289837547850e-02 0.000000000000000000e+00 4.665657289837547850e-02 9.989109891303523669e-01 -0.000000000000000000e+00 0.000000000000000000e+00 0.000000000000000000e+00 1.000000000000000000e+00
9.751933924796277742e-01 9.988982775564134720e-01 -4.692793512217001417e-02 0.000000000000000000e+00 4.692793512217001417e-02 9.988982775564134720e-01 -0.000000000000000000e+00 0.000000000000000000e+00 0.000000000000000000e+00 1.000000000000000000e+00
9.800733924796277696e-01 9.988862974268897243e-01 -4.718225103573710222e-02 0.000000000000000000e+00 4.718225103573710222e-02 9.988862974268897243e-01 -0.000000000000000000e+00 0.000000000000000000e+00 0.000000000000000000e+00 1.000000000000000000e+00
9.850137277146989723e-01 9.988736985705815030e-01 -4.744822761629063912e-02 0.000000000000000000e+00 4.744822761629063912e-02 9.988736985705815030e-01 -0.000000000000000000e+00 0.000000000000000000e+00 0.000000000000000000e+00 1.000000000000000000e+00
9.900287768580405823e-01 9.988608020229299278e-01 -4.771894992672644914e-02 0.000000000000000000e+00 4.771894992672644914e-02 9.988608020229299278e-01 -0.000000000000000000e+00 0.000000000000000000e+00 0.000000000000000000e+00 1.000000000000000000e+00
9.951372235107881492e-01 9.988475005146397745e-01 -4.799656983219666162e-02 0.000000000000000000e+00 4.799656983219666162e-02 9.988475005146397745e-01 -0.000000000000000000e+00 0.000000000000000000e+00 0.000000000000000000e+00 1.000000000000000000e+00
1.000000000000000000e+00 9.988348871145522612e-01 -4.825834935904717293e-02 0.000000000000000000e+00 4.825834935904717293e-02 9.988348871145522612e-01 -0.000000000000000000e+00 0.000000000000000000e+00 0.000000000000000000e+00 1.000000000000000000e+00
