time torque_Nm angle_arcmin
0.000000000000000000e+00 0.000000000000000000e+00 0.000000000000000000e+00
1.000000000000000048e-04 3.200000000000000000e+01 5.903884543482313708e-03
2.000000000000000096e-04 6.400000000000000000e+01 4.660908727910507976e-02
3.000000000000001363e-04 9.600000000000004263e+01 1.572031095163002323e-01
4.002102293708804893e-04 1.280672733986817491e+02 3.529346295249264354e-01
5.010626131184136049e-04 1.603400361978923456e+02 5.171205079737857258e-01
6.020001752724530144e-04 1.926400560871849450e+02 5.791206741310322981e-01
7.020331819027860387e-04 2.246506182088915295e+02 6.372259709887448942e-01
8.033382845711937699e-04 2.570682510627819966e+02 6.974162352804947895e-01
9.054205222737691421e-04 2.897345671276061125e+02 7.575612095411782265e-01
1.000861586012921156e-03 3.202757075241347593e+02 8.141344048224635754e-01
1.101002762438723498e-03 3.523208839803914998e+02 8.620854014217973482e-01
1.200453310061589448e-03 3.841450592197086280e+02 9.001047607316094989e-01
1.304876385065599151e-03 4.175604432209917718e+02 9.370889223317948602e-01
1.404766494590172637e-03 4.495252782688551747e+02 9.716575028056773089e-01
1.504766494590172900e-03 4.815252782688553452e+02 1.005634536180547878e+00
1.604766494590173162e-03 5.135252782688554589e+02 1.038353771837528638e+00
1.704766494590173424e-03 5.455252782688554589e+02 1.070614143938959595e+00
1.804766494590173687e-03 5.775252782688555726e+02 1.102545603746153624e+00
1.901226590078172523e-03 6.083925088250151703e+02 1.129156785069054258e+00
2.000955730691292202e-03 6.403058338212135823e+02 1.157168684244551438e+00
2.101148727772378117e-03 6.723675928871609813e+02 1.188545703960924849e+00
2.201341724853468369e-03 7.044293519531098582e+02 1.222128759907836759e+00
2.303538581876180425e-03 7.371323462003776967e+02 1.257124236954701990e+00
2.405735438898892482e-03 7.698353404476455353e+02 1.291936984096398788e+00
2.503123032061711252e-03 8.009993702597474794e+02 1.324724850866047188e+00
2.604117573119449011e-03 8.333176233982236454e+02 1.358260150762830687e+00
2.703370972701897839e-03 8.650787112646073638e+02 1.390803955573399975e+00
2.803370972701898101e-03 8.970787112646073638e+02 1.423342651874096587e+00
2.903370972701898364e-03 9.290787112646073638e+02 1.455657336051737749e+00
3.003370972701898626e-03 9.610787112646075911e+02 1.487643952521970681e+00
3.103370972701898888e-03 9.930787112646075911e+02 1.519352306456186019e+00
3.203370972701899150e-03 1.025078711264607591e+03 1.550764201352327287e+00
3.303370972701899413e-03 1.057078711264607819e+03 1.582018460899885293e+00
3.403370972701899675e-03 1.089078711264607819e+03 1.613019532652249177e+00
3.503370972701899937e-03 1.121078711264607819e+03 1.643865228307187065e+00
3.603370972701900200e-03 1.153078711264608046e+03 1.674607181908491782e+00
3.703370972701900462e-03 1.185078711264608046e+03 1.705142420851160523e+00
3.803370972701900724e-03 1.217078711264608046e+03 1.735425149492052732e+00
3.903370972701900986e-03 1.249078711264608273e+03 1.765501382613207770e+00
4.003370972701897346e-03 1.281078711264607136e+03 1.795427881542948523e+00
4.103370972701893271e-03 1.313078711264605772e+03 1.825309686924375008e+00
4.203370972701889197e-03 1.345078711264604635e+03 1.855175573849692672e+00
4.303370972701885122e-03 1.377078711264603044e+03 1.885084496040278834e+00
4.403370972701881048e-03 1.409078711264601907e+03 1.915009512541548053e+00
4.503370972701876973e-03 1.441078711264600543e+03 1.944853561155557076e+00
4.603370972701872899e-03 1.473078711264599406e+03 1.974520806678561113e+00
4.703370972701868824e-03 1.505078711264598041e+03 2.003995903223554365e+00
4.803370972701864750e-03 1.537078711264596677e+03 2.033265922522704994e+00
4.903370972701860675e-03 1.569078711264595313e+03 2.062306420987573219e+00
5.003370972701856600e-03 1.601078711264593949e+03 2.091161957831232154e+00
5.103370972701852526e-03 1.633078711264592812e+03 2.119887778584032212e+00
5.203370972701848451e-03 1.665078711264591448e+03 2.148576720723998523e+00
5.303370972701844377e-03 1.697078711264590083e+03 2.177261862297902084e+00
5.403370972701840302e-03 1.729078711264588719e+03 2.205965199793434639e+00
5.503370972701836228e-03 1.761078711264587582e+03 2.234698464774839799e+00
5.603370972701832153e-03 1.793078711264586218e+03 2.264400136784403550e+00
5.703370972701828079e-03 1.825078711264584854e+03 2.295906755782796793e+00
5.803370972701824004e-03 1.857078711264583490e+03 2.327406894722517272e+00
5.907370972701823930e-03 1.890358711264583690e+03 2.359619729914045116e+00
6.001770972701826225e-03 1.920566711264584455e+03 2.388238371033129859e+00
6.109370972701825588e-03 1.954998711264584017e+03 2.420166954463370601e+00
6.209370972701821513e-03 1.986998711264582653e+03 2.449280212042091343e+00
6.309370972701817439e-03 2.018998711264581743e+03 2.477917727522504610e+00
6.409370972701813364e-03 2.050998711264580379e+03 2.506192998385373905e+00
6.509370972701809289e-03 2.082998711264579015e+03 2.534294865432564325e+00
6.609370972701805215e-03 2.114998711264577651e+03 2.562359172143595210e+00
6.709370972701801140e-03 2.146998711264576286e+03 2.590462312189536487e+00
6.809370972701797066e-03 2.178998711264574922e+03 2.618625231296110911e+00
6.909370972701792991e-03 2.210998711264573558e+03 2.646784779638678753e+00
7.009370972701788917e-03 2.242998711264572194e+03 2.674772817586490881e+00
7.109370972701784842e-03 2.274998711264571284e+03 2.702496050734891408e+00
7.209370972701780768e-03 2.306998711264569920e+03 2.729923848052440594e+00
7.309370972701776693e-03 2.338998711264568556e+03 2.757037884648663617e+00
7.409370972701772619e-03 2.370998711264567191e+03 2.783839404723285949e+00
7.509370972701768544e-03 2.402998711264565827e+03 2.810356127217993549e+00
7.609370972701764470e-03 2.434998711264564463e+03 2.836638595476692171e+00
7.709370972701760395e-03 2.466998711264563099e+03 2.862764798169134206e+00
7.809370972701756321e-03 2.498998711264561734e+03 2.888864281584558213e+00
7.909370972701753114e-03 2.530998711264560825e+03 2.915034191309252787e+00
8.009370972701749039e-03 2.562998711264559915e+03 2.941335151286141869e+00
8.109370972701744965e-03 2.594998711264558551e+03 2.967794897271577970e+00
8.209370972701740890e-03 2.626998711264557187e+03 2.994406002736273109e+00
8.309370972701736816e-03 2.658998711264555368e+03 3.021124346023400076e+00
8.409370972701732741e-03 2.690998711264554458e+03 3.047877284094031580e+00
8.509370972701728666e-03 2.722998711264553094e+03 3.074579760029324316e+00
8.609370972701724592e-03 2.754998711264551730e+03 3.101152731924392114e+00
8.709370972701720517e-03 2.786998711264550366e+03 3.127539097403718493e+00
8.809370972701716443e-03 2.818998711264549456e+03 3.153716629249984305e+00
8.909370972701712368e-03 2.850998711264548092e+03 3.179703913267434068e+00
9.009370972701708294e-03 2.882998711264546728e+03 3.205551986312598078e+00
9.109370972701704219e-03 2.914998711264545364e+03 3.231338191058966913e+00
9.209370972701700145e-03 2.946998711264543999e+03 3.257145525043261269e+00
9.309370972701696070e-03 2.978998711264542635e+03 3.283044734471634030e+00
9.409370972701691996e-03 3.010998711264541271e+03 3.309080029508925325e+00
9.509370972701687921e-03 3.042998711264539907e+03 3.335247285691985919e+00
9.609370972701683847e-03 3.074998711264538997e+03 3.361477050805304678e+00
9.709370972701679772e-03 3.106998711264537633e+03 3.387700153966333616e+00
9.809370972701675698e-03 3.138998711264536269e+03 3.413845123362027500e+00
9.909370972701671623e-03 3.170998711264534904e+03 3.439842670912211631e+00
1.000937097270166755e-02 3.197001288735466460e+03 3.465623118076824660e+00
1.010937097270166347e-02 3.165001288735467824e+03 3.485421224061875378e+00
1.020937097270165940e-02 3.133001288735469188e+03 3.493551694077249525e+00
1.030937097270165533e-02 3.101001288735470553e+03 3.492111089702532922e+00
1.040937097270165125e-02 3.069001288735471462e+03 3.483536910948883847e+00
1.050937097270164718e-02 3.037001288735472826e+03 3.469729648479938700e+00
1.060937097270164310e-02 3.005001288735474191e+03 3.452039528983553041e+00
1.070937097270163903e-02 2.973001288735475555e+03 3.431446176560104089e+00
1.080937097270163495e-02 2.941001288735476919e+03 3.408729210553212319e+00
1.090937097270163088e-02 2.909001288735478283e+03 3.384548975196932652e+00
1.100937097270162680e-02 2.877001288735479648e+03 3.359273354470230899e+00
1.110937097270162273e-02 2.845001288735481012e+03 3.333106039027147638e+00
1.120937097270161865e-02 2.813001288735481921e+03 3.306161257977617840e+00
1.130937097270161458e-02 2.781001288735483286e+03 3.278609204288982948e+00
1.140937097270161051e-02 2.749001288735484650e+03 3.250680971641638273e+00
1.150937097270160643e-02 2.717001288735486014e+03 3.222459883398491876e+00
1.160937097270160236e-02 2.685001288735487378e+03 3.194113476354730530e+00
1.170937097270159828e-02 2.653001288735488743e+03 3.165828803513838885e+00
1.180937097270159421e-02 2.621001288735490107e+03 3.137698000964545653e+00
1.190937097270159013e-02 2.589001288735491471e+03 3.109811145741198324e+00
1.200937097270158606e-02 2.557001288735492835e+03 3.082299507094957036e+00
1.210937097270158198e-02 2.525001288735493745e+03 3.055246010305219695e+00
1.220937097270157791e-02 2.493001288735495109e+03 3.028604926065870284e+00
1.230937097270157383e-02 2.461001288735496473e+03 3.002251415581199456e+00
1.240937097270156976e-02 2.429001288735497837e+03 2.976042691777419424e+00
1.250937097270156569e-02 2.397001288735499202e+03 2.949845639949994602e+00
1.260937097270156161e-02 2.365001288735500566e+03 2.923550744283220482e+00
1.270937097270155754e-02 2.333001288735501930e+03 2.897077309110008603e+00
1.280937097270155346e-02 2.301001288735503294e+03 2.870380170937817610e+00
1.290937097270154939e-02 2.269001288735504204e+03 2.843449883137208367e+00
1.300937097270154531e-02 2.237001288735505568e+03 2.816374708542260130e+00
1.310937097270154124e-02 2.205001288735506478e+03 2.789270120578627221e+00
1.320937097270153716e-02 2.173001288735507842e+03 2.762223488740900734e+00
1.330937097270153309e-02 2.141001288735509661e+03 2.735303707111799376e+00
1.340937097270152902e-02 2.109001288735511025e+03 2.708546529021636395e+00
1.350937097270152494e-02 2.077001288735512389e+03 2.681937671700672432e+00
1.360937097270152087e-02 2.045001288735513526e+03 2.655429230531656692e+00
1.370937097270151679e-02 2.013001288735514663e+03 2.628941654539271422e+00
1.380937097270151272e-02 1.981001288735516027e+03 2.602370706083346086e+00
1.390937097270150864e-02 1.949001288735517164e+03 2.575628628768241946e+00
1.400937097270150457e-02 1.917001288735518528e+03 2.548676381242375388e+00
1.410937097270150049e-02 1.885001288735519893e+03 2.521481253085321228e+00
1.420937097270149642e-02 1.853001288735521257e+03 2.494052125759792293e+00
1.430937097270149234e-02 1.821001288735522621e+03 2.466451618270730339e+00
1.440937097270148827e-02 1.789001288735523985e+03 2.438787281507045712e+00
1.450937097270148420e-02 1.757001288735525122e+03 2.411145409773030490e+00
1.460937097270148012e-02 1.725001288735526487e+03 2.383594291073698912e+00
1.470937097270147605e-02 1.693001288735527396e+03 2.356184843090285863e+00
1.480937097270147197e-02 1.661001288735528988e+03 2.328927530206445606e+00
1.490937097270146790e-02 1.629001288735530352e+03 2.301804143841287065e+00
1.500937097270146382e-02 1.597001288735531716e+03 2.274338644111801422e+00
1.510937097270145975e-02 1.565001288735533080e+03 2.245257060981914687e+00
1.520937097270145567e-02 1.533001288735534217e+03 2.216135251364601100e+00
1.530937097270145160e-02 1.501001288735535582e+03 2.187171553119079626e+00
1.540937097270144752e-02 1.469001288735536946e+03 2.158310935915843221e+00
1.550937097270144345e-02 1.437001288735538310e+03 2.129479491579338912e+00
1.560937097270143938e-02 1.405001288735539219e+03 2.100647446891346526e+00
1.570937097270143704e-02 1.373001288735540356e+03 2.071843741721091092e+00
1.580937097270143296e-02 1.341001288735541493e+03 2.043115546329763443e+00
1.590937097270142889e-02 1.309001288735542857e+03 2.014504204507063800e+00
1.600937097270142481e-02 1.277001288735544222e+03 1.986040985194656772e+00
1.610937097270142074e-02 1.245001288735545586e+03 1.957729024673749096e+00
1.620937097270141666e-02 1.213001288735546723e+03 1.929543235571080650e+00
1.630937097270141259e-02 1.181001288735548087e+03 1.901425093584565795e+00
1.640937097270140851e-02 1.149001288735549451e+03 1.873276991634515332e+00
1.650937097270140444e-02 1.117001288735550816e+03 1.845006339135790485e+00
1.660937097270140037e-02 1.085001288735551952e+03 1.816537845742648427e+00
1.670937097270139629e-02 1.053001288735553317e+03 1.787820922387930889e+00
1.680937097270139222e-02 1.021001288735554681e+03 1.758832560949558088e+00
1.690937097270138814e-02 9.890012887355560451e+02 1.729570906927208052e+00
1.700937097270138407e-02 9.570012887355570683e+02 1.700065967455499649e+00
1.710937097270137999e-02 9.250012887355584326e+02 1.670371950709952369e+00
1.720937097270137592e-02 8.930012887355597968e+02 1.640569551457279340e+00
1.730937097270137184e-02 8.610012887355612747e+02 1.610725824006060680e+00
1.740937097270136777e-02 8.290012887355622979e+02 1.580899241175686587e+00
1.750937097270136369e-02 7.970012887355636622e+02 1.551110960796067140e+00
1.760937097270135962e-02 7.650012887355650264e+02 1.521332757573820693e+00
1.770937097270135555e-02 7.330012887355665043e+02 1.491489176291821650e+00
1.780937097270135147e-02 7.010012887355675275e+02 1.461464991316431927e+00
1.790937097270134740e-02 6.690012887355688918e+02 1.431163714745021576e+00
1.800937097270134332e-02 6.370012887355702560e+02 1.400482788975130344e+00
1.810937097270133925e-02 6.050012887355716202e+02 1.369419002269093522e+00
1.820937097270133517e-02 5.730012887355726434e+02 1.337945815575161346e+00
1.830937097270133110e-02 5.410012887355741213e+02 1.306056456229342411e+00
1.840937097270132702e-02 5.090012887355754856e+02 1.273772947505277919e+00
1.850937097270132295e-02 4.770012887355768498e+02 1.241083695080842375e+00
1.860937097270131887e-02 4.450012887355779299e+02 1.208021160028873719e+00
1.870937097270131480e-02 4.130012887355792941e+02 1.174539032404942507e+00
1.880937097270131073e-02 3.810012887355807152e+02 1.140520940100527847e+00
1.890937097270130665e-02 3.490012887355820794e+02 1.105809060152091350e+00
1.900937097270130258e-02 3.170012887355831026e+02 1.070195037732526444e+00
1.910937097270129850e-02 2.850012887355845237e+02 1.033953271524664652e+00
1.920937097270129443e-02 2.530012887355859164e+02 9.973217459037302390e-01
1.930937097270129035e-02 2.210012887355873090e+02 9.599030309305923714e-01
1.940937097270128628e-02 1.890012887355883322e+02 9.211459840345948002e-01
1.950937097270128220e-02 1.570012887355897533e+02 8.806381082305465569e-01
1.960937097270127813e-02 1.250012887355911317e+02 8.375927381968438779e-01
1.970937097270127406e-02 9.300128873559252440e+01 7.906212845610682827e-01
1.980937097270126998e-02 6.100128873559356180e+01 7.390966801028872046e-01
1.990937097270126591e-02 2.900128873559495446e+01 6.831287112220213453e-01
2.000937097270126183e-02 -2.998711264403652876e+00 6.217689845679644778e-01
2.010057097270126839e-02 -3.218271126440575358e+01 5.592895084937250516e-01
2.020624777270125724e-02 -6.599928726440218441e+01 4.745380333430964104e-01
2.030102541161326116e-02 -9.632813171624343340e+01 3.758898019808551982e-01
2.040104964249678243e-02 -1.283358855989702363e+02 2.136819268881277600e-01
2.050121116788765699e-02 -1.603875737240500996e+02 -6.113746675284228993e-02
2.060091925554856027e-02 -1.922941617755391519e+02 -4.473599407558142005e-01
2.070057202055325396e-02 -2.241830465770411251e+02 -7.705591619492392352e-01
2.080018814585826367e-02 -2.560602066746442347e+02 -8.787644594432117984e-01
2.090365419539286576e-02 -2.891693425257168997e+02 -9.352177291550906046e-01
2.100226526039040628e-02 -3.207248833249298627e+02 -9.712850314279976027e-01
2.110097453298278095e-02 -3.523118505544897516e+02 -1.007237903561580605e+00
2.120427017074114767e-02 -3.853664546371671236e+02 -1.047636708290642593e+00
2.130336516701956950e-02 -4.170768534462620778e+02 -1.086949743908824262e+00
2.140246016329798440e-02 -4.487872522553548151e+02 -1.124045776515343986e+00
2.150502348444614104e-02 -4.816075150227649715e+02 -1.158949755300118678e+00
2.160134382082876114e-02 -5.124300226652034098e+02 -1.189347854738523669e+00
2.170408551297023370e-02 -5.453073641504746547e+02 -1.219885352235401843e+00
2.180190020671669490e-02 -5.766080661493422213e+02 -1.248479623459875620e+00
2.190419218943038399e-02 -6.093415006177226587e+02 -1.276431566130868056e+00
2.200658113136940916e-02 -6.421059620382108051e+02 -1.304027427200580957e+00
2.210431603049299587e-02 -6.733811297577584583e+02 -1.334196262025870494e+00
2.220620241583167939e-02 -7.059847730661372225e+02 -1.368968101239004920e+00
2.230620241583167532e-02 -7.379847730661359719e+02 -1.405296539506978526e+00
2.240620241583167124e-02 -7.699847730661347214e+02 -1.442308098096274804e+00
2.250620241583166717e-02 -8.019847730661332434e+02 -1.478763268231376715e+00
2.260620241583166309e-02 -8.339847730661321066e+02 -1.513998775279848275e+00
2.270620241583165902e-02 -8.659847730661306286e+02 -1.547921527340629044e+00
2.280620241583165494e-02 -8.979847730661294918e+02 -1.580575623944938446e+00
2.290620241583165087e-02 -9.299847730661280139e+02 -1.612117435084570616e+00
2.300620241583164680e-02 -9.619847730661268770e+02 -1.642813999262312974e+00
2.310620241583164272e-02 -9.939847730661253991e+02 -1.672986944291739997e+00
2.320156241583164192e-02 -1.024499973066125222e+03 -1.701312922058302313e+00
2.330621521583164241e-02 -1.057988869066125517e+03 -1.732030643626616406e+00
2.340206161583162706e-02 -1.088659717066120493e+03 -1.760110793852689870e+00
2.350675537583162694e-02 -1.122161720266120483e+03 -1.790850496431955374e+00
2.360407633583164189e-02 -1.153304427466125162e+03 -1.819470832681361339e+00
2.370139729583165683e-02 -1.184447134666130069e+03 -1.848058470586170676e+00
2.380793937583165765e-02 -1.218540600266130241e+03 -1.879186377229108640e+00
2.390793937583165357e-02 -1.250540600266129104e+03 -1.908154928211930113e+00
2.400793937583164950e-02 -1.282540600266127740e+03 -1.936790441388909656e+00
2.410793937583164542e-02 -1.314540600266126376e+03 -1.965249639440910467e+00
2.420793937583164135e-02 -1.346540600266125011e+03 -1.993526046173166533e+00
2.430793937583163727e-02 -1.378540600266123874e+03 -2.021718086707321671e+00
2.440793937583163320e-02 -1.410540600266122510e+03 -2.049953526290628325e+00
2.450793937583162913e-02 -1.442540600266121146e+03 -2.078343919187598310e+00
2.460793937583162505e-02 -1.474540600266119782e+03 -2.106897933033025971e+00
2.470793937583162098e-02 -1.506540600266118645e+03 -2.135784075493415646e+00
2.480793937583161690e-02 -1.538540600266117281e+03 -2.164984265501586957e+00
2.490793937583161283e-02 -1.570540600266115916e+03 -2.194387424470133130e+00
2.500793937583160875e-02 -1.602540600266114552e+03 -2.223862984503211404e+00
2.510793937583160468e-02 -1.634540600266113188e+03 -2.253219243909762248e+00
2.520793937583160060e-02 -1.666540600266112278e+03 -2.282336195349971675e+00
2.530793937583159653e-02 -1.698540600266110687e+03 -2.311135440603437008e+00
2.540793937583159245e-02 -1.730540600266109323e+03 -2.339578174562623847e+00
2.550793937583158838e-02 -1.762540600266107958e+03 -2.367711303072391082e+00
2.560793937583158431e-02 -1.794540600266107049e+03 -2.395714184861761797e+00
2.570393937583158317e-02 -1.825260600266106394e+03 -2.422523880477184477e+00
2.580633937583158566e-02 -1.858028600266107333e+03 -2.451129661705690577e+00
2.590393937583157502e-02 -1.889260600266104120e+03 -2.478503675699752051e+00
2.600393937583157095e-02 -1.921260600266102529e+03 -2.506730425366021642e+00
2.610393937583156687e-02 -1.953260600266101164e+03 -2.535144972023370968e+00
2.620393937583156280e-02 -1.985260600266099800e+03 -2.563679734293339507e+00
2.630393937583155872e-02 -2.017260600266098891e+03 -2.592226429503312168e+00
2.640393937583155465e-02 -2.049260600266097299e+03 -2.620623582936092877e+00
2.650393937583155057e-02 -2.081260600266095935e+03 -2.648749331541893515e+00
2.660393937583154650e-02 -2.113260600266094571e+03 -2.676510667859983705e+00
2.670393937583154242e-02 -2.145260600266093206e+03 -2.703866133564382324e+00
2.680393937583153835e-02 -2.177260600266092297e+03 -2.730842816127550865e+00
2.690393937583153428e-02 -2.209260600266090933e+03 -2.757531475863189918e+00
2.700393937583153020e-02 -2.241260600266089568e+03 -2.784063005314640904e+00
2.710393937583152613e-02 -2.273260600266088204e+03 -2.810590376738728136e+00
2.720393937583152205e-02 -2.305260600266086840e+03 -2.837253670277074313e+00
2.730393937583151798e-02 -2.337260600266085476e+03 -2.864141294792893255e+00
2.740393937583151390e-02 -2.369260600266084111e+03 -2.891280197053801349e+00
2.750393937583150983e-02 -2.401260600266082747e+03 -2.918636680543233997e+00
2.760393937583150575e-02 -2.433260600266081838e+03 -2.946118154617104246e+00
2.770393937583150168e-02 -2.465260600266080473e+03 -2.973593518005027914e+00
2.780393937583149760e-02 -2.497260600266079109e+03 -3.000925241049554160e+00
2.790393937583149353e-02 -2.529260600266077745e+03 -3.027994901550033813e+00
2.800393937583148946e-02 -2.561260600266076381e+03 -3.054731627391217064e+00
2.810393937583148538e-02 -2.593260600266075016e+03 -3.081129661198740433e+00
2.820393937583148131e-02 -2.625260600266073652e+03 -3.107250713461889635e+00
2.830393937583147723e-02 -2.657260600266072288e+03 -3.133210260669342162e+00
2.840393937583147316e-02 -2.689260600266071378e+03 -3.159150424249338229e+00
2.850393937583146908e-02 -2.721260600266070014e+03 -3.185203471170160672e+00
2.860393937583146501e-02 -2.753260600266068650e+03 -3.211477974202936458e+00
2.870393937583146093e-02 -2.785260600266067286e+03 -3.238025158922388513e+00
2.880393937583145686e-02 -2.817260600266065921e+03 -3.264831291337888519e+00
2.890393937583145278e-02 -2.849260600266064557e+03 -3.291815356267309145e+00
2.900393937583144871e-02 -2.881260600266063193e+03 -3.318847843681505871e+00
2.910393937583144464e-02 -2.913260600266061829e+03 -3.345781313154960745e+00
2.920393937583144056e-02 -2.945260600266060919e+03 -3.372483699249570588e+00
2.930393937583143649e-02 -2.977260600266059555e+03 -3.398867528238530777e+00
2.940393937583143241e-02 -3.009260600266058191e+03 -3.424908988556277567e+00
2.950393937583142834e-02 -3.041260600266056827e+03 -3.450653661453254806e+00
2.960393937583142426e-02 -3.073260600266055462e+03 -3.476206658867619037e+00
2.970393937583142019e-02 -3.105260600266054098e+03 -3.501701737414382620e+00
2.980393937583141611e-02 -3.137260600266052734e+03 -3.527273324035862245e+00
2.990393937583141204e-02 -3.169260600266051370e+03 -3.553042743403155512e+00
3.000393937583140797e-02 -3.198739399733949085e+03 -3.579075307996120170e+00
3.010393937583140389e-02 -3.166739399733950449e+03 -3.600188839915899219e+00
3.020393937583139982e-02 -3.134739399733951814e+03 -3.609946194463045988e+00
3.030393937583139574e-02 -3.102739399733953178e+03 -3.610099489303337794e+00
3.040393937583139167e-02 -3.070739399733954542e+03 -3.602886613193669429e+00
3.050393937583138759e-02 -3.038739399733955906e+03 -3.589987733095556077e+00
3.060393937583138352e-02 -3.006739399733956816e+03 -3.572487852700433564e+00
3.070393937583137944e-02 -2.974739399733958180e+03 -3.551302630980895270e+00
3.080393937583137537e-02 -2.942739399733959544e+03 -3.527382994432541441e+00
3.090393937583137129e-02 -2.910739399733960454e+03 -3.501407900235111281e+00
3.100393937583136722e-02 -2.878739399733962273e+03 -3.473903468085575597e+00
3.110393937583136315e-02 -2.846739399733963637e+03 -3.445347018305885189e+00
3.120393937583135907e-02 -2.814739399733965001e+03 -3.416350647082859293e+00
3.130393937583137581e-02 -2.782739399733959544e+03 -3.387405262121082394e+00
3.140393937583140643e-02 -2.750739399733949540e+03 -3.358675107192501841e+00
3.150393937583143705e-02 -2.718739399733939990e+03 -3.330152211476566038e+00
3.160393937583146767e-02 -2.686739399733929986e+03 -3.301909966106073568e+00
3.170393937583149829e-02 -2.654739399733920436e+03 -3.273989115690583596e+00
3.180393937583152891e-02 -2.622739399733910432e+03 -3.246223071750972355e+00
3.190393937583155953e-02 -2.590739399733900882e+03 -3.218457096222100855e+00
3.200393937583159015e-02 -2.558739399733890878e+03 -3.190564647641104035e+00
3.210393937583162077e-02 -2.526739399733880873e+03 -3.162520578287233430e+00
3.220393937583165139e-02 -2.494739399733871323e+03 -3.134521157020509818e+00
3.230393937583168201e-02 -2.462739399733861319e+03 -3.106721844687168499e+00
3.240393937583171263e-02 -2.430739399733851315e+03 -3.079244062063867915e+00
3.250393937583174325e-02 -2.398739399733841765e+03 -3.052192002092683598e+00
3.260393937583177387e-02 -2.366739399733832215e+03 -3.025593806406259301e+00
3.270393937583180449e-02 -2.334739399733822211e+03 -2.999425441853062591e+00
3.280393937583183511e-02 -2.302739399733812206e+03 -2.973605650588534210e+00
3.290393937583186573e-02 -2.270739399733802657e+03 -2.948000720212379910e+00
3.300393937583189635e-02 -2.238739399733793107e+03 -2.922448739813960028e+00
3.310393937583192697e-02 -2.206739399733783102e+03 -2.896783645860578016e+00
3.320393937583195759e-02 -2.174739399733773098e+03 -2.870866071281719112e+00
3.330393937583198821e-02 -2.142739399733763548e+03 -2.844610664948745704e+00
3.340393937583201883e-02 -2.110739399733753999e+03 -2.818007881251828550e+00
3.350393937583204945e-02 -2.078739399733743994e+03 -2.791149223018702052e+00
3.360393937583208007e-02 -2.046739399733733990e+03 -2.764160026038906093e+00
3.370393937583211069e-02 -2.014739399733724213e+03 -2.737182183972402871e+00
3.380393937583214131e-02 -1.982739399733714663e+03 -2.710355753466104023e+00
3.390393937583217193e-02 -1.950739399733704659e+03 -2.683785489784473732e+00
3.400393937583220255e-02 -1.918739399733694654e+03 -2.657508902688626939e+00
3.410393937583223317e-02 -1.886739399733685104e+03 -2.631491229426559997e+00
3.420393937583226379e-02 -1.854739399733675555e+03 -2.605643698327055002e+00
3.430393937583229441e-02 -1.822739399733665550e+03 -2.579832623941370251e+00
3.440393937583232503e-02 -1.790739399733655546e+03 -2.553902274906060921e+00
3.450393937583235565e-02 -1.758739399733645996e+03 -2.527709109748048188e+00
3.460393937583238627e-02 -1.726739399733636219e+03 -2.501154053793375631e+00
3.470393937583241689e-02 -1.694739399733626215e+03 -2.474204981651793478e+00
3.480393937583244751e-02 -1.662739399733616438e+03 -2.446901899435100169e+00
3.490393937583247813e-02 -1.630739399733606660e+03 -2.419343833727620741e+00
3.500393937583250875e-02 -1.598739399733596656e+03 -2.391680960342213780e+00
3.510393937583253937e-02 -1.566739399733587106e+03 -2.364070698044252516e+00
3.520393937583256999e-02 -1.534739399733577102e+03 -2.336654902799491840e+00
3.530393937583260061e-02 -1.502739399733567552e+03 -2.309517572439020672e+00
3.540393937583263123e-02 -1.470739399733557548e+03 -2.282661573266860700e+00
3.550393937583266185e-02 -1.438739399733547998e+03 -2.255996194144844758e+00
3.560393937583269247e-02 -1.406739399733537994e+03 -2.229424268573883428e+00
3.570393937583272309e-02 -1.374739399733528444e+03 -2.202807652555154760e+00
3.580393937583275371e-02 -1.342739399733518439e+03 -2.175983113203769914e+00
3.590393937583278433e-02 -1.310739399733508662e+03 -2.148805429975856551e+00
3.600393937583281495e-02 -1.278739399733498885e+03 -2.121203310564769851e+00
3.610393937583284557e-02 -1.246739399733489108e+03 -2.093191327848419103e+00
3.620393937583287619e-02 -1.214739399733479104e+03 -2.064845058176127957e+00
3.630393937583290681e-02 -1.182739399733469554e+03 -2.036351693847308741e+00
3.640393937583293743e-02 -1.150739399733459550e+03 -2.007910256717479136e+00
3.650393937583296805e-02 -1.118739399733450000e+03 -1.979668953981268187e+00
3.660393937583299867e-02 -1.086739399733439996e+03 -1.951709479693645388e+00
3.670393937583302929e-02 -1.054739399733430446e+03 -1.924031414921135275e+00
3.680393937583305991e-02 -1.022739399733420441e+03 -1.896579862267404826e+00
3.690393937583309053e-02 -9.907393997334107780e+02 -1.869310022680065186e+00
3.700393937583312115e-02 -9.587393997334007736e+02 -1.842044059527940147e+00
3.710393937583315177e-02 -9.267393997333911102e+02 -1.814572019130282099e+00
3.720393937583318239e-02 -8.947393997333812194e+02 -1.786738137421721939e+00
3.730393937583321301e-02 -8.627393997333715561e+02 -1.758435222662783071e+00
3.740393937583324363e-02 -8.307393997333615516e+02 -1.729640324038349775e+00
3.750393937583327425e-02 -7.987393997333520019e+02 -1.700404991257709497e+00
3.760393937583330487e-02 -7.667393997333419975e+02 -1.670842652442075416e+00
3.770393937583333549e-02 -7.347393997333323341e+02 -1.641086015905457662e+00
3.780393937583336611e-02 -7.027393997333224434e+02 -1.611260974720496897e+00
3.790393937583339673e-02 -6.707393997333127800e+02 -1.581479857743205875e+00
3.800393937583342735e-02 -6.387393997333027755e+02 -1.551826158775032827e+00
3.810393937583345797e-02 -6.067393997332932258e+02 -1.522279925278038570e+00
3.820393937583348859e-02 -5.747393997332832214e+02 -1.492730622220349357e+00
3.830393937583351921e-02 -5.427393997332735580e+02 -1.463006101313488960e+00
3.840393937583354983e-02 -5.107393997332636104e+02 -1.432903550331985354e+00
3.850393937583358045e-02 -4.787393997332540039e+02 -1.402213827630732768e+00
3.860393937583361107e-02 -4.467393997332439994e+02 -1.370696748991735214e+00
3.870393937583364169e-02 -4.147393997332343929e+02 -1.338238196486249532e+00
3.880393937583367231e-02 -3.827393997332244453e+02 -1.304797521938377169e+00
3.890393937583370293e-02 -3.507393997332147819e+02 -1.270394612798793954e+00
3.900393937583373355e-02 -3.187393997332048343e+02 -1.235091418460883661e+00
3.910393937583376417e-02 -2.867393997331952278e+02 -1.199062034903937590e+00
3.920393937583379479e-02 -2.547393997331852233e+02 -1.162301981601327805e+00
3.930393937583382541e-02 -2.227393997331756168e+02 -1.124904182508774442e+00
3.940393937583385603e-02 -1.907393997331656124e+02 -1.087000960857360088e+00
3.950393937583388665e-02 -1.587393997331560058e+02 -1.048327486583535695e+00
3.960393937583391727e-02 -1.267393997331460298e+02 -1.008184927118110918e+00
3.970393937583394789e-02 -9.473939973313640905e+01 -9.656072127059265320e-01
3.980393937583397851e-02 -6.273939973312643303e+01 -9.196233112828038347e-01
3.990393937583400913e-02 -3.073939973311681229e+01 -8.692616196784495042e-01
4.000393937583403975e-02 1.260600266892453192e+00 -8.133713499208434783e-01
4.010393937583407037e-02 3.326060026690225158e+01 -7.494477116604376654e-01
4.020393937583410099e-02 6.526060026691204996e+01 -6.704390340921695390e-01
4.030004925103414237e-02 9.601576033092528917e+01 -5.648246912500900496e-01
4.040048359572787767e-02 1.281547506329205817e+02 -3.944286490644399179e-01
4.050043579190684001e-02 1.601394534101885370e+02 -1.438400882498863387e-01
4.060079479072026959e-02 1.922543330304860092e+02 1.252103629191881340e-01
4.070018581792596984e-02 2.240594617363100838e+02 3.708276430619416586e-01
4.080199650010794127e-02 2.566388800345409322e+02 5.919383466165309970e-01
4.090176865247109605e-02 2.885659687907504463e+02 7.084980676287732093e-01
4.100175665415681930e-02 3.205621293301819037e+02 7.959137545154161275e-01
4.110027887261984841e-02 3.520892392383512401e+02 8.505185097093148627e-01
4.120040214097340364e-02 3.841286851114888918e+02 8.872989993788460428e-01
4.130179717363063191e-02 4.165750955618019589e+02 9.247380535086302533e-01
4.140063681702556286e-02 4.482037814481798250e+02 9.627337918428148233e-01
4.150245477832767427e-02 4.807855290648554956e+02 1.000620210251539577e+00
4.160357054679317268e-02 5.131425749738150444e+02 1.036266258580490929e+00
4.170157506084434806e-02 5.445040194701911105e+02 1.067775765589284553e+00
4.180001415491210737e-02 5.760045295718740590e+02 1.097512290925924949e+00
4.190254077420983020e-02 6.088130477471454469e+02 1.123638757348825790e+00
4.200100156251208167e-02 6.403205000038658454e+02 1.149598473127846132e+00
4.210260168029642674e-02 6.728325376948563417e+02 1.180370774047655225e+00
4.220534337243789930e-02 7.057098791801274729e+02 1.214156195489547230e+00
4.230397539689371295e-02 7.372721270059878407e+02 1.247528409786084147e+00
4.240753902257230618e-02 7.704124872231377594e+02 1.282909653079172374e+00
4.250712862990906754e-02 8.022811615709013040e+02 1.317009507806612412e+00
4.260712862990909816e-02 8.342811615709111948e+02 1.351224709929379930e+00
4.270712862990912878e-02 8.662811615709209718e+02 1.385413253229532238e+00
4.280712862990915940e-02 8.982811615709307489e+02 1.419694484394669498e+00
4.290712862990919002e-02 9.302811615709405260e+02 1.453731895551507947e+00
4.300712862990922064e-02 9.622811615709503030e+02 1.487214903165723801e+00
4.310712862990925126e-02 9.942811615709601938e+02 1.520006353107650421e+00
4.320712862990928188e-02 1.026281161570969971e+03 1.552022203475706297e+00
4.330712862990931250e-02 1.058281161570979748e+03 1.583285630224862350e+00
4.340133662990928315e-02 1.088427721570970334e+03 1.612141991509576711e+00
4.350086942990930711e-02 1.120278217570978086e+03 1.642194523083715163e+00
4.360556318990932434e-02 1.153780220770983533e+03 1.673578437772418326e+00
4.370325790990935155e-02 1.185042531170992106e+03 1.702837459803820730e+00
4.380325790990938217e-02 1.217042531171001883e+03 1.732913297169995204e+00
4.390325790990941279e-02 1.249042531171011660e+03 1.763215527412783201e+00
4.400325790990944341e-02 1.281042531171021437e+03 1.793819427046782211e+00
4.410325790990947403e-02 1.313042531171031442e+03 1.824658771433533833e+00
4.420325790990950465e-02 1.345042531171041219e+03 1.855559129466405555e+00
4.430325790990953527e-02 1.377042531171050996e+03 1.886339326613411194e+00
4.440325790990956589e-02 1.409042531171060773e+03 1.916769233232576086e+00
4.450325790990959651e-02 1.441042531171070550e+03 1.946706932964381798e+00
4.460325790990962713e-02 1.473042531171080327e+03 1.976055327215901380e+00
4.470325790990965775e-02 1.505042531171090104e+03 2.004937836972829235e+00
4.480325790990968837e-02 1.537042531171099881e+03 2.033477234156733093e+00
4.490325790990971899e-02 1.569042531171109658e+03 2.061792439036206126e+00
4.500325790990974961e-02 1.601042531171119435e+03 2.090141629992453787e+00
4.510325790990978023e-02 1.633042531171129440e+03 2.118686751771317933e+00
4.520325790990981085e-02 1.665042531171139217e+03 2.147596965793468371e+00
4.530325790990984147e-02 1.697042531171148994e+03 2.176882748712767768e+00
4.540325790990987209e-02 1.729042531171158771e+03 2.206446449754478234e+00
4.550325790990990271e-02 1.761042531171168775e+03 2.236126136470666825e+00
4.560325790990993333e-02 1.793042531171178325e+03 2.266658201098510350e+00
4.570325790990996395e-02 1.825042531171188330e+03 2.298707363479580934e+00
4.580325790990999457e-02 1.857042531171197879e+03 2.330370177903457130e+00
4.590525790990999944e-02 1.889682531171199571e+03 2.361708073459930723e+00
4.600637790991000953e-02 1.922040931171202828e+03 2.391729788978412596e+00
4.610621790991000640e-02 1.953989731171201811e+03 2.420518500619335267e+00
4.620621790991003702e-02 1.985989731171211361e+03 2.448785040064789253e+00
4.630621790991006764e-02 2.017989731171221365e+03 2.476719924775664161e+00
4.640621790991009826e-02 2.049989731171231142e+03 2.504620092655847063e+00
4.650621790991012888e-02 2.081989731171241147e+03 2.532756199435798550e+00
4.660621790991015950e-02 2.113989731171250696e+03 2.561248362334171080e+00
4.670621790991019012e-02 2.145989731171260701e+03 2.590084294202568582e+00
4.680621790991022074e-02 2.177989731171270250e+03 2.619122931962316159e+00
4.690621790991025136e-02 2.209989731171280255e+03 2.648094095942458814e+00
4.700621790991028198e-02 2.241989731171289804e+03 2.676616858195934867e+00
4.710621790991031260e-02 2.273989731171299809e+03 2.704506560276242588e+00
4.720621790991034322e-02 2.305989731171309359e+03 2.731705336223638980e+00
4.730621790991037384e-02 2.337989731171319363e+03 2.758245973555424335e+00
4.740621790991040446e-02 2.369989731171328913e+03 2.784256546962580625e+00
4.750621790991043508e-02 2.401989731171338917e+03 2.809939127456363206e+00
4.760621790991046570e-02 2.433989731171348467e+03 2.835528286904284379e+00
4.770621790991049632e-02 2.465989731171358471e+03 2.861256165699147758e+00
4.780621790991052694e-02 2.497989731171368021e+03 2.887339312147475301e+00
4.790621790991055756e-02 2.529989731171378025e+03 2.913876539430997781e+00
4.800621790991058818e-02 2.561989731171387575e+03 2.940850039532871385e+00
4.810621790991061880e-02 2.593989731171397580e+03 2.968142521370532805e+00
4.820621790991064942e-02 2.625989731171407584e+03 2.995565718181473436e+00
4.830621790991068004e-02 2.657989731171417134e+03 3.022899235211977231e+00
4.840621790991071066e-02 2.689989731171427138e+03 3.049937193753160525e+00
4.850621790991074128e-02 2.721989731171437143e+03 3.076533300799945803e+00
4.860621790991077190e-02 2.753989731171446692e+03 3.102632966694232941e+00
4.870621790991080252e-02 2.785989731171456697e+03 3.128284594720937228e+00
4.880621790991083314e-02 2.817989731171466246e+03 3.153629434317109848e+00
4.890621790991086376e-02 2.849989731171476251e+03 3.178870117554600583e+00
4.900621790991089438e-02 2.881989731171485801e+03 3.204225086775079667e+00
4.910621790991092500e-02 2.913989731171495805e+03 3.229879923893289373e+00
4.920621790991095562e-02 2.945989731171505355e+03 3.255944274650815373e+00
4.930621790991098624e-02 2.977989731171515359e+03 3.282435369326249130e+00
4.940621790991101686e-02 3.009989731171524909e+03 3.309268535799192890e+00
4.950621790991104748e-02 3.041989731171534913e+03 3.336271983510329164e+00
4.960621790991107810e-02 3.073989731171544463e+03 3.363194460093223093e+00
4.970621790991110872e-02 3.105989731171554467e+03 3.389807519420024562e+00
4.980621790991113934e-02 3.137989731171564017e+03 3.415955641177781388e+00
4.990621790991116996e-02 3.169989731171574022e+03 3.441573068553398063e+00
5.000000000000000278e-02 3.200000000000000000e+03 3.465145502293035307e+00
