time R11 R12 R13 R21 R22 R23 R31 R32 R33
0.000000000000000000e+00 1.000000000000000000e+00 -0.000000000000000000e+00 0.000000000000000000e+00 0.000000000000000000e+00 1.000000000000000000e+00 -0.000000000000000000e+00 0.000000000000000000e+00 0.000000000000000000e+00 1.000000000000000000e+00
5.040000000000002811e-03 9.999999203965483918e-01 -3.990073891596773530e-04 0.000000000000000000e+00 3.990073891596773530e-04 9.999999203965483918e-01 -0.000000000000000000e+00 0.000000000000000000e+00 0.000000000000000000e+00 1.000000000000000000e+00
1.013600000000001305e-02 9.999986978048553965e-01 -1.613811820872654941e-03 0.000000000000000000e+00 1.613811820872654941e-03 9.999986978048553965e-01 -0.000000000000000000e+00 0.000000000000000000e+00 0.000000000000000000e+00 1.000000000000000000e+00
1.513600000000002617e-02 9.999935247913689373e-01 -3.598662992525689976e-03 0.000000000000000000e+00 3.598662992525689976e-03 9.999935247913689373e-01 -0.000000000000000000e+00 0.000000000000000000e+00 0.000000000000000000e+00 1.000000000000000000e+00
2.013600000000000112e-02 9.999797184519607640e-01 -6.368884104553549849e-03 0.000000000000000000e+00 6.368884104553549849e-03 9.999797184519607640e-01 -0.000000000000000000e+00 0.000000000000000000e+00 0.000000000000000000e+00 1.000000000000000000e+00
2.513599999999997087e-02 9.999507517430075154e-01 -9.924418803860003691e-03 0.000000000000000000e+00 9.924418803860003691e-03 9.999507517430075154e-01 -0.000000000000000000e+00 0.000000000000000000e+00 0.000000000000000000e+00 1.000000000000000000e+00
3.013599999999994061e-02 9.998982475624252908e-01 -1.426515059826695929e-02 0.000000000000000000e+00 1.426515059826695929e-02 9.998982475624252908e-01 -0.000000000000000000e+00 0.000000000000000000e+00 0.000000000000000000e+00 1.000000000000000000e+00
3.513599999999991036e-02 9.998119794051801845e-01 -1.939086996232788560e-02 0.000000000000000000e+00 1.939086996232788560e-02 9.998119794051801845e-01 -0.000000000000000000e+00 0.000000000000000000e+00 0.000000000000000000e+00 1.000000000000000000e+00
4.013599999999988011e-02 9.996798725335743763e-01 -2.530123418446088637e-02 0.000000000000000000e+00 2.530123418446088637e-02 9.996798725335743763e-01 -0.000000000000000000e+00 0.000000000000000000e+00 0.000000000000000000e+00 1.000000000000000000e+00
4.513599999999984985e-02 9.994880058830112324e-01 -3.199571996380342481e-02 0.000000000000000000e+00 3.199571996380342481e-02 9.994880058830112324e-01 -0.000000000000000000e+00 0.000000000000000000e+00 0.000000000000000000e+00 1.000000000000000000e+00
5.013599999999981960e-02 9.992206149637465895e-01 -3.947356877041211659e-02 0.000000000000000000e+00 3.947356877041211659e-02 9.992206149637465895e-01 -0.000000000000000000e+00 0.000000000000000000e+00 0.000000000000000000e+00 1.000000000000000000e+00
5.513599999999978934e-02 9.988600960588162048e-01 -4.773372498949323556e-02 0.000000000000000000e+00 4.773372498949323556e-02 9.988600960588162048e-01 -0.000000000000000000e+00 0.000000000000000000e+00 0.000000000000000000e+00 1.000000000000000000e+00
6.013599999999975909e-02 9.983870120578367535e-01 -5.677476687953151441e-02 0.000000000000000000e+00 5.677476687953151441e-02 9.983870120578367535e-01 -0.000000000000000000e+00 0.000000000000000000e+00 0.000000000000000000e+00 1.000000000000000000e+00
6.513599999999981904e-02 9.977801003056190332e-01 -6.659483038576506642e-02 0.000000000000000000e+00 6.659483038576506642e-02 9.977801003056190332e-01 -0.000000000000000000e+00 0.000000000000000000e+00 0.000000000000000000e+00 1.000000000000000000e+00
7.013599999999996226e-02 9.970162828834232549e-01 -7.719152586470608146e-02 0.000000000000000000e+00 7.719152586470608146e-02 9.970162828834232549e-01 -0.000000000000000000e+00 0.000000000000000000e+00 0.000000000000000000e+00 1.000000000000000000e+00
7.513600000000010548e-02 9.960706797790803702e-01 -8.856184779260607709e-02 0.000000000000000000e+00 8.856184779260607709e-02 9.960706797790803702e-01 -0.000000000000000000e+00 0.000000000000000000e+00 0.000000000000000000e+00 1.000000000000000000e+00
8.013600000000024870e-02 9.949166254399801623e-01 -1.007020775511711513e-01 0.000000000000000000e+00 1.007020775511711513e-01 9.949166254399801623e-01 -0.000000000000000000e+00 0.000000000000000000e+00 0.000000000000000000e+00 1.000000000000000000e+00
8.513600000000039192e-02 9.935256892398880435e-01 -1.136076794077109930e-01 0.000000000000000000e+00 1.136076794077109930e-01 9.935256892398880435e-01 -0.000000000000000000e+00 0.000000000000000000e+00 0.000000000000000000e+00 1.000000000000000000e+00
9.007200000000036011e-02 9.918907415767082014e-01 -1.270934961924007345e-01 0.000000000000000000e+00 1.270934961924007345e-01 9.918907415767082014e-01 -0.000000000000000000e+00 0.000000000000000000e+00 0.000000000000000000e+00 1.000000000000000000e+00
9.505600000000048733e-02 9.899446146182535600e-01 -1.414555053305354415e-01 0.000000000000000000e+00 1.414555053305354415e-01 9.899446146182535600e-01 -0.000000000000000000e+00 0.000000000000000000e+00 0.000000000000000000e+00 1.000000000000000000e+00
1.000560000000006305e-01 9.876607962072161406e-01 -1.566082744791219561e-01 0.000000000000000000e+00 1.566082744791219561e-01 9.876607962072161406e-01 -0.000000000000000000e+00 0.000000000000000000e+00 0.000000000000000000e+00 1.000000000000000000e+00
1.050560000000007738e-01 9.850098773215157921e-01 -1.724979465937276912e-01 0.000000000000000000e+00 1.724979465937276912e-01 9.850098773215157921e-01 -0.000000000000000000e+00 0.000000000000000000e+00 0.000000000000000000e+00 1.000000000000000000e+00
1.100560000000009170e-01 9.819551124357759342e-01 -1.891141379200479977e-01 0.000000000000000000e+00 1.891141379200479977e-01 9.819551124357759342e-01 -0.000000000000000000e+00 0.000000000000000000e+00 0.000000000000000000e+00 1.000000000000000000e+00
1.150560000000010602e-01 9.784582290464631793e-01 -2.064448934007791780e-01 0.000000000000000000e+00 2.064448934007791780e-01 9.784582290464631793e-01 -0.000000000000000000e+00 0.000000000000000000e+00 0.000000000000000000e+00 1.000000000000000000e+00
1.200560000000012034e-01 9.744794930844610237e-01 -2.244765412194609788e-01 0.000000000000000000e+00 2.244765412194609788e-01 9.744794930844610237e-01 -0.000000000000000000e+00 0.000000000000000000e+00 0.000000000000000000e+00 1.000000000000000000e+00
1.250560000000013328e-01 9.699777836269776188e-01 -2.431935428215485917e-01 0.000000000000000000e+00 2.431935428215485917e-01 9.699777836269776188e-01 -0.000000000000000000e+00 0.000000000000000000e+00 0.000000000000000000e+00 1.000000000000000000e+00
1.300560000000014760e-01 9.649106776905389538e-01 -2.625783389367552512e-01 0.000000000000000000e+00 2.625783389367552512e-01 9.649106776905389538e-01 -0.000000000000000000e+00 0.000000000000000000e+00 0.000000000000000000e+00 1.000000000000000000e+00
1.351056000000013246e-01 9.591750386821200625e-01 -2.828130922873864361e-01 0.000000000000000000e+00 2.828130922873864361e-01 9.591750386821200625e-01 -0.000000000000000000e+00 0.000000000000000000e+00 0.000000000000000000e+00 1.000000000000000000e+00
1.400272000000013783e-01 9.529430785054852082e-01 -3.031492852185026510e-01 0.000000000000000000e+00 3.031492852185026510e-01 9.529430785054852082e-01 -0.000000000000000000e+00 0.000000000000000000e+00 0.000000000000000000e+00 1.000000000000000000e+00
1.450272000000015216e-01 9.459178919490613957e-01 -3.244061369497253655e-01 0.000000000000000000e+00 3.244061369497253655e-01 9.459178919490613957e-01 -0.000000000000000000e+00 0.000000000000000000e+00 0.000000000000000000e+00 1.000000000000000000e+00
1.500192000000014347e-01 9.381600141441320817e-01 -3.462019466454255290e-01 0.000000000000000000e+00 3.462019466454255290e-01 9.381600141441320817e-01 -0.000000000000000000e+00 0.000000000000000000e+00 0.000000000000000000e+00 1.000000000000000000e+00
1.551792000000015437e-01 9.293097645514645233e-01 -3.693011799457207589e-01 0.000000000000000000e+00 3.693011799457207589e-01 9.293097645514645233e-01 -0.000000000000000000e+00 0.000000000000000000e+00 0.000000000000000000e+00 1.000000000000000000e+00
1.601792000000016869e-01 9.198787435111552835e-01 -3.922028776492315627e-01 0.000000000000000000e+00 3.922028776492315627e-01 9.198787435111552835e-01 -0.000000000000000000e+00 0.000000000000000000e+00 0.000000000000000000e+00 1.000000000000000000e+00
1.651792000000018301e-01 9.095573254813713593e-01 -4.155784783445534147e-01 0.000000000000000000e+00 4.155784783445534147e-01 9.095573254813713593e-01 -0.000000000000000000e+00 0.000000000000000000e+00 0.000000000000000000e+00 1.000000000000000000e+00
1.701792000000019733e-01 8.982971939157066155e-01 -4.393883833275149531e-01 0.000000000000000000e+00 4.393883833275149531e-01 8.982971939157066155e-01 -0.000000000000000000e+00 0.000000000000000000e+00 0.000000000000000000e+00 1.000000000000000000e+00
1.751792000000021166e-01 8.860500826190581547e-01 -4.635895286681528948e-01 0.000000000000000000e+00 4.635895286681528948e-01 8.860500826190581547e-01 -0.000000000000000000e+00 0.000000000000000000e+00 0.000000000000000000e+00 1.000000000000000000e+00
1.801792000000022598e-01 8.727680043474117522e-01 -4.881352380103655686e-01 0.000000000000000000e+00 4.881352380103655686e-01 8.727680043474117522e-01 -0.000000000000000000e+00 0.000000000000000000e+00 0.000000000000000000e+00 1.000000000000000000e+00
1.851792000000024030e-01 8.584034974270081664e-01 -5.129750828306187671e-01 0.000000000000000000e+00 5.129750828306187671e-01 8.584034974270081664e-01 -0.000000000000000000e+00 0.000000000000000000e+00 0.000000000000000000e+00 1.000000000000000000e+00
1.901792000000025462e-01 8.429098908254494260e-01 -5.380547518130743834e-01 0.000000000000000000e+00 5.380547518130743834e-01 8.429098908254494260e-01 -0.000000000000000000e+00 0.000000000000000000e+00 0.000000000000000000e+00 1.000000000000000000e+00
1.951792000000026894e-01 8.262415880099244214e-01 -5.633159311104545264e-01 0.000000000000000000e+00 5.633159311104545264e-01 8.262415880099244214e-01 -0.000000000000000000e+00 0.000000000000000000e+00 0.000000000000000000e+00 1.000000000000000000e+00
2.001792000000028326e-01 8.083546667686198894e-01 -5.886957896175184501e-01 0.000000000000000000e+00 5.886957896175184501e-01 8.083546667686198894e-01 -0.000000000000000000e+00 0.000000000000000000e+00 0.000000000000000000e+00 1.000000000000000000e+00
2.051792000000029759e-01 7.894644109195056991e-01 -6.137963374699446639e-01 0.000000000000000000e+00 6.137963374699446639e-01 7.894644109195056991e-01 -0.000000000000000000e+00 0.000000000000000000e+00 0.000000000000000000e+00 1.000000000000000000e+00
2.101792000000031191e-01 7.697950490100069487e-01 -6.382911424418179491e-01 0.000000000000000000e+00 6.382911424418179491e-01 7.697950490100069487e-01 -0.000000000000000000e+00 0.000000000000000000e+00 0.000000000000000000e+00 1.000000000000000000e+00
2.151792000000032623e-01 7.493659923256179578e-01 -6.621560311179247593e-01 0.000000000000000000e+00 6.621560311179247593e-01 7.493659923256179578e-01 -0.000000000000000000e+00 0.000000000000000000e+00 0.000000000000000000e+00 1.000000000000000000e+00
2.201792000000034055e-01 7.281974018788563985e-01 -6.853674517343844030e-01 0.000000000000000000e+00 6.853674517343844030e-01 7.281974018788563985e-01 -0.000000000000000000e+00 0.000000000000000000e+00 0.000000000000000000e+00 1.000000000000000000e+00
2.251792000000035487e-01 7.063101685127777252e-01 -7.079024974213975474e-01 0.000000000000000000e+00 7.079024974213975474e-01 7.063101685127777252e-01 -0.000000000000000000e+00 0.000000000000000000e+00 0.000000000000000000e+00 1.000000000000000000e+00
2.300432000000034727e-01 6.843492141310176802e-01 -7.291544096542644793e-01 0.000000000000000000e+00 7.291544096542644793e-01 6.843492141310176802e-01 -0.000000000000000000e+00 0.000000000000000000e+00 0.000000000000000000e+00 1.000000000000000000e+00
2.350432000000036159e-01 6.611082356126790627e-01 -7.502905442594159924e-01 0.000000000000000000e+00 7.502905442594159924e-01 6.611082356126790627e-01 -0.000000000000000000e+00 0.000000000000000000e+00 0.000000000000000000e+00 1.000000000000000000e+00
2.400432000000037591e-01 6.372148230823553305e-01 -7.706862326810585140e-01 0.000000000000000000e+00 7.706862326810585140e-01 6.372148230823553305e-01 -0.000000000000000000e+00 0.000000000000000000e+00 0.000000000000000000e+00 1.000000000000000000e+00
2.450432000000039023e-01 6.126925564535274926e-01 -7.903213468371211858e-01 0.000000000000000000e+00 7.903213468371211858e-01 6.126925564535274926e-01 -0.000000000000000000e+00 0.000000000000000000e+00 0.000000000000000000e+00 1.000000000000000000e+00
2.500432000000040178e-01 5.875656362427488233e-01 -8.091765092405079907e-01 0.000000000000000000e+00 8.091765092405079907e-01 5.875656362427488233e-01 -0.000000000000000000e+00 0.000000000000000000e+00 0.000000000000000000e+00 1.000000000000000000e+00
2.550432000000034671e-01 5.618588596866611606e-01 -8.272331121223358563e-01 0.000000000000000000e+00 8.272331121223358563e-01 5.618588596866611606e-01 -0.000000000000000000e+00 0.000000000000000000e+00 0.000000000000000000e+00 1.000000000000000000e+00
2.601632000000034806e-01 5.349607261950154458e-01 -8.448769267940163807e-01 0.000000000000000000e+00 8.448769267940163807e-01 5.349607261950154458e-01 -0.000000000000000000e+00 0.000000000000000000e+00 0.000000000000000000e+00 1.000000000000000000e+00
2.651632000000029299e-01 5.081585297717408078e-01 -8.612635535190276137e-01 0.000000000000000000e+00 8.612635535190276137e-01 5.081585297717408078e-01 -0.000000000000000000e+00 0.000000000000000000e+00 0.000000000000000000e+00 1.000000000000000000e+00
2.700479360000024309e-01 4.814897167698443670e-01 -8.764517400546905090e-01 0.000000000000000000e+00 8.764517400546905090e-01 4.814897167698443670e-01 -0.000000000000000000e+00 0.000000000000000000e+00 0.000000000000000000e+00 1.000000000000000000e+00
2.751202126848026897e-01 4.533173765232914598e-01 -8.913491774507003029e-01 0.000000000000000000e+00 8.913491774507003029e-01 4.533173765232914598e-01 -0.000000000000000000e+00 0.000000000000000000e+00 0.000000000000000000e+00 1.000000000000000000e+00
2.800196434534427681e-01 4.256676114385779530e-01 -9.048795967266449747e-01 0.000000000000000000e+00 9.048795967266449747e-01 4.256676114385779530e-01 -0.000000000000000000e+00 0.000000000000000000e+00 0.000000000000000000e+00 1.000000000000000000e+00
2.850196434534428280e-01 3.970346151605745888e-01 -9.178036360596388832e-01 0.000000000000000000e+00 9.178036360596388832e-01 3.970346151605745888e-01 -0.000000000000000000e+00 0.000000000000000000e+00 0.000000000000000000e+00 1.000000000000000000e+00
2.900196434534422774e-01 3.680097936519818869e-01 -9.298219140116164017e-01 0.000000000000000000e+00 9.298219140116164017e-01 3.680097936519818869e-01 -0.000000000000000000e+00 0.000000000000000000e+00 0.000000000000000000e+00 1.000000000000000000e+00
2.950196434534417267e-01 3.386217909074155652e-01 -9.409225699932246556e-01 0.000000000000000000e+00 9.409225699932246556e-01 3.386217909074155652e-01 -0.000000000000000000e+00 0.000000000000000000e+00 0.000000000000000000e+00 1.000000000000000000e+00
3.000196434534411760e-01 3.088996093375275254e-01 -9.510946489972084139e-01 0.000000000000000000e+00 9.510946489972084139e-01 3.088996093375275254e-01 -0.000000000000000000e+00 0.000000000000000000e+00 0.000000000000000000e+00 1.000000000000000000e+00
3.050196434534406253e-01 2.788725811471252092e-01 -9.603281124096807453e-01 0.000000000000000000e+00 9.603281124096807453e-01 2.788725811471252092e-01 -0.000000000000000000e+00 0.000000000000000000e+00 0.000000000000000000e+00 1.000000000000000000e+00
3.100196434534400747e-01 2.485703393878258838e-01 -9.686138479170229854e-01 0.000000000000000000e+00 9.686138479170229854e-01 2.485703393878258838e-01 -0.000000000000000000e+00 0.000000000000000000e+00 0.000000000000000000e+00 1.000000000000000000e+00
3.150196434534395240e-01 2.180227887138111720e-01 -9.759436784986381674e-01 0.000000000000000000e+00 9.759436784986381674e-01 2.180227887138111720e-01 -0.000000000000000000e+00 0.000000000000000000e+00 0.000000000000000000e+00 1.000000000000000000e+00
3.200196434534389733e-01 1.872600758695462386e-01 -9.823103704966835714e-01 0.000000000000000000e+00 9.823103704966835714e-01 1.872600758695462386e-01 -0.000000000000000000e+00 0.000000000000000000e+00 0.000000000000000000e+00 1.000000000000000000e+00
3.250196434534384227e-01 1.563125599385815079e-01 -9.877076407548173176e-01 0.000000000000000000e+00 9.877076407548173176e-01 1.563125599385815079e-01 -0.000000000000000000e+00 0.000000000000000000e+00 0.000000000000000000e+00 1.000000000000000000e+00
3.300196434534378720e-01 1.252107823828010336e-01 -9.921301628189149735e-01 0.000000000000000000e+00 9.921301628189149735e-01 1.252107823828010336e-01 -0.000000000000000000e+00 0.000000000000000000e+00 0.000000000000000000e+00 1.000000000000000000e+00
3.350196434534373213e-01 9.398543690168975617e-02 -9.955735721936366245e-01 0.000000000000000000e+00 9.955735721936366245e-01 9.398543690168975617e-02 -0.000000000000000000e+00 0.000000000000000000e+00 0.000000000000000000e+00 1.000000000000000000e+00
3.400196434534367707e-01 6.266733914135626249e-02 -9.980344706496575569e-01 0.000000000000000000e+00 9.980344706496575569e-01 6.266733914135626249e-02 -0.000000000000000000e+00 0.000000000000000000e+00 0.000000000000000000e+00 1.000000000000000000e+00
3.450196434534362200e-01 3.128739628320979793e-02 -9.995104295773095116e-01 0.000000000000000000e+00 9.995104295773095116e-01 3.128739628320979793e-02 -0.000000000000000000e+00 0.000000000000000000e+00 0.000000000000000000e+00 1.000000000000000000e+00
3.500196434534356693e-01 -1.234234576954942170e-04 -9.999999923833249316e-01 0.000000000000000000e+00 9.999999923833249316e-01 -1.234234576954942170e-04 -0.000000000000000000e+00 0.000000000000000000e+00 0.000000000000000000e+00 1.000000000000000000e+00
3.550196434534351186e-01 -3.153412139454913471e-02 -9.995026759283209827e-01 0.000000000000000000e+00 9.995026759283209827e-01 -3.153412139454913471e-02 -0.000000000000000000e+00 0.000000000000000000e+00 0.000000000000000000e+00 1.000000000000000000e+00
3.600750034534347388e-01 -6.326084321091020313e-02 -9.979970269075177924e-01 0.000000000000000000e+00 9.979970269075177924e-01 -6.326084321091020313e-02 -0.000000000000000000e+00 0.000000000000000000e+00 0.000000000000000000e+00 1.000000000000000000e+00
3.650298053302246104e-01 -9.429475295853534389e-02 -9.955443232546146159e-01 0.000000000000000000e+00 9.955443232546146159e-01 -9.429475295853534389e-02 -0.000000000000000000e+00 0.000000000000000000e+00 0.000000000000000000e+00 1.000000000000000000e+00
3.700762745209821292e-01 -1.258086870971884819e-01 -9.920545218136357368e-01 0.000000000000000000e+00 9.920545218136357368e-01 -1.258086870971884819e-01 -0.000000000000000000e+00 0.000000000000000000e+00 0.000000000000000000e+00 1.000000000000000000e+00
3.750110173391326684e-01 -1.565028363866189098e-01 -9.876775092118597055e-01 0.000000000000000000e+00 9.876775092118597055e-01 -1.565028363866189098e-01 -0.000000000000000000e+00 0.000000000000000000e+00 0.000000000000000000e+00 1.000000000000000000e+00
3.801140392741312324e-01 -1.880851046006490057e-01 -9.821527342666023230e-01 0.000000000000000000e+00 9.821527342666023230e-01 -1.880851046006490057e-01 -0.000000000000000000e+00 0.000000000000000000e+00 0.000000000000000000e+00 1.000000000000000000e+00
3.851140392741306817e-01 -2.188424588693931028e-01 -9.757602052738152398e-01 0.000000000000000000e+00 9.757602052738152398e-01 -2.188424588693931028e-01 -0.000000000000000000e+00 0.000000000000000000e+00 0.000000000000000000e+00 1.000000000000000000e+00
3.901140392741301310e-01 -2.493838420524038257e-01 -9.684047187633805231e-01 0.000000000000000000e+00 9.684047187633805231e-01 -2.493838420524038257e-01 -0.000000000000000000e+00 0.000000000000000000e+00 0.000000000000000000e+00 1.000000000000000000e+00
3.951140392741295804e-01 -2.796791134917849808e-01 -9.600935337124448798e-01 0.000000000000000000e+00 9.600935337124448798e-01 -2.796791134917849808e-01 -0.000000000000000000e+00 0.000000000000000000e+00 0.000000000000000000e+00 1.000000000000000000e+00
4.001940392741296093e-01 -3.101762779934709169e-01 -9.506790607613682109e-01 0.000000000000000000e+00 9.506790607613682109e-01 -3.101762779934709169e-01 -0.000000000000000000e+00 0.000000000000000000e+00 0.000000000000000000e+00 1.000000000000000000e+00
4.051940392741290586e-01 -3.398847756624925887e-01 -9.404670856935171130e-01 0.000000000000000000e+00 9.404670856935171130e-01 -3.398847756624925887e-01 -0.000000000000000000e+00 0.000000000000000000e+00 0.000000000000000000e+00 1.000000000000000000e+00
4.101940392741285080e-01 -3.692578480927213302e-01 -9.293269831560539984e-01 0.000000000000000000e+00 9.293269831560539984e-01 -3.692578480927213302e-01 -0.000000000000000000e+00 0.000000000000000000e+00 0.000000000000000000e+00 1.000000000000000000e+00
4.151940392741279573e-01 -3.982665076079232591e-01 -9.172697470852224644e-01 0.000000000000000000e+00 9.172697470852224644e-01 -3.982665076079232591e-01 -0.000000000000000000e+00 0.000000000000000000e+00 0.000000000000000000e+00 1.000000000000000000e+00
4.201940392741274066e-01 -4.268821261634144215e-01 -9.043072765173365557e-01 0.000000000000000000e+00 9.043072765173365557e-01 -4.268821261634144215e-01 -0.000000000000000000e+00 0.000000000000000000e+00 0.000000000000000000e+00 1.000000000000000000e+00
4.251940392741268560e-01 -4.550764635984856921e-01 -8.904523638458690105e-01 0.000000000000000000e+00 8.904523638458690105e-01 -4.550764635984856921e-01 -0.000000000000000000e+00 0.000000000000000000e+00 0.000000000000000000e+00 1.000000000000000000e+00
4.301940392741263053e-01 -4.828216955060329885e-01 -8.757186821969024093e-01 0.000000000000000000e+00 8.757186821969024093e-01 -4.828216955060329885e-01 -0.000000000000000000e+00 0.000000000000000000e+00 0.000000000000000000e+00 1.000000000000000000e+00
4.351300392741262457e-01 -5.097445243748960353e-01 -8.603258219243514748e-01 0.000000000000000000e+00 8.603258219243514748e-01 -5.097445243748960353e-01 -0.000000000000000000e+00 0.000000000000000000e+00 0.000000000000000000e+00 1.000000000000000000e+00
4.401140392741257901e-01 -5.364316435734129973e-01 -8.439437728741925326e-01 0.000000000000000000e+00 8.439437728741925326e-01 -5.364316435734129973e-01 -0.000000000000000000e+00 0.000000000000000000e+00 0.000000000000000000e+00 1.000000000000000000e+00
4.451140392741252394e-01 -5.626758614646329981e-01 -8.266776124493956379e-01 0.000000000000000000e+00 8.266776124493956379e-01 -5.626758614646329981e-01 -0.000000000000000000e+00 0.000000000000000000e+00 0.000000000000000000e+00 1.000000000000000000e+00
4.501140392741246887e-01 -5.883647862132678208e-01 -8.085956210271088018e-01 0.000000000000000000e+00 8.085956210271088018e-01 -5.883647862132678208e-01 -0.000000000000000000e+00 0.000000000000000000e+00 0.000000000000000000e+00 1.000000000000000000e+00
4.551140392741241381e-01 -6.134730659520517548e-01 -7.897156433498007111e-01 0.000000000000000000e+00 7.897156433498007111e-01 -6.134730659520517548e-01 -0.000000000000000000e+00 0.000000000000000000e+00 0.000000000000000000e+00 1.000000000000000000e+00
4.601140392741235874e-01 -6.379759218402416554e-01 -7.700563116760318350e-01 0.000000000000000000e+00 7.700563116760318350e-01 -6.379759218402416554e-01 -0.000000000000000000e+00 0.000000000000000000e+00 0.000000000000000000e+00 1.000000000000000000e+00
4.651140392741230367e-01 -6.618491725173418772e-01 -7.496370273926641348e-01 0.000000000000000000e+00 7.496370273926641348e-01 -6.618491725173418772e-01 -0.000000000000000000e+00 0.000000000000000000e+00 0.000000000000000000e+00 1.000000000000000000e+00
4.701140392741224860e-01 -6.850692579671872062e-01 -7.284779418680346064e-01 0.000000000000000000e+00 7.284779418680346064e-01 -6.850692579671872062e-01 -0.000000000000000000e+00 0.000000000000000000e+00 0.000000000000000000e+00 1.000000000000000000e+00
4.751140392741219354e-01 -7.076132627688322962e-01 -7.065999365649897612e-01 0.000000000000000000e+00 7.065999365649897612e-01 -7.076132627688322962e-01 -0.000000000000000000e+00 0.000000000000000000e+00 0.000000000000000000e+00 1.000000000000000000e+00
4.801140392741213847e-01 -7.294589387113092904e-01 -6.840246024333995756e-01 0.000000000000000000e+00 6.840246024333995756e-01 -7.294589387113092904e-01 -0.000000000000000000e+00 0.000000000000000000e+00 0.000000000000000000e+00 1.000000000000000000e+00
4.851140392741208340e-01 -7.505847267499236031e-01 -6.607742186024986308e-01 0.000000000000000000e+00 6.607742186024986308e-01 -7.505847267499236031e-01 -0.000000000000000000e+00 0.000000000000000000e+00 0.000000000000000000e+00 1.000000000000000000e+00
4.900692392741206604e-01 -7.707904768181595978e-01 -6.370887229000637975e-01 0.000000000000000000e+00 6.370887229000637975e-01 -7.707904768181595978e-01 -0.000000000000000000e+00 0.000000000000000000e+00 0.000000000000000000e+00 1.000000000000000000e+00
4.950876584741203956e-01 -7.904924660480747711e-01 -6.124717635297429741e-01 0.000000000000000000e+00 6.124717635297429741e-01 -7.904924660480747711e-01 -0.000000000000000000e+00 0.000000000000000000e+00 0.000000000000000000e+00 1.000000000000000000e+00
5.000646056741199219e-01 -8.092555270419656832e-01 -5.874568000730184814e-01 0.000000000000000000e+00 5.874568000730184814e-01 -8.092555270419656832e-01 -0.000000000000000000e+00 0.000000000000000000e+00 0.000000000000000000e+00 1.000000000000000000e+00
5.050646056741193712e-01 -8.273086723065720127e-01 -5.617475952118861082e-01 0.000000000000000000e+00 5.617475952118861082e-01 -8.273086723065720127e-01 -0.000000000000000000e+00 0.000000000000000000e+00 0.000000000000000000e+00 1.000000000000000000e+00
5.101046056741194157e-01 -8.446799189307148126e-01 -5.352717389842291951e-01 0.000000000000000000e+00 5.352717389842291951e-01 -8.446799189307148126e-01 -0.000000000000000000e+00 0.000000000000000000e+00 0.000000000000000000e+00 1.000000000000000000e+00
5.150486056741189200e-01 -8.608974473247478221e-01 -5.087785227284390421e-01 0.000000000000000000e+00 5.087785227284390421e-01 -8.608974473247478221e-01 -0.000000000000000000e+00 0.000000000000000000e+00 0.000000000000000000e+00 1.000000000000000000e+00
5.200486056741183694e-01 -8.764537660047448941e-01 -4.814860289313698805e-01 0.000000000000000000e+00 4.814860289313698805e-01 -8.764537660047448941e-01 -0.000000000000000000e+00 0.000000000000000000e+00 0.000000000000000000e+00 1.000000000000000000e+00
5.250486056741178187e-01 -8.911451306332405231e-01 -4.537183665542586786e-01 0.000000000000000000e+00 4.537183665542586786e-01 -8.911451306332405231e-01 -0.000000000000000000e+00 0.000000000000000000e+00 0.000000000000000000e+00 1.000000000000000000e+00
5.300486056741172680e-01 -9.049570426070568940e-01 -4.255029389274403995e-01 0.000000000000000000e+00 4.255029389274403995e-01 -9.049570426070568940e-01 -0.000000000000000000e+00 0.000000000000000000e+00 0.000000000000000000e+00 1.000000000000000000e+00
5.350486056741167173e-01 -9.178758712366081873e-01 -3.968675912714931808e-01 0.000000000000000000e+00 3.968675912714931808e-01 -9.178758712366081873e-01 -0.000000000000000000e+00 0.000000000000000000e+00 0.000000000000000000e+00 1.000000000000000000e+00
5.400486056741161667e-01 -9.298888671977458831e-01 -3.678405832173664569e-01 0.000000000000000000e+00 3.678405832173664569e-01 -9.298888671977458831e-01 -0.000000000000000000e+00 0.000000000000000000e+00 0.000000000000000000e+00 1.000000000000000000e+00
5.450486056741156160e-01 -9.409841751138037225e-01 -3.384505609175356144e-01 0.000000000000000000e+00 3.384505609175356144e-01 -9.409841751138037225e-01 -0.000000000000000000e+00 0.000000000000000000e+00 0.000000000000000000e+00 1.000000000000000000e+00
5.500486056741150653e-01 -9.511508452554200410e-01 -3.087265287757111065e-01 0.000000000000000000e+00 3.087265287757111065e-01 -9.511508452554200410e-01 -0.000000000000000000e+00 0.000000000000000000e+00 0.000000000000000000e+00 1.000000000000000000e+00
5.550486056741145147e-01 -9.603788443466031444e-01 -2.786978208229901055e-01 0.000000000000000000e+00 2.786978208229901055e-01 -9.603788443466031444e-01 -0.000000000000000000e+00 0.000000000000000000e+00 0.000000000000000000e+00 1.000000000000000000e+00
5.600486056741139640e-01 -9.686590654663589373e-01 -2.483940717687125599e-01 0.000000000000000000e+00 2.483940717687125599e-01 -9.686590654663589373e-01 -0.000000000000000000e+00 0.000000000000000000e+00 0.000000000000000000e+00 1.000000000000000000e+00
5.650486056741134133e-01 -9.759833370361259419e-01 -2.178451877545795057e-01 0.000000000000000000e+00 2.178451877545795057e-01 -9.759833370361259419e-01 -0.000000000000000000e+00 0.000000000000000000e+00 0.000000000000000000e+00 1.000000000000000000e+00
5.700486056741128627e-01 -9.823444308841347006e-01 -1.870813168409005411e-01 0.000000000000000000e+00 1.870813168409005411e-01 -9.823444308841347006e-01 -0.000000000000000000e+00 0.000000000000000000e+00 0.000000000000000000e+00 1.000000000000000000e+00
5.750486056741123120e-01 -9.877360693787413659e-01 -1.561328192541011628e-01 0.000000000000000000e+00 1.561328192541011628e-01 -9.877360693787413659e-01 -0.000000000000000000e+00 0.000000000000000000e+00 0.000000000000000000e+00 1.000000000000000000e+00
5.800486056741117613e-01 -9.921529316236925577e-01 -1.250302374248413173e-01 0.000000000000000000e+00 1.250302374248413173e-01 -9.921529316236925577e-01 -0.000000000000000000e+00 0.000000000000000000e+00 0.000000000000000000e+00 1.000000000000000000e+00
5.850486056741112106e-01 -9.955906587092063775e-01 -9.380426584632667319e-02 0.000000000000000000e+00 9.380426584632667319e-02 -9.955906587092063775e-01 -0.000000000000000000e+00 0.000000000000000000e+00 0.000000000000000000e+00 1.000000000000000000e+00
5.900486056741106600e-01 -9.980458580136913893e-01 -6.248572078254843731e-02 0.000000000000000000e+00 6.248572078254843731e-02 -9.980458580136913893e-01 -0.000000000000000000e+00 0.000000000000000000e+00 0.000000000000000000e+00 1.000000000000000000e+00
5.950486056741101093e-01 -9.995161065518538557e-01 -3.110550985634987636e-02 0.000000000000000000e+00 3.110550985634987636e-02 -9.995161065518538557e-01 -0.000000000000000000e+00 0.000000000000000000e+00 0.000000000000000000e+00 1.000000000000000000e+00
6.000486056741095586e-01 -9.999999533658913142e-01 3.053984526627268200e-04 0.000000000000000000e+00 -3.053984526627268200e-04 -9.999999533658913142e-01 -0.000000000000000000e+00 0.000000000000000000e+00 -0.000000000000000000e+00 1.000000000000000000e+00
6.050486056741090080e-01 -9.994969209574150470e-01 3.171600537027419869e-02 0.000000000000000000e+00 -3.171600537027419869e-02 -9.994969209574150470e-01 -0.000000000000000000e+00 0.000000000000000000e+00 -0.000000000000000000e+00 1.000000000000000000e+00
6.101526056741090054e-01 -9.979660629755797707e-01 6.374744817654384721e-02 0.000000000000000000e+00 -6.374744817654384721e-02 -9.979660629755797707e-01 -0.000000000000000000e+00 0.000000000000000000e+00 -0.000000000000000000e+00 1.000000000000000000e+00
6.151526056741084547e-01 -9.954712712299340627e-01 9.506286423130094754e-02 0.000000000000000000e+00 -9.506286423130094754e-02 -9.954712712299340627e-01 -0.000000000000000000e+00 0.000000000000000000e+00 -0.000000000000000000e+00 1.000000000000000000e+00
6.200902056741087742e-01 -9.920435057250691635e-01 1.258955231480224923e-01 0.000000000000000000e+00 -1.258955231480224923e-01 -9.920435057250691635e-01 -0.000000000000000000e+00 0.000000000000000000e+00 -0.000000000000000000e+00 1.000000000000000000e+00
6.251766056741084876e-01 -9.875141456472283918e-01 1.575303530962350318e-01 0.000000000000000000e+00 -1.575303530962350318e-01 -9.875141456472283918e-01 -0.000000000000000000e+00 0.000000000000000000e+00 -0.000000000000000000e+00 1.000000000000000000e+00
6.301766056741079369e-01 -9.820787190597676242e-01 1.884711902915826298e-01 0.000000000000000000e+00 -1.884711902915826298e-01 -9.820787190597676242e-01 -0.000000000000000000e+00 0.000000000000000000e+00 -0.000000000000000000e+00 1.000000000000000000e+00
6.350966056741079724e-01 -9.757841711031727261e-01 2.187355742088936683e-01 0.000000000000000000e+00 -2.187355742088936683e-01 -9.757841711031727261e-01 -0.000000000000000000e+00 0.000000000000000000e+00 -0.000000000000000000e+00 1.000000000000000000e+00
6.400374056741077178e-01 -9.685246855941846977e-01 2.489175232776632829e-01 0.000000000000000000e+00 -2.489175232776632829e-01 -9.685246855941846977e-01 -0.000000000000000000e+00 0.000000000000000000e+00 -0.000000000000000000e+00 1.000000000000000000e+00
6.450844456741076094e-01 -9.601455212288843022e-01 2.795005868761540335e-01 0.000000000000000000e+00 -2.795005868761540335e-01 -9.601455212288843022e-01 -0.000000000000000000e+00 0.000000000000000000e+00 -0.000000000000000000e+00 1.000000000000000000e+00
6.501964456741076148e-01 -9.506743708317376695e-01 3.101906520894526786e-01 0.000000000000000000e+00 -3.101906520894526786e-01 -9.506743708317376695e-01 -0.000000000000000000e+00 0.000000000000000000e+00 -0.000000000000000000e+00 1.000000000000000000e+00
6.550364456741077923e-01 -9.408031750213089461e-01 3.389533682821641025e-01 0.000000000000000000e+00 -3.389533682821641025e-01 -9.408031750213089461e-01 -0.000000000000000000e+00 0.000000000000000000e+00 -0.000000000000000000e+00 1.000000000000000000e+00
6.600364456741072416e-01 -9.296921628568777241e-01 3.683374571266143649e-01 0.000000000000000000e+00 -3.683374571266143649e-01 -9.296921628568777241e-01 -0.000000000000000000e+00 0.000000000000000000e+00 -0.000000000000000000e+00 1.000000000000000000e+00
6.650364456741066910e-01 -9.176636567708023051e-01 3.973580413708003856e-01 0.000000000000000000e+00 -3.973580413708003856e-01 -9.176636567708023051e-01 -0.000000000000000000e+00 0.000000000000000000e+00 -0.000000000000000000e+00 1.000000000000000000e+00
6.701272027941063136e-01 -9.044864642094454510e-01 4.265023283194310788e-01 0.000000000000000000e+00 -4.265023283194310788e-01 -9.044864642094454510e-01 -0.000000000000000000e+00 0.000000000000000000e+00 -0.000000000000000000e+00 1.000000000000000000e+00
6.751245890341066591e-01 -8.906508601980531736e-01 4.546878547184520780e-01 0.000000000000000000e+00 -4.546878547184520780e-01 -8.906508601980531736e-01 -0.000000000000000000e+00 0.000000000000000000e+00 -0.000000000000000000e+00 1.000000000000000000e+00
6.800445890341065835e-01 -8.761716769847740505e-01 4.819991622914802099e-01 0.000000000000000000e+00 -4.819991622914802099e-01 -8.761716769847740505e-01 -0.000000000000000000e+00 0.000000000000000000e+00 -0.000000000000000000e+00 1.000000000000000000e+00
6.850365890341061359e-01 -8.606249778358104896e-01 5.092392831715862878e-01 0.000000000000000000e+00 -5.092392831715862878e-01 -8.606249778358104896e-01 -0.000000000000000000e+00 0.000000000000000000e+00 -0.000000000000000000e+00 1.000000000000000000e+00
6.900365890341055852e-01 -8.442047189246850714e-01 5.360208881613602871e-01 0.000000000000000000e+00 -5.360208881613602871e-01 -8.442047189246850714e-01 -0.000000000000000000e+00 0.000000000000000000e+00 -0.000000000000000000e+00 1.000000000000000000e+00
6.950212290341053478e-01 -8.270055928889097352e-01 5.621936937839692172e-01 0.000000000000000000e+00 -5.621936937839692172e-01 -8.270055928889097352e-01 -0.000000000000000000e+00 0.000000000000000000e+00 -0.000000000000000000e+00 1.000000000000000000e+00
7.000801090341051136e-01 -8.087210361311125695e-01 5.881923883552219179e-01 0.000000000000000000e+00 -5.881923883552219179e-01 -8.087210361311125695e-01 -0.000000000000000000e+00 0.000000000000000000e+00 -0.000000000000000000e+00 1.000000000000000000e+00
7.050033090341047970e-01 -7.901422690861326092e-01 6.129234818502369286e-01 0.000000000000000000e+00 -6.129234818502369286e-01 -7.901422690861326092e-01 -0.000000000000000000e+00 0.000000000000000000e+00 -0.000000000000000000e+00 1.000000000000000000e+00
7.100916290341046100e-01 -7.701461359582080224e-01 6.378674856650411451e-01 0.000000000000000000e+00 -6.378674856650411451e-01 -7.701461359582080224e-01 -0.000000000000000000e+00 0.000000000000000000e+00 -0.000000000000000000e+00 1.000000000000000000e+00
7.150196290341046534e-01 -7.500295024428691448e-01 6.614043736363571790e-01 0.000000000000000000e+00 -6.614043736363571790e-01 -7.500295024428691448e-01 -0.000000000000000000e+00 0.000000000000000000e+00 -0.000000000000000000e+00 1.000000000000000000e+00
7.200113090341031530e-01 -7.289199838838456014e-01 6.845989023470417933e-01 0.000000000000000000e+00 -6.845989023470417933e-01 -7.289199838838456014e-01 -0.000000000000000000e+00 0.000000000000000000e+00 -0.000000000000000000e+00 1.000000000000000000e+00
7.251552034597043006e-01 -7.064168942774491367e-01 7.077959956649960693e-01 0.000000000000000000e+00 -7.077959956649960693e-01 -7.064168942774491367e-01 -0.000000000000000000e+00 0.000000000000000000e+00 -0.000000000000000000e+00 1.000000000000000000e+00
7.300784890376301739e-01 -6.841875236798746762e-01 7.293061308125700082e-01 0.000000000000000000e+00 -7.293061308125700082e-01 -6.841875236798746762e-01 -0.000000000000000000e+00 0.000000000000000000e+00 -0.000000000000000000e+00 1.000000000000000000e+00
7.350291452550032911e-01 -6.611744901178078226e-01 7.502321598128522950e-01 0.000000000000000000e+00 -7.502321598128522950e-01 -6.611744901178078226e-01 -0.000000000000000000e+00 0.000000000000000000e+00 -0.000000000000000000e+00 1.000000000000000000e+00
7.400299277826117850e-01 -6.372790897798128462e-01 7.706330915094506961e-01 0.000000000000000000e+00 -7.706330915094506961e-01 -6.372790897798128462e-01 -0.000000000000000000e+00 0.000000000000000000e+00 -0.000000000000000000e+00 1.000000000000000000e+00
7.450913416485772656e-01 -6.124534697356279755e-01 7.905066396993705169e-01 0.000000000000000000e+00 -7.905066396993705169e-01 -6.124534697356279755e-01 -0.000000000000000000e+00 0.000000000000000000e+00 -0.000000000000000000e+00 1.000000000000000000e+00
7.501127102986646644e-01 -5.872121755414519972e-01 8.094330490509237253e-01 0.000000000000000000e+00 -8.094330490509237253e-01 -5.872121755414519972e-01 -0.000000000000000000e+00 0.000000000000000000e+00 -0.000000000000000000e+00 1.000000000000000000e+00
7.551532523071302627e-01 -5.612867110502050005e-01 8.276214279478533165e-01 0.000000000000000000e+00 -8.276214279478533165e-01 -5.612867110502050005e-01 -0.000000000000000000e+00 0.000000000000000000e+00 -0.000000000000000000e+00 1.000000000000000000e+00
7.600811771853398513e-01 -5.353960747448641699e-01 8.446011148156220560e-01 0.000000000000000000e+00 -8.446011148156220560e-01 -5.353960747448641699e-01 -0.000000000000000000e+00 0.000000000000000000e+00 -0.000000000000000000e+00 1.000000000000000000e+00
7.650811771853393006e-01 -5.086023269669645019e-01 8.610015522656093712e-01 0.000000000000000000e+00 -8.610015522656093712e-01 -5.086023269669645019e-01 -0.000000000000000000e+00 0.000000000000000000e+00 -0.000000000000000000e+00 1.000000000000000000e+00
7.700811771853387500e-01 -4.813066500966515782e-01 8.765522851334877075e-01 0.000000000000000000e+00 -8.765522851334877075e-01 -4.813066500966515782e-01 -0.000000000000000000e+00 0.000000000000000000e+00 -0.000000000000000000e+00 1.000000000000000000e+00
7.750811771853381993e-01 -4.535359816715486270e-01 8.912379667233798486e-01 0.000000000000000000e+00 -8.912379667233798486e-01 -4.535359816715486270e-01 -0.000000000000000000e+00 0.000000000000000000e+00 -0.000000000000000000e+00 1.000000000000000000e+00
7.800171771853383618e-01 -4.256816334193621598e-01 9.048730004643875668e-01 0.000000000000000000e+00 -9.048730004643875668e-01 -4.256816334193621598e-01 -0.000000000000000000e+00 0.000000000000000000e+00 -0.000000000000000000e+00 1.000000000000000000e+00
7.851211771853378041e-01 -3.964490167560303924e-01 9.180567395935702590e-01 0.000000000000000000e+00 -9.180567395935702590e-01 -3.964490167560303924e-01 -0.000000000000000000e+00 0.000000000000000000e+00 -0.000000000000000000e+00 1.000000000000000000e+00
7.901771771853381976e-01 -3.670892631233539927e-01 9.301857195740821371e-01 0.000000000000000000e+00 -9.301857195740821371e-01 -3.670892631233539927e-01 -0.000000000000000000e+00 0.000000000000000000e+00 -0.000000000000000000e+00 1.000000000000000000e+00
7.951691771853376389e-01 -3.377375995209037085e-01 9.412403061226488621e-01 0.000000000000000000e+00 -9.412403061226488621e-01 -3.377375995209037085e-01 -0.000000000000000000e+00 0.000000000000000000e+00 -0.000000000000000000e+00 1.000000000000000000e+00
8.000811771853377774e-01 -3.085318665894454249e-01 9.512140070976840001e-01 0.000000000000000000e+00 -9.512140070976840001e-01 -3.085318665894454249e-01 -0.000000000000000000e+00 0.000000000000000000e+00 -0.000000000000000000e+00 1.000000000000000000e+00
8.050251771853371707e-01 -2.788391908858448009e-01 9.603378080790778704e-01 0.000000000000000000e+00 -9.603378080790778704e-01 -2.788391908858448009e-01 -0.000000000000000000e+00 0.000000000000000000e+00 -0.000000000000000000e+00 1.000000000000000000e+00
8.100251771853366201e-01 -2.485366610542882604e-01 9.686224899887396766e-01 0.000000000000000000e+00 -9.686224899887396766e-01 -2.485366610542882604e-01 -0.000000000000000000e+00 0.000000000000000000e+00 -0.000000000000000000e+00 1.000000000000000000e+00
8.150251771853360694e-01 -2.179888555444659537e-01 9.759512584439933303e-01 0.000000000000000000e+00 -9.759512584439933303e-01 -2.179888555444659537e-01 -0.000000000000000000e+00 0.000000000000000000e+00 -0.000000000000000000e+00 1.000000000000000000e+00
8.200251771853355187e-01 -1.872259213523339016e-01 9.823168808351863124e-01 0.000000000000000000e+00 -9.823168808351863124e-01 -1.872259213523339016e-01 -0.000000000000000000e+00 0.000000000000000000e+00 -0.000000000000000000e+00 1.000000000000000000e+00
8.250251771853349680e-01 -1.562782177798874017e-01 9.877130750615494836e-01 0.000000000000000000e+00 -9.877130750615494836e-01 -1.562782177798874017e-01 -0.000000000000000000e+00 0.000000000000000000e+00 -0.000000000000000000e+00 1.000000000000000000e+00
8.300651771853350125e-01 -1.249269319229229513e-01 9.921659446283798145e-01 0.000000000000000000e+00 -9.921659446283798145e-01 -1.249269319229229513e-01 -0.000000000000000000e+00 0.000000000000000000e+00 -0.000000000000000000e+00 1.000000000000000000e+00
8.350008571853344552e-01 -9.410295136546349692e-02 9.955624714423043642e-01 0.000000000000000000e+00 -9.955624714423043642e-01 -9.410295136546349692e-02 -0.000000000000000000e+00 0.000000000000000000e+00 -0.000000000000000000e+00 1.000000000000000000e+00
8.401028347853353173e-01 -6.214565144486544623e-02 9.980670909345189523e-01 0.000000000000000000e+00 -9.980670909345189523e-01 -6.214565144486544623e-02 -0.000000000000000000e+00 0.000000000000000000e+00 -0.000000000000000000e+00 1.000000000000000000e+00
8.451495675853365475e-01 -3.047144820680977931e-02 9.995356376058734948e-01 0.000000000000000000e+00 -9.995356376058734948e-01 -3.047144820680977931e-02 -0.000000000000000000e+00 0.000000000000000000e+00 -0.000000000000000000e+00 1.000000000000000000e+00
8.501495675853359968e-01 9.397607162876142790e-04 9.999995584248004832e-01 0.000000000000000000e+00 -9.999995584248004832e-01 9.397607162876142790e-04 -0.000000000000000000e+00 -0.000000000000000000e+00 0.000000000000000000e+00 1.000000000000000000e+00
8.550910075853359604e-01 3.198228927730566162e-02 9.994884357372940675e-01 0.000000000000000000e+00 -9.994884357372940675e-01 3.198228927730566162e-02 -0.000000000000000000e+00 -0.000000000000000000e+00 0.000000000000000000e+00 1.000000000000000000e+00
8.600244475853360271e-01 6.294382438519946499e-02 9.980170714831311241e-01 0.000000000000000000e+00 -9.980170714831311241e-01 6.294382438519946499e-02 -0.000000000000000000e+00 -0.000000000000000000e+00 0.000000000000000000e+00 1.000000000000000000e+00
8.650244475853354764e-01 9.426123919572744481e-02 9.955474970011655156e-01 0.000000000000000000e+00 -9.955474970011655156e-01 9.426123919572744481e-02 -0.000000000000000000e+00 -0.000000000000000000e+00 0.000000000000000000e+00 1.000000000000000000e+00
8.700244475853349257e-01 1.254856295434674529e-01 9.920954373335657550e-01 0.000000000000000000e+00 -9.920954373335657550e-01 1.254856295434674529e-01 -0.000000000000000000e+00 -0.000000000000000000e+00 0.000000000000000000e+00 1.000000000000000000e+00
8.751444475853348282e-01 1.573308174831948014e-01 9.875459553205965246e-01 0.000000000000000000e+00 -9.875459553205965246e-01 1.573308174831948014e-01 -0.000000000000000000e+00 -0.000000000000000000e+00 0.000000000000000000e+00 1.000000000000000000e+00
8.801044475853344595e-01 1.880259134907071583e-01 9.821640676872602782e-01 0.000000000000000000e+00 -9.821640676872602782e-01 1.880259134907071583e-01 -0.000000000000000000e+00 -0.000000000000000000e+00 0.000000000000000000e+00 1.000000000000000000e+00
8.851044475853339089e-01 2.187836529580375888e-01 9.757733923398081988e-01 0.000000000000000000e+00 -9.757733923398081988e-01 2.187836529580375888e-01 -0.000000000000000000e+00 -0.000000000000000000e+00 0.000000000000000000e+00 1.000000000000000000e+00
8.901124475853349205e-01 2.493741571447588568e-01 9.684072127717457956e-01 0.000000000000000000e+00 -9.684072127717457956e-01 2.493741571447588568e-01 -0.000000000000000000e+00 -0.000000000000000000e+00 0.000000000000000000e+00 1.000000000000000000e+00
8.950404475853342978e-01 2.792351457511156876e-01 9.602227519577701820e-01 0.000000000000000000e+00 -9.602227519577701820e-01 2.792351457511156876e-01 -0.000000000000000000e+00 -0.000000000000000000e+00 0.000000000000000000e+00 1.000000000000000000e+00
9.000404475853337471e-01 3.092586855860006700e-01 9.509779521048946638e-01 0.000000000000000000e+00 -9.509779521048946638e-01 3.092586855860006700e-01 -0.000000000000000000e+00 -0.000000000000000000e+00 0.000000000000000000e+00 1.000000000000000000e+00
9.050746875853337148e-01 3.391794156368164170e-01 9.407217038041950641e-01 0.000000000000000000e+00 -9.407217038041950641e-01 3.391794156368164170e-01 -0.000000000000000000e+00 -0.000000000000000000e+00 0.000000000000000000e+00 1.000000000000000000e+00
9.100513275853341355e-01 3.684243871312243845e-01 9.296577171018275410e-01 0.000000000000000000e+00 -9.296577171018275410e-01 3.684243871312243845e-01 -0.000000000000000000e+00 -0.000000000000000000e+00 0.000000000000000000e+00 1.000000000000000000e+00
9.150513275853335848e-01 3.974438465133883769e-01 9.176264974752210701e-01 0.000000000000000000e+00 -9.176264974752210701e-01 3.974438465133883769e-01 -0.000000000000000000e+00 -0.000000000000000000e+00 0.000000000000000000e+00 1.000000000000000000e+00
9.200513275853330342e-01 4.260710768030200879e-01 9.046896912819968328e-01 0.000000000000000000e+00 -9.046896912819968328e-01 4.260710768030200879e-01 -0.000000000000000000e+00 -0.000000000000000000e+00 0.000000000000000000e+00 1.000000000000000000e+00
9.250513275853324835e-01 4.542778263800317795e-01 8.908600655879875818e-01 0.000000000000000000e+00 -8.908600655879875818e-01 4.542778263800317795e-01 -0.000000000000000000e+00 -0.000000000000000000e+00 0.000000000000000000e+00 1.000000000000000000e+00
9.300513275853319328e-01 4.820362585880330619e-01 8.761512685640823195e-01 0.000000000000000000e+00 -8.761512685640823195e-01 4.820362585880330619e-01 -0.000000000000000000e+00 -0.000000000000000000e+00 0.000000000000000000e+00 1.000000000000000000e+00
9.350513275853317152e-01 5.093189792057524201e-01 8.605778160171282387e-01 0.000000000000000000e+00 -8.605778160171282387e-01 5.093189792057524201e-01 -0.000000000000000000e+00 -0.000000000000000000e+00 0.000000000000000000e+00 1.000000000000000000e+00
9.400913275853315376e-01 5.363112058592028886e-01 8.440203140149220573e-01 0.000000000000000000e+00 -8.440203140149220573e-01 5.363112058592028886e-01 -0.000000000000000000e+00 -0.000000000000000000e+00 0.000000000000000000e+00 1.000000000000000000e+00
9.450913275853309869e-01 5.625578873944954150e-01 8.267578988617176883e-01 0.000000000000000000e+00 -8.267578988617176883e-01 5.625578873944954150e-01 -0.000000000000000000e+00 -0.000000000000000000e+00 0.000000000000000000e+00 1.000000000000000000e+00
9.500913275853304363e-01 5.882493922133673614e-01 8.086795734780272138e-01 0.000000000000000000e+00 -8.086795734780272138e-01 5.882493922133673614e-01 -0.000000000000000000e+00 -0.000000000000000000e+00 0.000000000000000000e+00 1.000000000000000000e+00
9.550913275853298856e-01 6.133603659023338928e-01 7.898031789883825926e-01 0.000000000000000000e+00 -7.898031789883825926e-01 6.133603659023338928e-01 -0.000000000000000000e+00 -0.000000000000000000e+00 0.000000000000000000e+00 1.000000000000000000e+00
9.600113275853294770e-01 6.374788281179885052e-01 7.704678732441191391e-01 0.000000000000000000e+00 -7.704678732441191391e-01 6.374788281179885052e-01 -0.000000000000000000e+00 -0.000000000000000000e+00 0.000000000000000000e+00 1.000000000000000000e+00
9.650353275853295054e-01 6.614783510085850970e-01 7.499642599130729170e-01 0.000000000000000000e+00 -7.499642599130729170e-01 6.614783510085850970e-01 -0.000000000000000000e+00 -0.000000000000000000e+00 0.000000000000000000e+00 1.000000000000000000e+00
9.700113275853289307e-01 6.845989873105251533e-01 7.289199040864527968e-01 0.000000000000000000e+00 -7.289199040864527968e-01 6.845989873105251533e-01 -0.000000000000000000e+00 -0.000000000000000000e+00 0.000000000000000000e+00 1.000000000000000000e+00
9.750113275853283801e-01 7.071571065311154092e-01 7.070564522600304436e-01 0.000000000000000000e+00 -7.070564522600304436e-01 7.071571065311154092e-01 -0.000000000000000000e+00 -0.000000000000000000e+00 0.000000000000000000e+00 1.000000000000000000e+00
9.800113275853278294e-01 7.290173470636718278e-01 6.844952210791875880e-01 0.000000000000000000e+00 -6.844952210791875880e-01 7.290173470636718278e-01 -0.000000000000000000e+00 -0.000000000000000000e+00 0.000000000000000000e+00 1.000000000000000000e+00
9.850113275853272787e-01 7.501581354900080933e-01 6.612584757552486536e-01 0.000000000000000000e+00 -6.612584757552486536e-01 7.501581354900080933e-01 -0.000000000000000000e+00 -0.000000000000000000e+00 0.000000000000000000e+00 1.000000000000000000e+00
9.900113275853267281e-01 7.705586084043044570e-01 6.373691481504434320e-01 0.000000000000000000e+00 -6.373691481504434320e-01 7.705586084043044570e-01 -0.000000000000000000e+00 -0.000000000000000000e+00 0.000000000000000000e+00 1.000000000000000000e+00
9.951073275853267175e-01 7.905681521323274508e-01 6.123740661018207687e-01 0.000000000000000000e+00 -6.123740661018207687e-01 7.905681521323274508e-01 -0.000000000000000000e+00 -0.000000000000000000e+00 0.000000000000000000e+00 1.000000000000000000e+00
1.000000000000000000e+00 8.090169943749474513e-01 5.877852522924732481e-01 0.000000000000000000e+00 -5.877852522924732481e-01 8.090169943749474513e-01 -0.000000000000000000e+00 -0.000000000000000000e+00 0.000000000000000000e+00 1.000000000000000000e+00
