time R11 R12 R13 R21 R22 R23 R31 R32 R33
0.000000000000000000e+00 1.000000000000000000e+00 -0.000000000000000000e+00 0.000000000000000000e+00 0.000000000000000000e+00 1.000000000000000000e+00 -0.000000000000000000e+00 0.000000000000000000e+00 0.000000000000000000e+00 1.000000000000000000e+00
5.040000000000002811e-03 9.999999908184983299e-01 1.355101583490099656e-04 0.000000000000000000e+00 -1.355101583490099656e-04 9.999999908184983299e-01 -0.000000000000000000e+00 -0.000000000000000000e+00 0.000000000000000000e+00 1.000000000000000000e+00
1.013600000000001305e-02 9.999999914309888327e-01 1.309122686503281759e-04 0.000000000000000000e+00 -1.309122686503281759e-04 9.999999914309888327e-01 -0.000000000000000000e+00 -0.000000000000000000e+00 0.000000000000000000e+00 1.000000000000000000e+00
1.513600000000002617e-02 9.999999936337953255e-01 1.128379770473414472e-04 0.000000000000000000e+00 -1.128379770473414472e-04 9.999999936337953255e-01 -0.000000000000000000e+00 -0.000000000000000000e+00 0.000000000000000000e+00 1.000000000000000000e+00
2.013600000000000112e-02 9.999999961348222666e-01 8.792243878852644455e-05 0.000000000000000000e+00 -8.792243878852644455e-05 9.999999961348222666e-01 -0.000000000000000000e+00 -0.000000000000000000e+00 0.000000000000000000e+00 1.000000000000000000e+00
2.513599999999997087e-02 9.999999984088541183e-01 5.641180280682350009e-05 0.000000000000000000e+00 -5.641180280682350009e-05 9.999999984088541183e-01 -0.000000000000000000e+00 -0.000000000000000000e+00 0.000000000000000000e+00 1.000000000000000000e+00
3.013599999999994061e-02 9.999999998376952748e-01 1.801691528571006232e-05 0.000000000000000000e+00 -1.801691528571006232e-05 9.999999998376952748e-01 -0.000000000000000000e+00 -0.000000000000000000e+00 0.000000000000000000e+00 1.000000000000000000e+00
3.513599999999991036e-02 9.999999996234377742e-01 -2.744310652309207241e-05 0.000000000000000000e+00 2.744310652309207241e-05 9.999999996234377742e-01 -0.000000000000000000e+00 0.000000000000000000e+00 0.000000000000000000e+00 1.000000000000000000e+00
4.013599999999988011e-02 9.999999968036381581e-01 -7.995450924667239236e-05 0.000000000000000000e+00 7.995450924667239236e-05 9.999999968036381581e-01 -0.000000000000000000e+00 0.000000000000000000e+00 0.000000000000000000e+00 1.000000000000000000e+00
4.513599999999984985e-02 9.999999903047952499e-01 -1.392494494719295458e-04 0.000000000000000000e+00 1.392494494719295458e-04 9.999999903047952499e-01 -0.000000000000000000e+00 0.000000000000000000e+00 0.000000000000000000e+00 1.000000000000000000e+00
5.013599999999981960e-02 9.999999788902859121e-01 -2.054736662233003664e-04 0.000000000000000000e+00 2.054736662233003664e-04 9.999999788902859121e-01 -0.000000000000000000e+00 0.000000000000000000e+00 0.000000000000000000e+00 1.000000000000000000e+00
5.513599999999978934e-02 9.999999613138279564e-01 -2.781588435666104741e-04 0.000000000000000000e+00 2.781588435666104741e-04 9.999999613138279564e-01 -0.000000000000000000e+00 0.000000000000000000e+00 0.000000000000000000e+00 1.000000000000000000e+00
6.013599999999975909e-02 9.999999360588430752e-01 -3.576063611542816155e-04 0.000000000000000000e+00 3.576063611542816155e-04 9.999999360588430752e-01 -0.000000000000000000e+00 0.000000000000000000e+00 0.000000000000000000e+00 1.000000000000000000e+00
6.513599999999981904e-02 9.999999014130810382e-01 -4.440425970363214925e-04 0.000000000000000000e+00 4.440425970363214925e-04 9.999999014130810382e-01 -0.000000000000000000e+00 0.000000000000000000e+00 0.000000000000000000e+00 1.000000000000000000e+00
7.013599999999996226e-02 9.999998554845999088e-01 -5.376158284221007428e-04 0.000000000000000000e+00 5.376158284221007428e-04 9.999998554845999088e-01 -0.000000000000000000e+00 0.000000000000000000e+00 0.000000000000000000e+00 1.000000000000000000e+00
7.513600000000010548e-02 9.999997962001856422e-01 -6.384352645347194559e-04 0.000000000000000000e+00 6.384352645347194559e-04 9.999997962001856422e-01 -0.000000000000000000e+00 0.000000000000000000e+00 0.000000000000000000e+00 1.000000000000000000e+00
8.013600000000024870e-02 9.999997216981948434e-01 -7.460586657512968288e-04 0.000000000000000000e+00 7.460586657512968288e-04 9.999997216981948434e-01 -0.000000000000000000e+00 0.000000000000000000e+00 0.000000000000000000e+00 1.000000000000000000e+00
8.513600000000039192e-02 9.999996291124544356e-01 -8.612635795053428254e-04 0.000000000000000000e+00 8.612635795053428254e-04 9.999996291124544356e-01 -0.000000000000000000e+00 0.000000000000000000e+00 0.000000000000000000e+00 1.000000000000000000e+00
9.007200000000036011e-02 9.999995191632510272e-01 -9.806494105403160393e-04 0.000000000000000000e+00 9.806494105403160393e-04 9.999995191632510272e-01 -0.000000000000000000e+00 0.000000000000000000e+00 0.000000000000000000e+00 1.000000000000000000e+00
9.505600000000048733e-02 9.999993869063972252e-01 -1.107333206141755417e-03 0.000000000000000000e+00 1.107333206141755417e-03 9.999993869063972252e-01 -0.000000000000000000e+00 0.000000000000000000e+00 0.000000000000000000e+00 1.000000000000000000e+00
1.000560000000006305e-01 9.999992292713477671e-01 -1.241554151072950989e-03 0.000000000000000000e+00 1.241554151072950989e-03 9.999992292713477671e-01 -0.000000000000000000e+00 0.000000000000000000e+00 0.000000000000000000e+00 1.000000000000000000e+00
1.050560000000007738e-01 9.999990437102419527e-01 -1.382960086720142270e-03 0.000000000000000000e+00 1.382960086720142270e-03 9.999990437102419527e-01 -0.000000000000000000e+00 0.000000000000000000e+00 0.000000000000000000e+00 1.000000000000000000e+00
1.100560000000009170e-01 9.999988271185991096e-01 -1.531587877298177950e-03 0.000000000000000000e+00 1.531587877298177950e-03 9.999988271185991096e-01 -0.000000000000000000e+00 0.000000000000000000e+00 0.000000000000000000e+00 1.000000000000000000e+00
1.150560000000010602e-01 9.999985746216955018e-01 -1.688417773268453825e-03 0.000000000000000000e+00 1.688417773268453825e-03 9.999985746216955018e-01 -0.000000000000000000e+00 0.000000000000000000e+00 0.000000000000000000e+00 1.000000000000000000e+00
1.200560000000012034e-01 9.999982819990032024e-01 -1.853644799298491538e-03 0.000000000000000000e+00 1.853644799298491538e-03 9.999982819990032024e-01 -0.000000000000000000e+00 0.000000000000000000e+00 0.000000000000000000e+00 1.000000000000000000e+00
1.250560000000013328e-01 9.999979465540994594e-01 -2.026545727173232041e-03 0.000000000000000000e+00 2.026545727173232041e-03 9.999979465540994594e-01 -0.000000000000000000e+00 0.000000000000000000e+00 0.000000000000000000e+00 1.000000000000000000e+00
1.300560000000014760e-01 9.999975559123195357e-01 -2.210920484151684354e-03 0.000000000000000000e+00 2.210920484151684354e-03 9.999975559123195357e-01 -0.000000000000000000e+00 0.000000000000000000e+00 0.000000000000000000e+00 1.000000000000000000e+00
1.351056000000013246e-01 9.999970351733264984e-01 -2.435086149766235372e-03 0.000000000000000000e+00 2.435086149766235372e-03 9.999970351733264984e-01 -0.000000000000000000e+00 0.000000000000000000e+00 0.000000000000000000e+00 1.000000000000000000e+00
1.400272000000013783e-01 9.999963599035406325e-01 -2.698180807170725334e-03 0.000000000000000000e+00 2.698180807170725334e-03 9.999963599035406325e-01 -0.000000000000000000e+00 0.000000000000000000e+00 0.000000000000000000e+00 1.000000000000000000e+00
1.450272000000015216e-01 9.999958402076202235e-01 -2.884366040498909968e-03 0.000000000000000000e+00 2.884366040498909968e-03 9.999958402076202235e-01 -0.000000000000000000e+00 0.000000000000000000e+00 0.000000000000000000e+00 1.000000000000000000e+00
1.500192000000014347e-01 9.999948887260489139e-01 -3.197267861280027931e-03 0.000000000000000000e+00 3.197267861280027931e-03 9.999948887260489139e-01 -0.000000000000000000e+00 0.000000000000000000e+00 0.000000000000000000e+00 1.000000000000000000e+00
1.551792000000015437e-01 9.999942587699405250e-01 -3.388573026702694935e-03 0.000000000000000000e+00 3.388573026702694935e-03 9.999942587699405250e-01 -0.000000000000000000e+00 0.000000000000000000e+00 0.000000000000000000e+00 1.000000000000000000e+00
1.601792000000016869e-01 9.999935528217429592e-01 -3.590865487319047904e-03 0.000000000000000000e+00 3.590865487319047904e-03 9.999935528217429592e-01 -0.000000000000000000e+00 0.000000000000000000e+00 0.000000000000000000e+00 1.000000000000000000e+00
1.651792000000018301e-01 9.999927529085236300e-01 -3.807115762936096048e-03 0.000000000000000000e+00 3.807115762936096048e-03 9.999927529085236300e-01 -0.000000000000000000e+00 0.000000000000000000e+00 0.000000000000000000e+00 1.000000000000000000e+00
1.701792000000019733e-01 9.999919447640692738e-01 -4.013777145625471374e-03 0.000000000000000000e+00 4.013777145625471374e-03 9.999919447640692738e-01 -0.000000000000000000e+00 0.000000000000000000e+00 0.000000000000000000e+00 1.000000000000000000e+00
1.751792000000021166e-01 9.999910731277992237e-01 -4.225359713962068865e-03 0.000000000000000000e+00 4.225359713962068865e-03 9.999910731277992237e-01 -0.000000000000000000e+00 0.000000000000000000e+00 0.000000000000000000e+00 1.000000000000000000e+00
1.801792000000022598e-01 9.999900826464576120e-01 -4.453606261317515080e-03 0.000000000000000000e+00 4.453606261317515080e-03 9.999900826464576120e-01 -0.000000000000000000e+00 0.000000000000000000e+00 0.000000000000000000e+00 1.000000000000000000e+00
1.851792000000024030e-01 9.999889783525347520e-01 -4.695015809737451869e-03 0.000000000000000000e+00 4.695015809737451869e-03 9.999889783525347520e-01 -0.000000000000000000e+00 0.000000000000000000e+00 0.000000000000000000e+00 1.000000000000000000e+00
1.901792000000025462e-01 9.999877154083964825e-01 -4.956715878057620962e-03 0.000000000000000000e+00 4.956715878057620962e-03 9.999877154083964825e-01 -0.000000000000000000e+00 0.000000000000000000e+00 0.000000000000000000e+00 1.000000000000000000e+00
1.951792000000026894e-01 9.999863374816346795e-01 -5.227317674125366194e-03 0.000000000000000000e+00 5.227317674125366194e-03 9.999863374816346795e-01 -0.000000000000000000e+00 0.000000000000000000e+00 0.000000000000000000e+00 1.000000000000000000e+00
2.001792000000028326e-01 9.999847990582741986e-01 -5.513769344359055122e-03 0.000000000000000000e+00 5.513769344359055122e-03 9.999847990582741986e-01 -0.000000000000000000e+00 0.000000000000000000e+00 0.000000000000000000e+00 1.000000000000000000e+00
2.051792000000029759e-01 9.999833147393281108e-01 -5.776698273741856689e-03 0.000000000000000000e+00 5.776698273741856689e-03 9.999833147393281108e-01 -0.000000000000000000e+00 0.000000000000000000e+00 0.000000000000000000e+00 1.000000000000000000e+00
2.101792000000031191e-01 9.999817735005681607e-01 -6.037604380769065818e-03 0.000000000000000000e+00 6.037604380769065818e-03 9.999817735005681607e-01 -0.000000000000000000e+00 0.000000000000000000e+00 0.000000000000000000e+00 1.000000000000000000e+00
2.151792000000032623e-01 9.999801493364964822e-01 -6.300867635330550248e-03 0.000000000000000000e+00 6.300867635330550248e-03 9.999801493364964822e-01 -0.000000000000000000e+00 0.000000000000000000e+00 0.000000000000000000e+00 1.000000000000000000e+00
2.201792000000034055e-01 9.999784806070691756e-01 -6.560359957907695855e-03 0.000000000000000000e+00 6.560359957907695855e-03 9.999784806070691756e-01 -0.000000000000000000e+00 0.000000000000000000e+00 0.000000000000000000e+00 1.000000000000000000e+00
2.251792000000035487e-01 9.999767420033167653e-01 -6.820223781666993543e-03 0.000000000000000000e+00 6.820223781666993543e-03 9.999767420033167653e-01 -0.000000000000000000e+00 0.000000000000000000e+00 0.000000000000000000e+00 1.000000000000000000e+00
2.300432000000034727e-01 9.999749804279047805e-01 -7.073790936361912425e-03 0.000000000000000000e+00 7.073790936361912425e-03 9.999749804279047805e-01 -0.000000000000000000e+00 0.000000000000000000e+00 0.000000000000000000e+00 1.000000000000000000e+00
2.350432000000036159e-01 9.999730986311804459e-01 -7.334985613865451989e-03 0.000000000000000000e+00 7.334985613865451989e-03 9.999730986311804459e-01 -0.000000000000000000e+00 0.000000000000000000e+00 0.000000000000000000e+00 1.000000000000000000e+00
2.400432000000037591e-01 9.999711405964226696e-01 -7.597234647529772442e-03 0.000000000000000000e+00 7.597234647529772442e-03 9.999711405964226696e-01 -0.000000000000000000e+00 0.000000000000000000e+00 0.000000000000000000e+00 1.000000000000000000e+00
2.450432000000039023e-01 9.999691217976633961e-01 -7.858463667279559292e-03 0.000000000000000000e+00 7.858463667279559292e-03 9.999691217976633961e-01 -0.000000000000000000e+00 0.000000000000000000e+00 0.000000000000000000e+00 1.000000000000000000e+00
2.500432000000040178e-01 9.999670121505378484e-01 -8.122475652542537894e-03 0.000000000000000000e+00 8.122475652542537894e-03 9.999670121505378484e-01 -0.000000000000000000e+00 0.000000000000000000e+00 0.000000000000000000e+00 1.000000000000000000e+00
2.550432000000034671e-01 9.999647607093751223e-01 -8.395078286847958843e-03 0.000000000000000000e+00 8.395078286847958843e-03 9.999647607093751223e-01 -0.000000000000000000e+00 0.000000000000000000e+00 0.000000000000000000e+00 1.000000000000000000e+00
2.601632000000034806e-01 9.999621935995751665e-01 -8.695479947988240740e-03 0.000000000000000000e+00 8.695479947988240740e-03 9.999621935995751665e-01 -0.000000000000000000e+00 0.000000000000000000e+00 0.000000000000000000e+00 1.000000000000000000e+00
2.651632000000029299e-01 9.999593918046597585e-01 -9.011922195343819580e-03 0.000000000000000000e+00 9.011922195343819580e-03 9.999593918046597585e-01 -0.000000000000000000e+00 0.000000000000000000e+00 0.000000000000000000e+00 1.000000000000000000e+00
2.700479360000024309e-01 9.999571421503922197e-01 -9.258178137227186799e-03 0.000000000000000000e+00 9.258178137227186799e-03 9.999571421503922197e-01 -0.000000000000000000e+00 0.000000000000000000e+00 0.000000000000000000e+00 1.000000000000000000e+00
2.751202126848026897e-01 9.999543809258982785e-01 -9.551757278303983287e-03 0.000000000000000000e+00 9.551757278303983287e-03 9.999543809258982785e-01 -0.000000000000000000e+00 0.000000000000000000e+00 0.000000000000000000e+00 1.000000000000000000e+00
2.800196434534427681e-01 9.999517727156668201e-01 -9.821010273676000074e-03 0.000000000000000000e+00 9.821010273676000074e-03 9.999517727156668201e-01 -0.000000000000000000e+00 0.000000000000000000e+00 0.000000000000000000e+00 1.000000000000000000e+00
2.850196434534428280e-01 9.999487922705373455e-01 -1.011992276125333809e-02 0.000000000000000000e+00 1.011992276125333809e-02 9.999487922705373455e-01 -0.000000000000000000e+00 0.000000000000000000e+00 0.000000000000000000e+00 1.000000000000000000e+00
2.900196434534422774e-01 9.999461222053198650e-01 -1.038039915146610551e-02 0.000000000000000000e+00 1.038039915146610551e-02 9.999461222053198650e-01 -0.000000000000000000e+00 0.000000000000000000e+00 0.000000000000000000e+00 1.000000000000000000e+00
2.950196434534417267e-01 9.999433229953897939e-01 -1.064663312684956641e-02 0.000000000000000000e+00 1.064663312684956641e-02 9.999433229953897939e-01 -0.000000000000000000e+00 0.000000000000000000e+00 0.000000000000000000e+00 1.000000000000000000e+00
3.000196434534411760e-01 9.999405014492109833e-01 -1.090841700250397978e-02 0.000000000000000000e+00 1.090841700250397978e-02 9.999405014492109833e-01 -0.000000000000000000e+00 0.000000000000000000e+00 0.000000000000000000e+00 1.000000000000000000e+00
3.050196434534406253e-01 9.999376655108762613e-01 -1.116535233027979301e-02 0.000000000000000000e+00 1.116535233027979301e-02 9.999376655108762613e-01 -0.000000000000000000e+00 0.000000000000000000e+00 0.000000000000000000e+00 1.000000000000000000e+00
3.100196434534400747e-01 9.999347686876425279e-01 -1.142183739995805865e-02 0.000000000000000000e+00 1.142183739995805865e-02 9.999347686876425279e-01 -0.000000000000000000e+00 0.000000000000000000e+00 0.000000000000000000e+00 1.000000000000000000e+00
3.150196434534395240e-01 9.999316331818131065e-01 -1.169311602406255916e-02 0.000000000000000000e+00 1.169311602406255916e-02 9.999316331818131065e-01 -0.000000000000000000e+00 0.000000000000000000e+00 0.000000000000000000e+00 1.000000000000000000e+00
3.200196434534389733e-01 9.999285174950933719e-01 -1.195658396301961870e-02 0.000000000000000000e+00 1.195658396301961870e-02 9.999285174950933719e-01 -0.000000000000000000e+00 0.000000000000000000e+00 0.000000000000000000e+00 1.000000000000000000e+00
3.250196434534384227e-01 9.999253316375352751e-01 -1.222011250215376127e-02 0.000000000000000000e+00 1.222011250215376127e-02 9.999253316375352751e-01 -0.000000000000000000e+00 0.000000000000000000e+00 0.000000000000000000e+00 1.000000000000000000e+00
3.300196434534378720e-01 9.999220765055372162e-01 -1.248362594981328004e-02 0.000000000000000000e+00 1.248362594981328004e-02 9.999220765055372162e-01 -0.000000000000000000e+00 0.000000000000000000e+00 0.000000000000000000e+00 1.000000000000000000e+00
3.350196434534373213e-01 9.999187518829050214e-01 -1.274714214769933143e-02 0.000000000000000000e+00 1.274714214769933143e-02 9.999187518829050214e-01 -0.000000000000000000e+00 0.000000000000000000e+00 0.000000000000000000e+00 1.000000000000000000e+00
3.400196434534367707e-01 9.999153389219403998e-01 -1.301210930715148394e-02 0.000000000000000000e+00 1.301210930715148394e-02 9.999153389219403998e-01 -0.000000000000000000e+00 0.000000000000000000e+00 0.000000000000000000e+00 1.000000000000000000e+00
3.450196434534362200e-01 9.999118425431789969e-01 -1.327806996158497829e-02 0.000000000000000000e+00 1.327806996158497829e-02 9.999118425431789969e-01 -0.000000000000000000e+00 0.000000000000000000e+00 0.000000000000000000e+00 1.000000000000000000e+00
3.500196434534356693e-01 9.999082457323035245e-01 -1.354622148599136586e-02 0.000000000000000000e+00 1.354622148599136586e-02 9.999082457323035245e-01 -0.000000000000000000e+00 0.000000000000000000e+00 0.000000000000000000e+00 1.000000000000000000e+00
3.550196434534351186e-01 9.999046082901015264e-01 -1.381210773991547493e-02 0.000000000000000000e+00 1.381210773991547493e-02 9.999046082901015264e-01 -0.000000000000000000e+00 0.000000000000000000e+00 0.000000000000000000e+00 1.000000000000000000e+00
3.600750034534347388e-01 9.999009086346112296e-01 -1.407739008761950406e-02 0.000000000000000000e+00 1.407739008761950406e-02 9.999009086346112296e-01 -0.000000000000000000e+00 0.000000000000000000e+00 0.000000000000000000e+00 1.000000000000000000e+00
3.650298053302246104e-01 9.998971587428525654e-01 -1.434126695836373047e-02 0.000000000000000000e+00 1.434126695836373047e-02 9.998971587428525654e-01 -0.000000000000000000e+00 0.000000000000000000e+00 0.000000000000000000e+00 1.000000000000000000e+00
3.700762745209821292e-01 9.998933348025986767e-01 -1.460544478399540200e-02 0.000000000000000000e+00 1.460544478399540200e-02 9.998933348025986767e-01 -0.000000000000000000e+00 0.000000000000000000e+00 0.000000000000000000e+00 1.000000000000000000e+00
3.750110173391326684e-01 9.998893920614797537e-01 -1.487291642297314427e-02 0.000000000000000000e+00 1.487291642297314427e-02 9.998893920614797537e-01 -0.000000000000000000e+00 0.000000000000000000e+00 0.000000000000000000e+00 1.000000000000000000e+00
3.801140392741312324e-01 9.998845139619600975e-01 -1.519732670751787473e-02 0.000000000000000000e+00 1.519732670751787473e-02 9.998845139619600975e-01 -0.000000000000000000e+00 0.000000000000000000e+00 0.000000000000000000e+00 1.000000000000000000e+00
3.851140392741306817e-01 9.998793441223898792e-01 -1.553374383011594216e-02 0.000000000000000000e+00 1.553374383011594216e-02 9.998793441223898792e-01 -0.000000000000000000e+00 0.000000000000000000e+00 0.000000000000000000e+00 1.000000000000000000e+00
3.901140392741301310e-01 9.998751293389505079e-01 -1.580271272336532598e-02 0.000000000000000000e+00 1.580271272336532598e-02 9.998751293389505079e-01 -0.000000000000000000e+00 0.000000000000000000e+00 0.000000000000000000e+00 1.000000000000000000e+00
3.951140392741295804e-01 9.998709198671504872e-01 -1.606684798019599597e-02 0.000000000000000000e+00 1.606684798019599597e-02 9.998709198671504872e-01 -0.000000000000000000e+00 0.000000000000000000e+00 0.000000000000000000e+00 1.000000000000000000e+00
4.001940392741296093e-01 9.998666959129521858e-01 -1.632759639739767357e-02 0.000000000000000000e+00 1.632759639739767357e-02 9.998666959129521858e-01 -0.000000000000000000e+00 0.000000000000000000e+00 0.000000000000000000e+00 1.000000000000000000e+00
4.051940392741290586e-01 9.998625160547449653e-01 -1.658158583112542481e-02 0.000000000000000000e+00 1.658158583112542481e-02 9.998625160547449653e-01 -0.000000000000000000e+00 0.000000000000000000e+00 0.000000000000000000e+00 1.000000000000000000e+00
4.101940392741285080e-01 9.998582865016768517e-01 -1.683469375815523777e-02 0.000000000000000000e+00 1.683469375815523777e-02 9.998582865016768517e-01 -0.000000000000000000e+00 0.000000000000000000e+00 0.000000000000000000e+00 1.000000000000000000e+00
4.151940392741279573e-01 9.998540322079815246e-01 -1.708549903985687179e-02 0.000000000000000000e+00 1.708549903985687179e-02 9.998540322079815246e-01 -0.000000000000000000e+00 0.000000000000000000e+00 0.000000000000000000e+00 1.000000000000000000e+00
4.201940392741274066e-01 9.998490913803990132e-01 -1.737223260812758088e-02 0.000000000000000000e+00 1.737223260812758088e-02 9.998490913803990132e-01 -0.000000000000000000e+00 0.000000000000000000e+00 0.000000000000000000e+00 1.000000000000000000e+00
4.251940392741268560e-01 9.998445074593125259e-01 -1.763408357258748616e-02 0.000000000000000000e+00 1.763408357258748616e-02 9.998445074593125259e-01 -0.000000000000000000e+00 0.000000000000000000e+00 0.000000000000000000e+00 1.000000000000000000e+00
4.301940392741263053e-01 9.998397555830953465e-01 -1.790148472994061365e-02 0.000000000000000000e+00 1.790148472994061365e-02 9.998397555830953465e-01 -0.000000000000000000e+00 0.000000000000000000e+00 0.000000000000000000e+00 1.000000000000000000e+00
4.351300392741262457e-01 9.998349862559683388e-01 -1.816590924032744289e-02 0.000000000000000000e+00 1.816590924032744289e-02 9.998349862559683388e-01 -0.000000000000000000e+00 0.000000000000000000e+00 0.000000000000000000e+00 1.000000000000000000e+00
4.401140392741257901e-01 9.998301395617728016e-01 -1.843073584766136835e-02 0.000000000000000000e+00 1.843073584766136835e-02 9.998301395617728016e-01 -0.000000000000000000e+00 0.000000000000000000e+00 0.000000000000000000e+00 1.000000000000000000e+00
4.451140392741252394e-01 9.998252533055652647e-01 -1.869392554982964375e-02 0.000000000000000000e+00 1.869392554982964375e-02 9.998252533055652647e-01 -0.000000000000000000e+00 0.000000000000000000e+00 0.000000000000000000e+00 1.000000000000000000e+00
4.501140392741246887e-01 9.998203000927322615e-01 -1.895699138785160096e-02 0.000000000000000000e+00 1.895699138785160096e-02 9.998203000927322615e-01 -0.000000000000000000e+00 0.000000000000000000e+00 0.000000000000000000e+00 1.000000000000000000e+00
4.551140392741241381e-01 9.998152882261490682e-01 -1.921950647812548096e-02 0.000000000000000000e+00 1.921950647812548096e-02 9.998152882261490682e-01 -0.000000000000000000e+00 0.000000000000000000e+00 0.000000000000000000e+00 1.000000000000000000e+00
4.601140392741235874e-01 9.998101942126096375e-01 -1.948269869767042112e-02 0.000000000000000000e+00 1.948269869767042112e-02 9.998101942126096375e-01 -0.000000000000000000e+00 0.000000000000000000e+00 0.000000000000000000e+00 1.000000000000000000e+00
4.651140392741230367e-01 9.998050103231602703e-01 -1.974693223530587724e-02 0.000000000000000000e+00 1.974693223530587724e-02 9.998050103231602703e-01 -0.000000000000000000e+00 0.000000000000000000e+00 0.000000000000000000e+00 1.000000000000000000e+00
4.701140392741224860e-01 9.997997526791454481e-01 -2.001136034156453594e-02 0.000000000000000000e+00 2.001136034156453594e-02 9.997997526791454481e-01 -0.000000000000000000e+00 0.000000000000000000e+00 0.000000000000000000e+00 1.000000000000000000e+00
4.751140392741219354e-01 9.997944413782157147e-01 -2.027498432112236071e-02 0.000000000000000000e+00 2.027498432112236071e-02 9.997944413782157147e-01 -0.000000000000000000e+00 0.000000000000000000e+00 0.000000000000000000e+00 1.000000000000000000e+00
4.801140392741213847e-01 9.997890757948442175e-01 -2.053786554858135632e-02 0.000000000000000000e+00 2.053786554858135632e-02 9.997890757948442175e-01 -0.000000000000000000e+00 0.000000000000000000e+00 0.000000000000000000e+00 1.000000000000000000e+00
4.851140392741208340e-01 9.997836885696474996e-01 -2.079846316606860646e-02 0.000000000000000000e+00 2.079846316606860646e-02 9.997836885696474996e-01 -0.000000000000000000e+00 0.000000000000000000e+00 0.000000000000000000e+00 1.000000000000000000e+00
4.900692392741206604e-01 9.997775523777451268e-01 -2.109136699139204166e-02 0.000000000000000000e+00 2.109136699139204166e-02 9.997775523777451268e-01 -0.000000000000000000e+00 0.000000000000000000e+00 0.000000000000000000e+00 1.000000000000000000e+00
4.950876584741203956e-01 9.997710741355295694e-01 -2.139624550919122167e-02 0.000000000000000000e+00 2.139624550919122167e-02 9.997710741355295694e-01 -0.000000000000000000e+00 0.000000000000000000e+00 0.000000000000000000e+00 1.000000000000000000e+00
5.000646056741199219e-01 9.997654876523135448e-01 -2.165570823898206251e-02 0.000000000000000000e+00 2.165570823898206251e-02 9.997654876523135448e-01 -0.000000000000000000e+00 0.000000000000000000e+00 0.000000000000000000e+00 1.000000000000000000e+00
5.050646056741193712e-01 9.997598360520117966e-01 -2.191506826945093661e-02 0.000000000000000000e+00 2.191506826945093661e-02 9.997598360520117966e-01 -0.000000000000000000e+00 0.000000000000000000e+00 0.000000000000000000e+00 1.000000000000000000e+00
5.101046056741194157e-01 9.997528231629587703e-01 -2.223269164302693959e-02 0.000000000000000000e+00 2.223269164302693959e-02 9.997528231629587703e-01 -0.000000000000000000e+00 0.000000000000000000e+00 0.000000000000000000e+00 1.000000000000000000e+00
5.150486056741189200e-01 9.997464942050927617e-01 -2.251549077028573015e-02 0.000000000000000000e+00 2.251549077028573015e-02 9.997464942050927617e-01 -0.000000000000000000e+00 0.000000000000000000e+00 0.000000000000000000e+00 1.000000000000000000e+00
5.200486056741183694e-01 9.997404760734487361e-01 -2.278114352780045287e-02 0.000000000000000000e+00 2.278114352780045287e-02 9.997404760734487361e-01 -0.000000000000000000e+00 0.000000000000000000e+00 0.000000000000000000e+00 1.000000000000000000e+00
5.250486056741178187e-01 9.997345975488334258e-01 -2.303767487991078416e-02 0.000000000000000000e+00 2.303767487991078416e-02 9.997345975488334258e-01 -0.000000000000000000e+00 0.000000000000000000e+00 0.000000000000000000e+00 1.000000000000000000e+00
5.300486056741172680e-01 9.997287319751194667e-01 -2.329082358827276600e-02 0.000000000000000000e+00 2.329082358827276600e-02 9.997287319751194667e-01 -0.000000000000000000e+00 0.000000000000000000e+00 0.000000000000000000e+00 1.000000000000000000e+00
5.350486056741167173e-01 9.997227811708840894e-01 -2.354486797484383817e-02 0.000000000000000000e+00 2.354486797484383817e-02 9.997227811708840894e-01 -0.000000000000000000e+00 0.000000000000000000e+00 0.000000000000000000e+00 1.000000000000000000e+00
5.400486056741161667e-01 9.997167362808229152e-01 -2.380015126044360968e-02 0.000000000000000000e+00 2.380015126044360968e-02 9.997167362808229152e-01 -0.000000000000000000e+00 0.000000000000000000e+00 0.000000000000000000e+00 1.000000000000000000e+00
5.450486056741156160e-01 9.997103389909930415e-01 -2.406736617318606594e-02 0.000000000000000000e+00 2.406736617318606594e-02 9.997103389909930415e-01 -0.000000000000000000e+00 0.000000000000000000e+00 0.000000000000000000e+00 1.000000000000000000e+00
5.500486056741150653e-01 9.997040519720278295e-01 -2.432711390011927516e-02 0.000000000000000000e+00 2.432711390011927516e-02 9.997040519720278295e-01 -0.000000000000000000e+00 0.000000000000000000e+00 0.000000000000000000e+00 1.000000000000000000e+00
5.550486056741145147e-01 9.996975888025126933e-01 -2.459127777165367665e-02 0.000000000000000000e+00 2.459127777165367665e-02 9.996975888025126933e-01 -0.000000000000000000e+00 0.000000000000000000e+00 0.000000000000000000e+00 1.000000000000000000e+00
5.600486056741139640e-01 9.996911135234951562e-01 -2.485311936467680602e-02 0.000000000000000000e+00 2.485311936467680602e-02 9.996911135234951562e-01 -0.000000000000000000e+00 0.000000000000000000e+00 0.000000000000000000e+00 1.000000000000000000e+00
5.650486056741134133e-01 9.996845956611474238e-01 -2.511392438087942450e-02 0.000000000000000000e+00 2.511392438087942450e-02 9.996845956611474238e-01 -0.000000000000000000e+00 0.000000000000000000e+00 0.000000000000000000e+00 1.000000000000000000e+00
5.700486056741128627e-01 9.996779729230362843e-01 -2.537617883940466307e-02 0.000000000000000000e+00 2.537617883940466307e-02 9.996779729230362843e-01 -0.000000000000000000e+00 0.000000000000000000e+00 0.000000000000000000e+00 1.000000000000000000e+00
5.750486056741123120e-01 9.996712086845632728e-01 -2.564126609870898479e-02 0.000000000000000000e+00 2.564126609870898479e-02 9.996712086845632728e-01 -0.000000000000000000e+00 0.000000000000000000e+00 0.000000000000000000e+00 1.000000000000000000e+00
5.800486056741117613e-01 9.996643633344368673e-01 -2.590676898332639616e-02 0.000000000000000000e+00 2.590676898332639616e-02 9.996643633344368673e-01 -0.000000000000000000e+00 0.000000000000000000e+00 0.000000000000000000e+00 1.000000000000000000e+00
5.850486056741112106e-01 9.996574103193606176e-01 -2.617368895646947358e-02 0.000000000000000000e+00 2.617368895646947358e-02 9.996574103193606176e-01 -0.000000000000000000e+00 0.000000000000000000e+00 0.000000000000000000e+00 1.000000000000000000e+00
5.900486056741106600e-01 9.996504538531806316e-01 -2.643804287632567709e-02 0.000000000000000000e+00 2.643804287632567709e-02 9.996504538531806316e-01 -0.000000000000000000e+00 0.000000000000000000e+00 0.000000000000000000e+00 1.000000000000000000e+00
5.950486056741101093e-01 9.996434976008760076e-01 -2.669976974222437044e-02 0.000000000000000000e+00 2.669976974222437044e-02 9.996434976008760076e-01 -0.000000000000000000e+00 0.000000000000000000e+00 0.000000000000000000e+00 1.000000000000000000e+00
6.000486056741095586e-01 9.996364341191679159e-01 -2.696292976504674477e-02 0.000000000000000000e+00 2.696292976504674477e-02 9.996364341191679159e-01 -0.000000000000000000e+00 0.000000000000000000e+00 0.000000000000000000e+00 1.000000000000000000e+00
6.050486056741090080e-01 9.996293173330931259e-01 -2.722550143109437812e-02 0.000000000000000000e+00 2.722550143109437812e-02 9.996293173330931259e-01 -0.000000000000000000e+00 0.000000000000000000e+00 0.000000000000000000e+00 1.000000000000000000e+00
6.101526056741090054e-01 9.996211620613981719e-01 -2.752330574295641652e-02 0.000000000000000000e+00 2.752330574295641652e-02 9.996211620613981719e-01 -0.000000000000000000e+00 0.000000000000000000e+00 0.000000000000000000e+00 1.000000000000000000e+00
6.151526056741084547e-01 9.996132821040528693e-01 -2.780802476199543960e-02 0.000000000000000000e+00 2.780802476199543960e-02 9.996132821040528693e-01 -0.000000000000000000e+00 0.000000000000000000e+00 0.000000000000000000e+00 1.000000000000000000e+00
6.200902056741087742e-01 9.996036109034135420e-01 -2.815352675700675059e-02 0.000000000000000000e+00 2.815352675700675059e-02 9.996036109034135420e-01 -0.000000000000000000e+00 0.000000000000000000e+00 0.000000000000000000e+00 1.000000000000000000e+00
6.251766056741084876e-01 9.995962488654809297e-01 -2.841371594951807439e-02 0.000000000000000000e+00 2.841371594951807439e-02 9.995962488654809297e-01 -0.000000000000000000e+00 0.000000000000000000e+00 0.000000000000000000e+00 1.000000000000000000e+00
6.301766056741079369e-01 9.995890257324723249e-01 -2.866669906367550619e-02 0.000000000000000000e+00 2.866669906367550619e-02 9.995890257324723249e-01 -0.000000000000000000e+00 0.000000000000000000e+00 0.000000000000000000e+00 1.000000000000000000e+00
6.350966056741079724e-01 9.995818539642341571e-01 -2.891569168158926798e-02 0.000000000000000000e+00 2.891569168158926798e-02 9.995818539642341571e-01 -0.000000000000000000e+00 0.000000000000000000e+00 0.000000000000000000e+00 1.000000000000000000e+00
6.400374056741077178e-01 9.995745566561192730e-01 -2.916685937366135864e-02 0.000000000000000000e+00 2.916685937366135864e-02 9.995745566561192730e-01 -0.000000000000000000e+00 0.000000000000000000e+00 0.000000000000000000e+00 1.000000000000000000e+00
6.450844456741076094e-01 9.995668705562122947e-01 -2.942908912047223144e-02 0.000000000000000000e+00 2.942908912047223144e-02 9.995668705562122947e-01 -0.000000000000000000e+00 0.000000000000000000e+00 0.000000000000000000e+00 1.000000000000000000e+00
6.501964456741076148e-01 9.995586889160833488e-01 -2.970567979967764574e-02 0.000000000000000000e+00 2.970567979967764574e-02 9.995586889160833488e-01 -0.000000000000000000e+00 0.000000000000000000e+00 0.000000000000000000e+00 1.000000000000000000e+00
6.550364456741077923e-01 9.995509783284017846e-01 -2.996400712079837908e-02 0.000000000000000000e+00 2.996400712079837908e-02 9.995509783284017846e-01 -0.000000000000000000e+00 0.000000000000000000e+00 0.000000000000000000e+00 1.000000000000000000e+00
6.600364456741072416e-01 9.995431689762386274e-01 -3.022339082463860321e-02 0.000000000000000000e+00 3.022339082463860321e-02 9.995431689762386274e-01 -0.000000000000000000e+00 0.000000000000000000e+00 0.000000000000000000e+00 1.000000000000000000e+00
6.650364456741066910e-01 9.995347491026208564e-01 -3.050057927910605760e-02 0.000000000000000000e+00 3.050057927910605760e-02 9.995347491026208564e-01 -0.000000000000000000e+00 0.000000000000000000e+00 0.000000000000000000e+00 1.000000000000000000e+00
6.701272027941063136e-01 9.995265773882973104e-01 -3.076720810272787210e-02 0.000000000000000000e+00 3.076720810272787210e-02 9.995265773882973104e-01 -0.000000000000000000e+00 0.000000000000000000e+00 0.000000000000000000e+00 1.000000000000000000e+00
6.751245890341066591e-01 9.995184489959608731e-01 -3.103014851252027320e-02 0.000000000000000000e+00 3.103014851252027320e-02 9.995184489959608731e-01 -0.000000000000000000e+00 0.000000000000000000e+00 0.000000000000000000e+00 1.000000000000000000e+00
6.800445890341065835e-01 9.995104622232205971e-01 -3.128635335612358487e-02 0.000000000000000000e+00 3.128635335612358487e-02 9.995104622232205971e-01 -0.000000000000000000e+00 0.000000000000000000e+00 0.000000000000000000e+00 1.000000000000000000e+00
6.850365890341061359e-01 9.995022317554852487e-01 -3.154819671240580853e-02 0.000000000000000000e+00 3.154819671240580853e-02 9.995022317554852487e-01 -0.000000000000000000e+00 0.000000000000000000e+00 0.000000000000000000e+00 1.000000000000000000e+00
6.900365890341055852e-01 9.994938880470791709e-01 -3.181144065479080824e-02 0.000000000000000000e+00 3.181144065479080824e-02 9.994938880470791709e-01 -0.000000000000000000e+00 0.000000000000000000e+00 0.000000000000000000e+00 1.000000000000000000e+00
6.950212290341053478e-01 9.994856215746976691e-01 -3.207011483360370369e-02 0.000000000000000000e+00 3.207011483360370369e-02 9.994856215746976691e-01 -0.000000000000000000e+00 0.000000000000000000e+00 0.000000000000000000e+00 1.000000000000000000e+00
7.000801090341051136e-01 9.994772348776843618e-01 -3.233043397881873310e-02 0.000000000000000000e+00 3.233043397881873310e-02 9.994772348776843618e-01 -0.000000000000000000e+00 0.000000000000000000e+00 0.000000000000000000e+00 1.000000000000000000e+00
7.050033090341047970e-01 9.994689559298316484e-01 -3.258536684667853039e-02 0.000000000000000000e+00 3.258536684667853039e-02 9.994689559298316484e-01 -0.000000000000000000e+00 0.000000000000000000e+00 0.000000000000000000e+00 1.000000000000000000e+00
7.100916290341046100e-01 9.994602232778231343e-01 -3.285212451948985035e-02 0.000000000000000000e+00 3.285212451948985035e-02 9.994602232778231343e-01 -0.000000000000000000e+00 0.000000000000000000e+00 0.000000000000000000e+00 1.000000000000000000e+00
7.150196290341046534e-01 9.994515873416470741e-01 -3.311381222786466405e-02 0.000000000000000000e+00 3.311381222786466405e-02 9.994515873416470741e-01 -0.000000000000000000e+00 0.000000000000000000e+00 0.000000000000000000e+00 1.000000000000000000e+00
7.200113090341031530e-01 9.994426400834358626e-01 -3.338276775601484864e-02 0.000000000000000000e+00 3.338276775601484864e-02 9.994426400834358626e-01 -0.000000000000000000e+00 0.000000000000000000e+00 0.000000000000000000e+00 1.000000000000000000e+00
7.251552034597043006e-01 9.994328054879690892e-01 -3.367591594073714167e-02 0.000000000000000000e+00 3.367591594073714167e-02 9.994328054879690892e-01 -0.000000000000000000e+00 0.000000000000000000e+00 0.000000000000000000e+00 1.000000000000000000e+00
7.300784890376301739e-01 9.994226427226470255e-01 -3.397618597313165761e-02 0.000000000000000000e+00 3.397618597313165761e-02 9.994226427226470255e-01 -0.000000000000000000e+00 0.000000000000000000e+00 0.000000000000000000e+00 1.000000000000000000e+00
7.350291452550032911e-01 9.994143106136912369e-01 -3.422039947985093533e-02 0.000000000000000000e+00 3.422039947985093533e-02 9.994143106136912369e-01 -0.000000000000000000e+00 0.000000000000000000e+00 0.000000000000000000e+00 1.000000000000000000e+00
7.400299277826117850e-01 9.994053618439017184e-01 -3.448075865841879889e-02 0.000000000000000000e+00 3.448075865841879889e-02 9.994053618439017184e-01 -0.000000000000000000e+00 0.000000000000000000e+00 0.000000000000000000e+00 1.000000000000000000e+00
7.450913416485772656e-01 9.993938047201599284e-01 -3.481412194732146081e-02 0.000000000000000000e+00 3.481412194732146081e-02 9.993938047201599284e-01 -0.000000000000000000e+00 0.000000000000000000e+00 0.000000000000000000e+00 1.000000000000000000e+00
7.501127102986646644e-01 9.993844637866947656e-01 -3.508124202163816902e-02 0.000000000000000000e+00 3.508124202163816902e-02 9.993844637866947656e-01 -0.000000000000000000e+00 0.000000000000000000e+00 0.000000000000000000e+00 1.000000000000000000e+00
7.551532523071302627e-01 9.993749126686830575e-01 -3.535228321427722614e-02 0.000000000000000000e+00 3.535228321427722614e-02 9.993749126686830575e-01 -0.000000000000000000e+00 0.000000000000000000e+00 0.000000000000000000e+00 1.000000000000000000e+00
7.600811771853398513e-01 9.993660325393144417e-01 -3.560242978548307929e-02 0.000000000000000000e+00 3.560242978548307929e-02 9.993660325393144417e-01 -0.000000000000000000e+00 0.000000000000000000e+00 0.000000000000000000e+00 1.000000000000000000e+00
7.650811771853393006e-01 9.993569074956389908e-01 -3.585765526011414767e-02 0.000000000000000000e+00 3.585765526011414767e-02 9.993569074956389908e-01 -0.000000000000000000e+00 0.000000000000000000e+00 0.000000000000000000e+00 1.000000000000000000e+00
7.700811771853387500e-01 9.993476763369272264e-01 -3.611401113120106532e-02 0.000000000000000000e+00 3.611401113120106532e-02 9.993476763369272264e-01 -0.000000000000000000e+00 0.000000000000000000e+00 0.000000000000000000e+00 1.000000000000000000e+00
7.750811771853381993e-01 9.993382153087629893e-01 -3.637487351863735036e-02 0.000000000000000000e+00 3.637487351863735036e-02 9.993382153087629893e-01 -0.000000000000000000e+00 0.000000000000000000e+00 0.000000000000000000e+00 1.000000000000000000e+00
7.800171771853383618e-01 9.993283746650867272e-01 -3.664422995829402785e-02 0.000000000000000000e+00 3.664422995829402785e-02 9.993283746650867272e-01 -0.000000000000000000e+00 0.000000000000000000e+00 0.000000000000000000e+00 1.000000000000000000e+00
7.851211771853378041e-01 9.993182318243183371e-01 -3.691979880116053048e-02 0.000000000000000000e+00 3.691979880116053048e-02 9.993182318243183371e-01 -0.000000000000000000e+00 0.000000000000000000e+00 0.000000000000000000e+00 1.000000000000000000e+00
7.901771771853381976e-01 9.993086551244729776e-01 -3.717810906054017789e-02 0.000000000000000000e+00 3.717810906054017789e-02 9.993086551244729776e-01 -0.000000000000000000e+00 0.000000000000000000e+00 0.000000000000000000e+00 1.000000000000000000e+00
7.951691771853376389e-01 9.992990140397322030e-01 -3.743635317735227036e-02 0.000000000000000000e+00 3.743635317735227036e-02 9.992990140397322030e-01 -0.000000000000000000e+00 0.000000000000000000e+00 0.000000000000000000e+00 1.000000000000000000e+00
8.000811771853377774e-01 9.992895167396541600e-01 -3.768901344196785158e-02 0.000000000000000000e+00 3.768901344196785158e-02 9.992895167396541600e-01 -0.000000000000000000e+00 0.000000000000000000e+00 0.000000000000000000e+00 1.000000000000000000e+00
8.050251771853371707e-01 9.992798462794492131e-01 -3.794454927549525264e-02 0.000000000000000000e+00 3.794454927549525264e-02 9.992798462794492131e-01 -0.000000000000000000e+00 0.000000000000000000e+00 0.000000000000000000e+00 1.000000000000000000e+00
8.100251771853366201e-01 9.992699708838098660e-01 -3.820373397810728627e-02 0.000000000000000000e+00 3.820373397810728627e-02 9.992699708838098660e-01 -0.000000000000000000e+00 0.000000000000000000e+00 0.000000000000000000e+00 1.000000000000000000e+00
8.150251771853360694e-01 9.992599380625803995e-01 -3.846525943196520136e-02 0.000000000000000000e+00 3.846525943196520136e-02 9.992599380625803995e-01 -0.000000000000000000e+00 0.000000000000000000e+00 0.000000000000000000e+00 1.000000000000000000e+00
8.200251771853355187e-01 9.992499559090690653e-01 -3.872370870311730301e-02 0.000000000000000000e+00 3.872370870311730301e-02 9.992499559090690653e-01 -0.000000000000000000e+00 0.000000000000000000e+00 0.000000000000000000e+00 1.000000000000000000e+00
8.250251771853349680e-01 9.992403268369954850e-01 -3.897138979680644238e-02 0.000000000000000000e+00 3.897138979680644238e-02 9.992403268369954850e-01 -0.000000000000000000e+00 0.000000000000000000e+00 0.000000000000000000e+00 1.000000000000000000e+00
8.300651771853350125e-01 9.992318029496404241e-01 -3.918933495239729226e-02 0.000000000000000000e+00 3.918933495239729226e-02 9.992318029496404241e-01 -0.000000000000000000e+00 0.000000000000000000e+00 0.000000000000000000e+00 1.000000000000000000e+00
8.350008571853344552e-01 9.992231611215187659e-01 -3.940906340322634233e-02 0.000000000000000000e+00 3.940906340322634233e-02 9.992231611215187659e-01 -0.000000000000000000e+00 0.000000000000000000e+00 0.000000000000000000e+00 1.000000000000000000e+00
8.401028347853353173e-01 9.992130334329496488e-01 -3.966502007718321343e-02 0.000000000000000000e+00 3.966502007718321343e-02 9.992130334329496488e-01 -0.000000000000000000e+00 0.000000000000000000e+00 0.000000000000000000e+00 1.000000000000000000e+00
8.451495675853365475e-01 9.992021642069440768e-01 -3.993788983108057661e-02 0.000000000000000000e+00 3.993788983108057661e-02 9.992021642069440768e-01 -0.000000000000000000e+00 0.000000000000000000e+00 0.000000000000000000e+00 1.000000000000000000e+00
8.501495675853359968e-01 9.991912375885365627e-01 -4.021033108902506009e-02 0.000000000000000000e+00 4.021033108902506009e-02 9.991912375885365627e-01 -0.000000000000000000e+00 0.000000000000000000e+00 0.000000000000000000e+00 1.000000000000000000e+00
8.550910075853359604e-01 9.991709851060893710e-01 -4.071047189762196788e-02 0.000000000000000000e+00 4.071047189762196788e-02 9.991709851060893710e-01 -0.000000000000000000e+00 0.000000000000000000e+00 0.000000000000000000e+00 1.000000000000000000e+00
8.600244475853360271e-01 9.991618964889272814e-01 -4.093292812211631743e-02 0.000000000000000000e+00 4.093292812211631743e-02 9.991618964889272814e-01 -0.000000000000000000e+00 0.000000000000000000e+00 0.000000000000000000e+00 1.000000000000000000e+00
8.650244475853354764e-01 9.991506822236427832e-01 -4.120575459847134608e-02 0.000000000000000000e+00 4.120575459847134608e-02 9.991506822236427832e-01 -0.000000000000000000e+00 0.000000000000000000e+00 0.000000000000000000e+00 1.000000000000000000e+00
8.700244475853349257e-01 9.991402829517891382e-01 -4.145714634437606960e-02 0.000000000000000000e+00 4.145714634437606960e-02 9.991402829517891382e-01 -0.000000000000000000e+00 0.000000000000000000e+00 0.000000000000000000e+00 1.000000000000000000e+00
8.751444475853348282e-01 9.991306752587091333e-01 -4.168805292977974947e-02 0.000000000000000000e+00 4.168805292977974947e-02 9.991306752587091333e-01 -0.000000000000000000e+00 0.000000000000000000e+00 0.000000000000000000e+00 1.000000000000000000e+00
8.801044475853344595e-01 9.991190989514577847e-01 -4.196458161864033420e-02 0.000000000000000000e+00 4.196458161864033420e-02 9.991190989514577847e-01 -0.000000000000000000e+00 0.000000000000000000e+00 0.000000000000000000e+00 1.000000000000000000e+00
8.851044475853339089e-01 9.991101620216847889e-01 -4.217681999633396406e-02 0.000000000000000000e+00 4.217681999633396406e-02 9.991101620216847889e-01 -0.000000000000000000e+00 0.000000000000000000e+00 0.000000000000000000e+00 1.000000000000000000e+00
8.901124475853349205e-01 9.991023137593060266e-01 -4.236232572465233048e-02 0.000000000000000000e+00 4.236232572465233048e-02 9.991023137593060266e-01 -0.000000000000000000e+00 0.000000000000000000e+00 0.000000000000000000e+00 1.000000000000000000e+00
8.950404475853342978e-01 9.990913576561359921e-01 -4.261993731599547641e-02 0.000000000000000000e+00 4.261993731599547641e-02 9.990913576561359921e-01 -0.000000000000000000e+00 0.000000000000000000e+00 0.000000000000000000e+00 1.000000000000000000e+00
9.000404475853337471e-01 9.990799928267766195e-01 -4.288552125424369837e-02 0.000000000000000000e+00 4.288552125424369837e-02 9.990799928267766195e-01 -0.000000000000000000e+00 0.000000000000000000e+00 0.000000000000000000e+00 1.000000000000000000e+00
9.050746875853337148e-01 9.990697181025571805e-01 -4.312422023036788926e-02 0.000000000000000000e+00 4.312422023036788926e-02 9.990697181025571805e-01 -0.000000000000000000e+00 0.000000000000000000e+00 0.000000000000000000e+00 1.000000000000000000e+00
9.100513275853341355e-01 9.990596057907356053e-01 -4.335786061673532754e-02 0.000000000000000000e+00 4.335786061673532754e-02 9.990596057907356053e-01 -0.000000000000000000e+00 0.000000000000000000e+00 0.000000000000000000e+00 1.000000000000000000e+00
9.150513275853335848e-01 9.990478992969532568e-01 -4.362676827757109438e-02 0.000000000000000000e+00 4.362676827757109438e-02 9.990478992969532568e-01 -0.000000000000000000e+00 0.000000000000000000e+00 0.000000000000000000e+00 1.000000000000000000e+00
9.200513275853330342e-01 9.990361333848011283e-01 -4.389537779250026611e-02 0.000000000000000000e+00 4.389537779250026611e-02 9.990361333848011283e-01 -0.000000000000000000e+00 0.000000000000000000e+00 0.000000000000000000e+00 1.000000000000000000e+00
9.250513275853324835e-01 9.990242928865074035e-01 -4.416403766204160530e-02 0.000000000000000000e+00 4.416403766204160530e-02 9.990242928865074035e-01 -0.000000000000000000e+00 0.000000000000000000e+00 0.000000000000000000e+00 1.000000000000000000e+00
9.300513275853319328e-01 9.990122295300842836e-01 -4.443608049018900330e-02 0.000000000000000000e+00 4.443608049018900330e-02 9.990122295300842836e-01 -0.000000000000000000e+00 0.000000000000000000e+00 0.000000000000000000e+00 1.000000000000000000e+00
9.350513275853317152e-01 9.990000015386644172e-01 -4.471014343243382566e-02 0.000000000000000000e+00 4.471014343243382566e-02 9.990000015386644172e-01 -0.000000000000000000e+00 0.000000000000000000e+00 0.000000000000000000e+00 1.000000000000000000e+00
9.400913275853315376e-01 9.989876296027812019e-01 -4.498572996647614425e-02 0.000000000000000000e+00 4.498572996647614425e-02 9.989876296027812019e-01 -0.000000000000000000e+00 0.000000000000000000e+00 0.000000000000000000e+00 1.000000000000000000e+00
9.450913275853309869e-01 9.989752430447749187e-01 -4.525995783949927909e-02 0.000000000000000000e+00 4.525995783949927909e-02 9.989752430447749187e-01 -0.000000000000000000e+00 0.000000000000000000e+00 0.000000000000000000e+00 1.000000000000000000e+00
9.500913275853304363e-01 9.989627366693575317e-01 -4.553515944924533404e-02 0.000000000000000000e+00 4.553515944924533404e-02 9.989627366693575317e-01 -0.000000000000000000e+00 0.000000000000000000e+00 0.000000000000000000e+00 1.000000000000000000e+00
9.550913275853298856e-01 9.989501479020902464e-01 -4.581050104934707851e-02 0.000000000000000000e+00 4.581050104934707851e-02 9.989501479020902464e-01 -0.000000000000000000e+00 0.000000000000000000e+00 0.000000000000000000e+00 1.000000000000000000e+00
9.600113275853294770e-01 9.989376680804270547e-01 -4.608183253776804850e-02 0.000000000000000000e+00 4.608183253776804850e-02 9.989376680804270547e-01 -0.000000000000000000e+00 0.000000000000000000e+00 0.000000000000000000e+00 1.000000000000000000e+00
9.650353275853295054e-01 9.989250127583807481e-01 -4.635535444443519837e-02 0.000000000000000000e+00 4.635535444443519837e-02 9.989250127583807481e-01 -0.000000000000000000e+00 0.000000000000000000e+00 0.000000000000000000e+00 1.000000000000000000e+00
9.700113275853289307e-01 9.989125010483561606e-01 -4.662419167469131209e-02 0.000000000000000000e+00 4.662419167469131209e-02 9.989125010483561606e-01 -0.000000000000000000e+00 0.000000000000000000e+00 0.000000000000000000e+00 1.000000000000000000e+00
9.750113275853283801e-01 9.988999082445959576e-01 -4.689321175754750104e-02 0.000000000000000000e+00 4.689321175754750104e-02 9.988999082445959576e-01 -0.000000000000000000e+00 0.000000000000000000e+00 0.000000000000000000e+00 1.000000000000000000e+00
9.800113275853278294e-01 9.988873592012799119e-01 -4.715976704664204960e-02 0.000000000000000000e+00 4.715976704664204960e-02 9.988873592012799119e-01 -0.000000000000000000e+00 0.000000000000000000e+00 0.000000000000000000e+00 1.000000000000000000e+00
9.850113275853272787e-01 9.988745822877660441e-01 -4.742962006427210025e-02 0.000000000000000000e+00 4.742962006427210025e-02 9.988745822877660441e-01 -0.000000000000000000e+00 0.000000000000000000e+00 0.000000000000000000e+00 1.000000000000000000e+00
9.900113275853267281e-01 9.988617658073215555e-01 -4.769877155944094588e-02 0.000000000000000000e+00 4.769877155944094588e-02 9.988617658073215555e-01 -0.000000000000000000e+00 0.000000000000000000e+00 0.000000000000000000e+00 1.000000000000000000e+00
9.951073275853267175e-01 9.988485795765414954e-01 -4.797410841199083176e-02 0.000000000000000000e+00 4.797410841199083176e-02 9.988485795765414954e-01 -0.000000000000000000e+00 0.000000000000000000e+00 0.000000000000000000e+00 1.000000000000000000e+00
1.000000000000000000e+00 9.988359786876226387e-01 -4.823575104773802219e-02 0.000000000000000000e+00 4.823575104773802219e-02 9.988359786876226387e-01 -0.000000000000000000e+00 0.000000000000000000e+00 0.000000000000000000e+00 1.000000000000000000e+00
