time error_arcsec
0.000000000000000000e+00 0.000000000000000000e+00
5.000000000000000104e-03 -2.842698964781029858e+01
1.000000000000000021e-02 -2.981581475795834280e+01
1.499999999999999944e-02 -2.962499538115649500e+01
2.000000000000000042e-02 -2.937033267865633590e+01
2.500000000000000139e-02 -2.913856782077118268e+01
2.999999999999999889e-02 -2.887306181808875039e+01
3.500000000000000333e-02 -2.853589747535306742e+01
4.000000000000000083e-02 -2.812881962173285899e+01
4.499999999999999833e-02 -2.770564933762236492e+01
5.000000000000000278e-02 -2.723864608445859403e+01
5.500000000000000028e-02 -2.682096175689375528e+01
5.999999999999999778e-02 -2.639475048846029637e+01
6.500000000000000222e-02 -2.591289745214517737e+01
7.000000000000000666e-02 -2.534437981417176644e+01
7.499999999999999722e-02 -2.466645199268674205e+01
8.000000000000000167e-02 -2.396723815632204335e+01
8.500000000000000611e-02 -2.309320050406877556e+01
8.999999999999999667e-02 -2.240309656749729683e+01
9.500000000000000111e-02 -2.182040347669479630e+01
1.000000000000000056e-01 -2.115182457282892159e+01
1.049999999999999961e-01 -2.038594548903881787e+01
1.100000000000000006e-01 -1.951514501734566664e+01
1.150000000000000050e-01 -1.833940943514228294e+01
1.199999999999999956e-01 -1.681669586822978957e+01
1.250000000000000000e-01 -1.509405737973104777e+01
1.300000000000000044e-01 -1.239814740163701678e+01
1.350000000000000089e-01 -3.400642476475466136e+00
1.400000000000000133e-01 1.346758224616788269e+01
1.449999999999999900e-01 1.250059689814488806e+01
1.499999999999999944e-01 3.615715809948835613e+01
1.549999999999999989e-01 3.224190241153922187e+01
1.600000000000000033e-01 3.022830346462676587e+01
1.650000000000000078e-01 2.973024450248884776e+01
1.700000000000000122e-01 2.604381061488779281e+01
1.750000000000000167e-01 2.188060610866431333e+01
1.799999999999999933e-01 1.968324161596737554e+01
1.849999999999999978e-01 1.884228421990636093e+01
1.900000000000000022e-01 2.074934776436439421e+01
1.950000000000000067e-01 2.319219658613112500e+01
2.000000000000000111e-01 2.746932157441201383e+01
2.050000000000000155e-01 2.651551299344110646e+01
2.099999999999999922e-01 2.496253543236752392e+01
2.149999999999999967e-01 2.386346911025625417e+01
2.200000000000000011e-01 2.203196833742959981e+01
2.250000000000000056e-01 2.024656432383914506e+01
2.300000000000000100e-01 1.862175013731683393e+01
2.350000000000000144e-01 1.711284362297785933e+01
2.399999999999999911e-01 1.582060227062799918e+01
2.449999999999999956e-01 1.432176609402511147e+01
2.500000000000000000e-01 1.339030967290473129e+01
2.550000000000000044e-01 1.422063051841620052e+01
2.600000000000000089e-01 1.931127742900670441e+01
2.650000000000000133e-01 2.904471401194606273e+01
2.700000000000000178e-01 2.608819467188311947e+01
2.750000000000000222e-01 3.032457106419833437e+01
2.800000000000000266e-01 3.169251467427023172e+01
2.850000000000000311e-01 3.794653318573677581e+01
2.899999999999999800e-01 3.632300044275867634e+01
2.949999999999999845e-01 3.585145329432812389e+01
2.999999999999999889e-01 3.447038047223436763e+01
3.049999999999999933e-01 3.208963763282540782e+01
3.099999999999999978e-01 2.961260402974097516e+01
3.150000000000000022e-01 3.017496975509326873e+01
3.200000000000000067e-01 2.914464684920309523e+01
3.250000000000000111e-01 2.812061685827657698e+01
3.300000000000000155e-01 2.709371019754405907e+01
3.350000000000000200e-01 2.606753522735521500e+01
3.400000000000000244e-01 2.533967685144056148e+01
3.450000000000000289e-01 2.481731878585035389e+01
3.500000000000000333e-01 2.474612492558113885e+01
3.549999999999999822e-01 2.421145321765700587e+01
3.599999999999999867e-01 2.295414784674050779e+01
3.649999999999999911e-01 2.248799946341372191e+01
3.699999999999999956e-01 2.110344450746456602e+01
3.750000000000000000e-01 2.159530308556754719e+01
3.800000000000000044e-01 3.176033069793895436e+01
3.850000000000000089e-01 4.568760677005341364e+01
3.900000000000000133e-01 4.610595816933736302e+01
3.950000000000000178e-01 4.523280596322923230e+01
4.000000000000000222e-01 4.282662831193511721e+01
4.050000000000000266e-01 3.985941647812096988e+01
4.100000000000000311e-01 3.669639605309669861e+01
4.150000000000000355e-01 3.306995153876425064e+01
4.199999999999999845e-01 3.654951315574859905e+01
4.249999999999999889e-01 3.538300886816777080e+01
4.299999999999999933e-01 3.511810534735744227e+01
4.349999999999999978e-01 3.498750142459112311e+01
4.400000000000000022e-01 3.442350046008352393e+01
4.450000000000000067e-01 3.334670935386164103e+01
4.500000000000000111e-01 3.223351254713056591e+01
4.550000000000000155e-01 3.100897416815908514e+01
4.600000000000000200e-01 2.991862595103347289e+01
4.650000000000000244e-01 2.904167164292665504e+01
4.700000000000000289e-01 2.820912671147247863e+01
4.750000000000000333e-01 2.721567261053274223e+01
4.799999999999999822e-01 2.606898456770106520e+01
4.849999999999999867e-01 2.445870961148279576e+01
4.899999999999999911e-01 2.988495613815633334e+01
4.949999999999999956e-01 3.714592758783982873e+01
5.000000000000000000e-01 3.569556239238831807e+01
5.050000000000000044e-01 3.382396666183527856e+01
5.100000000000000089e-01 4.330115473174250695e+01
5.150000000000000133e-01 4.704912917458576516e+01
5.200000000000000178e-01 4.651419778722479492e+01
5.250000000000000222e-01 4.407515443098296259e+01
5.300000000000000266e-01 4.092700454607016525e+01
5.350000000000000311e-01 3.795538002276799006e+01
5.400000000000000355e-01 3.523899439903743769e+01
5.450000000000000400e-01 3.496326988812746350e+01
5.500000000000000444e-01 3.318613454741390711e+01
5.550000000000000488e-01 3.229667420836954506e+01
5.600000000000000533e-01 3.094193117289469797e+01
5.650000000000000577e-01 2.937108439646845071e+01
5.700000000000000622e-01 2.809466915576552282e+01
5.750000000000000666e-01 2.740033870244126391e+01
5.799999999999999600e-01 2.679698615141353812e+01
5.849999999999999645e-01 2.648439751534181852e+01
5.899999999999999689e-01 2.565071174085316841e+01
5.949999999999999734e-01 2.427546784195788021e+01
5.999999999999999778e-01 2.318817480999846836e+01
6.049999999999999822e-01 2.198391985079110000e+01
6.099999999999999867e-01 2.673826962264041640e+01
6.149999999999999911e-01 3.014783372591987032e+01
6.199999999999999956e-01 4.654669336036428717e+01
6.250000000000000000e-01 4.428973230430617747e+01
6.300000000000000044e-01 4.112819000532668667e+01
6.350000000000000089e-01 3.795829372055278128e+01
6.400000000000000133e-01 3.501906569278944659e+01
6.450000000000000178e-01 3.323344547292163753e+01
6.500000000000000222e-01 3.363676302951246555e+01
6.550000000000000266e-01 3.335163295100714720e+01
6.600000000000000311e-01 3.150424316440576433e+01
6.650000000000000355e-01 3.329343727079237425e+01
6.700000000000000400e-01 3.197289651428337010e+01
6.750000000000000444e-01 3.087159810117806202e+01
6.800000000000000488e-01 2.923230882263262487e+01
6.850000000000000533e-01 2.796654675358897180e+01
6.900000000000000577e-01 2.690567513507818376e+01
6.950000000000000622e-01 2.507386787570684206e+01
7.000000000000000666e-01 2.278842583457539916e+01
7.049999999999999600e-01 2.083056230518481655e+01
7.099999999999999645e-01 1.954213912078634507e+01
7.149999999999999689e-01 1.894012072293539362e+01
7.199999999999999734e-01 1.915161519328578521e+01
7.249999999999999778e-01 2.256749232881769984e+01
7.299999999999999822e-01 2.999095327054978810e+01
7.349999999999999867e-01 2.569953607908612270e+01
7.399999999999999911e-01 2.402471061351745263e+01
7.449999999999999956e-01 3.652244595080989598e+01
7.500000000000000000e-01 3.627315177649141020e+01
7.550000000000000044e-01 3.636615168705203160e+01
7.600000000000000089e-01 3.346081915903916837e+01
7.650000000000000133e-01 3.074910584850168505e+01
7.700000000000000178e-01 2.827215965870967906e+01
7.750000000000000222e-01 2.671454157656063799e+01
7.800000000000000266e-01 2.760642345320216862e+01
7.850000000000000311e-01 2.794353301645956122e+01
7.900000000000000355e-01 2.535784617688225495e+01
7.950000000000000400e-01 2.333894692470411059e+01
8.000000000000000444e-01 2.105062904022815928e+01
8.050000000000000488e-01 1.900506120731498783e+01
8.100000000000000533e-01 1.711913320629388480e+01
8.150000000000000577e-01 1.571525902073750558e+01
8.200000000000000622e-01 1.368257450062797886e+01
8.250000000000000666e-01 9.435634926077124618e+00
8.300000000000000711e-01 -1.284546738162037238e+00
8.349999999999999645e-01 -1.073795979849131932e+01
8.399999999999999689e-01 -1.434349048938996418e+01
8.449999999999999734e-01 -1.400445367895987303e+01
8.499999999999999778e-01 -1.316182364007265804e+01
8.549999999999999822e-01 3.448039147657339498e+01
8.599999999999999867e-01 2.669287817086960501e+01
8.649999999999999911e-01 2.758246628683941992e+01
8.699999999999999956e-01 2.411710099875414670e+01
8.750000000000000000e-01 1.531049174421947079e+01
8.800000000000000044e-01 1.715667193151850256e+01
8.850000000000000089e-01 5.875020489637169163e+00
8.900000000000000133e-01 -1.115668294985466247e+01
8.950000000000000178e-01 -1.293366312410744712e+01
9.000000000000000222e-01 -1.349455975325031964e+01
9.050000000000000266e-01 -1.988595703703980888e+01
9.100000000000000311e-01 -2.680004102789139253e+01
9.150000000000000355e-01 -2.673836299975994990e+01
9.200000000000000400e-01 -2.666453627406627191e+01
9.250000000000000444e-01 -2.658039652641710759e+01
9.300000000000000488e-01 -2.580418568977525595e+01
9.350000000000000533e-01 -2.460731070566583867e+01
9.400000000000000577e-01 -2.354106673980069075e+01
9.450000000000000622e-01 -2.230758854173377514e+01
9.500000000000000666e-01 -2.087289774903488038e+01
9.550000000000000711e-01 -1.940544372230140269e+01
9.599999999999999645e-01 -1.785530248629417116e+01
9.649999999999999689e-01 -1.702977104193450231e+01
9.699999999999999734e-01 -1.663193305899881125e+01
9.749999999999999778e-01 -1.646589358003633308e+01
9.799999999999999822e-01 -1.680748628031863134e+01
9.849999999999999867e-01 -1.647010966340456761e+01
9.899999999999999911e-01 -1.627501161625561821e+01
9.949999999999999956e-01 -1.587379858381540210e+01
1.000000000000000000e+00 -1.603071308236836501e+01
