time R11 R12 R13 R21 R22 R23 R31 R32 R33
0.000000000000000000e+00 1.000000000000000000e+00 -0.000000000000000000e+00 0.000000000000000000e+00 0.000000000000000000e+00 1.000000000000000000e+00 -0.000000000000000000e+00 0.000000000000000000e+00 0.000000000000000000e+00 1.000000000000000000e+00
5.040000000000002811e-03 9.999999203965483918e-01 -3.990073891596773530e-04 0.000000000000000000e+00 3.990073891596773530e-04 9.999999203965483918e-01 -0.000000000000000000e+00 0.000000000000000000e+00 0.000000000000000000e+00 1.000000000000000000e+00
1.013600000000001305e-02 9.999986978048553965e-01 -1.613811820872654941e-03 0.000000000000000000e+00 1.613811820872654941e-03 9.999986978048553965e-01 -0.000000000000000000e+00 0.000000000000000000e+00 0.000000000000000000e+00 1.000000000000000000e+00
1.513600000000002617e-02 9.999935247913689373e-01 -3.598662992525689976e-03 0.000000000000000000e+00 3.598662992525689976e-03 9.999935247913689373e-01 -0.000000000000000000e+00 0.000000000000000000e+00 0.000000000000000000e+00 1.000000000000000000e+00
2.013600000000000112e-02 9.999797184519607640e-01 -6.368884104553549849e-03 0.000000000000000000e+00 6.368884104553549849e-03 9.999797184519607640e-01 -0.000000000000000000e+00 0.000000000000000000e+00 0.000000000000000000e+00 1.000000000000000000e+00
2.513599999999997087e-02 9.999507517430075154e-01 -9.924418803860003691e-03 0.000000000000000000e+00 9.924418803860003691e-03 9.999507517430075154e-01 -0.000000000000000000e+00 0.000000000000000000e+00 0.000000000000000000e+00 1.000000000000000000e+00
3.013599999999994061e-02 9.998982475624252908e-01 -1.426515059826695929e-02 0.000000000000000000e+00 1.426515059826695929e-02 9.998982475624252908e-01 -0.000000000000000000e+00 0.000000000000000000e+00 0.000000000000000000e+00 1.000000000000000000e+00
3.513599999999991036e-02 9.998119794051801845e-01 -1.939086996232788560e-02 0.000000000000000000e+00 1.939086996232788560e-02 9.998119794051801845e-01 -0.000000000000000000e+00 0.000000000000000000e+00 0.000000000000000000e+00 1.000000000000000000e+00
4.013599999999988011e-02 9.996798725335743763e-01 -2.530123418446088637e-02 0.000000000000000000e+00 2.530123418446088637e-02 9.996798725335743763e-01 -0.000000000000000000e+00 0.000000000000000000e+00 0.000000000000000000e+00 1.000000000000000000e+00
4.513599999999984985e-02 9.994880058830112324e-01 -3.199571996380342481e-02 0.000000000000000000e+00 3.199571996380342481e-02 9.994880058830112324e-01 -0.000000000000000000e+00 0.000000000000000000e+00 0.000000000000000000e+00 1.000000000000000000e+00
5.013599999999981960e-02 9.992206149637465895e-01 -3.947356877041211659e-02 0.000000000000000000e+00 3.947356877041211659e-02 9.992206149637465895e-01 -0.000000000000000000e+00 0.000000000000000000e+00 0.000000000000000000e+00 1.000000000000000000e+00
5.513599999999978934e-02 9.988600960588162048e-01 -4.773372498949323556e-02 0.000000000000000000e+00 4.773372498949323556e-02 9.988600960588162048e-01 -0.000000000000000000e+00 0.000000000000000000e+00 0.000000000000000000e+00 1.000000000000000000e+00
6.013599999999975909e-02 9.983870120578367535e-01 -5.677476687953151441e-02 0.000000000000000000e+00 5.677476687953151441e-02 9.983870120578367535e-01 -0.000000000000000000e+00 0.000000000000000000e+00 0.000000000000000000e+00 1.000000000000000000e+00
6.513599999999981904e-02 9.977801003056190332e-01 -6.659483038576506642e-02 0.000000000000000000e+00 6.659483038576506642e-02 9.977801003056190332e-01 -0.000000000000000000e+00 0.000000000000000000e+00 0.000000000000000000e+00 1.000000000000000000e+00
7.013599999999996226e-02 9.970162828834232549e-01 -7.719152586470608146e-02 0.000000000000000000e+00 7.719152586470608146e-02 9.970162828834232549e-01 -0.000000000000000000e+00 0.000000000000000000e+00 0.000000000000000000e+00 1.000000000000000000e+00
7.513600000000010548e-02 9.960706797790803702e-01 -8.856184779260607709e-02 0.000000000000000000e+00 8.856184779260607709e-02 9.960706797790803702e-01 -0.000000000000000000e+00 0.000000000000000000e+00 0.000000000000000000e+00 1.000000000000000000e+00
8.013600000000024870e-02 9.949166254399801623e-01 -1.007020775511711513e-01 0.000000000000000000e+00 1.007020775511711513e-01 9.949166254399801623e-01 -0.000000000000000000e+00 0.000000000000000000e+00 0.000000000000000000e+00 1.000000000000000000e+00
8.513600000000039192e-02 9.935256892398880435e-01 -1.136076794077109930e-01 0.000000000000000000e+00 1.136076794077109930e-01 9.935256892398880435e-01 -0.000000000000000000e+00 0.000000000000000000e+00 0.000000000000000000e+00 1.000000000000000000e+00
9.007200000000036011e-02 9.918907415767082014e-01 -1.270934961924007345e-01 0.000000000000000000e+00 1.270934961924007345e-01 9.918907415767082014e-01 -0.000000000000000000e+00 0.000000000000000000e+00 0.000000000000000000e+00 1.000000000000000000e+00
9.505600000000048733e-02 9.899446146182535600e-01 -1.414555053305354415e-01 0.000000000000000000e+00 1.414555053305354415e-01 9.899446146182535600e-01 -0.000000000000000000e+00 0.000000000000000000e+00 0.000000000000000000e+00 1.000000000000000000e+00
1.000560000000006305e-01 9.876607962072161406e-01 -1.566082744791219561e-01 0.000000000000000000e+00 1.566082744791219561e-01 9.876607962072161406e-01 -0.000000000000000000e+00 0.000000000000000000e+00 0.000000000000000000e+00 1.000000000000000000e+00
1.050560000000007738e-01 9.850098773215157921e-01 -1.724979465937276912e-01 0.000000000000000000e+00 1.724979465937276912e-01 9.850098773215157921e-01 -0.000000000000000000e+00 0.000000000000000000e+00 0.000000000000000000e+00 1.000000000000000000e+00
1.100560000000009170e-01 9.819551124357759342e-01 -1.891141379200479977e-01 0.000000000000000000e+00 1.891141379200479977e-01 9.819551124357759342e-01 -0.000000000000000000e+00 0.000000000000000000e+00 0.000000000000000000e+00 1.000000000000000000e+00
1.150560000000010602e-01 9.784582290464631793e-01 -2.064448934007791780e-01 0.000000000000000000e+00 2.064448934007791780e-01 9.784582290464631793e-01 -0.000000000000000000e+00 0.000000000000000000e+00 0.000000000000000000e+00 1.000000000000000000e+00
1.200560000000012034e-01 9.744794930844610237e-01 -2.244765412194609788e-01 0.000000000000000000e+00 2.244765412194609788e-01 9.744794930844610237e-01 -0.000000000000000000e+00 0.000000000000000000e+00 0.000000000000000000e+00 1.000000000000000000e+00
1.250560000000013328e-01 9.699777836269776188e-01 -2.431935428215485917e-01 0.000000000000000000e+00 2.431935428215485917e-01 9.699777836269776188e-01 -0.000000000000000000e+00 0.000000000000000000e+00 0.000000000000000000e+00 1.000000000000000000e+00
1.300560000000014760e-01 9.649106776905389538e-01 -2.625783389367552512e-01 0.000000000000000000e+00 2.625783389367552512e-01 9.649106776905389538e-01 -0.000000000000000000e+00 0.000000000000000000e+00 0.000000000000000000e+00 1.000000000000000000e+00
1.351619200000013232e-01 9.591073911530425544e-01 -2.830424212650907712e-01 0.000000000000000000e+00 2.830424212650907712e-01 9.591073911530425544e-01 -0.000000000000000000e+00 0.000000000000000000e+00 0.000000000000000000e+00 1.000000000000000000e+00
1.400992000000013948e-01 9.528469882919553546e-01 -3.034511771322538909e-01 0.000000000000000000e+00 3.034511771322538909e-01 9.528469882919553546e-01 -0.000000000000000000e+00 0.000000000000000000e+00 0.000000000000000000e+00 1.000000000000000000e+00
1.450992000000015381e-01 9.458113951916229389e-01 -3.247164990044019706e-01 0.000000000000000000e+00 3.247164990044019706e-01 9.458113951916229389e-01 -0.000000000000000000e+00 0.000000000000000000e+00 0.000000000000000000e+00 1.000000000000000000e+00
1.500192000000014902e-01 9.381600141441319707e-01 -3.462019466454257510e-01 0.000000000000000000e+00 3.462019466454257510e-01 9.381600141441319707e-01 -0.000000000000000000e+00 0.000000000000000000e+00 0.000000000000000000e+00 1.000000000000000000e+00
1.551232000000014322e-01 9.294105329952371264e-01 -3.690475052855786697e-01 0.000000000000000000e+00 3.690475052855786697e-01 9.294105329952371264e-01 -0.000000000000000000e+00 0.000000000000000000e+00 0.000000000000000000e+00 1.000000000000000000e+00
1.600352000000014319e-01 9.201625778381596898e-01 -3.915364993793463144e-01 0.000000000000000000e+00 3.915364993793463144e-01 9.201625778381596898e-01 -0.000000000000000000e+00 0.000000000000000000e+00 0.000000000000000000e+00 1.000000000000000000e+00
1.650352000000015751e-01 9.098674786735725384e-01 -4.148989892156835224e-01 0.000000000000000000e+00 4.148989892156835224e-01 9.098674786735725384e-01 -0.000000000000000000e+00 0.000000000000000000e+00 0.000000000000000000e+00 1.000000000000000000e+00
1.700352000000017183e-01 8.986350578387241050e-01 -4.386969715227048705e-01 0.000000000000000000e+00 4.386969715227048705e-01 8.986350578387241050e-01 -0.000000000000000000e+00 0.000000000000000000e+00 0.000000000000000000e+00 1.000000000000000000e+00
1.750352000000018615e-01 8.864170445766008655e-01 -4.628874842594951078e-01 0.000000000000000000e+00 4.628874842594951078e-01 8.864170445766008655e-01 -0.000000000000000000e+00 0.000000000000000000e+00 0.000000000000000000e+00 1.000000000000000000e+00
1.800352000000020047e-01 8.731654402478895571e-01 -4.874239571017299766e-01 0.000000000000000000e+00 4.874239571017299766e-01 8.731654402478895571e-01 -0.000000000000000000e+00 0.000000000000000000e+00 0.000000000000000000e+00 1.000000000000000000e+00
1.850352000000021480e-01 8.588327644247023551e-01 -5.122560714629197376e-01 0.000000000000000000e+00 5.122560714629197376e-01 8.588327644247023551e-01 -0.000000000000000000e+00 0.000000000000000000e+00 0.000000000000000000e+00 1.000000000000000000e+00
1.900352000000022912e-01 8.433723194250780653e-01 -5.373296295827766356e-01 0.000000000000000000e+00 5.373296295827766356e-01 8.433723194250780653e-01 -0.000000000000000000e+00 0.000000000000000000e+00 0.000000000000000000e+00 1.000000000000000000e+00
1.950352000000024344e-01 8.267384736264454803e-01 -5.625864344488008539e-01 0.000000000000000000e+00 5.625864344488008539e-01 8.267384736264454803e-01 -0.000000000000000000e+00 0.000000000000000000e+00 0.000000000000000000e+00 1.000000000000000000e+00
2.000278400000026491e-01 8.089141643218424882e-01 -5.879267596899254711e-01 0.000000000000000000e+00 5.879267596899254711e-01 8.089141643218424882e-01 -0.000000000000000000e+00 0.000000000000000000e+00 0.000000000000000000e+00 1.000000000000000000e+00
2.050995399680026199e-01 7.897715285898221360e-01 -6.134011188683110571e-01 0.000000000000000000e+00 6.134011188683110571e-01 7.897715285898221360e-01 -0.000000000000000000e+00 0.000000000000000000e+00 0.000000000000000000e+00 1.000000000000000000e+00
2.101790172160027392e-01 7.697957820650119798e-01 -6.382902583581521183e-01 0.000000000000000000e+00 6.382902583581521183e-01 7.697957820650119798e-01 -0.000000000000000000e+00 0.000000000000000000e+00 0.000000000000000000e+00 1.000000000000000000e+00
2.151790172160028825e-01 7.493667527886438418e-01 -6.621551704963148932e-01 0.000000000000000000e+00 6.621551704963148932e-01 7.493667527886438418e-01 -0.000000000000000000e+00 0.000000000000000000e+00 0.000000000000000000e+00 1.000000000000000000e+00
2.201790172160030257e-01 7.281981889994173507e-01 -6.853666154241604413e-01 0.000000000000000000e+00 6.853666154241604413e-01 7.281981889994173507e-01 -0.000000000000000000e+00 0.000000000000000000e+00 0.000000000000000000e+00 1.000000000000000000e+00
2.251790172160031689e-01 7.063109815140814485e-01 -7.079016862478964001e-01 0.000000000000000000e+00 7.079016862478964001e-01 7.063109815140814485e-01 -0.000000000000000000e+00 0.000000000000000000e+00 0.000000000000000000e+00 1.000000000000000000e+00
2.301790172160033121e-01 6.837267303639490423e-01 -7.297381435733119037e-01 0.000000000000000000e+00 7.297381435733119037e-01 6.837267303639490423e-01 -0.000000000000000000e+00 0.000000000000000000e+00 0.000000000000000000e+00 1.000000000000000000e+00
2.351790172160034553e-01 6.604677234782762030e-01 -7.508544374533744348e-01 0.000000000000000000e+00 7.508544374533744348e-01 6.604677234782762030e-01 -0.000000000000000000e+00 0.000000000000000000e+00 0.000000000000000000e+00 1.000000000000000000e+00
2.401790172160035985e-01 6.365569146887649632e-01 -7.712297286554252729e-01 0.000000000000000000e+00 7.712297286554252729e-01 6.365569146887649632e-01 -0.000000000000000000e+00 0.000000000000000000e+00 0.000000000000000000e+00 1.000000000000000000e+00
2.451790172160037418e-01 6.120179010769031258e-01 -7.908439092269865522e-01 0.000000000000000000e+00 7.908439092269865522e-01 6.120179010769031258e-01 -0.000000000000000000e+00 0.000000000000000000e+00 0.000000000000000000e+00 1.000000000000000000e+00
2.501790172160038850e-01 5.868748996864954215e-01 -8.096776223398829408e-01 0.000000000000000000e+00 8.096776223398829408e-01 5.868748996864954215e-01 -0.000000000000000000e+00 0.000000000000000000e+00 0.000000000000000000e+00 1.000000000000000000e+00
2.550990172160033653e-01 5.615687062874995528e-01 -8.274301107154512502e-01 0.000000000000000000e+00 8.274301107154512502e-01 5.615687062874995528e-01 -0.000000000000000000e+00 0.000000000000000000e+00 0.000000000000000000e+00 1.000000000000000000e+00
2.600590172160033853e-01 5.355136677546282753e-01 -8.445265606527634361e-01 0.000000000000000000e+00 8.445265606527634361e-01 5.355136677546282753e-01 -0.000000000000000000e+00 0.000000000000000000e+00 0.000000000000000000e+00 1.000000000000000000e+00
2.651278172160032587e-01 5.083499903874447723e-01 -8.611505601653434150e-01 0.000000000000000000e+00 8.611505601653434150e-01 5.083499903874447723e-01 -0.000000000000000000e+00 0.000000000000000000e+00 0.000000000000000000e+00 1.000000000000000000e+00
2.701527772160031149e-01 4.809122613401387580e-01 -8.767687248600475325e-01 0.000000000000000000e+00 8.767687248600475325e-01 4.809122613401387580e-01 -0.000000000000000000e+00 0.000000000000000000e+00 0.000000000000000000e+00 1.000000000000000000e+00
2.750327772160031659e-01 4.538069914876572408e-01 -8.911000025120193735e-01 0.000000000000000000e+00 8.911000025120193735e-01 4.538069914876572408e-01 -0.000000000000000000e+00 0.000000000000000000e+00 0.000000000000000000e+00 1.000000000000000000e+00
2.800327772160026152e-01 4.255929376383279505e-01 -9.049147205302707775e-01 0.000000000000000000e+00 9.049147205302707775e-01 4.255929376383279505e-01 -0.000000000000000000e+00 0.000000000000000000e+00 0.000000000000000000e+00 1.000000000000000000e+00
2.850327772160020645e-01 3.969588749420073226e-01 -9.178363969710373604e-01 0.000000000000000000e+00 9.178363969710373604e-01 3.969588749420073226e-01 -0.000000000000000000e+00 0.000000000000000000e+00 0.000000000000000000e+00 1.000000000000000000e+00
2.900327772160015138e-01 3.679330617615448329e-01 -9.298522796997247264e-01 0.000000000000000000e+00 9.298522796997247264e-01 3.679330617615448329e-01 -0.000000000000000000e+00 0.000000000000000000e+00 0.000000000000000000e+00 1.000000000000000000e+00
2.950327772160009632e-01 3.385441430702210708e-01 -9.409505104907748274e-01 0.000000000000000000e+00 9.409505104907748274e-01 3.385441430702210708e-01 -0.000000000000000000e+00 0.000000000000000000e+00 0.000000000000000000e+00 1.000000000000000000e+00
3.000327772160004125e-01 3.088211221826163144e-01 -9.511201367303028231e-01 0.000000000000000000e+00 9.511201367303028231e-01 3.088211221826163144e-01 -0.000000000000000000e+00 0.000000000000000000e+00 0.000000000000000000e+00 1.000000000000000000e+00
3.050327772159998618e-01 2.787933321318437629e-01 -9.603511222250036283e-01 0.000000000000000000e+00 9.603511222250036283e-01 2.787933321318437629e-01 -0.000000000000000000e+00 0.000000000000000000e+00 0.000000000000000000e+00 1.000000000000000000e+00
3.100327772159993112e-01 2.484904067213836165e-01 -9.686343571066646785e-01 0.000000000000000000e+00 9.686343571066646785e-01 2.484904067213836165e-01 -0.000000000000000000e+00 0.000000000000000000e+00 0.000000000000000000e+00 1.000000000000000000e+00
3.150327772159987605e-01 2.179422512801003076e-01 -9.759616668225048475e-01 0.000000000000000000e+00 9.759616668225048475e-01 2.179422512801003076e-01 -0.000000000000000000e+00 0.000000000000000000e+00 0.000000000000000000e+00 1.000000000000000000e+00
3.200327772159982098e-01 1.871790131492900300e-01 -9.823258202024713892e-01 0.000000000000000000e+00 9.823258202024713892e-01 1.871790131492900300e-01 -0.000000000000000000e+00 0.000000000000000000e+00 0.000000000000000000e+00 1.000000000000000000e+00
3.250327772159976591e-01 1.562310519308975632e-01 -9.877205365955317173e-01 0.000000000000000000e+00 9.877205365955317173e-01 1.562310519308975632e-01 -0.000000000000000000e+00 0.000000000000000000e+00 0.000000000000000000e+00 1.000000000000000000e+00
3.300327772159971085e-01 1.251289095262532458e-01 -9.921404920679179895e-01 0.000000000000000000e+00 9.921404920679179895e-01 1.251289095262532458e-01 -0.000000000000000000e+00 0.000000000000000000e+00 0.000000000000000000e+00 1.000000000000000000e+00
3.350327772159965578e-01 9.390327999490245825e-02 -9.955813246572069453e-01 0.000000000000000000e+00 9.955813246572069453e-01 9.390327999490245825e-02 -0.000000000000000000e+00 0.000000000000000000e+00 0.000000000000000000e+00 1.000000000000000000e+00
3.400327772159960071e-01 6.258497926327709349e-02 -9.980396386770492567e-01 0.000000000000000000e+00 9.980396386770492567e-01 6.258497926327709349e-02 -0.000000000000000000e+00 0.000000000000000000e+00 0.000000000000000000e+00 1.000000000000000000e+00
3.450327772159954565e-01 3.120491471309543713e-02 -9.995130080683037876e-01 0.000000000000000000e+00 9.995130080683037876e-01 3.120491471309543713e-02 -0.000000000000000000e+00 0.000000000000000000e+00 0.000000000000000000e+00 1.000000000000000000e+00
3.500327772159949058e-01 -2.059453204934647962e-04 -9.999999787932620787e-01 0.000000000000000000e+00 9.999999787932620787e-01 -2.059453204934647962e-04 -0.000000000000000000e+00 0.000000000000000000e+00 0.000000000000000000e+00 1.000000000000000000e+00
3.550327772159943551e-01 -3.161660211091467387e-02 -9.995000702706130502e-01 0.000000000000000000e+00 9.995000702706130502e-01 -3.161660211091467387e-02 -0.000000000000000000e+00 0.000000000000000000e+00 0.000000000000000000e+00 1.000000000000000000e+00
3.600327772159938045e-01 -6.299605713217149017e-02 -9.980137758497125144e-01 0.000000000000000000e+00 9.980137758497125144e-01 -6.299605713217149017e-02 -0.000000000000000000e+00 0.000000000000000000e+00 0.000000000000000000e+00 1.000000000000000000e+00
3.650327772159932538e-01 -9.431334265064458822e-02 -9.955425623237119659e-01 0.000000000000000000e+00 9.955425623237119659e-01 -9.431334265064458822e-02 -0.000000000000000000e+00 0.000000000000000000e+00 0.000000000000000000e+00 1.000000000000000000e+00
3.700327772159927031e-01 -1.255375522865098126e-01 -9.920888684820082792e-01 0.000000000000000000e+00 9.920888684820082792e-01 -1.255375522865098126e-01 -0.000000000000000000e+00 0.000000000000000000e+00 0.000000000000000000e+00 1.000000000000000000e+00
3.751447772159927641e-01 -1.573328628194127221e-01 -9.875456294658225831e-01 0.000000000000000000e+00 9.875456294658225831e-01 -1.573328628194127221e-01 -0.000000000000000000e+00 0.000000000000000000e+00 0.000000000000000000e+00 1.000000000000000000e+00
3.801447772159922134e-01 -1.882747863949314204e-01 -9.821163906625034468e-01 0.000000000000000000e+00 9.821163906625034468e-01 -1.882747863949314204e-01 -0.000000000000000000e+00 0.000000000000000000e+00 0.000000000000000000e+00 1.000000000000000000e+00
3.851447772159916627e-01 -2.190309054869679362e-01 -9.757179215539495409e-01 0.000000000000000000e+00 9.757179215539495409e-01 -2.190309054869679362e-01 -0.000000000000000000e+00 0.000000000000000000e+00 0.000000000000000000e+00 1.000000000000000000e+00
3.901447772159911120e-01 -2.495708675192105375e-01 -9.683565366566742050e-01 0.000000000000000000e+00 9.683565366566742050e-01 -2.495708675192105375e-01 -0.000000000000000000e+00 0.000000000000000000e+00 0.000000000000000000e+00 1.000000000000000000e+00
3.951447772159905614e-01 -2.798645332362681426e-01 -9.600395007688204974e-01 0.000000000000000000e+00 9.600395007688204974e-01 -2.798645332362681426e-01 -0.000000000000000000e+00 0.000000000000000000e+00 0.000000000000000000e+00 1.000000000000000000e+00
4.001447772159900107e-01 -3.098820064474762104e-01 -9.507750218006816301e-01 0.000000000000000000e+00 9.507750218006816301e-01 -3.098820064474762104e-01 -0.000000000000000000e+00 0.000000000000000000e+00 0.000000000000000000e+00 1.000000000000000000e+00
4.051447772159894600e-01 -3.395936635308282603e-01 -9.405722426744851372e-01 0.000000000000000000e+00 9.405722426744851372e-01 -3.395936635308282603e-01 -0.000000000000000000e+00 0.000000000000000000e+00 0.000000000000000000e+00 1.000000000000000000e+00
4.100567772159890434e-01 -3.684562193616293668e-01 -9.296451013229376503e-01 0.000000000000000000e+00 9.296451013229376503e-01 -3.684562193616293668e-01 -0.000000000000000000e+00 0.000000000000000000e+00 0.000000000000000000e+00 1.000000000000000000e+00
4.151726172159890260e-01 -3.981430406292206792e-01 -9.173233449545032947e-01 0.000000000000000000e+00 9.173233449545032947e-01 -3.981430406292206792e-01 -0.000000000000000000e+00 0.000000000000000000e+00 0.000000000000000000e+00 1.000000000000000000e+00
4.200446172159891245e-01 -4.260329324505816029e-01 -9.047076546971170030e-01 0.000000000000000000e+00 9.047076546971170030e-01 -4.260329324505816029e-01 -0.000000000000000000e+00 0.000000000000000000e+00 0.000000000000000000e+00 1.000000000000000000e+00
4.250126172159887639e-01 -4.540611340188328016e-01 -8.909705306987045770e-01 0.000000000000000000e+00 8.909705306987045770e-01 -4.540611340188328016e-01 -0.000000000000000000e+00 0.000000000000000000e+00 0.000000000000000000e+00 1.000000000000000000e+00
4.300126172159882132e-01 -4.818231429444128633e-01 -8.762684856384872489e-01 0.000000000000000000e+00 8.762684856384872489e-01 -4.818231429444128633e-01 -0.000000000000000000e+00 0.000000000000000000e+00 0.000000000000000000e+00 1.000000000000000000e+00
4.350126172159876625e-01 -5.091096505991202781e-01 -8.607016693761210258e-01 0.000000000000000000e+00 8.607016693761210258e-01 -5.091096505991202781e-01 -0.000000000000000000e+00 0.000000000000000000e+00 0.000000000000000000e+00 1.000000000000000000e+00
4.400126172159871119e-01 -5.358937284942395518e-01 -8.442854444798526536e-01 0.000000000000000000e+00 8.442854444798526536e-01 -5.358937284942395518e-01 -0.000000000000000000e+00 0.000000000000000000e+00 0.000000000000000000e+00 1.000000000000000000e+00
4.451646172159869352e-01 -5.629385434065564686e-01 -8.264987576199400721e-01 0.000000000000000000e+00 8.264987576199400721e-01 -5.629385434065564686e-01 -0.000000000000000000e+00 0.000000000000000000e+00 0.000000000000000000e+00 1.000000000000000000e+00
4.501326172159865746e-01 -5.884591684809737933e-01 -8.085269364904801304e-01 0.000000000000000000e+00 8.085269364904801304e-01 -5.884591684809737933e-01 -0.000000000000000000e+00 0.000000000000000000e+00 0.000000000000000000e+00 1.000000000000000000e+00
4.551326172159860239e-01 -6.135652442143733065e-01 -7.896440280861728445e-01 0.000000000000000000e+00 7.896440280861728445e-01 -6.135652442143733065e-01 -0.000000000000000000e+00 0.000000000000000000e+00 0.000000000000000000e+00 1.000000000000000000e+00
4.601326172159854733e-01 -6.380658051283633059e-01 -7.699818363610232419e-01 0.000000000000000000e+00 7.699818363610232419e-01 -6.380658051283633059e-01 -0.000000000000000000e+00 0.000000000000000000e+00 0.000000000000000000e+00 1.000000000000000000e+00
4.651326172159849226e-01 -6.619366721273101106e-01 -7.495597655244190527e-01 0.000000000000000000e+00 7.495597655244190527e-01 -6.619366721273101106e-01 -0.000000000000000000e+00 0.000000000000000000e+00 0.000000000000000000e+00 1.000000000000000000e+00
4.701326172159843719e-01 -6.851542875474498917e-01 -7.283979696946899507e-01 0.000000000000000000e+00 7.283979696946899507e-01 -6.851542875474498917e-01 -0.000000000000000000e+00 0.000000000000000000e+00 0.000000000000000000e+00 1.000000000000000000e+00
4.751326172159838213e-01 -7.076957384054600730e-01 -7.065173330094249859e-01 0.000000000000000000e+00 7.065173330094249859e-01 -7.076957384054600730e-01 -0.000000000000000000e+00 0.000000000000000000e+00 0.000000000000000000e+00 1.000000000000000000e+00
4.801326172159832706e-01 -7.295387790108065484e-01 -6.839394490153508643e-01 0.000000000000000000e+00 6.839394490153508643e-01 -7.295387790108065484e-01 -0.000000000000000000e+00 0.000000000000000000e+00 0.000000000000000000e+00 1.000000000000000000e+00
4.851326172159827199e-01 -7.506618529195536738e-01 -6.606865993581090279e-01 0.000000000000000000e+00 6.606865993581090279e-01 -7.506618529195536738e-01 -0.000000000000000000e+00 0.000000000000000000e+00 0.000000000000000000e+00 1.000000000000000000e+00
4.901326172159821692e-01 -7.710441142079728083e-01 -6.367817317929610477e-01 0.000000000000000000e+00 6.367817317929610477e-01 -7.710441142079728083e-01 -0.000000000000000000e+00 0.000000000000000000e+00 0.000000000000000000e+00 1.000000000000000000e+00
4.951326172159816186e-01 -7.906654480449535338e-01 -6.122484375381234134e-01 0.000000000000000000e+00 6.122484375381234134e-01 -7.906654480449535338e-01 -0.000000000000000000e+00 0.000000000000000000e+00 0.000000000000000000e+00 1.000000000000000000e+00
5.001326172159811234e-01 -8.095064905429096846e-01 -5.871109279930855074e-01 0.000000000000000000e+00 5.871109279930855074e-01 -8.095064905429096846e-01 -0.000000000000000000e+00 0.000000000000000000e+00 0.000000000000000000e+00 1.000000000000000000e+00
5.051326172159805727e-01 -8.275486478676032931e-01 -5.613940108448798316e-01 0.000000000000000000e+00 5.613940108448798316e-01 -8.275486478676032931e-01 -0.000000000000000000e+00 0.000000000000000000e+00 0.000000000000000000e+00 1.000000000000000000e+00
5.101326172159800221e-01 -8.447741145880112157e-01 -5.351230655858906227e-01 0.000000000000000000e+00 5.351230655858906227e-01 -8.447741145880112157e-01 -0.000000000000000000e+00 0.000000000000000000e+00 0.000000000000000000e+00 1.000000000000000000e+00
5.151326172159794714e-01 -8.611658912481354733e-01 -5.083240184673594175e-01 0.000000000000000000e+00 5.083240184673594175e-01 -8.611658912481354733e-01 -0.000000000000000000e+00 0.000000000000000000e+00 0.000000000000000000e+00 1.000000000000000000e+00
5.201326172159789207e-01 -8.767078011434162876e-01 -4.810233169133031339e-01 0.000000000000000000e+00 4.810233169133031339e-01 -8.767078011434162876e-01 -0.000000000000000000e+00 0.000000000000000000e+00 0.000000000000000000e+00 1.000000000000000000e+00
5.250734172159791102e-01 -8.912158524625625189e-01 -4.535794355120474353e-01 0.000000000000000000e+00 4.535794355120474353e-01 -8.912158524625625189e-01 -0.000000000000000000e+00 0.000000000000000000e+00 0.000000000000000000e+00 1.000000000000000000e+00
5.301918172159788556e-01 -9.053395542261040152e-01 -4.246884641165559193e-01 0.000000000000000000e+00 4.246884641165559193e-01 -9.053395542261040152e-01 -0.000000000000000000e+00 0.000000000000000000e+00 0.000000000000000000e+00 1.000000000000000000e+00
5.351918172159783049e-01 -9.182326108372019791e-01 -3.960415033744514313e-01 0.000000000000000000e+00 3.960415033744514313e-01 -9.182326108372019791e-01 -0.000000000000000000e+00 0.000000000000000000e+00 0.000000000000000000e+00 1.000000000000000000e+00
5.401918172159777543e-01 -9.302194827209704364e-01 -3.670036974831862309e-01 0.000000000000000000e+00 3.670036974831862309e-01 -9.302194827209704364e-01 -0.000000000000000000e+00 0.000000000000000000e+00 0.000000000000000000e+00 1.000000000000000000e+00
5.451918172159772036e-01 -9.412883402820526602e-01 -3.376037032513985459e-01 0.000000000000000000e+00 3.376037032513985459e-01 -9.412883402820526602e-01 -0.000000000000000000e+00 0.000000000000000000e+00 0.000000000000000000e+00 1.000000000000000000e+00
5.501918172159766529e-01 -9.514282598943952785e-01 -3.078705349238912148e-01 0.000000000000000000e+00 3.078705349238912148e-01 -9.514282598943952785e-01 -0.000000000000000000e+00 0.000000000000000000e+00 0.000000000000000000e+00 1.000000000000000000e+00
5.551518172159765063e-01 -9.605593771594506114e-01 -2.780749592305071793e-01 0.000000000000000000e+00 2.780749592305071793e-01 -9.605593771594506114e-01 -0.000000000000000000e+00 0.000000000000000000e+00 0.000000000000000000e+00 1.000000000000000000e+00
5.601118172159761377e-01 -9.687576436952729519e-01 -2.480093300301078330e-01 0.000000000000000000e+00 2.480093300301078330e-01 -9.687576436952729519e-01 -0.000000000000000000e+00 0.000000000000000000e+00 0.000000000000000000e+00 1.000000000000000000e+00
5.651118172159755870e-01 -9.760697815925762910e-01 -2.174575394457983479e-01 0.000000000000000000e+00 2.174575394457983479e-01 -9.760697815925762910e-01 -0.000000000000000000e+00 0.000000000000000000e+00 0.000000000000000000e+00 1.000000000000000000e+00
5.701118172159750364e-01 -9.824186564577804814e-01 -1.866911445240232448e-01 0.000000000000000000e+00 1.866911445240232448e-01 -9.824186564577804814e-01 -0.000000000000000000e+00 0.000000000000000000e+00 0.000000000000000000e+00 1.000000000000000000e+00
5.751118172159744857e-01 -9.877980027179027456e-01 -1.557405079820975702e-01 0.000000000000000000e+00 1.557405079820975702e-01 -9.877980027179027456e-01 -0.000000000000000000e+00 0.000000000000000000e+00 0.000000000000000000e+00 1.000000000000000000e+00
5.801118172159739350e-01 -9.922025116076410578e-01 -1.246361743615730100e-01 0.000000000000000000e+00 1.246361743615730100e-01 -9.922025116076410578e-01 -0.000000000000000000e+00 0.000000000000000000e+00 0.000000000000000000e+00 1.000000000000000000e+00
5.851118172159733843e-01 -9.956278364084838461e-01 -9.340883988446171959e-02 0.000000000000000000e+00 9.340883988446171959e-02 -9.956278364084838461e-01 -0.000000000000000000e+00 0.000000000000000000e+00 0.000000000000000000e+00 1.000000000000000000e+00
5.901118172159728337e-01 -9.980705967383972643e-01 -6.208932215976994268e-02 0.000000000000000000e+00 6.208932215976994268e-02 -9.980705967383972643e-01 -0.000000000000000000e+00 0.000000000000000000e+00 0.000000000000000000e+00 1.000000000000000000e+00
5.951118172159722830e-01 -9.995283818878534232e-01 -3.070852977024164307e-02 0.000000000000000000e+00 3.070852977024164307e-02 -9.995283818878534232e-01 -0.000000000000000000e+00 0.000000000000000000e+00 0.000000000000000000e+00 1.000000000000000000e+00
6.001118172159717323e-01 -9.999997531989101018e-01 7.025682306845888216e-04 0.000000000000000000e+00 -7.025682306845888216e-04 -9.999997531989101018e-01 -0.000000000000000000e+00 0.000000000000000000e+00 -0.000000000000000000e+00 1.000000000000000000e+00
6.051118172159711817e-01 -9.994842454849935942e-01 3.211297288158922181e-02 0.000000000000000000e+00 -3.211297288158922181e-02 -9.994842454849935942e-01 -0.000000000000000000e+00 0.000000000000000000e+00 -0.000000000000000000e+00 1.000000000000000000e+00
6.101118172159706310e-01 -9.979823674899783725e-01 6.349168590530550327e-02 0.000000000000000000e+00 -6.349168590530550327e-02 -9.979823674899783725e-01 -0.000000000000000000e+00 0.000000000000000000e+00 -0.000000000000000000e+00 1.000000000000000000e+00
6.151118172159700803e-01 -9.954956013861221420e-01 9.480774030047782464e-02 0.000000000000000000e+00 -9.480774030047782464e-02 -9.954956013861221420e-01 -0.000000000000000000e+00 0.000000000000000000e+00 -0.000000000000000000e+00 1.000000000000000000e+00
6.200353481113295429e-01 -9.920868404927949413e-01 1.255535778901717969e-01 0.000000000000000000e+00 -1.255535778901717969e-01 -9.920868404927949413e-01 -0.000000000000000000e+00 0.000000000000000000e+00 -0.000000000000000000e+00 1.000000000000000000e+00
6.251493656706769153e-01 -9.875410931315038443e-01 1.573613338041916221e-01 0.000000000000000000e+00 -1.573613338041916221e-01 -9.875410931315038443e-01 -0.000000000000000000e+00 0.000000000000000000e+00 -0.000000000000000000e+00 1.000000000000000000e+00
6.300886750183115614e-01 -9.821826966010316351e-01 1.879285781820477508e-01 0.000000000000000000e+00 -1.879285781820477508e-01 -9.821826966010316351e-01 -0.000000000000000000e+00 0.000000000000000000e+00 -0.000000000000000000e+00 1.000000000000000000e+00
6.350886750183110108e-01 -9.757950694372654610e-01 2.186869508267991757e-01 0.000000000000000000e+00 -2.186869508267991757e-01 -9.757950694372654610e-01 -0.000000000000000000e+00 0.000000000000000000e+00 -0.000000000000000000e+00 1.000000000000000000e+00
6.400886750183104601e-01 -9.684444503491309586e-01 2.492295058534801655e-01 0.000000000000000000e+00 -2.492295058534801655e-01 -9.684444503491309586e-01 -0.000000000000000000e+00 0.000000000000000000e+00 -0.000000000000000000e+00 1.000000000000000000e+00
6.451206750183101635e-01 -9.600818720459780575e-01 2.797191430143645130e-01 0.000000000000000000e+00 -2.797191430143645130e-01 -9.600818720459780575e-01 -0.000000000000000000e+00 0.000000000000000000e+00 -0.000000000000000000e+00 1.000000000000000000e+00
6.501078750183102439e-01 -9.508468465218768984e-01 3.096615482416289478e-01 0.000000000000000000e+00 -3.096615482416289478e-01 -9.508468465218768984e-01 -0.000000000000000000e+00 0.000000000000000000e+00 -0.000000000000000000e+00 1.000000000000000000e+00
6.551078750183096933e-01 -9.406509567141068118e-01 3.393755701768111921e-01 0.000000000000000000e+00 -3.393755701768111921e-01 -9.406509567141068118e-01 -0.000000000000000000e+00 0.000000000000000000e+00 -0.000000000000000000e+00 1.000000000000000000e+00
6.601078750183091426e-01 -9.295267579782265921e-01 3.687546693975377599e-01 0.000000000000000000e+00 -3.687546693975377599e-01 -9.295267579782265921e-01 -0.000000000000000000e+00 0.000000000000000000e+00 -0.000000000000000000e+00 1.000000000000000000e+00
6.651078750183085919e-01 -9.174852285553471987e-01 3.977698522798601699e-01 0.000000000000000000e+00 -3.977698522798601699e-01 -9.174852285553471987e-01 -0.000000000000000000e+00 0.000000000000000000e+00 -0.000000000000000000e+00 1.000000000000000000e+00
6.701798750183090014e-01 -9.043452640126794506e-01 4.268016441601852340e-01 0.000000000000000000e+00 -4.268016441601852340e-01 -9.043452640126794506e-01 -0.000000000000000000e+00 0.000000000000000000e+00 -0.000000000000000000e+00 1.000000000000000000e+00
6.751398750183092989e-01 -8.906071857446080653e-01 4.547733948903221468e-01 0.000000000000000000e+00 -4.547733948903221468e-01 -8.906071857446080653e-01 -0.000000000000000000e+00 0.000000000000000000e+00 -0.000000000000000000e+00 1.000000000000000000e+00
6.801398750183087483e-01 -8.758829473185568704e-01 4.825236394173429422e-01 0.000000000000000000e+00 -4.825236394173429422e-01 -8.758829473185568704e-01 -0.000000000000000000e+00 0.000000000000000000e+00 -0.000000000000000000e+00 1.000000000000000000e+00
6.850118750183088467e-01 -8.607040435311680282e-01 5.091056368270702182e-01 0.000000000000000000e+00 -5.091056368270702182e-01 -8.607040435311680282e-01 -0.000000000000000000e+00 0.000000000000000000e+00 -0.000000000000000000e+00 1.000000000000000000e+00
6.900358750183085421e-01 -8.442071236632506803e-01 5.360171008057679209e-01 0.000000000000000000e+00 -5.360171008057679209e-01 -8.442071236632506803e-01 -0.000000000000000000e+00 0.000000000000000000e+00 -0.000000000000000000e+00 1.000000000000000000e+00
6.950043230183081677e-01 -8.270653064780054686e-01 5.621058430762329028e-01 0.000000000000000000e+00 -5.621058430762329028e-01 -8.270653064780054686e-01 -0.000000000000000000e+00 0.000000000000000000e+00 -0.000000000000000000e+00 1.000000000000000000e+00
7.000687070183083671e-01 -8.087631727337525334e-01 5.881344492797833112e-01 0.000000000000000000e+00 -5.881344492797833112e-01 -8.087631727337525334e-01 -0.000000000000000000e+00 0.000000000000000000e+00 -0.000000000000000000e+00 1.000000000000000000e+00
7.051807070183083725e-01 -7.894585989231512890e-01 6.138038127824679835e-01 0.000000000000000000e+00 -6.138038127824679835e-01 -7.894585989231512890e-01 -0.000000000000000000e+00 0.000000000000000000e+00 -0.000000000000000000e+00 1.000000000000000000e+00
7.101807070183078219e-01 -7.697890050762843384e-01 6.382984315065050041e-01 0.000000000000000000e+00 -6.382984315065050041e-01 -7.697890050762843384e-01 -0.000000000000000000e+00 0.000000000000000000e+00 -0.000000000000000000e+00 1.000000000000000000e+00
7.150207070183075553e-01 -7.500250226184247415e-01 6.614094537018893050e-01 0.000000000000000000e+00 -6.614094537018893050e-01 -7.500250226184247415e-01 -0.000000000000000000e+00 0.000000000000000000e+00 -0.000000000000000000e+00 1.000000000000000000e+00
7.201048670183075595e-01 -7.285174218729946194e-01 6.850272739296775493e-01 0.000000000000000000e+00 -6.850272739296775493e-01 -7.285174218729946194e-01 -0.000000000000000000e+00 0.000000000000000000e+00 -0.000000000000000000e+00 1.000000000000000000e+00
7.250479070183076802e-01 -7.068939038813683018e-01 7.073195944234533794e-01 0.000000000000000000e+00 -7.073195944234533794e-01 -7.068939038813683018e-01 -0.000000000000000000e+00 0.000000000000000000e+00 -0.000000000000000000e+00 1.000000000000000000e+00
7.301228510183078724e-01 -6.839842142915573131e-01 7.294968091773679220e-01 0.000000000000000000e+00 -7.294968091773679220e-01 -6.839842142915573131e-01 -0.000000000000000000e+00 0.000000000000000000e+00 -0.000000000000000000e+00 1.000000000000000000e+00
7.350225956539910843e-01 -6.612053633795038632e-01 7.502049502890385524e-01 0.000000000000000000e+00 -7.502049502890385524e-01 -6.612053633795038632e-01 -0.000000000000000000e+00 0.000000000000000000e+00 -0.000000000000000000e+00 1.000000000000000000e+00
7.400883393367400087e-01 -6.369962163387570264e-01 7.708669277963010602e-01 0.000000000000000000e+00 -7.708669277963010602e-01 -6.369962163387570264e-01 -0.000000000000000000e+00 0.000000000000000000e+00 -0.000000000000000000e+00 1.000000000000000000e+00
7.450231703828260610e-01 -6.127920133818594017e-01 7.902442333452406320e-01 0.000000000000000000e+00 -7.902442333452406320e-01 -6.127920133818594017e-01 -0.000000000000000000e+00 0.000000000000000000e+00 -0.000000000000000000e+00 1.000000000000000000e+00
7.500290575794881232e-01 -5.876375369015326422e-01 8.091242952873803906e-01 0.000000000000000000e+00 -8.091242952873803906e-01 -5.876375369015326422e-01 -0.000000000000000000e+00 0.000000000000000000e+00 -0.000000000000000000e+00 1.000000000000000000e+00
7.551490575794881366e-01 -5.613085238534141208e-01 8.276066342469116099e-01 0.000000000000000000e+00 -8.276066342469116099e-01 -5.613085238534141208e-01 -0.000000000000000000e+00 0.000000000000000000e+00 -0.000000000000000000e+00 1.000000000000000000e+00
7.601490575794875859e-01 -5.350357993809048418e-01 8.448293871432479563e-01 0.000000000000000000e+00 -8.448293871432479563e-01 -5.350357993809048418e-01 -0.000000000000000000e+00 0.000000000000000000e+00 -0.000000000000000000e+00 1.000000000000000000e+00
7.651490575794870352e-01 -5.082350591700609543e-01 8.612183954319626578e-01 0.000000000000000000e+00 -8.612183954319626578e-01 -5.082350591700609543e-01 -0.000000000000000000e+00 0.000000000000000000e+00 -0.000000000000000000e+00 1.000000000000000000e+00
7.701490575794864846e-01 -4.809327523157793660e-01 8.767574851405426362e-01 0.000000000000000000e+00 -8.767574851405426362e-01 -4.809327523157793660e-01 -0.000000000000000000e+00 0.000000000000000000e+00 -0.000000000000000000e+00 1.000000000000000000e+00
7.751490575794859339e-01 -4.531558228986770631e-01 8.914313210635032014e-01 0.000000000000000000e+00 -8.914313210635032014e-01 -4.531558228986770631e-01 -0.000000000000000000e+00 0.000000000000000000e+00 -0.000000000000000000e+00 1.000000000000000000e+00
7.800141840650317571e-01 -4.256986506839168793e-01 9.048649947952966954e-01 0.000000000000000000e+00 -9.048649947952966954e-01 -4.256986506839168793e-01 -0.000000000000000000e+00 0.000000000000000000e+00 -0.000000000000000000e+00 1.000000000000000000e+00
7.850481570024642197e-01 -3.968701788419762289e-01 9.178747524286402504e-01 0.000000000000000000e+00 -9.178747524286402504e-01 -3.968701788419762289e-01 -0.000000000000000000e+00 0.000000000000000000e+00 -0.000000000000000000e+00 1.000000000000000000e+00
7.901415102799077550e-01 -3.672977101756117468e-01 9.301034308611877410e-01 0.000000000000000000e+00 -9.301034308611877410e-01 -3.672977101756117468e-01 -0.000000000000000000e+00 0.000000000000000000e+00 -0.000000000000000000e+00 1.000000000000000000e+00
7.950930212474068837e-01 -3.381879460856788699e-01 9.410785903006985142e-01 0.000000000000000000e+00 -9.410785903006985142e-01 -3.381879460856788699e-01 -0.000000000000000000e+00 0.000000000000000000e+00 -0.000000000000000000e+00 1.000000000000000000e+00
8.000930212474063330e-01 -3.084610778757320704e-01 9.512369649229059920e-01 0.000000000000000000e+00 -9.512369649229059920e-01 -3.084610778757320704e-01 -0.000000000000000000e+00 0.000000000000000000e+00 -0.000000000000000000e+00 1.000000000000000000e+00
8.050930212474057823e-01 -2.784297958228791892e-01 9.604565835049652112e-01 0.000000000000000000e+00 -9.604565835049652112e-01 -2.784297958228791892e-01 -0.000000000000000000e+00 0.000000000000000000e+00 -0.000000000000000000e+00 1.000000000000000000e+00
8.100930212474052317e-01 -2.481237371767858746e-01 9.687283473964336533e-01 0.000000000000000000e+00 -9.687283473964336533e-01 -2.481237371767858746e-01 -0.000000000000000000e+00 0.000000000000000000e+00 -0.000000000000000000e+00 1.000000000000000000e+00
8.151138212474052791e-01 -2.174452490498772761e-01 9.760725196754784783e-01 0.000000000000000000e+00 -9.760725196754784783e-01 -2.174452490498772761e-01 -0.000000000000000000e+00 0.000000000000000000e+00 -0.000000000000000000e+00 1.000000000000000000e+00
8.200322212474050465e-01 -1.871824446614507309e-01 9.823251663326981742e-01 0.000000000000000000e+00 -9.823251663326981742e-01 -1.871824446614507309e-01 -0.000000000000000000e+00 0.000000000000000000e+00 -0.000000000000000000e+00 1.000000000000000000e+00
8.250818212474051450e-01 -1.559266757307318507e-01 9.877686327250745357e-01 0.000000000000000000e+00 -9.877686327250745357e-01 -1.559266757307318507e-01 -0.000000000000000000e+00 0.000000000000000000e+00 -0.000000000000000000e+00 1.000000000000000000e+00
8.300930212474049164e-01 -1.247533511735799544e-01 9.921877853365064226e-01 0.000000000000000000e+00 -9.921877853365064226e-01 -1.247533511735799544e-01 -0.000000000000000000e+00 0.000000000000000000e+00 -0.000000000000000000e+00 1.000000000000000000e+00
8.350930212474043657e-01 -9.352642144014013115e-02 9.956167980164865039e-01 0.000000000000000000e+00 -9.956167980164865039e-01 -9.352642144014013115e-02 -0.000000000000000000e+00 0.000000000000000000e+00 -0.000000000000000000e+00 1.000000000000000000e+00
8.400930212474038150e-01 -6.220719242032060614e-02 9.980632571190973801e-01 0.000000000000000000e+00 -9.980632571190973801e-01 -6.220719242032060614e-02 -0.000000000000000000e+00 0.000000000000000000e+00 -0.000000000000000000e+00 1.000000000000000000e+00
8.451330212474041925e-01 -3.057536347249533923e-02 9.995324642794375380e-01 0.000000000000000000e+00 -9.995324642794375380e-01 -3.057536347249533923e-02 -0.000000000000000000e+00 0.000000000000000000e+00 -0.000000000000000000e+00 1.000000000000000000e+00
8.500930212474034908e-01 5.844697016632229708e-04 9.999998291975691345e-01 0.000000000000000000e+00 -9.999998291975691345e-01 5.844697016632229708e-04 -0.000000000000000000e+00 -0.000000000000000000e+00 0.000000000000000000e+00 1.000000000000000000e+00
8.550518436474032757e-01 3.173633991490100448e-02 9.994962754952148032e-01 0.000000000000000000e+00 -9.994962754952148032e-01 3.173633991490100448e-02 -0.000000000000000000e+00 -0.000000000000000000e+00 0.000000000000000000e+00 1.000000000000000000e+00
8.600789632634040505e-01 6.328567357673438309e-02 9.979954526549401628e-01 0.000000000000000000e+00 -9.979954526549401628e-01 6.328567357673438309e-02 -0.000000000000000000e+00 -0.000000000000000000e+00 0.000000000000000000e+00 1.000000000000000000e+00
8.651189632634044280e-01 9.485243789791125701e-02 9.954913435207877193e-01 0.000000000000000000e+00 -9.954913435207877193e-01 9.485243789791125701e-02 -0.000000000000000000e+00 -0.000000000000000000e+00 0.000000000000000000e+00 1.000000000000000000e+00
8.701573632634040933e-01 1.263141181550765102e-01 9.919902940829135041e-01 0.000000000000000000e+00 -9.919902940829135041e-01 1.263141181550765102e-01 -0.000000000000000000e+00 -0.000000000000000000e+00 0.000000000000000000e+00 1.000000000000000000e+00
8.750373632634040888e-01 1.566663307460604004e-01 9.876515887753969380e-01 0.000000000000000000e+00 -9.876515887753969380e-01 1.566663307460604004e-01 -0.000000000000000000e+00 -0.000000000000000000e+00 0.000000000000000000e+00 1.000000000000000000e+00
8.801717632634039612e-01 1.884413097092242084e-01 9.820844529851148197e-01 0.000000000000000000e+00 -9.820844529851148197e-01 1.884413097092242084e-01 -0.000000000000000000e+00 -0.000000000000000000e+00 0.000000000000000000e+00 1.000000000000000000e+00
8.851717632634034105e-01 2.191963434453674531e-01 9.756807690121707122e-01 0.000000000000000000e+00 -9.756807690121707122e-01 2.191963434453674531e-01 -0.000000000000000000e+00 -0.000000000000000000e+00 0.000000000000000000e+00 1.000000000000000000e+00
8.901717632634028599e-01 2.497350568544262905e-01 9.683142059155782633e-01 0.000000000000000000e+00 -9.683142059155782633e-01 2.497350568544262905e-01 -0.000000000000000000e+00 -0.000000000000000000e+00 0.000000000000000000e+00 1.000000000000000000e+00
8.951717632634023092e-01 2.800273119132478117e-01 9.599920336037381929e-01 0.000000000000000000e+00 -9.599920336037381929e-01 2.800273119132478117e-01 -0.000000000000000000e+00 -0.000000000000000000e+00 0.000000000000000000e+00 1.000000000000000000e+00
9.001717632634017585e-01 3.100432138233180646e-01 9.507224650559743528e-01 0.000000000000000000e+00 -9.507224650559743528e-01 3.100432138233180646e-01 -0.000000000000000000e+00 -0.000000000000000000e+00 0.000000000000000000e+00 1.000000000000000000e+00
9.051717632634019850e-01 3.397531405133214499e-01 9.405146482173125655e-01 0.000000000000000000e+00 -9.405146482173125655e-01 3.397531405133214499e-01 -0.000000000000000000e+00 -0.000000000000000000e+00 0.000000000000000000e+00 1.000000000000000000e+00
9.100101632634012283e-01 3.681839252915443117e-01 9.297529764173440014e-01 0.000000000000000000e+00 -9.297529764173440014e-01 3.681839252915443117e-01 -0.000000000000000000e+00 -0.000000000000000000e+00 0.000000000000000000e+00 1.000000000000000000e+00
9.150533632634010317e-01 3.974555834216136896e-01 9.176214138777409879e-01 0.000000000000000000e+00 -9.176214138777409879e-01 3.974555834216136896e-01 -0.000000000000000000e+00 -0.000000000000000000e+00 0.000000000000000000e+00 1.000000000000000000e+00
9.200533632634004810e-01 4.260826482401347537e-01 9.046842415277682736e-01 0.000000000000000000e+00 -9.046842415277682736e-01 4.260826482401347537e-01 -0.000000000000000000e+00 -0.000000000000000000e+00 0.000000000000000000e+00 1.000000000000000000e+00
9.250533632633999304e-01 4.542892209264235981e-01 8.908542550552602801e-01 0.000000000000000000e+00 -8.908542550552602801e-01 4.542892209264235981e-01 -0.000000000000000000e+00 -0.000000000000000000e+00 0.000000000000000000e+00 1.000000000000000000e+00
9.300533632633993797e-01 4.820474649986605242e-01 8.761451029871507590e-01 0.000000000000000000e+00 -8.761451029871507590e-01 4.820474649986605242e-01 -0.000000000000000000e+00 -0.000000000000000000e+00 0.000000000000000000e+00 1.000000000000000000e+00
9.350533632633988290e-01 5.093299864212396111e-01 8.605713014806731787e-01 0.000000000000000000e+00 -8.605713014806731787e-01 5.093299864212396111e-01 -0.000000000000000000e+00 -0.000000000000000000e+00 0.000000000000000000e+00 1.000000000000000000e+00
9.400533632633982783e-01 5.361098606393762678e-01 8.441482199976663159e-01 0.000000000000000000e+00 -8.441482199976663159e-01 5.361098606393762678e-01 -0.000000000000000000e+00 -0.000000000000000000e+00 0.000000000000000000e+00 1.000000000000000000e+00
9.450533632633977277e-01 5.623606591503891305e-01 8.268920661367720193e-01 0.000000000000000000e+00 -8.268920661367720193e-01 5.623606591503891305e-01 -0.000000000000000000e+00 -0.000000000000000000e+00 0.000000000000000000e+00 1.000000000000000000e+00
9.500533632633971770e-01 5.880564755854458259e-01 8.088198696384899522e-01 0.000000000000000000e+00 -8.088198696384899522e-01 5.880564755854458259e-01 -0.000000000000000000e+00 -0.000000000000000000e+00 0.000000000000000000e+00 1.000000000000000000e+00
9.550533632633966263e-01 6.131719512760193114e-01 7.899494655788805719e-01 0.000000000000000000e+00 -7.899494655788805719e-01 6.131719512760193114e-01 -0.000000000000000000e+00 -0.000000000000000000e+00 0.000000000000000000e+00 1.000000000000000000e+00
9.600533632633967418e-01 6.376823002798329698e-01 7.702994767684974153e-01 0.000000000000000000e+00 -7.702994767684974153e-01 6.376823002798329698e-01 -0.000000000000000000e+00 -0.000000000000000000e+00 0.000000000000000000e+00 1.000000000000000000e+00
9.651413632633962791e-01 6.619778617130407383e-01 7.495233889624995927e-01 0.000000000000000000e+00 -7.495233889624995927e-01 6.619778617130407383e-01 -0.000000000000000000e+00 -0.000000000000000000e+00 0.000000000000000000e+00 1.000000000000000000e+00
9.701413632633957285e-01 6.851943141931838843e-01 7.283603172862539443e-01 0.000000000000000000e+00 -7.283603172862539443e-01 6.851943141931838843e-01 -0.000000000000000000e+00 -0.000000000000000000e+00 0.000000000000000000e+00 1.000000000000000000e+00
9.751413632633951778e-01 7.077345626097312214e-01 7.064784419128531390e-01 0.000000000000000000e+00 -7.064784419128531390e-01 7.077345626097312214e-01 -0.000000000000000000e+00 -0.000000000000000000e+00 0.000000000000000000e+00 1.000000000000000000e+00
9.801413632633946271e-01 7.295763624588115226e-01 6.838993576114610340e-01 0.000000000000000000e+00 -6.838993576114610340e-01 7.295763624588115226e-01 -0.000000000000000000e+00 -0.000000000000000000e+00 0.000000000000000000e+00 1.000000000000000000e+00
9.850853632633946866e-01 7.504656584561535393e-01 6.609094457472762807e-01 0.000000000000000000e+00 -6.609094457472762807e-01 7.504656584561535393e-01 -0.000000000000000000e+00 -0.000000000000000000e+00 0.000000000000000000e+00 1.000000000000000000e+00
9.900133632633940639e-01 7.705667606384660751e-01 6.373592922356596802e-01 0.000000000000000000e+00 -6.373592922356596802e-01 7.705667606384660751e-01 -0.000000000000000000e+00 -0.000000000000000000e+00 0.000000000000000000e+00 1.000000000000000000e+00
9.950213632633946315e-01 7.902372753680598771e-01 6.128009861438419303e-01 0.000000000000000000e+00 -6.128009861438419303e-01 7.902372753680598771e-01 -0.000000000000000000e+00 -0.000000000000000000e+00 0.000000000000000000e+00 1.000000000000000000e+00
1.000000000000000000e+00 8.090169943749474513e-01 5.877852522924732481e-01 0.000000000000000000e+00 -5.877852522924732481e-01 8.090169943749474513e-01 -0.000000000000000000e+00 -0.000000000000000000e+00 0.000000000000000000e+00 1.000000000000000000e+00
