time R11 R12 R13 R21 R22 R23 R31 R32 R33
0.000000000000000000e+00 1.000000000000000000e+00 -0.000000000000000000e+00 0.000000000000000000e+00 0.000000000000000000e+00 1.000000000000000000e+00 -0.000000000000000000e+00 0.000000000000000000e+00 0.000000000000000000e+00 1.000000000000000000e+00
5.040000000000002811e-03 9.999999908184983299e-01 1.355101583489566771e-04 0.000000000000000000e+00 -1.355101583489566771e-04 9.999999908184983299e-01 -0.000000000000000000e+00 -0.000000000000000000e+00 0.000000000000000000e+00 1.000000000000000000e+00
1.013600000000001305e-02 9.999999914309889437e-01 1.309122680894871701e-04 0.000000000000000000e+00 -1.309122680894871701e-04 9.999999914309889437e-01 -0.000000000000000000e+00 -0.000000000000000000e+00 0.000000000000000000e+00 1.000000000000000000e+00
1.513600000000002617e-02 9.999999936334085238e-01 1.128414054921157819e-04 0.000000000000000000e+00 -1.128414054921157819e-04 9.999999936334085238e-01 -0.000000000000000000e+00 -0.000000000000000000e+00 0.000000000000000000e+00 1.000000000000000000e+00
2.013600000000000112e-02 9.999999961355883205e-01 8.791372486097546589e-05 0.000000000000000000e+00 -8.791372486097546589e-05 9.999999961355883205e-01 -0.000000000000000000e+00 -0.000000000000000000e+00 0.000000000000000000e+00 1.000000000000000000e+00
2.513599999999997087e-02 9.999999984078797866e-01 5.642907281874459631e-05 0.000000000000000000e+00 -5.642907281874459631e-05 9.999999984078797866e-01 -0.000000000000000000e+00 -0.000000000000000000e+00 0.000000000000000000e+00 1.000000000000000000e+00
3.013599999999994061e-02 9.999999998372870458e-01 1.803955940244479473e-05 0.000000000000000000e+00 -1.803955940244479473e-05 9.999999998372870458e-01 -0.000000000000000000e+00 -0.000000000000000000e+00 0.000000000000000000e+00 1.000000000000000000e+00
3.513599999999991036e-02 9.999999996234500976e-01 -2.744266054982440171e-05 0.000000000000000000e+00 2.744266054982440171e-05 9.999999996234500976e-01 -0.000000000000000000e+00 0.000000000000000000e+00 0.000000000000000000e+00 1.000000000000000000e+00
4.013599999999988011e-02 9.999999968036388243e-01 -7.995450077906563608e-05 0.000000000000000000e+00 7.995450077906563608e-05 9.999999968036388243e-01 -0.000000000000000000e+00 0.000000000000000000e+00 0.000000000000000000e+00 1.000000000000000000e+00
4.513599999999984985e-02 9.999999903047958050e-01 -1.392494456983214921e-04 0.000000000000000000e+00 1.392494456983214921e-04 9.999999903047958050e-01 -0.000000000000000000e+00 0.000000000000000000e+00 0.000000000000000000e+00 1.000000000000000000e+00
5.013599999999981960e-02 9.999999788902861342e-01 -2.054736646961371777e-04 0.000000000000000000e+00 2.054736646961371777e-04 9.999999788902861342e-01 -0.000000000000000000e+00 0.000000000000000000e+00 0.000000000000000000e+00 1.000000000000000000e+00
5.513599999999978934e-02 9.999999613138280674e-01 -2.781588432576697213e-04 0.000000000000000000e+00 2.781588432576697213e-04 9.999999613138280674e-01 -0.000000000000000000e+00 0.000000000000000000e+00 0.000000000000000000e+00 1.000000000000000000e+00
6.013599999999975909e-02 9.999999360588420760e-01 -3.576063637529443284e-04 0.000000000000000000e+00 3.576063637529443284e-04 9.999999360588420760e-01 -0.000000000000000000e+00 0.000000000000000000e+00 0.000000000000000000e+00 1.000000000000000000e+00
6.513599999999981904e-02 9.999999014130792618e-01 -4.440426011085240286e-04 0.000000000000000000e+00 4.440426011085240286e-04 9.999999014130792618e-01 -0.000000000000000000e+00 0.000000000000000000e+00 0.000000000000000000e+00 1.000000000000000000e+00
7.013599999999996226e-02 9.999998554845955789e-01 -5.376158364622255154e-04 0.000000000000000000e+00 5.376158364622255154e-04 9.999998554845955789e-01 -0.000000000000000000e+00 0.000000000000000000e+00 0.000000000000000000e+00 1.000000000000000000e+00
7.513600000000010548e-02 9.999997962001786478e-01 -6.384352755179180730e-04 0.000000000000000000e+00 6.384352755179180730e-04 9.999997962001786478e-01 -0.000000000000000000e+00 0.000000000000000000e+00 0.000000000000000000e+00 1.000000000000000000e+00
8.013600000000024870e-02 9.999997216982051684e-01 -7.460586518342076680e-04 0.000000000000000000e+00 7.460586518342076680e-04 9.999997216982051684e-01 -0.000000000000000000e+00 0.000000000000000000e+00 0.000000000000000000e+00 1.000000000000000000e+00
8.513600000000039192e-02 9.999996291124635395e-01 -8.612635690126900717e-04 0.000000000000000000e+00 8.612635690126900717e-04 9.999996291124635395e-01 -0.000000000000000000e+00 0.000000000000000000e+00 0.000000000000000000e+00 1.000000000000000000e+00
9.007200000000036011e-02 9.999995191632575775e-01 -9.806494039243504515e-04 0.000000000000000000e+00 9.806494039243504515e-04 9.999995191632575775e-01 -0.000000000000000000e+00 0.000000000000000000e+00 0.000000000000000000e+00 1.000000000000000000e+00
9.505600000000048733e-02 9.999993869064014440e-01 -1.107333202267574059e-03 0.000000000000000000e+00 1.107333202267574059e-03 9.999993869064014440e-01 -0.000000000000000000e+00 0.000000000000000000e+00 0.000000000000000000e+00 1.000000000000000000e+00
1.000560000000006305e-01 9.999992292713481001e-01 -1.241554150923714029e-03 0.000000000000000000e+00 1.241554150923714029e-03 9.999992292713481001e-01 -0.000000000000000000e+00 0.000000000000000000e+00 0.000000000000000000e+00 1.000000000000000000e+00
1.050560000000007738e-01 9.999990437102356244e-01 -1.382960091325333932e-03 0.000000000000000000e+00 1.382960091325333932e-03 9.999990437102356244e-01 -0.000000000000000000e+00 0.000000000000000000e+00 0.000000000000000000e+00 1.000000000000000000e+00
1.100560000000009170e-01 9.999988271185835664e-01 -1.531587887457370447e-03 0.000000000000000000e+00 1.531587887457370447e-03 9.999988271185835664e-01 -0.000000000000000000e+00 0.000000000000000000e+00 0.000000000000000000e+00 1.000000000000000000e+00
1.150560000000010602e-01 9.999985746216779603e-01 -1.688417783685149977e-03 0.000000000000000000e+00 1.688417783685149977e-03 9.999985746216779603e-01 -0.000000000000000000e+00 0.000000000000000000e+00 0.000000000000000000e+00 1.000000000000000000e+00
1.200560000000012034e-01 9.999982819989851057e-01 -1.853644809101470279e-03 0.000000000000000000e+00 1.853644809101470279e-03 9.999982819989851057e-01 -0.000000000000000000e+00 0.000000000000000000e+00 0.000000000000000000e+00 1.000000000000000000e+00
1.250560000000013328e-01 9.999979465541530832e-01 -2.026545700782802703e-03 0.000000000000000000e+00 2.026545700782802703e-03 9.999979465541530832e-01 -0.000000000000000000e+00 0.000000000000000000e+00 0.000000000000000000e+00 1.000000000000000000e+00
1.300560000000014760e-01 9.999975559123325253e-01 -2.210920478259297949e-03 0.000000000000000000e+00 2.210920478259297949e-03 9.999975559123325253e-01 -0.000000000000000000e+00 0.000000000000000000e+00 0.000000000000000000e+00 1.000000000000000000e+00
1.351619200000013232e-01 9.999970276383408629e-01 -2.438178517498191915e-03 0.000000000000000000e+00 2.438178517498191915e-03 9.999970276383408629e-01 -0.000000000000000000e+00 0.000000000000000000e+00 0.000000000000000000e+00 1.000000000000000000e+00
1.400992000000013948e-01 9.999963539710980953e-01 -2.700378586430880225e-03 0.000000000000000000e+00 2.700378586430880225e-03 9.999963539710980953e-01 -0.000000000000000000e+00 0.000000000000000000e+00 0.000000000000000000e+00 1.000000000000000000e+00
1.450992000000015381e-01 9.999958326080049531e-01 -2.886999588258495203e-03 0.000000000000000000e+00 2.886999588258495203e-03 9.999958326080049531e-01 -0.000000000000000000e+00 0.000000000000000000e+00 0.000000000000000000e+00 1.000000000000000000e+00
1.500192000000014902e-01 9.999948906166381546e-01 -3.196676495627398789e-03 0.000000000000000000e+00 3.196676495627398789e-03 9.999948906166381546e-01 -0.000000000000000000e+00 0.000000000000000000e+00 0.000000000000000000e+00 1.000000000000000000e+00
1.551232000000014322e-01 9.999942699910853161e-01 -3.385259959925763715e-03 0.000000000000000000e+00 3.385259959925763715e-03 9.999942699910853161e-01 -0.000000000000000000e+00 0.000000000000000000e+00 0.000000000000000000e+00 1.000000000000000000e+00
1.600352000000014319e-01 9.999935725061083192e-01 -3.585379543460705341e-03 0.000000000000000000e+00 3.585379543460705341e-03 9.999935725061083192e-01 -0.000000000000000000e+00 0.000000000000000000e+00 0.000000000000000000e+00 1.000000000000000000e+00
1.650352000000015751e-01 9.999927786677619279e-01 -3.800343711904607177e-03 0.000000000000000000e+00 3.800343711904607177e-03 9.999927786677619279e-01 -0.000000000000000000e+00 0.000000000000000000e+00 0.000000000000000000e+00 1.000000000000000000e+00
1.700352000000017183e-01 9.999919699029194975e-01 -4.007509161385665493e-03 0.000000000000000000e+00 4.007509161385665493e-03 9.999919699029194975e-01 -0.000000000000000000e+00 0.000000000000000000e+00 0.000000000000000000e+00 1.000000000000000000e+00
1.750352000000018615e-01 9.999911014492088857e-01 -4.218651727516618474e-03 0.000000000000000000e+00 4.218651727516618474e-03 9.999911014492088857e-01 -0.000000000000000000e+00 0.000000000000000000e+00 0.000000000000000000e+00 1.000000000000000000e+00
1.800352000000020047e-01 9.999901193089877349e-01 -4.445366621146700989e-03 0.000000000000000000e+00 4.445366621146700989e-03 9.999901193089877349e-01 -0.000000000000000000e+00 0.000000000000000000e+00 0.000000000000000000e+00 1.000000000000000000e+00
1.850352000000021480e-01 9.999890164953414429e-01 -4.686884752125719013e-03 0.000000000000000000e+00 4.686884752125719013e-03 9.999890164953414429e-01 -0.000000000000000000e+00 0.000000000000000000e+00 0.000000000000000000e+00 1.000000000000000000e+00
1.900352000000022912e-01 9.999877641947675366e-01 -4.946863728675035370e-03 0.000000000000000000e+00 4.946863728675035370e-03 9.999877641947675366e-01 -0.000000000000000000e+00 0.000000000000000000e+00 0.000000000000000000e+00 1.000000000000000000e+00
1.950352000000024344e-01 9.999863781855961031e-01 -5.219525194307683691e-03 0.000000000000000000e+00 5.219525194307683691e-03 9.999863781855961031e-01 -0.000000000000000000e+00 0.000000000000000000e+00 0.000000000000000000e+00 1.000000000000000000e+00
2.000278400000026491e-01 9.999848331297945814e-01 -5.507586620001276093e-03 0.000000000000000000e+00 5.507586620001276093e-03 9.999848331297945814e-01 -0.000000000000000000e+00 0.000000000000000000e+00 0.000000000000000000e+00 1.000000000000000000e+00
2.050995399680026199e-01 9.999833383131705444e-01 -5.772616048826000046e-03 0.000000000000000000e+00 5.772616048826000046e-03 9.999833383131705444e-01 -0.000000000000000000e+00 0.000000000000000000e+00 0.000000000000000000e+00 1.000000000000000000e+00
2.101790172160027392e-01 9.999817707433105163e-01 -6.038061035889176129e-03 0.000000000000000000e+00 6.038061035889176129e-03 9.999817707433105163e-01 -0.000000000000000000e+00 0.000000000000000000e+00 0.000000000000000000e+00 1.000000000000000000e+00
2.151790172160028825e-01 9.999801475750130786e-01 -6.301147185651403970e-03 0.000000000000000000e+00 6.301147185651403970e-03 9.999801475750130786e-01 -0.000000000000000000e+00 0.000000000000000000e+00 0.000000000000000000e+00 1.000000000000000000e+00
2.201790172160030257e-01 9.999784867682052214e-01 -6.559420764839887438e-03 0.000000000000000000e+00 6.559420764839887438e-03 9.999784867682052214e-01 -0.000000000000000000e+00 0.000000000000000000e+00 0.000000000000000000e+00 1.000000000000000000e+00
2.251790172160031689e-01 9.999767584351262339e-01 -6.817814134840468818e-03 0.000000000000000000e+00 6.817814134840468818e-03 9.999767584351262339e-01 -0.000000000000000000e+00 0.000000000000000000e+00 0.000000000000000000e+00 1.000000000000000000e+00
2.301790172160033121e-01 9.999749594120240781e-01 -7.076761188641208546e-03 0.000000000000000000e+00 7.076761188641208546e-03 9.999749594120240781e-01 -0.000000000000000000e+00 0.000000000000000000e+00 0.000000000000000000e+00 1.000000000000000000e+00
2.351790172160034553e-01 9.999730426760253810e-01 -7.342609975479957168e-03 0.000000000000000000e+00 7.342609975479957168e-03 9.999730426760253810e-01 -0.000000000000000000e+00 0.000000000000000000e+00 0.000000000000000000e+00 1.000000000000000000e+00
2.401790172160035985e-01 9.999710872601031975e-01 -7.604251695411037154e-03 0.000000000000000000e+00 7.604251695411037154e-03 9.999710872601031975e-01 -0.000000000000000000e+00 0.000000000000000000e+00 0.000000000000000000e+00 1.000000000000000000e+00
2.451790172160037418e-01 9.999690660209512583e-01 -7.865557906876027849e-03 0.000000000000000000e+00 7.865557906876027849e-03 9.999690660209512583e-01 -0.000000000000000000e+00 0.000000000000000000e+00 0.000000000000000000e+00 1.000000000000000000e+00
2.501790172160038850e-01 9.999669534701791651e-01 -8.129696646773978616e-03 0.000000000000000000e+00 8.129696646773978616e-03 9.999669534701791651e-01 -0.000000000000000000e+00 0.000000000000000000e+00 0.000000000000000000e+00 1.000000000000000000e+00
2.550990172160033653e-01 9.999647371276466634e-01 -8.397886712545222718e-03 0.000000000000000000e+00 8.397886712545222718e-03 9.999647371276466634e-01 -0.000000000000000000e+00 0.000000000000000000e+00 0.000000000000000000e+00 1.000000000000000000e+00
2.600590172160033853e-01 9.999622421616610746e-01 -8.689893614059885155e-03 0.000000000000000000e+00 8.689893614059885155e-03 9.999622421616610746e-01 -0.000000000000000000e+00 0.000000000000000000e+00 0.000000000000000000e+00 1.000000000000000000e+00
2.651278172160032587e-01 9.999594052544261702e-01 -9.010429690893368912e-03 0.000000000000000000e+00 9.010429690893368912e-03 9.999594052544261702e-01 -0.000000000000000000e+00 0.000000000000000000e+00 0.000000000000000000e+00 1.000000000000000000e+00
2.701527772160031149e-01 9.999570214996850170e-01 -9.271200217797256199e-03 0.000000000000000000e+00 9.271200217797256199e-03 9.999570214996850170e-01 -0.000000000000000000e+00 0.000000000000000000e+00 0.000000000000000000e+00 1.000000000000000000e+00
2.750327772160031659e-01 9.999544230458847771e-01 -9.547346802737444182e-03 0.000000000000000000e+00 9.547346802737444182e-03 9.999544230458847771e-01 -0.000000000000000000e+00 0.000000000000000000e+00 0.000000000000000000e+00 1.000000000000000000e+00
2.800327772160026152e-01 9.999517421517979399e-01 -9.824121720761904916e-03 0.000000000000000000e+00 9.824121720761904916e-03 9.999517421517979399e-01 -0.000000000000000000e+00 0.000000000000000000e+00 0.000000000000000000e+00 1.000000000000000000e+00
2.850327772160020645e-01 9.999487858385825989e-01 -1.012055828226568997e-02 0.000000000000000000e+00 1.012055828226568997e-02 9.999487858385825989e-01 -0.000000000000000000e+00 0.000000000000000000e+00 0.000000000000000000e+00 1.000000000000000000e+00
2.900327772160015138e-01 9.999461147122745697e-01 -1.038112093306532528e-02 0.000000000000000000e+00 1.038112093306532528e-02 9.999461147122745697e-01 -0.000000000000000000e+00 0.000000000000000000e+00 0.000000000000000000e+00 1.000000000000000000e+00
2.950327772160009632e-01 9.999433166567857079e-01 -1.064722843876637036e-02 0.000000000000000000e+00 1.064722843876637036e-02 9.999433166567857079e-01 -0.000000000000000000e+00 0.000000000000000000e+00 0.000000000000000000e+00 1.000000000000000000e+00
3.000327772160004125e-01 9.999404947942976962e-01 -1.090902702056660914e-02 0.000000000000000000e+00 1.090902702056660914e-02 9.999404947942976962e-01 -0.000000000000000000e+00 0.000000000000000000e+00 0.000000000000000000e+00 1.000000000000000000e+00
3.050327772159998618e-01 9.999376585092375480e-01 -1.116597935980557371e-02 0.000000000000000000e+00 1.116597935980557371e-02 9.999376585092375480e-01 -0.000000000000000000e+00 0.000000000000000000e+00 0.000000000000000000e+00 1.000000000000000000e+00
3.100327772159993112e-01 9.999347612619221559e-01 -1.142248747265282513e-02 0.000000000000000000e+00 1.142248747265282513e-02 9.999347612619221559e-01 -0.000000000000000000e+00 0.000000000000000000e+00 0.000000000000000000e+00 1.000000000000000000e+00
3.150327772159987605e-01 9.999316229011524504e-01 -1.169399513714895235e-02 0.000000000000000000e+00 1.169399513714895235e-02 9.999316229011524504e-01 -0.000000000000000000e+00 0.000000000000000000e+00 0.000000000000000000e+00 1.000000000000000000e+00
3.200327772159982098e-01 9.999285097770245212e-01 -1.195722940731539473e-02 0.000000000000000000e+00 1.195722940731539473e-02 9.999285097770245212e-01 -0.000000000000000000e+00 0.000000000000000000e+00 0.000000000000000000e+00 1.000000000000000000e+00
3.250327772159976591e-01 9.999253221911640344e-01 -1.222088543833316221e-02 0.000000000000000000e+00 1.222088543833316221e-02 9.999253221911640344e-01 -0.000000000000000000e+00 0.000000000000000000e+00 0.000000000000000000e+00 1.000000000000000000e+00
3.300327772159971085e-01 9.999220675212924236e-01 -1.248434555530244031e-02 0.000000000000000000e+00 1.248434555530244031e-02 9.999220675212924236e-01 -0.000000000000000000e+00 0.000000000000000000e+00 0.000000000000000000e+00 1.000000000000000000e+00
3.350327772159965578e-01 9.999187427231981395e-01 -1.274786063851339295e-02 0.000000000000000000e+00 1.274786063851339295e-02 9.999187427231981395e-01 -0.000000000000000000e+00 0.000000000000000000e+00 0.000000000000000000e+00 1.000000000000000000e+00
3.400327772159960071e-01 9.999153304984926827e-01 -1.301275659075112195e-02 0.000000000000000000e+00 1.301275659075112195e-02 9.999153304984926827e-01 -0.000000000000000000e+00 0.000000000000000000e+00 0.000000000000000000e+00 1.000000000000000000e+00
3.450327772159954565e-01 9.999118325313360867e-01 -1.327882388713671688e-02 0.000000000000000000e+00 1.327882388713671688e-02 9.999118325313360867e-01 -0.000000000000000000e+00 0.000000000000000000e+00 0.000000000000000000e+00 1.000000000000000000e+00
3.500327772159949058e-01 9.999082359837795364e-01 -1.354694104978846313e-02 0.000000000000000000e+00 1.354694104978846313e-02 9.999082359837795364e-01 -0.000000000000000000e+00 0.000000000000000000e+00 0.000000000000000000e+00 1.000000000000000000e+00
3.550327772159943551e-01 9.999045832933189937e-01 -1.381391722192721293e-02 0.000000000000000000e+00 1.381391722192721293e-02 9.999045832933189937e-01 -0.000000000000000000e+00 0.000000000000000000e+00 0.000000000000000000e+00 1.000000000000000000e+00
3.600327772159938045e-01 9.999008940780560462e-01 -1.407842398510579865e-02 0.000000000000000000e+00 1.407842398510579865e-02 9.999008940780560462e-01 -0.000000000000000000e+00 0.000000000000000000e+00 0.000000000000000000e+00 1.000000000000000000e+00
3.650327772159932538e-01 9.998971676426835486e-01 -1.434064643380547968e-02 0.000000000000000000e+00 1.434064643380547968e-02 9.998971676426835486e-01 -0.000000000000000000e+00 0.000000000000000000e+00 0.000000000000000000e+00 1.000000000000000000e+00
3.700327772159927031e-01 9.998933681037873722e-01 -1.460316479617413364e-02 0.000000000000000000e+00 1.460316479617413364e-02 9.998933681037873722e-01 -0.000000000000000000e+00 0.000000000000000000e+00 0.000000000000000000e+00 1.000000000000000000e+00
3.751447772159927641e-01 9.998892613625357528e-01 -1.488170057093456122e-02 0.000000000000000000e+00 1.488170057093456122e-02 9.998892613625357528e-01 -0.000000000000000000e+00 0.000000000000000000e+00 0.000000000000000000e+00 1.000000000000000000e+00
3.801447772159922134e-01 9.998844936355618662e-01 -1.519866399248150611e-02 0.000000000000000000e+00 1.519866399248150611e-02 9.998844936355618662e-01 -0.000000000000000000e+00 0.000000000000000000e+00 0.000000000000000000e+00 1.000000000000000000e+00
3.851447772159916627e-01 9.998793220548972682e-01 -1.553516421024724210e-02 0.000000000000000000e+00 1.553516421024724210e-02 9.998793220548972682e-01 -0.000000000000000000e+00 0.000000000000000000e+00 0.000000000000000000e+00 1.000000000000000000e+00
3.901447772159911120e-01 9.998751008168716981e-01 -1.580451727990863503e-02 0.000000000000000000e+00 1.580451727990863503e-02 9.998751008168716981e-01 -0.000000000000000000e+00 0.000000000000000000e+00 0.000000000000000000e+00 1.000000000000000000e+00
3.951447772159905614e-01 9.998708864899557014e-01 -1.606892497308002113e-02 0.000000000000000000e+00 1.606892497308002113e-02 9.998708864899557014e-01 -0.000000000000000000e+00 0.000000000000000000e+00 0.000000000000000000e+00 1.000000000000000000e+00
4.001447772159900107e-01 9.998667347529224259e-01 -1.632521774829634453e-02 0.000000000000000000e+00 1.632521774829634453e-02 9.998667347529224259e-01 -0.000000000000000000e+00 0.000000000000000000e+00 0.000000000000000000e+00 1.000000000000000000e+00
4.051447772159894600e-01 9.998625564735929006e-01 -1.657914841273574677e-02 0.000000000000000000e+00 1.657914841273574677e-02 9.998625564735929006e-01 -0.000000000000000000e+00 0.000000000000000000e+00 0.000000000000000000e+00 1.000000000000000000e+00
4.100567772159890434e-01 9.998584060479988045e-01 -1.682759207835096693e-02 0.000000000000000000e+00 1.682759207835096693e-02 9.998584060479988045e-01 -0.000000000000000000e+00 0.000000000000000000e+00 0.000000000000000000e+00 1.000000000000000000e+00
4.151726172159890260e-01 9.998540530397027615e-01 -1.708427991106414162e-02 0.000000000000000000e+00 1.708427991106414162e-02 9.998540530397027615e-01 -0.000000000000000000e+00 0.000000000000000000e+00 0.000000000000000000e+00 1.000000000000000000e+00
4.200446172159891245e-01 9.998492291275113963e-01 -1.736430284006685101e-02 0.000000000000000000e+00 1.736430284006685101e-02 9.998492291275113963e-01 -0.000000000000000000e+00 0.000000000000000000e+00 0.000000000000000000e+00 1.000000000000000000e+00
4.250126172159887639e-01 9.998446826676757881e-01 -1.762414653749569057e-02 0.000000000000000000e+00 1.762414653749569057e-02 9.998446826676757881e-01 -0.000000000000000000e+00 0.000000000000000000e+00 0.000000000000000000e+00 1.000000000000000000e+00
4.300126172159882132e-01 9.998399309225985965e-01 -1.789168892792619703e-02 0.000000000000000000e+00 1.789168892792619703e-02 9.998399309225985965e-01 -0.000000000000000000e+00 0.000000000000000000e+00 0.000000000000000000e+00 1.000000000000000000e+00
4.350126172159876625e-01 9.998350994505211808e-01 -1.815967804688588608e-02 0.000000000000000000e+00 1.815967804688588608e-02 9.998350994505211808e-01 -0.000000000000000000e+00 0.000000000000000000e+00 0.000000000000000000e+00 1.000000000000000000e+00
4.400126172159871119e-01 9.998302386371586969e-01 -1.842536042422614206e-02 0.000000000000000000e+00 1.842536042422614206e-02 9.998302386371586969e-01 -0.000000000000000000e+00 0.000000000000000000e+00 0.000000000000000000e+00 1.000000000000000000e+00
4.451646172159869352e-01 9.998252055839541574e-01 -1.869647771651264390e-02 0.000000000000000000e+00 1.869647771651264390e-02 9.998252055839541574e-01 -0.000000000000000000e+00 0.000000000000000000e+00 0.000000000000000000e+00 1.000000000000000000e+00
4.501326172159865746e-01 9.998202818552809346e-01 -1.895795323410958202e-02 0.000000000000000000e+00 1.895795323410958202e-02 9.998202818552809346e-01 -0.000000000000000000e+00 0.000000000000000000e+00 0.000000000000000000e+00 1.000000000000000000e+00
4.551326172159860239e-01 9.998152694288796605e-01 -1.922048430339562755e-02 0.000000000000000000e+00 1.922048430339562755e-02 9.998152694288796605e-01 -0.000000000000000000e+00 0.000000000000000000e+00 0.000000000000000000e+00 1.000000000000000000e+00
4.601326172159854733e-01 9.998101748896031093e-01 -1.948369028756050461e-02 0.000000000000000000e+00 1.948369028756050461e-02 9.998101748896031093e-01 -0.000000000000000000e+00 0.000000000000000000e+00 0.000000000000000000e+00 1.000000000000000000e+00
4.651326172159849226e-01 9.998049909697275250e-01 -1.974791209275967435e-02 0.000000000000000000e+00 1.974791209275967435e-02 9.998049909697275250e-01 -0.000000000000000000e+00 0.000000000000000000e+00 0.000000000000000000e+00 1.000000000000000000e+00
4.701326172159843719e-01 9.997997332984274177e-01 -2.001232860997321020e-02 0.000000000000000000e+00 2.001232860997321020e-02 9.997997332984274177e-01 -0.000000000000000000e+00 0.000000000000000000e+00 0.000000000000000000e+00 1.000000000000000000e+00
4.751326172159838213e-01 9.997944213263578739e-01 -2.027597308869289600e-02 0.000000000000000000e+00 2.027597308869289600e-02 9.997944213263578739e-01 -0.000000000000000000e+00 0.000000000000000000e+00 0.000000000000000000e+00 1.000000000000000000e+00
4.801326172159832706e-01 9.997890554842007171e-01 -2.053885425261329362e-02 0.000000000000000000e+00 2.053885425261329362e-02 9.997890554842007171e-01 -0.000000000000000000e+00 0.000000000000000000e+00 0.000000000000000000e+00 1.000000000000000000e+00
4.851326172159827199e-01 9.997836684860121892e-01 -2.079942856551976124e-02 0.000000000000000000e+00 2.079942856551976124e-02 9.997836684860121892e-01 -0.000000000000000000e+00 0.000000000000000000e+00 0.000000000000000000e+00 1.000000000000000000e+00
4.901326172159821692e-01 9.997774755238667543e-01 -2.109500972088590443e-02 0.000000000000000000e+00 2.109500972088590443e-02 9.997774755238667543e-01 -0.000000000000000000e+00 0.000000000000000000e+00 0.000000000000000000e+00 1.000000000000000000e+00
4.951326172159816186e-01 9.997710144337058624e-01 -2.139903498289176878e-02 0.000000000000000000e+00 2.139903498289176878e-02 9.997710144337058624e-01 -0.000000000000000000e+00 0.000000000000000000e+00 0.000000000000000000e+00 1.000000000000000000e+00
5.001326172159811234e-01 9.997654116375849220e-01 -2.165921727881197495e-02 0.000000000000000000e+00 2.165921727881197495e-02 9.997654116375849220e-01 -0.000000000000000000e+00 0.000000000000000000e+00 0.000000000000000000e+00 1.000000000000000000e+00
5.051326172159805727e-01 9.997597610503213827e-01 -2.191848956029095880e-02 0.000000000000000000e+00 2.191848956029095880e-02 9.997597610503213827e-01 -0.000000000000000000e+00 0.000000000000000000e+00 0.000000000000000000e+00 1.000000000000000000e+00
5.101326172159800221e-01 9.997528121523098221e-01 -2.223318676097676624e-02 0.000000000000000000e+00 2.223318676097676624e-02 9.997528121523098221e-01 -0.000000000000000000e+00 0.000000000000000000e+00 0.000000000000000000e+00 1.000000000000000000e+00
5.151326172159794714e-01 9.997463994187589797e-01 -2.251969913713978283e-02 0.000000000000000000e+00 2.251969913713978283e-02 9.997463994187589797e-01 -0.000000000000000000e+00 0.000000000000000000e+00 0.000000000000000000e+00 1.000000000000000000e+00
5.201326172159789207e-01 9.997403785386456132e-01 -2.278542339755833604e-02 0.000000000000000000e+00 2.278542339755833604e-02 9.997403785386456132e-01 -0.000000000000000000e+00 0.000000000000000000e+00 0.000000000000000000e+00 1.000000000000000000e+00
5.250734172159791102e-01 9.997345694417505424e-01 -2.303889457239993374e-02 0.000000000000000000e+00 2.303889457239993374e-02 9.997345694417505424e-01 -0.000000000000000000e+00 0.000000000000000000e+00 0.000000000000000000e+00 1.000000000000000000e+00
5.301918172159788556e-01 9.997285642158382224e-01 -2.329802332685812494e-02 0.000000000000000000e+00 2.329802332685812494e-02 9.997285642158382224e-01 -0.000000000000000000e+00 0.000000000000000000e+00 0.000000000000000000e+00 1.000000000000000000e+00
5.351918172159783049e-01 9.997226106637372434e-01 -2.355210665061921449e-02 0.000000000000000000e+00 2.355210665061921449e-02 9.997226106637372434e-01 -0.000000000000000000e+00 0.000000000000000000e+00 0.000000000000000000e+00 1.000000000000000000e+00
5.401918172159777543e-01 9.997165656978744819e-01 -2.380731545655448769e-02 0.000000000000000000e+00 2.380731545655448769e-02 9.997165656978744819e-01 -0.000000000000000000e+00 0.000000000000000000e+00 0.000000000000000000e+00 1.000000000000000000e+00
5.451918172159772036e-01 9.997101681946212182e-01 -2.407445966751028954e-02 0.000000000000000000e+00 2.407445966751028954e-02 9.997101681946212182e-01 -0.000000000000000000e+00 0.000000000000000000e+00 0.000000000000000000e+00 1.000000000000000000e+00
5.501918172159766529e-01 9.997038690266720762e-01 -2.433463073693091852e-02 0.000000000000000000e+00 2.433463073693091852e-02 9.997038690266720762e-01 -0.000000000000000000e+00 0.000000000000000000e+00 0.000000000000000000e+00 1.000000000000000000e+00
5.551518172159765063e-01 9.996974569648235942e-01 -2.459663672262696679e-02 0.000000000000000000e+00 2.459663672262696679e-02 9.996974569648235942e-01 -0.000000000000000000e+00 0.000000000000000000e+00 0.000000000000000000e+00 1.000000000000000000e+00
5.601118172159761377e-01 9.996910314551472609e-01 -2.485642026004876090e-02 0.000000000000000000e+00 2.485642026004876090e-02 9.996910314551472609e-01 -0.000000000000000000e+00 0.000000000000000000e+00 0.000000000000000000e+00 1.000000000000000000e+00
5.651118172159755870e-01 9.996845179759051847e-01 -2.511701652829238449e-02 0.000000000000000000e+00 2.511701652829238449e-02 9.996845179759051847e-01 -0.000000000000000000e+00 0.000000000000000000e+00 0.000000000000000000e+00 1.000000000000000000e+00
5.701118172159750364e-01 9.996778879821642816e-01 -2.537952480878387720e-02 0.000000000000000000e+00 2.537952480878387720e-02 9.996778879821642816e-01 -0.000000000000000000e+00 0.000000000000000000e+00 0.000000000000000000e+00 1.000000000000000000e+00
5.751118172159744857e-01 9.996711224457248690e-01 -2.564462805549847305e-02 0.000000000000000000e+00 2.564462805549847305e-02 9.996711224457248690e-01 -0.000000000000000000e+00 0.000000000000000000e+00 0.000000000000000000e+00 1.000000000000000000e+00
5.801118172159739350e-01 9.996642798852714007e-01 -2.590998883562275340e-02 0.000000000000000000e+00 2.590998883562275340e-02 9.996642798852714007e-01 -0.000000000000000000e+00 0.000000000000000000e+00 0.000000000000000000e+00 1.000000000000000000e+00
5.851118172159733843e-01 9.996573200147198524e-01 -2.617713775393143427e-02 0.000000000000000000e+00 2.617713775393143427e-02 9.996573200147198524e-01 -0.000000000000000000e+00 0.000000000000000000e+00 0.000000000000000000e+00 1.000000000000000000e+00
5.901118172159728337e-01 9.996503665256829541e-01 -2.644134461535570246e-02 0.000000000000000000e+00 2.644134461535570246e-02 9.996503665256829541e-01 -0.000000000000000000e+00 0.000000000000000000e+00 0.000000000000000000e+00 1.000000000000000000e+00
5.951118172159722830e-01 9.996433996997249327e-01 -2.670343492467970592e-02 0.000000000000000000e+00 2.670343492467970592e-02 9.996433996997249327e-01 -0.000000000000000000e+00 0.000000000000000000e+00 0.000000000000000000e+00 1.000000000000000000e+00
6.001118172159717323e-01 9.996363357114617099e-01 -2.696657793199313397e-02 0.000000000000000000e+00 2.696657793199313397e-02 9.996363357114617099e-01 -0.000000000000000000e+00 0.000000000000000000e+00 0.000000000000000000e+00 1.000000000000000000e+00
6.051118172159711817e-01 9.996292203754204575e-01 -2.722906115953356576e-02 0.000000000000000000e+00 2.722906115953356576e-02 9.996292203754204575e-01 -0.000000000000000000e+00 0.000000000000000000e+00 0.000000000000000000e+00 1.000000000000000000e+00
6.101118172159706310e-01 9.996212204154470982e-01 -2.752118629587649995e-02 0.000000000000000000e+00 2.752118629587649995e-02 9.996212204154470982e-01 -0.000000000000000000e+00 0.000000000000000000e+00 0.000000000000000000e+00 1.000000000000000000e+00
6.151118172159700803e-01 9.996133401537073970e-01 -2.780593797642848600e-02 0.000000000000000000e+00 2.780593797642848600e-02 9.996133401537073970e-01 -0.000000000000000000e+00 0.000000000000000000e+00 0.000000000000000000e+00 1.000000000000000000e+00
6.200353481113295429e-01 9.996036710598623642e-01 -2.815139079418265897e-02 0.000000000000000000e+00 2.815139079418265897e-02 9.996036710598623642e-01 -0.000000000000000000e+00 0.000000000000000000e+00 0.000000000000000000e+00 1.000000000000000000e+00
6.251493656706769153e-01 9.995962817494224995e-01 -2.841255906689222135e-02 0.000000000000000000e+00 2.841255906689222135e-02 9.995962817494224995e-01 -0.000000000000000000e+00 0.000000000000000000e+00 0.000000000000000000e+00 1.000000000000000000e+00
6.300886750183115614e-01 9.995891535889223078e-01 -2.866224044596357365e-02 0.000000000000000000e+00 2.866224044596357365e-02 9.995891535889223078e-01 -0.000000000000000000e+00 0.000000000000000000e+00 0.000000000000000000e+00 1.000000000000000000e+00
6.350886750183110108e-01 9.995818657247014238e-01 -2.891528513304765166e-02 0.000000000000000000e+00 2.891528513304765166e-02 9.995818657247014238e-01 -0.000000000000000000e+00 0.000000000000000000e+00 0.000000000000000000e+00 1.000000000000000000e+00
6.400886750183104601e-01 9.995744831818335063e-01 -2.916937729487406594e-02 0.000000000000000000e+00 2.916937729487406594e-02 9.995744831818335063e-01 -0.000000000000000000e+00 0.000000000000000000e+00 0.000000000000000000e+00 1.000000000000000000e+00
6.451206750183101635e-01 9.995667442255804502e-01 -2.943337966107908640e-02 0.000000000000000000e+00 2.943337966107908640e-02 9.995667442255804502e-01 -0.000000000000000000e+00 0.000000000000000000e+00 0.000000000000000000e+00 1.000000000000000000e+00
6.501078750183102439e-01 9.995588286508527709e-01 -2.970097752828062057e-02 0.000000000000000000e+00 2.970097752828062057e-02 9.995588286508527709e-01 -0.000000000000000000e+00 0.000000000000000000e+00 0.000000000000000000e+00 1.000000000000000000e+00
6.551078750183096933e-01 9.995508701437756383e-01 -2.996761576805030344e-02 0.000000000000000000e+00 2.996761576805030344e-02 9.995508701437756383e-01 -0.000000000000000000e+00 0.000000000000000000e+00 0.000000000000000000e+00 1.000000000000000000e+00
6.601078750183091426e-01 9.995430570811476567e-01 -3.022709117454155242e-02 0.000000000000000000e+00 3.022709117454155242e-02 9.995430570811476567e-01 -0.000000000000000000e+00 0.000000000000000000e+00 0.000000000000000000e+00 1.000000000000000000e+00
6.651078750183085919e-01 9.995346338682037368e-01 -3.050435539322661482e-02 0.000000000000000000e+00 3.050435539322661482e-02 9.995346338682037368e-01 -0.000000000000000000e+00 0.000000000000000000e+00 0.000000000000000000e+00 1.000000000000000000e+00
6.701798750183090014e-01 9.995264932485730114e-01 -3.076994140733401578e-02 0.000000000000000000e+00 3.076994140733401578e-02 9.995264932485730114e-01 -0.000000000000000000e+00 0.000000000000000000e+00 0.000000000000000000e+00 1.000000000000000000e+00
6.751398750183092989e-01 9.995184251566485711e-01 -3.103091639596602946e-02 0.000000000000000000e+00 3.103091639596602946e-02 9.995184251566485711e-01 -0.000000000000000000e+00 0.000000000000000000e+00 0.000000000000000000e+00 1.000000000000000000e+00
6.801398750183087483e-01 9.995103035015998616e-01 -3.129142365154266581e-02 0.000000000000000000e+00 3.129142365154266581e-02 9.995103035015998616e-01 -0.000000000000000000e+00 0.000000000000000000e+00 0.000000000000000000e+00 1.000000000000000000e+00
6.850118750183088467e-01 9.995022697798322531e-01 -3.154699201134535114e-02 0.000000000000000000e+00 3.154699201134535114e-02 9.995022697798322531e-01 -0.000000000000000000e+00 0.000000000000000000e+00 0.000000000000000000e+00 1.000000000000000000e+00
6.900358750183085421e-01 9.994938814875682365e-01 -3.181164674950442278e-02 0.000000000000000000e+00 3.181164674950442278e-02 9.994938814875682365e-01 -0.000000000000000000e+00 0.000000000000000000e+00 0.000000000000000000e+00 1.000000000000000000e+00
6.950043230183081677e-01 9.994856446415466555e-01 -3.206939593244955561e-02 0.000000000000000000e+00 3.206939593244955561e-02 9.994856446415466555e-01 -0.000000000000000000e+00 0.000000000000000000e+00 0.000000000000000000e+00 1.000000000000000000e+00
7.000687070183083671e-01 9.994772749078415508e-01 -3.232919644524662184e-02 0.000000000000000000e+00 3.232919644524662184e-02 9.994772749078415508e-01 -0.000000000000000000e+00 0.000000000000000000e+00 0.000000000000000000e+00 1.000000000000000000e+00
7.051807070183083725e-01 9.994686526621501255e-01 -3.259466744280150458e-02 0.000000000000000000e+00 3.259466744280150458e-02 9.994686526621501255e-01 -0.000000000000000000e+00 0.000000000000000000e+00 0.000000000000000000e+00 1.000000000000000000e+00
7.101807070183078219e-01 9.994600637063482118e-01 -3.285697880363994822e-02 0.000000000000000000e+00 3.285697880363994822e-02 9.994600637063482118e-01 -0.000000000000000000e+00 0.000000000000000000e+00 0.000000000000000000e+00 1.000000000000000000e+00
7.150207070183075553e-01 9.994515752975681178e-01 -3.311417574408181269e-02 0.000000000000000000e+00 3.311417574408181269e-02 9.994515752975681178e-01 -0.000000000000000000e+00 0.000000000000000000e+00 0.000000000000000000e+00 1.000000000000000000e+00
7.201048670183075595e-01 9.994424740298145649e-01 -3.338773884472812092e-02 0.000000000000000000e+00 3.338773884472812092e-02 9.994424740298145649e-01 -0.000000000000000000e+00 0.000000000000000000e+00 0.000000000000000000e+00 1.000000000000000000e+00
7.250479070183076802e-01 9.994329888761995795e-01 -3.367047291005595411e-02 0.000000000000000000e+00 3.367047291005595411e-02 9.994329888761995795e-01 -0.000000000000000000e+00 0.000000000000000000e+00 0.000000000000000000e+00 1.000000000000000000e+00
7.301228510183078724e-01 9.994225575337267742e-01 -3.397869174563902805e-02 0.000000000000000000e+00 3.397869174563902805e-02 9.994225575337267742e-01 -0.000000000000000000e+00 0.000000000000000000e+00 0.000000000000000000e+00 1.000000000000000000e+00
7.350225956539910843e-01 9.994139222927326260e-01 -3.423173859820870246e-02 0.000000000000000000e+00 3.423173859820870246e-02 9.994139222927326260e-01 -0.000000000000000000e+00 0.000000000000000000e+00 0.000000000000000000e+00 1.000000000000000000e+00
7.400883393367400087e-01 9.994052343134913752e-01 -3.448445485716405273e-02 0.000000000000000000e+00 3.448445485716405273e-02 9.994052343134913752e-01 -0.000000000000000000e+00 0.000000000000000000e+00 0.000000000000000000e+00 1.000000000000000000e+00
7.450231703828260610e-01 9.993939152110555835e-01 -3.481094998872868301e-02 0.000000000000000000e+00 3.481094998872868301e-02 9.993939152110555835e-01 -0.000000000000000000e+00 0.000000000000000000e+00 0.000000000000000000e+00 1.000000000000000000e+00
7.500290575794881232e-01 9.993846182633391306e-01 -3.507684105845482875e-02 0.000000000000000000e+00 3.507684105845482875e-02 9.993846182633391306e-01 -0.000000000000000000e+00 0.000000000000000000e+00 0.000000000000000000e+00 1.000000000000000000e+00
7.551490575794881366e-01 9.993749230243613724e-01 -3.535199046803359085e-02 0.000000000000000000e+00 3.535199046803359085e-02 9.993749230243613724e-01 -0.000000000000000000e+00 0.000000000000000000e+00 0.000000000000000000e+00 1.000000000000000000e+00
7.601490575794875859e-01 9.993659078439164345e-01 -3.560592983345697154e-02 0.000000000000000000e+00 3.560592983345697154e-02 9.993659078439164345e-01 -0.000000000000000000e+00 0.000000000000000000e+00 0.000000000000000000e+00 1.000000000000000000e+00
7.651490575794870352e-01 9.993567778424322645e-01 -3.586126852736597204e-02 0.000000000000000000e+00 3.586126852736597204e-02 9.993567778424322645e-01 -0.000000000000000000e+00 0.000000000000000000e+00 0.000000000000000000e+00 1.000000000000000000e+00
7.701490575794864846e-01 9.993475545708137009e-01 -3.611738048827662501e-02 0.000000000000000000e+00 3.611738048827662501e-02 9.993475545708137009e-01 -0.000000000000000000e+00 0.000000000000000000e+00 0.000000000000000000e+00 1.000000000000000000e+00
7.751490575794859339e-01 9.993381046838757387e-01 -3.637791262344963056e-02 0.000000000000000000e+00 3.637791262344963056e-02 9.993381046838757387e-01 -0.000000000000000000e+00 0.000000000000000000e+00 0.000000000000000000e+00 1.000000000000000000e+00
7.800141840650317571e-01 9.993284305848041393e-01 -3.664270493444129334e-02 0.000000000000000000e+00 3.664270493444129334e-02 9.993284305848041393e-01 -0.000000000000000000e+00 0.000000000000000000e+00 0.000000000000000000e+00 1.000000000000000000e+00
7.850481570024642197e-01 9.993183472725796213e-01 -3.691667379925506198e-02 0.000000000000000000e+00 3.691667379925506198e-02 9.993183472725796213e-01 -0.000000000000000000e+00 0.000000000000000000e+00 0.000000000000000000e+00 1.000000000000000000e+00
7.901415102799077550e-01 9.993087197475111205e-01 -3.717637202028496041e-02 0.000000000000000000e+00 3.717637202028496041e-02 9.993087197475111205e-01 -0.000000000000000000e+00 0.000000000000000000e+00 0.000000000000000000e+00 1.000000000000000000e+00
7.950930212474068837e-01 9.992991839327537429e-01 -3.743181790045599366e-02 0.000000000000000000e+00 3.743181790045599366e-02 9.992991839327537429e-01 -0.000000000000000000e+00 0.000000000000000000e+00 0.000000000000000000e+00 1.000000000000000000e+00
8.000930212474063330e-01 9.992895211642952580e-01 -3.768889612649754806e-02 0.000000000000000000e+00 3.768889612649754806e-02 9.992895211642952580e-01 -0.000000000000000000e+00 0.000000000000000000e+00 0.000000000000000000e+00 1.000000000000000000e+00
8.050930212474057823e-01 9.992797317743420393e-01 -3.794756467811126466e-02 0.000000000000000000e+00 3.794756467811126466e-02 9.992797317743420393e-01 -0.000000000000000000e+00 0.000000000000000000e+00 0.000000000000000000e+00 1.000000000000000000e+00
8.100930212474052317e-01 9.992698214164547066e-01 -3.820764329721353797e-02 0.000000000000000000e+00 3.820764329721353797e-02 9.992698214164547066e-01 -0.000000000000000000e+00 0.000000000000000000e+00 0.000000000000000000e+00 1.000000000000000000e+00
8.151138212474052791e-01 9.992597570024746023e-01 -3.846996276779719726e-02 0.000000000000000000e+00 3.846996276779719726e-02 9.992597570024746023e-01 -0.000000000000000000e+00 0.000000000000000000e+00 0.000000000000000000e+00 1.000000000000000000e+00
8.200322212474050465e-01 9.992499868939368479e-01 -3.872290914261405231e-02 0.000000000000000000e+00 3.872290914261405231e-02 9.992499868939368479e-01 -0.000000000000000000e+00 0.000000000000000000e+00 0.000000000000000000e+00 1.000000000000000000e+00
8.250818212474051450e-01 9.992402239598960900e-01 -3.897402751291204753e-02 0.000000000000000000e+00 3.897402751291204753e-02 9.992402239598960900e-01 -0.000000000000000000e+00 0.000000000000000000e+00 0.000000000000000000e+00 1.000000000000000000e+00
8.300930212474049164e-01 9.992317384523710100e-01 -3.919097943982502441e-02 0.000000000000000000e+00 3.919097943982502441e-02 9.992317384523710100e-01 -0.000000000000000000e+00 0.000000000000000000e+00 0.000000000000000000e+00 1.000000000000000000e+00
8.350930212474043657e-01 9.992228891812505731e-01 -3.941595788858225785e-02 0.000000000000000000e+00 3.941595788858225785e-02 9.992228891812505731e-01 -0.000000000000000000e+00 0.000000000000000000e+00 0.000000000000000000e+00 1.000000000000000000e+00
8.400930212474038150e-01 9.992130127589078370e-01 -3.966554087954619195e-02 0.000000000000000000e+00 3.966554087954619195e-02 9.992130127589078370e-01 -0.000000000000000000e+00 0.000000000000000000e+00 0.000000000000000000e+00 1.000000000000000000e+00
8.451330212474041925e-01 9.992019723192404612e-01 -3.994269036181773147e-02 0.000000000000000000e+00 3.994269036181773147e-02 9.992019723192404612e-01 -0.000000000000000000e+00 0.000000000000000000e+00 0.000000000000000000e+00 1.000000000000000000e+00
8.500930212474034908e-01 9.991906244821540106e-01 -4.022556335172345482e-02 0.000000000000000000e+00 4.022556335172345482e-02 9.991906244821540106e-01 -0.000000000000000000e+00 0.000000000000000000e+00 0.000000000000000000e+00 1.000000000000000000e+00
8.550518436474032757e-01 9.991711535971961045e-01 -4.070633635257014937e-02 0.000000000000000000e+00 4.070633635257014937e-02 9.991711535971961045e-01 -0.000000000000000000e+00 0.000000000000000000e+00 0.000000000000000000e+00 1.000000000000000000e+00
8.600789632634040505e-01 9.991615717714066314e-01 -4.094085362193554400e-02 0.000000000000000000e+00 4.094085362193554400e-02 9.991615717714066314e-01 -0.000000000000000000e+00 0.000000000000000000e+00 0.000000000000000000e+00 1.000000000000000000e+00
8.651189632634044280e-01 9.991505241951494920e-01 -4.120958627016701320e-02 0.000000000000000000e+00 4.120958627016701320e-02 9.991505241951494920e-01 -0.000000000000000000e+00 0.000000000000000000e+00 0.000000000000000000e+00 1.000000000000000000e+00
8.701573632634040933e-01 9.991399803450844441e-01 -4.146443869178357416e-02 0.000000000000000000e+00 4.146443869178357416e-02 9.991399803450844441e-01 -0.000000000000000000e+00 0.000000000000000000e+00 0.000000000000000000e+00 1.000000000000000000e+00
8.750373632634040888e-01 9.991305629013665923e-01 -4.169074569252238793e-02 0.000000000000000000e+00 4.169074569252238793e-02 9.991305629013665923e-01 -0.000000000000000000e+00 0.000000000000000000e+00 0.000000000000000000e+00 1.000000000000000000e+00
8.801717632634039612e-01 9.991189254294238209e-01 -4.196871273643936612e-02 0.000000000000000000e+00 4.196871273643936612e-02 9.991189254294238209e-01 -0.000000000000000000e+00 0.000000000000000000e+00 0.000000000000000000e+00 1.000000000000000000e+00
8.851717632634034105e-01 9.991100152876977170e-01 -4.218029577678190228e-02 0.000000000000000000e+00 4.218029577678190228e-02 9.991100152876977170e-01 -0.000000000000000000e+00 0.000000000000000000e+00 0.000000000000000000e+00 1.000000000000000000e+00
8.901717632634028599e-01 9.991021174486960366e-01 -4.236695539606780136e-02 0.000000000000000000e+00 4.236695539606780136e-02 9.991021174486960366e-01 -0.000000000000000000e+00 0.000000000000000000e+00 0.000000000000000000e+00 1.000000000000000000e+00
8.951717632634023092e-01 9.990910611173854372e-01 -4.262688817327640184e-02 0.000000000000000000e+00 4.262688817327640184e-02 9.990910611173854372e-01 -0.000000000000000000e+00 0.000000000000000000e+00 0.000000000000000000e+00 1.000000000000000000e+00
9.001717632634017585e-01 9.990796943407703745e-01 -4.289247435102329364e-02 0.000000000000000000e+00 4.289247435102329364e-02 9.990796943407703745e-01 -0.000000000000000000e+00 0.000000000000000000e+00 0.000000000000000000e+00 1.000000000000000000e+00
9.051717632634019850e-01 9.990694988672587096e-01 -4.312929901035932739e-02 0.000000000000000000e+00 4.312929901035932739e-02 9.990694988672587096e-01 -0.000000000000000000e+00 0.000000000000000000e+00 0.000000000000000000e+00 1.000000000000000000e+00
9.100101632634012283e-01 9.990597017561786419e-01 -4.335564930727748428e-02 0.000000000000000000e+00 4.335564930727748428e-02 9.990597017561786419e-01 -0.000000000000000000e+00 0.000000000000000000e+00 0.000000000000000000e+00 1.000000000000000000e+00
9.150533632634010317e-01 9.990478946646931258e-01 -4.362687435565802685e-02 0.000000000000000000e+00 4.362687435565802685e-02 9.990478946646931258e-01 -0.000000000000000000e+00 0.000000000000000000e+00 0.000000000000000000e+00 1.000000000000000000e+00
9.200533632634004810e-01 9.990361293027504308e-01 -4.389547069776722488e-02 0.000000000000000000e+00 4.389547069776722488e-02 9.990361293027504308e-01 -0.000000000000000000e+00 0.000000000000000000e+00 0.000000000000000000e+00 1.000000000000000000e+00
9.250533632633999304e-01 9.990242897785930332e-01 -4.416410796538269845e-02 0.000000000000000000e+00 4.416410796538269845e-02 9.990242897785930332e-01 -0.000000000000000000e+00 0.000000000000000000e+00 0.000000000000000000e+00 1.000000000000000000e+00
9.300533632633993797e-01 9.990122287698771641e-01 -4.443609758116302128e-02 0.000000000000000000e+00 4.443609758116302128e-02 9.990122287698771641e-01 -0.000000000000000000e+00 0.000000000000000000e+00 0.000000000000000000e+00 1.000000000000000000e+00
9.350533632633988290e-01 9.989999985213081635e-01 -4.471021085195844846e-02 0.000000000000000000e+00 4.471021085195844846e-02 9.989999985213081635e-01 -0.000000000000000000e+00 0.000000000000000000e+00 0.000000000000000000e+00 1.000000000000000000e+00
9.400533632633982783e-01 9.989877187945694903e-01 -4.498374926150947029e-02 0.000000000000000000e+00 4.498374926150947029e-02 9.989877187945694903e-01 -0.000000000000000000e+00 0.000000000000000000e+00 0.000000000000000000e+00 1.000000000000000000e+00
9.450533632633977277e-01 9.989753350204244597e-01 -4.525792771251013064e-02 0.000000000000000000e+00 4.525792771251013064e-02 9.989753350204244597e-01 -0.000000000000000000e+00 0.000000000000000000e+00 0.000000000000000000e+00 1.000000000000000000e+00
9.500533632633971770e-01 9.989628319700071257e-01 -4.553306866952535475e-02 0.000000000000000000e+00 4.553306866952535475e-02 9.989628319700071257e-01 -0.000000000000000000e+00 0.000000000000000000e+00 0.000000000000000000e+00 1.000000000000000000e+00
9.550533632633966263e-01 9.989502456685612763e-01 -4.580836909039039118e-02 0.000000000000000000e+00 4.580836909039039118e-02 9.989502456685612763e-01 -0.000000000000000000e+00 0.000000000000000000e+00 0.000000000000000000e+00 1.000000000000000000e+00
9.600533632633967418e-01 9.989375488944111092e-01 -4.608441611680031552e-02 0.000000000000000000e+00 4.608441611680031552e-02 9.989375488944111092e-01 -0.000000000000000000e+00 0.000000000000000000e+00 0.000000000000000000e+00 1.000000000000000000e+00
9.651413632633962791e-01 9.989247471119822031e-01 -4.636107858174280671e-02 0.000000000000000000e+00 4.636107858174280671e-02 9.989247471119822031e-01 -0.000000000000000000e+00 0.000000000000000000e+00 0.000000000000000000e+00 1.000000000000000000e+00
9.701413632633957285e-01 9.989121778088463355e-01 -4.663111649090114635e-02 0.000000000000000000e+00 4.663111649090114635e-02 9.989121778088463355e-01 -0.000000000000000000e+00 0.000000000000000000e+00 0.000000000000000000e+00 1.000000000000000000e+00
9.751413632633951778e-01 9.988996356981345581e-01 -4.689901707002566700e-02 0.000000000000000000e+00 4.689901707002566700e-02 9.988996356981345581e-01 -0.000000000000000000e+00 0.000000000000000000e+00 0.000000000000000000e+00 1.000000000000000000e+00
9.801413632633946271e-01 9.988870262603729566e-01 -4.716681851374993767e-02 0.000000000000000000e+00 4.716681851374993767e-02 9.988870262603729566e-01 -0.000000000000000000e+00 0.000000000000000000e+00 0.000000000000000000e+00 1.000000000000000000e+00
9.850853632633946866e-01 9.988743877334038679e-01 -4.743371722960033898e-02 0.000000000000000000e+00 4.743371722960033898e-02 9.988743877334038679e-01 -0.000000000000000000e+00 0.000000000000000000e+00 0.000000000000000000e+00 1.000000000000000000e+00
9.900133632633940639e-01 9.988617587975762158e-01 -4.769891835055629914e-02 0.000000000000000000e+00 4.769891835055629914e-02 9.988617587975762158e-01 -0.000000000000000000e+00 0.000000000000000000e+00 0.000000000000000000e+00 1.000000000000000000e+00
9.950213632633946315e-01 9.988488000715629589e-01 -4.796951735841306630e-02 0.000000000000000000e+00 4.796951735841306630e-02 9.988488000715629589e-01 -0.000000000000000000e+00 0.000000000000000000e+00 0.000000000000000000e+00 1.000000000000000000e+00
1.000000000000000000e+00 9.988359802212465333e-01 -4.823571929039667527e-02 0.000000000000000000e+00 4.823571929039667527e-02 9.988359802212465333e-01 -0.000000000000000000e+00 0.000000000000000000e+00 0.000000000000000000e+00 1.000000000000000000e+00
