time R11 R12 R13 R21 R22 R23 R31 R32 R33
0.000000000000000000e+00 1.000000000000000000e+00 -0.000000000000000000e+00 0.000000000000000000e+00 0.000000000000000000e+00 1.000000000000000000e+00 -0.000000000000000000e+00 0.000000000000000000e+00 0.000000000000000000e+00 1.000000000000000000e+00
5.040000000000002811e-03 9.999999203965483918e-01 -3.990073891596773530e-04 0.000000000000000000e+00 3.990073891596773530e-04 9.999999203965483918e-01 -0.000000000000000000e+00 0.000000000000000000e+00 0.000000000000000000e+00 1.000000000000000000e+00
1.016000000000001104e-02 9.999986854276448067e-01 -1.621463222601379891e-03 0.000000000000000000e+00 1.621463222601379891e-03 9.999986854276448067e-01 -0.000000000000000000e+00 0.000000000000000000e+00 0.000000000000000000e+00 1.000000000000000000e+00
1.516000000000002415e-02 9.999934836246539005e-01 -3.610084241259254277e-03 0.000000000000000000e+00 3.610084241259254277e-03 9.999934836246539005e-01 -0.000000000000000000e+00 0.000000000000000000e+00 0.000000000000000000e+00 1.000000000000000000e+00
2.011999999999999900e-02 9.999797828375598385e-01 -6.358766873115991036e-03 0.000000000000000000e+00 6.358766873115991036e-03 9.999797828375598385e-01 -0.000000000000000000e+00 0.000000000000000000e+00 0.000000000000000000e+00 1.000000000000000000e+00
2.509600000000001760e-02 9.999510644764552092e-01 -9.892858656845734955e-03 0.000000000000000000e+00 9.892858656845734955e-03 9.999510644764552092e-01 -0.000000000000000000e+00 0.000000000000000000e+00 0.000000000000000000e+00 1.000000000000000000e+00
3.000402234657660247e-02 9.999000183171513623e-01 -1.414048688556112515e-02 0.000000000000000000e+00 1.414048688556112515e-02 9.999000183171513623e-01 -0.000000000000000000e+00 0.000000000000000000e+00 0.000000000000000000e+00 1.000000000000000000e+00
3.502047842474204087e-02 9.998144398880395300e-01 -1.926358718843086681e-02 0.000000000000000000e+00 1.926358718843086681e-02 9.998144398880395300e-01 -0.000000000000000000e+00 0.000000000000000000e+00 0.000000000000000000e+00 1.000000000000000000e+00
4.010990228823359954e-02 9.996807043060528253e-01 -2.526834854426551757e-02 0.000000000000000000e+00 2.526834854426551757e-02 9.996807043060528253e-01 -0.000000000000000000e+00 0.000000000000000000e+00 0.000000000000000000e+00 1.000000000000000000e+00
4.510990228823356929e-02 9.994891888991291884e-01 -3.195874330698060539e-02 0.000000000000000000e+00 3.195874330698060539e-02 9.994891888991291884e-01 -0.000000000000000000e+00 0.000000000000000000e+00 0.000000000000000000e+00 1.000000000000000000e+00
5.010990228823353904e-02 9.992222362861331586e-01 -3.943250577048578592e-02 0.000000000000000000e+00 3.943250577048578592e-02 9.992222362861331586e-01 -0.000000000000000000e+00 0.000000000000000000e+00 0.000000000000000000e+00 1.000000000000000000e+00
5.510990228823350878e-02 9.988622523364605321e-01 -4.768858204364184034e-02 0.000000000000000000e+00 4.768858204364184034e-02 9.988622523364605321e-01 -0.000000000000000000e+00 0.000000000000000000e+00 0.000000000000000000e+00 1.000000000000000000e+00
6.010990228823347853e-02 9.983898094907532883e-01 -5.672555248754534984e-02 0.000000000000000000e+00 5.672555248754534984e-02 9.983898094907532883e-01 -0.000000000000000000e+00 0.000000000000000000e+00 0.000000000000000000e+00 1.000000000000000000e+00
6.510990228823354542e-02 9.977836545979470451e-01 -6.654155556616440925e-02 0.000000000000000000e+00 6.654155556616440925e-02 9.977836545979470451e-01 -0.000000000000000000e+00 0.000000000000000000e+00 0.000000000000000000e+00 1.000000000000000000e+00
7.010990228823368864e-02 9.970207191826754300e-01 -7.713420460768750930e-02 0.000000000000000000e+00 7.713420460768750930e-02 9.970207191826754300e-01 -0.000000000000000000e+00 0.000000000000000000e+00 0.000000000000000000e+00 1.000000000000000000e+00
7.510990228823383186e-02 9.960761325990654669e-01 -8.850049754938631164e-02 0.000000000000000000e+00 8.850049754938631164e-02 9.960761325990654669e-01 -0.000000000000000000e+00 0.000000000000000000e+00 0.000000000000000000e+00 1.000000000000000000e+00
8.010990228823397508e-02 9.949232385647204246e-01 -1.006367197591826884e-01 0.000000000000000000e+00 1.006367197591826884e-01 9.949232385647204246e-01 -0.000000000000000000e+00 0.000000000000000000e+00 0.000000000000000000e+00 1.000000000000000000e+00
8.506990228823410605e-02 9.935457502541584773e-01 -1.134321037092282658e-01 0.000000000000000000e+00 1.134321037092282658e-01 9.935457502541584773e-01 -0.000000000000000000e+00 0.000000000000000000e+00 0.000000000000000000e+00 1.000000000000000000e+00
9.014894228823409905e-02 9.918630350215189573e-01 -1.273095430747473722e-01 0.000000000000000000e+00 1.273095430747473722e-01 9.918630350215189573e-01 -0.000000000000000000e+00 0.000000000000000000e+00 0.000000000000000000e+00 1.000000000000000000e+00
9.502293718611064255e-02 9.899585739135952078e-01 -1.413577798883418613e-01 0.000000000000000000e+00 1.413577798883418613e-01 9.899585739135952078e-01 -0.000000000000000000e+00 0.000000000000000000e+00 0.000000000000000000e+00 1.000000000000000000e+00
1.000893791027238772e-01 9.876443563329041497e-01 -1.567119185121647051e-01 0.000000000000000000e+00 1.567119185121647051e-01 9.876443563329041497e-01 -0.000000000000000000e+00 0.000000000000000000e+00 0.000000000000000000e+00 1.000000000000000000e+00
1.051826390190901545e-01 9.849376498962991722e-01 -1.729098777304390044e-01 0.000000000000000000e+00 1.729098777304390044e-01 9.849376498962991722e-01 -0.000000000000000000e+00 0.000000000000000000e+00 0.000000000000000000e+00 1.000000000000000000e+00
1.101826390190902977e-01 9.818721658327049795e-01 -1.895443218959441400e-01 0.000000000000000000e+00 1.895443218959441400e-01 9.818721658327049795e-01 -0.000000000000000000e+00 0.000000000000000000e+00 0.000000000000000000e+00 1.000000000000000000e+00
1.151826390190904409e-01 9.783635746339993666e-01 -2.068930057526912059e-01 0.000000000000000000e+00 2.068930057526912059e-01 9.783635746339993666e-01 -0.000000000000000000e+00 0.000000000000000000e+00 0.000000000000000000e+00 1.000000000000000000e+00
1.200156980282315183e-01 9.745135978294439116e-01 -2.243284369969916481e-01 0.000000000000000000e+00 2.243284369969916481e-01 9.745135978294439116e-01 -0.000000000000000000e+00 0.000000000000000000e+00 0.000000000000000000e+00 1.000000000000000000e+00
1.250124075739310614e-01 9.700194123849000816e-01 -2.430274461793434648e-01 0.000000000000000000e+00 2.430274461793434648e-01 9.700194123849000816e-01 -0.000000000000000000e+00 0.000000000000000000e+00 0.000000000000000000e+00 1.000000000000000000e+00
1.300618314374224482e-01 9.649044210164907653e-01 -2.626013295907526635e-01 0.000000000000000000e+00 2.626013295907526635e-01 9.649044210164907653e-01 -0.000000000000000000e+00 0.000000000000000000e+00 0.000000000000000000e+00 1.000000000000000000e+00
1.351818314374223506e-01 9.590834550983269313e-01 -2.831235174913170338e-01 0.000000000000000000e+00 2.831235174913170338e-01 9.590834550983269313e-01 -0.000000000000000000e+00 0.000000000000000000e+00 0.000000000000000000e+00 1.000000000000000000e+00
1.401418314374224261e-01 9.527900245723666117e-01 -3.036299871148915863e-01 0.000000000000000000e+00 3.036299871148915863e-01 9.527900245723666117e-01 -0.000000000000000000e+00 0.000000000000000000e+00 0.000000000000000000e+00 1.000000000000000000e+00
1.450317362573420865e-01 9.459111868382654720e-01 -3.244256873526264462e-01 0.000000000000000000e+00 3.244256873526264462e-01 9.459111868382654720e-01 -0.000000000000000000e+00 0.000000000000000000e+00 0.000000000000000000e+00 1.000000000000000000e+00
1.500277649523267809e-01 9.381460380015116396e-01 -3.462398177305238689e-01 0.000000000000000000e+00 3.462398177305238689e-01 9.381460380015116396e-01 -0.000000000000000000e+00 0.000000000000000000e+00 0.000000000000000000e+00 1.000000000000000000e+00
1.550107270365931045e-01 9.296126020472932350e-01 -3.685382071303607843e-01 0.000000000000000000e+00 3.685382071303607843e-01 9.296126020472932350e-01 -0.000000000000000000e+00 0.000000000000000000e+00 0.000000000000000000e+00 1.000000000000000000e+00
1.600092395442404281e-01 9.202136692755105152e-01 -3.914164059904763349e-01 0.000000000000000000e+00 3.914164059904763349e-01 9.202136692755105152e-01 -0.000000000000000000e+00 0.000000000000000000e+00 0.000000000000000000e+00 1.000000000000000000e+00
1.650092395442405713e-01 9.099233106356223733e-01 -4.147765287017921576e-01 0.000000000000000000e+00 4.147765287017921576e-01 9.099233106356223733e-01 -0.000000000000000000e+00 0.000000000000000000e+00 0.000000000000000000e+00 1.000000000000000000e+00
1.700092395442407145e-01 8.986958812562280130e-01 -4.385723577849973687e-01 0.000000000000000000e+00 4.385723577849973687e-01 8.986958812562280130e-01 -0.000000000000000000e+00 0.000000000000000000e+00 0.000000000000000000e+00 1.000000000000000000e+00
1.750092395442408577e-01 8.864831095780245640e-01 -4.627609495548171692e-01 0.000000000000000000e+00 4.627609495548171692e-01 8.864831095780245640e-01 -0.000000000000000000e+00 0.000000000000000000e+00 0.000000000000000000e+00 1.000000000000000000e+00
1.801612395442408754e-01 8.728176236804009447e-01 -4.880465098665268120e-01 0.000000000000000000e+00 4.880465098665268120e-01 8.728176236804009447e-01 -0.000000000000000000e+00 0.000000000000000000e+00 0.000000000000000000e+00 1.000000000000000000e+00
1.850892395442409466e-01 8.586717811375669251e-01 -5.125258747400351922e-01 0.000000000000000000e+00 5.125258747400351922e-01 8.586717811375669251e-01 -0.000000000000000000e+00 0.000000000000000000e+00 0.000000000000000000e+00 1.000000000000000000e+00
1.900892395442410898e-01 8.431988958681996271e-01 -5.376017317742283197e-01 0.000000000000000000e+00 5.376017317742283197e-01 8.431988958681996271e-01 -0.000000000000000000e+00 0.000000000000000000e+00 0.000000000000000000e+00 1.000000000000000000e+00
1.950892395442412330e-01 8.265521235301860337e-01 -5.628601843155546236e-01 0.000000000000000000e+00 5.628601843155546236e-01 8.265521235301860337e-01 -0.000000000000000000e+00 0.000000000000000000e+00 0.000000000000000000e+00 1.000000000000000000e+00
2.000572395442411777e-01 8.088055470532987679e-01 -5.880761745350800984e-01 0.000000000000000000e+00 5.880761745350800984e-01 8.088055470532987679e-01 -0.000000000000000000e+00 0.000000000000000000e+00 0.000000000000000000e+00 1.000000000000000000e+00
2.051612395442412307e-01 7.895336721166654748e-01 -6.137072433937651450e-01 0.000000000000000000e+00 6.137072433937651450e-01 7.895336721166654748e-01 -0.000000000000000000e+00 0.000000000000000000e+00 0.000000000000000000e+00 1.000000000000000000e+00
2.101612395442413739e-01 7.698670745435091112e-01 -6.382042678749643150e-01 0.000000000000000000e+00 6.382042678749643150e-01 7.698670745435091112e-01 -0.000000000000000000e+00 0.000000000000000000e+00 0.000000000000000000e+00 1.000000000000000000e+00
2.150574071730412262e-01 7.498724857114714704e-01 -6.615823872904259551e-01 0.000000000000000000e+00 6.615823872904259551e-01 7.498724857114714704e-01 -0.000000000000000000e+00 0.000000000000000000e+00 0.000000000000000000e+00 1.000000000000000000e+00
2.201105435709676261e-01 7.284929886567382828e-01 -6.850532574026441113e-01 0.000000000000000000e+00 6.850532574026441113e-01 7.284929886567382828e-01 -0.000000000000000000e+00 0.000000000000000000e+00 0.000000000000000000e+00 1.000000000000000000e+00
2.250134385271840842e-01 7.070470728627964441e-01 -7.071664844689344864e-01 0.000000000000000000e+00 7.071664844689344864e-01 7.070470728627964441e-01 -0.000000000000000000e+00 0.000000000000000000e+00 0.000000000000000000e+00 1.000000000000000000e+00
2.300134385271842274e-01 6.844855517419708990e-01 -7.290264257600609366e-01 0.000000000000000000e+00 7.290264257600609366e-01 6.844855517419708990e-01 -0.000000000000000000e+00 0.000000000000000000e+00 0.000000000000000000e+00 1.000000000000000000e+00
2.350134385271843707e-01 6.612485260205185345e-01 -7.501669059853892652e-01 0.000000000000000000e+00 7.501669059853892652e-01 6.612485260205185345e-01 -0.000000000000000000e+00 0.000000000000000000e+00 0.000000000000000000e+00 1.000000000000000000e+00
2.400134385271845139e-01 6.373589278373854583e-01 -7.705670620432580886e-01 0.000000000000000000e+00 7.705670620432580886e-01 6.373589278373854583e-01 -0.000000000000000000e+00 0.000000000000000000e+00 0.000000000000000000e+00 1.000000000000000000e+00
2.450134385271846571e-01 6.128403333417531407e-01 -7.902067614425789532e-01 0.000000000000000000e+00 7.902067614425789532e-01 6.128403333417531407e-01 -0.000000000000000000e+00 0.000000000000000000e+00 0.000000000000000000e+00 1.000000000000000000e+00
2.500534385271845905e-01 5.875135802461382006e-01 -8.092143059946261818e-01 0.000000000000000000e+00 8.092143059946261818e-01 5.875135802461382006e-01 -0.000000000000000000e+00 0.000000000000000000e+00 0.000000000000000000e+00 1.000000000000000000e+00
2.550226384269189683e-01 5.619657270415524541e-01 -8.271605174515157533e-01 0.000000000000000000e+00 8.271605174515157533e-01 5.619657270415524541e-01 -0.000000000000000000e+00 0.000000000000000000e+00 0.000000000000000000e+00 1.000000000000000000e+00
2.600479081626455025e-01 5.355726146073742644e-01 -8.444891796125163497e-01 0.000000000000000000e+00 8.444891796125163497e-01 5.355726146073742644e-01 -0.000000000000000000e+00 0.000000000000000000e+00 0.000000000000000000e+00 1.000000000000000000e+00
2.650757593358553654e-01 5.086316363294193232e-01 -8.609842382557634233e-01 0.000000000000000000e+00 8.609842382557634233e-01 5.086316363294193232e-01 -0.000000000000000000e+00 0.000000000000000000e+00 0.000000000000000000e+00 1.000000000000000000e+00
2.700224214001044620e-01 4.816302171540826071e-01 -8.763745397511906177e-01 0.000000000000000000e+00 8.763745397511906177e-01 4.816302171540826071e-01 -0.000000000000000000e+00 0.000000000000000000e+00 0.000000000000000000e+00 1.000000000000000000e+00
2.751264214001044039e-01 4.532826041934712724e-01 -8.913668609139473453e-01 0.000000000000000000e+00 8.913668609139473453e-01 4.532826041934712724e-01 -0.000000000000000000e+00 0.000000000000000000e+00 0.000000000000000000e+00 1.000000000000000000e+00
2.801024214001039958e-01 4.251969177019262469e-01 -9.051008679571471705e-01 0.000000000000000000e+00 9.051008679571471705e-01 4.251969177019262469e-01 -0.000000000000000000e+00 0.000000000000000000e+00 0.000000000000000000e+00 1.000000000000000000e+00
2.850224214001040313e-01 3.970185954308552700e-01 -9.178105659024147212e-01 0.000000000000000000e+00 9.178105659024147212e-01 3.970185954308552700e-01 -0.000000000000000000e+00 0.000000000000000000e+00 0.000000000000000000e+00 1.000000000000000000e+00
2.900224214001034806e-01 3.679935641554098469e-01 -9.298283372430623528e-01 0.000000000000000000e+00 9.298283372430623528e-01 3.679935641554098469e-01 -0.000000000000000000e+00 0.000000000000000000e+00 0.000000000000000000e+00 1.000000000000000000e+00
2.950224214001029299e-01 3.386053676605449425e-01 -9.409284802743869136e-01 0.000000000000000000e+00 9.409284802743869136e-01 3.386053676605449425e-01 -0.000000000000000000e+00 0.000000000000000000e+00 0.000000000000000000e+00 1.000000000000000000e+00
3.000224214001023793e-01 3.088830085481201193e-01 -9.511000404953530163e-01 0.000000000000000000e+00 9.511000404953530163e-01 3.088830085481201193e-01 -0.000000000000000000e+00 0.000000000000000000e+00 0.000000000000000000e+00 1.000000000000000000e+00
3.050224214001018286e-01 2.788558191981559964e-01 -9.603329798040498577e-01 0.000000000000000000e+00 9.603329798040498577e-01 2.788558191981559964e-01 -0.000000000000000000e+00 0.000000000000000000e+00 0.000000000000000000e+00 1.000000000000000000e+00
3.101424214001012869e-01 2.478230413336921512e-01 -9.688053159351054378e-01 0.000000000000000000e+00 9.688053159351054378e-01 2.478230413336921512e-01 -0.000000000000000000e+00 0.000000000000000000e+00 0.000000000000000000e+00 1.000000000000000000e+00
3.150077959201535438e-01 2.180954375982263327e-01 -9.759274461243716559e-01 0.000000000000000000e+00 9.759274461243716559e-01 2.180954375982263327e-01 -0.000000000000000000e+00 0.000000000000000000e+00 0.000000000000000000e+00 1.000000000000000000e+00
3.200544268057726183e-01 1.870453872236940429e-01 -9.823512727727991001e-01 0.000000000000000000e+00 9.823512727727991001e-01 1.870453872236940429e-01 -0.000000000000000000e+00 0.000000000000000000e+00 0.000000000000000000e+00 1.000000000000000000e+00
3.250908670365120767e-01 1.558705342962088403e-01 -9.877774934357506087e-01 0.000000000000000000e+00 9.877774934357506087e-01 1.558705342962088403e-01 -0.000000000000000000e+00 0.000000000000000000e+00 0.000000000000000000e+00 1.000000000000000000e+00
3.300387597556789787e-01 1.250916154666621427e-01 -9.921451948882987759e-01 0.000000000000000000e+00 9.921451948882987759e-01 1.250916154666621427e-01 -0.000000000000000000e+00 0.000000000000000000e+00 0.000000000000000000e+00 1.000000000000000000e+00
3.350387597556784280e-01 9.386585661852049622e-02 -9.955848537223088712e-01 0.000000000000000000e+00 9.955848537223088712e-01 9.386585661852049622e-02 -0.000000000000000000e+00 0.000000000000000000e+00 0.000000000000000000e+00 1.000000000000000000e+00
3.401587597556779419e-01 6.179493986249672000e-02 -9.980888664880449568e-01 0.000000000000000000e+00 9.980888664880449568e-01 6.179493986249672000e-02 -0.000000000000000000e+00 0.000000000000000000e+00 0.000000000000000000e+00 1.000000000000000000e+00
3.451507597556779383e-01 3.046396105714677810e-02 -9.995358658280897313e-01 0.000000000000000000e+00 9.995358658280897313e-01 3.046396105714677810e-02 -0.000000000000000000e+00 0.000000000000000000e+00 0.000000000000000000e+00 1.000000000000000000e+00
3.501507597556773876e-01 -9.472513401268278267e-04 -9.999995513573486372e-01 0.000000000000000000e+00 9.999995513573486372e-01 -9.472513401268278267e-04 -0.000000000000000000e+00 0.000000000000000000e+00 0.000000000000000000e+00 1.000000000000000000e+00
3.551507597556768370e-01 -3.235752891469032694e-02 -9.994763580608275744e-01 0.000000000000000000e+00 9.994763580608275744e-01 -3.235752891469032694e-02 -0.000000000000000000e+00 0.000000000000000000e+00 0.000000000000000000e+00 1.000000000000000000e+00
3.601507597556762863e-01 -6.373587351478728069e-02 -9.979668022671430716e-01 0.000000000000000000e+00 9.979668022671430716e-01 -6.373587351478728069e-02 -0.000000000000000000e+00 0.000000000000000000e+00 0.000000000000000000e+00 1.000000000000000000e+00
3.651507597556757356e-01 -9.505131850264998683e-02 -9.954723737256134797e-01 0.000000000000000000e+00 9.954723737256134797e-01 -9.505131850264998683e-02 -0.000000000000000000e+00 0.000000000000000000e+00 0.000000000000000000e+00 1.000000000000000000e+00
3.701507597556751850e-01 -1.262729593148357865e-01 -9.919955341360533474e-01 0.000000000000000000e+00 9.919955341360533474e-01 -1.262729593148357865e-01 -0.000000000000000000e+00 0.000000000000000000e+00 0.000000000000000000e+00 1.000000000000000000e+00
3.751507597556746343e-01 -1.573699839612970053e-01 -9.875397147193732961e-01 0.000000000000000000e+00 9.875397147193732961e-01 -1.573699839612970053e-01 -0.000000000000000000e+00 0.000000000000000000e+00 0.000000000000000000e+00 1.000000000000000000e+00
3.801507597556740836e-01 -1.883117034330964445e-01 -9.821093128313800324e-01 0.000000000000000000e+00 9.821093128313800324e-01 -1.883117034330964445e-01 -0.000000000000000000e+00 0.000000000000000000e+00 0.000000000000000000e+00 1.000000000000000000e+00
3.851107597556736595e-01 -2.188223524816505228e-01 -9.757647144954548768e-01 0.000000000000000000e+00 9.757647144954548768e-01 -2.188223524816505228e-01 -0.000000000000000000e+00 0.000000000000000000e+00 0.000000000000000000e+00 1.000000000000000000e+00
3.900208397556736983e-01 -2.488167113568676425e-01 -9.685505893599741789e-01 0.000000000000000000e+00 9.685505893599741789e-01 -2.488167113568676425e-01 -0.000000000000000000e+00 0.000000000000000000e+00 0.000000000000000000e+00 1.000000000000000000e+00
3.950051597556732963e-01 -2.790222383268042283e-01 -9.602846403640435957e-01 0.000000000000000000e+00 9.602846403640435957e-01 -2.790222383268042283e-01 -0.000000000000000000e+00 0.000000000000000000e+00 0.000000000000000000e+00 1.000000000000000000e+00
4.001171597556732462e-01 -3.097170179568748960e-01 -9.508287799535208862e-01 0.000000000000000000e+00 9.508287799535208862e-01 -3.097170179568748960e-01 -0.000000000000000000e+00 0.000000000000000000e+00 0.000000000000000000e+00 1.000000000000000000e+00
4.051171597556726955e-01 -3.394304450364747372e-01 -9.406311567146501407e-01 0.000000000000000000e+00 9.406311567146501407e-01 -3.394304450364747372e-01 -0.000000000000000000e+00 0.000000000000000000e+00 0.000000000000000000e+00 1.000000000000000000e+00
4.101171597556721449e-01 -3.688088952467583059e-01 -9.295052440878779354e-01 0.000000000000000000e+00 9.295052440878779354e-01 -3.688088952467583059e-01 -0.000000000000000000e+00 0.000000000000000000e+00 0.000000000000000000e+00 1.000000000000000000e+00
4.151171597556715942e-01 -3.978233756042709457e-01 -9.174620220057194686e-01 0.000000000000000000e+00 9.174620220057194686e-01 -3.978233756042709457e-01 -0.000000000000000000e+00 0.000000000000000000e+00 0.000000000000000000e+00 1.000000000000000000e+00
4.201171597556710435e-01 -4.264452523198600242e-01 -9.045133756743737319e-01 0.000000000000000000e+00 9.045133756743737319e-01 -4.264452523198600242e-01 -0.000000000000000000e+00 0.000000000000000000e+00 0.000000000000000000e+00 1.000000000000000000e+00
4.251171597556704929e-01 -4.546462790567687984e-01 -8.906720838444610600e-01 0.000000000000000000e+00 8.906720838444610600e-01 -4.546462790567687984e-01 -0.000000000000000000e+00 0.000000000000000000e+00 0.000000000000000000e+00 1.000000000000000000e+00
4.301171597556699422e-01 -4.823986248063594218e-01 -8.759518061999376215e-01 0.000000000000000000e+00 8.759518061999376215e-01 -4.823986248063594218e-01 -0.000000000000000000e+00 0.000000000000000000e+00 0.000000000000000000e+00 1.000000000000000000e+00
4.351171597556693915e-01 -5.096749013539580986e-01 -8.603670698776383352e-01 0.000000000000000000e+00 8.603670698776383352e-01 -5.096749013539580986e-01 -0.000000000000000000e+00 0.000000000000000000e+00 0.000000000000000000e+00 1.000000000000000000e+00
4.401171597556688408e-01 -5.364481903077167324e-01 -8.439332551307453523e-01 0.000000000000000000e+00 8.439332551307453523e-01 -5.364481903077167324e-01 -0.000000000000000000e+00 0.000000000000000000e+00 0.000000000000000000e+00 1.000000000000000000e+00
4.451171597556682902e-01 -5.626920696638170183e-01 -8.266665801503348954e-01 0.000000000000000000e+00 8.266665801503348954e-01 -5.626920696638170183e-01 -0.000000000000000000e+00 0.000000000000000000e+00 0.000000000000000000e+00 1.000000000000000000e+00
4.501171597556677395e-01 -5.883806398817961192e-01 -8.085840850599820273e-01 0.000000000000000000e+00 8.085840850599820273e-01 -5.883806398817961192e-01 -0.000000000000000000e+00 0.000000000000000000e+00 0.000000000000000000e+00 1.000000000000000000e+00
4.551171597556671888e-01 -6.134885494442671172e-01 -7.897036150992149395e-01 0.000000000000000000e+00 7.897036150992149395e-01 -6.134885494442671172e-01 -0.000000000000000000e+00 0.000000000000000000e+00 0.000000000000000000e+00 1.000000000000000000e+00
4.601171597556666382e-01 -6.379910198758073081e-01 -7.700438030124178157e-01 0.000000000000000000e+00 7.700438030124178157e-01 -6.379910198758073081e-01 -0.000000000000000000e+00 0.000000000000000000e+00 0.000000000000000000e+00 1.000000000000000000e+00
4.651171597556660875e-01 -6.618638701963195370e-01 -7.496240506605624798e-01 0.000000000000000000e+00 7.496240506605624798e-01 -6.618638701963195370e-01 -0.000000000000000000e+00 0.000000000000000000e+00 0.000000000000000000e+00 1.000000000000000000e+00
4.701171597556655368e-01 -6.850835407847413183e-01 -7.284645098739139790e-01 0.000000000000000000e+00 7.284645098739139790e-01 -6.850835407847413183e-01 -0.000000000000000000e+00 0.000000000000000000e+00 0.000000000000000000e+00 1.000000000000000000e+00
4.751171597556649862e-01 -7.076271166295469150e-01 -7.065860625646063209e-01 0.000000000000000000e+00 7.065860625646063209e-01 -7.076271166295469150e-01 -0.000000000000000000e+00 0.000000000000000000e+00 0.000000000000000000e+00 1.000000000000000000e+00
4.801171597556644355e-01 -7.294723499430966207e-01 -6.840103001187163301e-01 0.000000000000000000e+00 6.840103001187163301e-01 -7.294723499430966207e-01 -0.000000000000000000e+00 0.000000000000000000e+00 0.000000000000000000e+00 1.000000000000000000e+00
4.851171597556638848e-01 -7.505976821175168734e-01 -6.607595020881736891e-01 0.000000000000000000e+00 6.607595020881736891e-01 -7.505976821175168734e-01 -0.000000000000000000e+00 0.000000000000000000e+00 0.000000000000000000e+00 1.000000000000000000e+00
4.901811597556637867e-01 -7.712382978979939185e-01 -6.365465323567517375e-01 0.000000000000000000e+00 6.365465323567517375e-01 -7.712382978979939185e-01 -0.000000000000000000e+00 0.000000000000000000e+00 0.000000000000000000e+00 1.000000000000000000e+00
4.951411597556634736e-01 -7.906983089489413308e-01 -6.122059981944676377e-01 0.000000000000000000e+00 6.122059981944676377e-01 -7.906983089489413308e-01 -0.000000000000000000e+00 0.000000000000000000e+00 0.000000000000000000e+00 1.000000000000000000e+00
5.001411597556629784e-01 -8.095380021800266945e-01 -5.870674774047452971e-01 0.000000000000000000e+00 5.870674774047452971e-01 -8.095380021800266945e-01 -0.000000000000000000e+00 0.000000000000000000e+00 0.000000000000000000e+00 1.000000000000000000e+00
5.051411597556624278e-01 -8.275787791396673754e-01 -5.613495918923407935e-01 0.000000000000000000e+00 5.613495918923407935e-01 -8.275787791396673754e-01 -0.000000000000000000e+00 0.000000000000000000e+00 0.000000000000000000e+00 1.000000000000000000e+00
5.101411597556618771e-01 -8.448028357590942061e-01 -5.350777221052961385e-01 0.000000000000000000e+00 5.350777221052961385e-01 -8.448028357590942061e-01 -0.000000000000000000e+00 0.000000000000000000e+00 0.000000000000000000e+00 1.000000000000000000e+00
5.151411597556613264e-01 -8.611931739739100422e-01 -5.082777952072492500e-01 0.000000000000000000e+00 5.082777952072492500e-01 -8.611931739739100422e-01 -0.000000000000000000e+00 0.000000000000000000e+00 0.000000000000000000e+00 1.000000000000000000e+00
5.201411597556607758e-01 -8.767336184991251224e-01 -4.809762594904556376e-01 0.000000000000000000e+00 4.809762594904556376e-01 -8.767336184991251224e-01 -0.000000000000000000e+00 0.000000000000000000e+00 0.000000000000000000e+00 1.000000000000000000e+00
5.251411597556602251e-01 -8.914088327922148336e-01 -4.532000582745121520e-01 0.000000000000000000e+00 4.532000582745121520e-01 -8.914088327922148336e-01 -0.000000000000000000e+00 0.000000000000000000e+00 0.000000000000000000e+00 1.000000000000000000e+00
5.300611597556602606e-01 -9.049906033021311025e-01 -4.254315549355088266e-01 0.000000000000000000e+00 4.254315549355088266e-01 -9.049906033021311025e-01 -0.000000000000000000e+00 0.000000000000000000e+00 0.000000000000000000e+00 1.000000000000000000e+00
5.350611597556597099e-01 -9.179071731461325712e-01 -3.967951883363454169e-01 0.000000000000000000e+00 3.967951883363454169e-01 -9.179071731461325712e-01 -0.000000000000000000e+00 0.000000000000000000e+00 0.000000000000000000e+00 1.000000000000000000e+00
5.401731597556597153e-01 -9.301764531169047778e-01 -3.671127429916518081e-01 0.000000000000000000e+00 3.671127429916518081e-01 -9.301764531169047778e-01 -0.000000000000000000e+00 0.000000000000000000e+00 0.000000000000000000e+00 1.000000000000000000e+00
5.451731597556591646e-01 -9.412487571126944008e-01 -3.377140465450148010e-01 0.000000000000000000e+00 3.377140465450148010e-01 -9.412487571126944008e-01 -0.000000000000000000e+00 0.000000000000000000e+00 0.000000000000000000e+00 1.000000000000000000e+00
5.501731597556586140e-01 -9.513921622235532727e-01 -3.079820671071489269e-01 0.000000000000000000e+00 3.079820671071489269e-01 -9.513921622235532727e-01 -0.000000000000000000e+00 0.000000000000000000e+00 0.000000000000000000e+00 1.000000000000000000e+00
5.551731597556580633e-01 -9.605966581332654464e-01 -2.779461465521743113e-01 0.000000000000000000e+00 2.779461465521743113e-01 -9.605966581332654464e-01 -0.000000000000000000e+00 0.000000000000000000e+00 0.000000000000000000e+00 1.000000000000000000e+00
5.600061451044908711e-01 -9.685927625296665289e-01 -2.486524891794760495e-01 0.000000000000000000e+00 2.486524891794760495e-01 -9.685927625296665289e-01 -0.000000000000000000e+00 0.000000000000000000e+00 0.000000000000000000e+00 1.000000000000000000e+00
5.650177106596441234e-01 -9.759410307357800907e-01 -2.180346406568993145e-01 0.000000000000000000e+00 2.180346406568993145e-01 -9.759410307357800907e-01 -0.000000000000000000e+00 0.000000000000000000e+00 0.000000000000000000e+00 1.000000000000000000e+00
5.700054328354368094e-01 -9.822936465134644024e-01 -1.873477835985289386e-01 0.000000000000000000e+00 1.873477835985289386e-01 -9.822936465134644024e-01 -0.000000000000000000e+00 0.000000000000000000e+00 0.000000000000000000e+00 1.000000000000000000e+00
5.750632384174233502e-01 -9.877504200925781852e-01 -1.560420059052546327e-01 0.000000000000000000e+00 1.560420059052546327e-01 -9.877504200925781852e-01 -0.000000000000000000e+00 0.000000000000000000e+00 0.000000000000000000e+00 1.000000000000000000e+00
5.801335457364859005e-01 -9.922195182298667593e-01 -1.245007134264336374e-01 0.000000000000000000e+00 1.245007134264336374e-01 -9.922195182298667593e-01 -0.000000000000000000e+00 0.000000000000000000e+00 0.000000000000000000e+00 1.000000000000000000e+00
5.851335457364853498e-01 -9.956405797081698816e-01 -9.327291160020273475e-02 0.000000000000000000e+00 9.327291160020273475e-02 -9.956405797081698816e-01 -0.000000000000000000e+00 0.000000000000000000e+00 0.000000000000000000e+00 1.000000000000000000e+00
5.901335457364847992e-01 -9.980790641394452489e-01 -6.195306067119753929e-02 0.000000000000000000e+00 6.195306067119753929e-02 -9.980790641394452489e-01 -0.000000000000000000e+00 0.000000000000000000e+00 0.000000000000000000e+00 1.000000000000000000e+00
5.951335457364842485e-01 -9.995325650339609291e-01 -3.057206955099399034e-02 0.000000000000000000e+00 3.057206955099399034e-02 -9.995325650339609291e-01 -0.000000000000000000e+00 0.000000000000000000e+00 0.000000000000000000e+00 1.000000000000000000e+00
6.001335457364836978e-01 -9.999996479618170619e-01 8.390925108461394196e-04 0.000000000000000000e+00 -8.390925108461394196e-04 -9.999996479618170619e-01 -0.000000000000000000e+00 0.000000000000000000e+00 -0.000000000000000000e+00 1.000000000000000000e+00
6.051335457364831472e-01 -9.994798519685561544e-01 3.224942648968248671e-02 0.000000000000000000e+00 -3.224942648968248671e-02 -9.994798519685561544e-01 -0.000000000000000000e+00 0.000000000000000000e+00 -0.000000000000000000e+00 1.000000000000000000e+00
6.101335457364825965e-01 -9.979736900300669733e-01 6.362793417809441132e-02 0.000000000000000000e+00 -6.362793417809441132e-02 -9.979736900300669733e-01 -0.000000000000000000e+00 0.000000000000000000e+00 -0.000000000000000000e+00 1.000000000000000000e+00
6.151335457364820458e-01 -9.954826485463419417e-01 9.494364877736616304e-02 0.000000000000000000e+00 -9.494364877736616304e-02 -9.954826485463419417e-01 -0.000000000000000000e+00 0.000000000000000000e+00 -0.000000000000000000e+00 1.000000000000000000e+00
6.200295457364825014e-01 -9.920914171900387934e-01 1.255174089035480389e-01 0.000000000000000000e+00 -1.255174089035480389e-01 -9.920914171900387934e-01 -0.000000000000000000e+00 0.000000000000000000e+00 -0.000000000000000000e+00 1.000000000000000000e+00
6.250301473364828775e-01 -9.876586908559847888e-01 1.566215514437338252e-01 0.000000000000000000e+00 -1.566215514437338252e-01 -9.876586908559847888e-01 -0.000000000000000000e+00 0.000000000000000000e+00 -0.000000000000000000e+00 1.000000000000000000e+00
6.300687777364828435e-01 -9.822061834384470114e-01 1.878057858940454239e-01 0.000000000000000000e+00 -1.878057858940454239e-01 -9.822061834384470114e-01 -0.000000000000000000e+00 0.000000000000000000e+00 -0.000000000000000000e+00 1.000000000000000000e+00
6.350687777364822928e-01 -9.758224016843193294e-01 2.185649568687701161e-01 0.000000000000000000e+00 -2.185649568687701161e-01 -9.758224016843193294e-01 -0.000000000000000000e+00 0.000000000000000000e+00 -0.000000000000000000e+00 1.000000000000000000e+00
6.400687777364817421e-01 -9.684756010321955433e-01 2.491084306187323905e-01 0.000000000000000000e+00 -2.491084306187323905e-01 -9.684756010321955433e-01 -0.000000000000000000e+00 0.000000000000000000e+00 -0.000000000000000000e+00 1.000000000000000000e+00
6.450687777364811915e-01 -9.601730318873296088e-01 2.794060644228988921e-01 0.000000000000000000e+00 -2.794060644228988921e-01 -9.601730318873296088e-01 -0.000000000000000000e+00 0.000000000000000000e+00 -0.000000000000000000e+00 1.000000000000000000e+00
6.500687777364806408e-01 -9.509228878830862097e-01 3.094279581745834617e-01 0.000000000000000000e+00 -3.094279581745834617e-01 -9.509228878830862097e-01 -0.000000000000000000e+00 0.000000000000000000e+00 -0.000000000000000000e+00 1.000000000000000000e+00
6.550687777364800901e-01 -9.407342977948138785e-01 3.391444838892394564e-01 0.000000000000000000e+00 -3.391444838892394564e-01 -9.407342977948138785e-01 -0.000000000000000000e+00 0.000000000000000000e+00 -0.000000000000000000e+00 1.000000000000000000e+00
6.600687777364795394e-01 -9.296173165308464492e-01 3.685263149437070229e-01 0.000000000000000000e+00 -3.685263149437070229e-01 -9.296173165308464492e-01 -0.000000000000000000e+00 0.000000000000000000e+00 -0.000000000000000000e+00 1.000000000000000000e+00
6.650687777364789888e-01 -9.175829152095217323e-01 3.975444550180464165e-01 0.000000000000000000e+00 -3.975444550180464165e-01 -9.175829152095217323e-01 -0.000000000000000000e+00 0.000000000000000000e+00 -0.000000000000000000e+00 1.000000000000000000e+00
6.700687777364784381e-01 -9.046429703320135740e-01 4.261702667114063980e-01 0.000000000000000000e+00 -4.261702667114063980e-01 -9.046429703320135740e-01 -0.000000000000000000e+00 0.000000000000000000e+00 -0.000000000000000000e+00 1.000000000000000000e+00
6.750687777364778874e-01 -8.908102520616570930e-01 4.543754998036825254e-01 0.000000000000000000e+00 -4.543754998036825254e-01 -8.908102520616570930e-01 -0.000000000000000000e+00 0.000000000000000000e+00 -0.000000000000000000e+00 1.000000000000000000e+00
6.800687777364773368e-01 -8.760984116213414996e-01 4.821323191350710413e-01 0.000000000000000000e+00 -4.821323191350710413e-01 -8.760984116213414996e-01 -0.000000000000000000e+00 0.000000000000000000e+00 -0.000000000000000000e+00 1.000000000000000000e+00
6.850687777364767861e-01 -8.605219678213988921e-01 5.094133320760140249e-01 0.000000000000000000e+00 -5.094133320760140249e-01 -8.605219678213988921e-01 -0.000000000000000000e+00 0.000000000000000000e+00 -0.000000000000000000e+00 1.000000000000000000e+00
6.900687777364762354e-01 -8.440962927312929409e-01 5.361916155604149470e-01 0.000000000000000000e+00 -5.361916155604149470e-01 -8.440962927312929409e-01 -0.000000000000000000e+00 0.000000000000000000e+00 -0.000000000000000000e+00 1.000000000000000000e+00
6.950207777364764139e-01 -8.270071870345072629e-01 5.621913487357057537e-01 0.000000000000000000e+00 -5.621913487357057537e-01 -8.270071870345072629e-01 -0.000000000000000000e+00 0.000000000000000000e+00 -0.000000000000000000e+00 1.000000000000000000e+00
7.001087777364759512e-01 -8.086150714638258297e-01 5.883380543544260988e-01 0.000000000000000000e+00 -5.883380543544260988e-01 -8.086150714638258297e-01 -0.000000000000000000e+00 0.000000000000000000e+00 -0.000000000000000000e+00 1.000000000000000000e+00
7.051999777364758026e-01 -7.893842728541006215e-01 6.138993971088443358e-01 0.000000000000000000e+00 -6.138993971088443358e-01 -7.893842728541006215e-01 -0.000000000000000000e+00 0.000000000000000000e+00 -0.000000000000000000e+00 1.000000000000000000e+00
7.100815777364758441e-01 -7.701864184111447686e-01 6.378188464564317206e-01 0.000000000000000000e+00 -6.378188464564317206e-01 -7.701864184111447686e-01 -0.000000000000000000e+00 0.000000000000000000e+00 -0.000000000000000000e+00 1.000000000000000000e+00
7.150889377364754163e-01 -7.497414033400269240e-01 6.617309333239056457e-01 0.000000000000000000e+00 -6.617309333239056457e-01 -7.497414033400269240e-01 -0.000000000000000000e+00 0.000000000000000000e+00 -0.000000000000000000e+00 1.000000000000000000e+00
7.200262177364750160e-01 -7.288558514726487525e-01 6.846671802957116082e-01 0.000000000000000000e+00 -6.846671802957116082e-01 -7.288558514726487525e-01 -0.000000000000000000e+00 0.000000000000000000e+00 -0.000000000000000000e+00 1.000000000000000000e+00
7.250262177364744653e-01 -7.069902892588961762e-01 7.072232539259599715e-01 0.000000000000000000e+00 -7.072232539259599715e-01 -7.069902892588961762e-01 -0.000000000000000000e+00 0.000000000000000000e+00 -0.000000000000000000e+00 1.000000000000000000e+00
7.301132577364747300e-01 -6.840281844667233102e-01 7.294555797683356380e-01 0.000000000000000000e+00 -7.294555797683356380e-01 -6.840281844667233102e-01 -0.000000000000000000e+00 0.000000000000000000e+00 -0.000000000000000000e+00 1.000000000000000000e+00
7.350505377364746629e-01 -6.610736432462183121e-01 7.503210234327519768e-01 0.000000000000000000e+00 -7.503210234327519768e-01 -6.610736432462183121e-01 -0.000000000000000000e+00 0.000000000000000000e+00 -0.000000000000000000e+00 1.000000000000000000e+00
7.401654177364749287e-01 -6.366228124412005585e-01 7.711753332929264237e-01 0.000000000000000000e+00 -7.711753332929264237e-01 -6.366228124412005585e-01 -0.000000000000000000e+00 0.000000000000000000e+00 -0.000000000000000000e+00 1.000000000000000000e+00
7.451337377364756209e-01 -6.122428708919597229e-01 7.906697585224639058e-01 0.000000000000000000e+00 -7.906697585224639058e-01 -6.122428708919597229e-01 -0.000000000000000000e+00 0.000000000000000000e+00 -0.000000000000000000e+00 1.000000000000000000e+00
7.501804577364753479e-01 -5.868675712240968290e-01 8.096829341449217621e-01 0.000000000000000000e+00 -8.096829341449217621e-01 -5.868675712240968290e-01 -0.000000000000000000e+00 0.000000000000000000e+00 -0.000000000000000000e+00 1.000000000000000000e+00
7.551804577364747972e-01 -5.611452319302921987e-01 8.277173603845087158e-01 0.000000000000000000e+00 -8.277173603845087158e-01 -5.611452319302921987e-01 -0.000000000000000000e+00 0.000000000000000000e+00 -0.000000000000000000e+00 1.000000000000000000e+00
7.601804577364742466e-01 -5.348691100404581178e-01 8.449349295209236388e-01 0.000000000000000000e+00 -8.449349295209236388e-01 -5.348691100404581178e-01 -0.000000000000000000e+00 0.000000000000000000e+00 -0.000000000000000000e+00 1.000000000000000000e+00
7.651804577364736959e-01 -5.080651369145436913e-01 8.613186498921323597e-01 0.000000000000000000e+00 -8.613186498921323597e-01 -5.080651369145436913e-01 -0.000000000000000000e+00 0.000000000000000000e+00 -0.000000000000000000e+00 1.000000000000000000e+00
7.700127796206336361e-01 -4.816833079925732508e-01 8.763453604608925085e-01 0.000000000000000000e+00 -8.763453604608925085e-01 -4.816833079925732508e-01 -0.000000000000000000e+00 0.000000000000000000e+00 -0.000000000000000000e+00 1.000000000000000000e+00
7.750833678450735897e-01 -4.535237143430693174e-01 8.912442092538194194e-01 0.000000000000000000e+00 -8.912442092538194194e-01 -4.535237143430693174e-01 -0.000000000000000000e+00 0.000000000000000000e+00 -0.000000000000000000e+00 1.000000000000000000e+00
7.801284780046554568e-01 -4.250487302704477055e-01 9.051704684176786753e-01 0.000000000000000000e+00 -9.051704684176786753e-01 -4.250487302704477055e-01 -0.000000000000000000e+00 0.000000000000000000e+00 -0.000000000000000000e+00 1.000000000000000000e+00
7.850548420214229495e-01 -3.968316248032529026e-01 9.178914214415614392e-01 0.000000000000000000e+00 -9.178914214415614392e-01 -3.968316248032529026e-01 -0.000000000000000000e+00 0.000000000000000000e+00 -0.000000000000000000e+00 1.000000000000000000e+00
7.901908420214229789e-01 -3.670093972362708512e-01 9.302172339514405142e-01 0.000000000000000000e+00 -9.302172339514405142e-01 -3.670093972362708512e-01 -0.000000000000000000e+00 0.000000000000000000e+00 -0.000000000000000000e+00 1.000000000000000000e+00
7.950948420214229984e-01 -3.381771798792808092e-01 9.410824591973312447e-01 0.000000000000000000e+00 -9.410824591973312447e-01 -3.381771798792808092e-01 -0.000000000000000000e+00 0.000000000000000000e+00 -0.000000000000000000e+00 1.000000000000000000e+00
8.000868420214224397e-01 -3.084980096294892560e-01 9.512249881361631854e-01 0.000000000000000000e+00 -9.512249881361631854e-01 -3.084980096294892560e-01 -0.000000000000000000e+00 0.000000000000000000e+00 -0.000000000000000000e+00 1.000000000000000000e+00
8.050868420214218890e-01 -2.784670855530082534e-01 9.604457726824632280e-01 0.000000000000000000e+00 -9.604457726824632280e-01 -2.784670855530082534e-01 -0.000000000000000000e+00 0.000000000000000000e+00 -0.000000000000000000e+00 1.000000000000000000e+00
8.100468420214220755e-01 -2.484048058100692402e-01 9.686563128635781172e-01 0.000000000000000000e+00 -9.686563128635781172e-01 -2.484048058100692402e-01 -0.000000000000000000e+00 0.000000000000000000e+00 -0.000000000000000000e+00 1.000000000000000000e+00
8.151668420214214228e-01 -2.171200688265841061e-01 9.761449050795376614e-01 0.000000000000000000e+00 -9.761449050795376614e-01 -2.171200688265841061e-01 -0.000000000000000000e+00 0.000000000000000000e+00 -0.000000000000000000e+00 1.000000000000000000e+00
8.201668420214208721e-01 -1.863514807404378637e-01 9.824831426675200152e-01 0.000000000000000000e+00 -9.824831426675200152e-01 -1.863514807404378637e-01 -0.000000000000000000e+00 0.000000000000000000e+00 -0.000000000000000000e+00 1.000000000000000000e+00
8.251268420214207255e-01 -1.556472555643503564e-01 9.878127007865842302e-01 0.000000000000000000e+00 -9.878127007865842302e-01 -1.556472555643503564e-01 -0.000000000000000000e+00 0.000000000000000000e+00 -0.000000000000000000e+00 1.000000000000000000e+00
8.300708420214210070e-01 -1.248916174681504038e-01 9.921703905510327326e-01 0.000000000000000000e+00 -9.921703905510327326e-01 -1.248916174681504038e-01 -0.000000000000000000e+00 0.000000000000000000e+00 -0.000000000000000000e+00 1.000000000000000000e+00
8.351476420214206664e-01 -9.318472777606695567e-02 9.956488369446829800e-01 0.000000000000000000e+00 -9.956488369446829800e-01 -9.318472777606695567e-02 -0.000000000000000000e+00 0.000000000000000000e+00 -0.000000000000000000e+00 1.000000000000000000e+00
8.401076420214207419e-01 -6.211550504442588105e-02 9.980689675734218946e-01 0.000000000000000000e+00 -9.980689675734218946e-01 -6.211550504442588105e-02 -0.000000000000000000e+00 0.000000000000000000e+00 -0.000000000000000000e+00 1.000000000000000000e+00
8.451406020214207171e-01 -3.052775429929660209e-02 9.995339194932015836e-01 0.000000000000000000e+00 -9.995339194932015836e-01 -3.052775429929660209e-02 -0.000000000000000000e+00 0.000000000000000000e+00 -0.000000000000000000e+00 1.000000000000000000e+00
8.501367620214206333e-01 8.593010178184602808e-04 9.999996308008122226e-01 0.000000000000000000e+00 -9.999996308008122226e-01 8.593010178184602808e-04 -0.000000000000000000e+00 -0.000000000000000000e+00 0.000000000000000000e+00 1.000000000000000000e+00
8.550995780214213360e-01 3.203611132144568163e-02 9.994867120534421945e-01 0.000000000000000000e+00 -9.994867120534421945e-01 3.203611132144568163e-02 -0.000000000000000000e+00 -0.000000000000000000e+00 0.000000000000000000e+00 1.000000000000000000e+00
8.601527492214220416e-01 6.374834827640861457e-02 9.979660054791594792e-01 0.000000000000000000e+00 -9.979660054791594792e-01 6.374834827640861457e-02 -0.000000000000000000e+00 -0.000000000000000000e+00 0.000000000000000000e+00 1.000000000000000000e+00
8.651527492214214909e-01 9.506376208101410819e-02 9.954711854890647693e-01 0.000000000000000000e+00 -9.954711854890647693e-01 9.506376208101410819e-02 -0.000000000000000000e+00 -0.000000000000000000e+00 0.000000000000000000e+00 1.000000000000000000e+00
8.701527492214209403e-01 1.262853594296327597e-01 9.919939556235854994e-01 0.000000000000000000e+00 -9.919939556235854994e-01 1.262853594296327597e-01 -0.000000000000000000e+00 -0.000000000000000000e+00 0.000000000000000000e+00 1.000000000000000000e+00
8.750327492214206027e-01 1.566376977907472934e-01 9.876561302552697708e-01 0.000000000000000000e+00 -9.876561302552697708e-01 1.566376977907472934e-01 -0.000000000000000000e+00 -0.000000000000000000e+00 0.000000000000000000e+00 1.000000000000000000e+00
8.801271492214205461e-01 1.881660060716009719e-01 9.821372379454218482e-01 0.000000000000000000e+00 -9.821372379454218482e-01 1.881660060716009719e-01 -0.000000000000000000e+00 -0.000000000000000000e+00 0.000000000000000000e+00 1.000000000000000000e+00
8.850148292214204959e-01 2.182341712460540151e-01 9.758964322614096520e-01 0.000000000000000000e+00 -9.758964322614096520e-01 2.182341712460540151e-01 -0.000000000000000000e+00 -0.000000000000000000e+00 0.000000000000000000e+00 1.000000000000000000e+00
8.900451652214200760e-01 2.489647430867850397e-01 9.685125485504725296e-01 0.000000000000000000e+00 -9.685125485504725296e-01 2.489647430867850397e-01 -0.000000000000000000e+00 -0.000000000000000000e+00 0.000000000000000000e+00 1.000000000000000000e+00
8.951342660214206548e-01 2.798011279852277711e-01 9.600579819876476906e-01 0.000000000000000000e+00 -9.600579819876476906e-01 2.798011279852277711e-01 -0.000000000000000000e+00 -0.000000000000000000e+00 0.000000000000000000e+00 1.000000000000000000e+00
9.001342660214201041e-01 3.098192129922121563e-01 9.507954855072074940e-01 0.000000000000000000e+00 -9.507954855072074940e-01 3.098192129922121563e-01 -0.000000000000000000e+00 -0.000000000000000000e+00 0.000000000000000000e+00 1.000000000000000000e+00
9.051422660214201166e-01 3.395788228567678257e-01 9.405776007683852580e-01 0.000000000000000000e+00 -9.405776007683852580e-01 3.395788228567678257e-01 -0.000000000000000000e+00 -0.000000000000000000e+00 0.000000000000000000e+00 1.000000000000000000e+00
9.100881860214203867e-01 3.686396751778492353e-01 9.295723693638756613e-01 0.000000000000000000e+00 -9.295723693638756613e-01 3.686396751778492353e-01 -0.000000000000000000e+00 -0.000000000000000000e+00 0.000000000000000000e+00 1.000000000000000000e+00
9.150483699318212594e-01 3.974267937464248113e-01 9.176338832085684238e-01 0.000000000000000000e+00 -9.176338832085684238e-01 3.974267937464248113e-01 -0.000000000000000000e+00 -0.000000000000000000e+00 0.000000000000000000e+00 1.000000000000000000e+00
9.200106149842763870e-01 4.258396388846107938e-01 9.047986527148590419e-01 0.000000000000000000e+00 -9.047986527148590419e-01 4.258396388846107938e-01 -0.000000000000000000e+00 -0.000000000000000000e+00 0.000000000000000000e+00 1.000000000000000000e+00
9.250647673855465491e-01 4.543530532204221317e-01 8.908217010318506546e-01 0.000000000000000000e+00 -8.908217010318506546e-01 4.543530532204221317e-01 -0.000000000000000000e+00 -0.000000000000000000e+00 0.000000000000000000e+00 1.000000000000000000e+00
9.300885290591068832e-01 4.822410403039518734e-01 8.760385716659753186e-01 0.000000000000000000e+00 -8.760385716659753186e-01 4.822410403039518734e-01 -0.000000000000000000e+00 -0.000000000000000000e+00 0.000000000000000000e+00 1.000000000000000000e+00
9.350207697600793066e-01 5.091537384663670229e-01 8.606755896420684726e-01 0.000000000000000000e+00 -8.606755896420684726e-01 5.091537384663670229e-01 -0.000000000000000000e+00 -0.000000000000000000e+00 0.000000000000000000e+00 1.000000000000000000e+00
9.400374973846107318e-01 5.360257063113873510e-01 8.442016596604026146e-01 0.000000000000000000e+00 -8.442016596604026146e-01 5.360257063113873510e-01 -0.000000000000000000e+00 -0.000000000000000000e+00 0.000000000000000000e+00 1.000000000000000000e+00
9.450115299179709938e-01 5.621432939077328772e-01 8.270398521924831048e-01 0.000000000000000000e+00 -8.270398521924831048e-01 5.621432939077328772e-01 -0.000000000000000000e+00 -0.000000000000000000e+00 0.000000000000000000e+00 1.000000000000000000e+00
9.500628248992605274e-01 5.881045582497058666e-01 8.087849087154868055e-01 0.000000000000000000e+00 -8.087849087154868055e-01 5.881045582497058666e-01 -0.000000000000000000e+00 -0.000000000000000000e+00 0.000000000000000000e+00 1.000000000000000000e+00
9.550103532323618305e-01 6.129584529490742506e-01 7.901151403170790788e-01 0.000000000000000000e+00 -7.901151403170790788e-01 6.129584529490742506e-01 -0.000000000000000000e+00 -0.000000000000000000e+00 0.000000000000000000e+00 1.000000000000000000e+00
9.601580846620222376e-01 6.381890068981235231e-01 7.698797253301238319e-01 0.000000000000000000e+00 -7.698797253301238319e-01 6.381890068981235231e-01 -0.000000000000000000e+00 -0.000000000000000000e+00 0.000000000000000000e+00 1.000000000000000000e+00
9.650367301305854406e-01 6.614849600067511659e-01 7.499584306379033505e-01 0.000000000000000000e+00 -7.499584306379033505e-01 6.614849600067511659e-01 -0.000000000000000000e+00 -0.000000000000000000e+00 0.000000000000000000e+00 1.000000000000000000e+00
9.700795626817504402e-01 6.849114369497512067e-01 7.286263264084184010e-01 0.000000000000000000e+00 -7.286263264084184010e-01 6.849114369497512067e-01 -0.000000000000000000e+00 -0.000000000000000000e+00 0.000000000000000000e+00 1.000000000000000000e+00
9.751195626817501516e-01 7.076377846063744981e-01 7.065753787087279969e-01 0.000000000000000000e+00 -7.065753787087279969e-01 7.076377846063744981e-01 -0.000000000000000000e+00 -0.000000000000000000e+00 0.000000000000000000e+00 1.000000000000000000e+00
9.800780983617507491e-01 7.293044513428214026e-01 6.841893138975105870e-01 0.000000000000000000e+00 -6.841893138975105870e-01 7.293044513428214026e-01 -0.000000000000000000e+00 -0.000000000000000000e+00 0.000000000000000000e+00 1.000000000000000000e+00
9.850684812609518115e-01 7.503955497521636042e-01 6.609890459849907529e-01 0.000000000000000000e+00 -6.609890459849907529e-01 7.503955497521636042e-01 -0.000000000000000000e+00 -0.000000000000000000e+00 0.000000000000000000e+00 1.000000000000000000e+00
9.900781311150079755e-01 7.708260691785716601e-01 6.370456585478876388e-01 0.000000000000000000e+00 -6.370456585478876388e-01 7.708260691785716601e-01 -0.000000000000000000e+00 -0.000000000000000000e+00 0.000000000000000000e+00 1.000000000000000000e+00
9.950689947821098613e-01 7.904206376199757189e-01 6.125644583424922907e-01 0.000000000000000000e+00 -6.125644583424922907e-01 7.904206376199757189e-01 -0.000000000000000000e+00 -0.000000000000000000e+00 0.000000000000000000e+00 1.000000000000000000e+00
1.000000000000000000e+00 8.090169943749474513e-01 5.877852522924732481e-01 0.000000000000000000e+00 -5.877852522924732481e-01 8.090169943749474513e-01 -0.000000000000000000e+00 -0.000000000000000000e+00 0.000000000000000000e+00 1.000000000000000000e+00
