time torque_Nm angle_arcmin
0.000000000000000000e+00 0.000000000000000000e+00 0.000000000000000000e+00
1.000000000000000048e-04 3.200000000000000000e+01 5.903884543480751590e-03
2.000000000000000096e-04 6.400000000000000000e+01 4.660908727910844512e-02
3.000000000000001363e-04 9.600000000000004263e+01 1.572031095163004821e-01
4.000246867836933012e-04 1.280078997707818758e+02 3.527801196467078015e-01
5.003745271401981816e-04 1.601198486848634275e+02 5.161183662364021707e-01
6.006239469476033375e-04 1.921996630232330574e+02 5.766642827454623310e-01
7.016206626976891720e-04 2.245186120632605196e+02 6.344820072087373752e-01
8.001502831012080727e-04 2.560480905923865862e+02 6.923842819320994435e-01
9.032650002063223648e-04 2.890448000660231287e+02 7.528558917321965804e-01
1.001506947424049901e-03 3.204822231756959354e+02 8.110099249056230697e-01
1.105112317925383393e-03 3.536359417361226747e+02 8.605087918870234498e-01
1.200584843643336813e-03 3.841871499658677749e+02 8.969953251274384032e-01
1.302422204409152059e-03 4.167751054109286883e+02 9.330564606775977321e-01
1.403241191567309058e-03 4.490371813015389080e+02 9.678545491948893353e-01
1.502406554036232657e-03 4.807700972915944817e+02 1.001444902029222650e+00
1.602406554036232920e-03 5.127700972915945385e+02 1.034439018006814370e+00
1.702406554036233182e-03 5.447700972915946522e+02 1.066802124846704336e+00
1.802406554036233444e-03 5.767700972915946522e+02 1.098890817310880230e+00
1.901769340749832416e-03 6.085661890399463800e+02 1.127177078631974805e+00
2.000338840193031844e-03 6.401084288617702214e+02 1.154560660087944779e+00
2.101227621976069389e-03 6.723928390323421809e+02 1.185874704498705023e+00
2.203925443984186463e-03 7.052561420749397030e+02 1.220156731582023202e+00
2.305120371036087617e-03 7.376385187315480607e+02 1.254736569902437537e+00
2.401305648233933825e-03 7.684178074348587870e+02 1.287425199835092737e+00
2.502300189291671584e-03 8.007360605733348393e+02 1.321339454476740283e+00
2.604737509507377025e-03 8.335160030423606941e+02 1.355240746988618294e+00
2.705334234142019786e-03 8.657069549254462117e+02 1.388079930488321567e+00
2.805334234142020048e-03 8.977069549254464391e+02 1.420439627537434690e+00
2.905334234142020310e-03 9.297069549254464391e+02 1.452573367498801504e+00
3.005334234142020573e-03 9.617069549254464391e+02 1.484351949700922102e+00
3.105334234142020835e-03 9.937069549254466665e+02 1.515821073055418688e+00
3.205334234142021097e-03 1.025706954925446780e+03 1.547039309686863540e+00
3.305334234142021359e-03 1.057706954925446780e+03 1.578044248926675497e+00
3.405334234142021622e-03 1.089706954925447008e+03 1.608810237246727670e+00
3.505334234142021884e-03 1.121706954925447008e+03 1.639425690043374573e+00
3.605334234142022146e-03 1.153706954925447008e+03 1.669985042830604671e+00
3.705334234142022409e-03 1.185706954925447235e+03 1.700443835456606489e+00
3.805334234142022671e-03 1.217706954925447235e+03 1.730682740324954283e+00
3.905334234142022933e-03 1.249706954925447235e+03 1.760691884279938835e+00
4.005334234142019292e-03 1.281706954925446098e+03 1.790515899451777582e+00
4.105334234142015218e-03 1.313706954925444734e+03 1.820285340927624729e+00
4.205334234142011143e-03 1.345706954925443370e+03 1.850029946502446565e+00
4.305334234142007069e-03 1.377706954925442233e+03 1.879791459117183372e+00
4.405334234142002994e-03 1.409706954925440868e+03 1.909555758745002052e+00
4.505334234141998920e-03 1.441706954925439732e+03 1.939252520044012273e+00
4.605334234141994845e-03 1.473706954925438140e+03 1.968779202806844042e+00
4.705334234141990771e-03 1.505706954925437003e+03 1.998107253750392776e+00
4.805334234141986696e-03 1.537706954925435639e+03 2.027233518577272964e+00
4.905334234141982622e-03 1.569706954925434502e+03 2.056140819947099185e+00
5.005334234141978547e-03 1.601706954925432910e+03 2.084865525453988511e+00
5.105334234141974473e-03 1.633706954925431546e+03 2.113460863022895264e+00
5.205334234141970398e-03 1.665706954925430637e+03 2.142030457011550038e+00
5.305334234141966324e-03 1.697706954925429272e+03 2.170665300998792624e+00
5.405334234141962249e-03 1.729706954925427908e+03 2.199354311270208306e+00
5.505334234141958175e-03 1.761706954925426317e+03 2.228359113055474960e+00
5.605334234141954100e-03 1.793706954925425407e+03 2.259525634641335046e+00
5.705334234141950026e-03 1.825706954925424043e+03 2.290957350716282814e+00
5.805334234141945951e-03 1.857706954925422679e+03 2.322011179899782007e+00
5.902934234141945721e-03 1.888938954925422649e+03 2.351726440418687947e+00
6.004566234141949996e-03 1.921461194925424024e+03 2.381998708390848041e+00
6.108294234141950843e-03 1.954654154925424336e+03 2.412260919103833778e+00
6.208294234141946769e-03 1.986654154925422972e+03 2.440975017254319646e+00
6.308294234141942694e-03 2.018654154925421608e+03 2.469334368583159467e+00
6.408294234141938620e-03 2.050654154925420244e+03 2.497463375749401138e+00
6.508294234141934545e-03 2.082654154925419334e+03 2.525479298727743682e+00
6.608294234141930470e-03 2.114654154925417515e+03 2.553429748772821029e+00
6.708294234141926396e-03 2.146654154925416151e+03 2.581363286573495230e+00
6.808294234141922321e-03 2.178654154925414787e+03 2.609254006692866668e+00
6.908294234141918247e-03 2.210654154925413877e+03 2.637081697551069137e+00
7.008294234141914172e-03 2.242654154925412513e+03 2.664840178558081529e+00
7.108294234141910098e-03 2.274654154925411149e+03 2.692494115034734570e+00
7.208294234141906023e-03 2.306654154925409784e+03 2.719909684960343021e+00
7.308294234141901949e-03 2.338654154925408875e+03 2.746987751416717582e+00
7.408294234141897874e-03 2.370654154925407511e+03 2.773722878043101581e+00
7.508294234141893800e-03 2.402654154925405692e+03 2.800155916324345462e+00
7.608294234141889725e-03 2.434654154925404328e+03 2.826354918776408542e+00
7.708294234141885651e-03 2.466654154925403418e+03 2.852421858009013267e+00
7.808294234141881576e-03 2.498654154925402054e+03 2.878445426946221630e+00
7.908294234141877502e-03 2.530654154925400690e+03 2.904506867607780318e+00
8.008294234141873427e-03 2.562654154925399325e+03 2.930674281127379821e+00
8.108294234141869353e-03 2.594654154925398416e+03 2.956995974318926468e+00
8.208294234141865278e-03 2.626654154925397052e+03 2.983467274331273345e+00
8.308294234141861204e-03 2.658654154925395687e+03 3.010042932464595200e+00
8.408294234141857129e-03 2.690654154925393868e+03 3.036649894852274212e+00
8.508294234141853055e-03 2.722654154925392959e+03 3.063204787112051353e+00
8.608294234141848980e-03 2.754654154925391595e+03 3.089631699009606880e+00
8.708294234141844906e-03 2.786654154925390230e+03 3.115877777902773982e+00
8.808294234141840831e-03 2.818654154925388866e+03 3.141924657165669377e+00
8.908294234141836757e-03 2.850654154925387957e+03 3.167792836987438410e+00
9.008294234141832682e-03 2.882654154925386592e+03 3.193536251580367136e+00
9.108294234141828608e-03 2.914654154925385228e+03 3.219229922485374651e+00
9.208294234141824533e-03 2.946654154925383864e+03 3.244949232057343647e+00
9.308294234141820458e-03 2.978654154925382500e+03 3.270760581067639894e+00
9.408294234141816384e-03 3.010654154925381135e+03 3.296703324886013586e+00
9.508294234141812309e-03 3.042654154925379771e+03 3.322780498860481213e+00
9.608294234141808235e-03 3.074654154925378407e+03 3.348957399866696605e+00
9.708294234141804160e-03 3.106654154925377497e+03 3.375141404189362593e+00
9.808294234141800086e-03 3.138654154925376133e+03 3.401233278154157436e+00
9.908294234141796011e-03 3.170654154925374769e+03 3.427161591506806992e+00
1.000829423414179194e-02 3.197345845074626595e+03 3.452863273342477335e+00
1.010829423414178786e-02 3.165345845074627960e+03 3.472683412351361021e+00
1.020829423414178379e-02 3.133345845074629324e+03 3.480830961832265924e+00
1.030829423414177971e-02 3.101345845074630688e+03 3.479394819406597339e+00
1.040829423414177564e-02 3.069345845074632052e+03 3.470819256653105533e+00
1.050829423414177156e-02 3.037345845074632962e+03 3.457001834391132178e+00
1.060829423414176749e-02 3.005345845074634326e+03 3.439302516232440876e+00
1.070829423414176342e-02 2.973345845074635690e+03 3.418713422872164287e+00
1.080829423414175934e-02 2.941345845074637054e+03 3.396039867959344427e+00
1.090829423414175527e-02 2.909345845074638419e+03 3.371913542257832130e+00
1.100829423414175119e-02 2.877345845074639783e+03 3.346688643878082736e+00
1.110829423414174712e-02 2.845345845074641147e+03 3.320568149594353535e+00
1.120829423414174304e-02 2.813345845074642511e+03 3.293667149461770638e+00
1.130829423414173897e-02 2.781345845074643876e+03 3.266179667561161182e+00
1.140829423414173489e-02 2.749345845074644785e+03 3.238336280070794881e+00
1.150829423414173082e-02 2.717345845074646149e+03 3.210215426629930757e+00
1.160829423414172674e-02 2.685345845074647514e+03 3.181996364569445124e+00
1.170829423414172267e-02 2.653345845074648878e+03 3.153865524387100994e+00
1.180829423414171860e-02 2.621345845074650242e+03 3.125910513064058094e+00
1.190829423414171452e-02 2.589345845074651606e+03 3.098211046855188222e+00
1.200829423414171045e-02 2.557345845074652971e+03 3.070876820115659989e+00
1.210829423414170637e-02 2.525345845074654335e+03 3.044005572695392292e+00
1.220829423414170230e-02 2.493345845074655244e+03 3.017534302180164829e+00
1.230829423414169822e-02 2.461345845074656609e+03 2.991350909757181320e+00
1.240829423414169415e-02 2.429345845074657973e+03 2.965318317500113654e+00
1.250829423414169007e-02 2.397345845074659337e+03 2.939285911981070143e+00
1.260829423414168600e-02 2.365345845074660701e+03 2.913113305293056676e+00
1.270829423414168192e-02 2.333345845074662066e+03 2.886699918047091806e+00
1.280829423414167785e-02 2.301345845074663430e+03 2.860026824436853854e+00
1.290829423414167378e-02 2.269345845074664794e+03 2.833181699518134700e+00
1.300829423414166970e-02 2.237345845074665704e+03 2.806252115419215265e+00
1.310829423414166563e-02 2.205345845074667068e+03 2.779305155327624011e+00
1.320829423414166155e-02 2.173345845074667977e+03 2.752414780974392183e+00
1.330829423414165748e-02 2.141345845074669342e+03 2.725642291540835593e+00
1.340829423414165340e-02 2.109345845074671161e+03 2.699024323649240831e+00
1.350829423414164933e-02 2.077345845074672525e+03 2.672547333726496888e+00
1.360829423414164525e-02 2.045345845074673662e+03 2.646158026159722620e+00
1.370829423414164118e-02 2.013345845074675026e+03 2.619777375304894296e+00
1.380829423414163711e-02 1.981345845074676163e+03 2.593291445405751627e+00
1.390829423414163303e-02 1.949345845074677527e+03 2.566605488287576620e+00
1.400829423414162896e-02 1.917345845074678664e+03 2.539666301623935585e+00
1.410829423414162488e-02 1.885345845074680028e+03 2.512484368583547845e+00
1.420829423414162081e-02 1.853345845074681392e+03 2.485095756568322489e+00
1.430829423414161673e-02 1.821345845074682757e+03 2.457568574519202631e+00
1.440829423414161266e-02 1.789345845074684121e+03 2.429998919483989717e+00
1.450829423414160858e-02 1.757345845074685485e+03 2.402461422245717237e+00
1.460829423414160451e-02 1.725345845074686622e+03 2.375014073246200397e+00
1.470829423414160043e-02 1.693345845074687986e+03 2.347695870301993004e+00
1.480829423414159636e-02 1.661345845074688896e+03 2.320497165618004232e+00
1.490829423414159229e-02 1.629345845074690487e+03 2.293417938814936718e+00
1.500829423414158821e-02 1.597345845074691852e+03 2.266409420216138670e+00
1.510829423414158414e-02 1.565345845074693216e+03 2.238226306893671858e+00
1.520829423414158006e-02 1.533345845074694580e+03 2.209086676463843713e+00
1.530829423414157599e-02 1.501345845074695717e+03 2.180017914082589492e+00
1.540829423414157191e-02 1.469345845074697081e+03 2.151079509600211104e+00
1.550829423414156784e-02 1.437345845074698445e+03 2.122218004159471150e+00
1.560829423414156376e-02 1.405345845074699810e+03 2.093403380178394002e+00
1.570829423414156142e-02 1.373345845074700492e+03 2.064661477248406207e+00
1.580829423414155735e-02 1.341345845074701856e+03 2.036030594381548653e+00
1.590829423414155327e-02 1.309345845074702993e+03 2.007542857637666600e+00
1.600829423414154920e-02 1.277345845074704357e+03 1.979218605037635026e+00
1.610829423414154513e-02 1.245345845074705721e+03 1.951049110892448590e+00
1.620829423414154105e-02 1.213345845074707086e+03 1.922998649706125551e+00
1.630829423414153698e-02 1.181345845074708222e+03 1.894999487133846916e+00
1.640829423414153290e-02 1.149345845074709587e+03 1.866956419352338692e+00
1.650829423414152883e-02 1.117345845074710951e+03 1.838778706846270650e+00
1.660829423414152475e-02 1.085345845074712315e+03 1.810392691723984759e+00
1.670829423414152068e-02 1.053345845074713452e+03 1.781752436863353717e+00
1.680829423414151660e-02 1.021345845074714703e+03 1.752832506089259557e+00
1.690829423414151253e-02 9.893458450747161805e+02 1.723643606344062551e+00
1.700829423414150846e-02 9.573458450747175448e+02 1.694224671381009406e+00
1.710829423414150438e-02 9.253458450747185680e+02 1.664634658449875682e+00
1.720829423414150031e-02 8.933458450747199322e+02 1.634954626508194009e+00
1.730829423414149623e-02 8.613458450747212964e+02 1.605242228603445565e+00
1.740829423414149216e-02 8.293458450747227744e+02 1.575548686428144274e+00
1.750829423414148808e-02 7.973458450747237976e+02 1.545882762652937448e+00
1.760829423414148401e-02 7.653458450747251618e+02 1.516207225761061927e+00
1.770829423414147993e-02 7.333458450747265260e+02 1.486437928380179629e+00
1.780829423414147586e-02 7.013458450747280040e+02 1.456467525186394774e+00
1.790829423414147178e-02 6.693458450747290271e+02 1.426196921626459835e+00
1.800829423414146771e-02 6.373458450747303914e+02 1.395525546283748586e+00
1.810829423414146364e-02 6.053458450747317556e+02 1.364391668414465020e+00
1.820829423414145956e-02 5.733458450747331199e+02 1.332866121405521076e+00
1.830829423414145549e-02 5.413458450747341431e+02 1.300961160102218184e+00
1.840829423414145141e-02 5.093458450747356210e+02 1.268645587290971877e+00
1.850829423414144734e-02 4.773458450747369852e+02 1.235938415162061821e+00
1.860829423414144326e-02 4.453458450747383495e+02 1.202870271272629132e+00
1.870829423414143919e-02 4.133458450747394295e+02 1.169319296985138257e+00
1.880829423414143511e-02 3.813458450747407937e+02 1.135166170201158176e+00
1.890829423414143104e-02 3.493458450747422148e+02 1.100406786526932468e+00
1.900829423414142696e-02 3.173458450747435791e+02 1.065030411648346886e+00
1.910829423414142289e-02 2.853458450747446022e+02 1.029187134656612157e+00
1.920829423414141882e-02 2.533458450747460233e+02 9.928881004115696074e-01
1.930829423414141474e-02 2.213458450747474160e+02 9.556964734500156267e-01
1.940829423414141067e-02 1.893458450747488087e+02 9.170940916648275820e-01
1.950829423414140659e-02 1.573458450747498318e+02 8.767144194784600719e-01
1.960829423414140252e-02 1.253458450747512387e+02 8.336937028710287301e-01
1.970829423414139844e-02 9.334584507475263138e+01 7.866830352549950556e-01
1.980829423414139437e-02 6.134584507475402404e+01 7.351515732521176627e-01
1.990829423414139029e-02 2.934584507475506143e+01 6.791956633337009608e-01
2.000829423414138622e-02 -2.654154925243457086e+00 6.178540471238838094e-01
2.010256623414137522e-02 -3.282119492523993642e+01 5.531042542657677030e-01
2.020037871414136557e-02 -6.412118852523684609e+01 4.747452559201073008e-01
2.030017693494137049e-02 -9.605661918123841758e+01 3.714825531864927033e-01
2.040245728612832821e-02 -1.287863315610648840e+02 2.048013709214647482e-01
2.050129169336309745e-02 -1.604133418761910548e+02 -6.804125072287435516e-02
2.060112899673121820e-02 -1.923612789539896823e+02 -4.553856508643726042e-01
2.070054869796809222e-02 -2.241755833497893775e+02 -7.742808621855556961e-01
2.080063691084206925e-02 -2.562038114694620390e+02 -8.808040674665325032e-01
2.090262493898527307e-02 -2.888399804752872342e+02 -9.352971957077931275e-01
2.100186081105214625e-02 -3.205954595366866897e+02 -9.717963815344441425e-01
2.110093190228470861e-02 -3.522982087311066266e+02 -1.008515442414441576e+00
2.120295133891608036e-02 -3.849444284531455764e+02 -1.048772564285729070e+00
2.130061983749054200e-02 -4.161983479969732684e+02 -1.087551920499179259e+00
2.140513409137791492e-02 -4.496429092409326245e+02 -1.126611880363425966e+00
2.150268072833948219e-02 -4.808578330686341360e+02 -1.159560378927862789e+00
2.160771181964718513e-02 -5.144677822870991122e+02 -1.192330999679829695e+00
2.170371181964718399e-02 -5.451877822870986847e+02 -1.220554467074467686e+00
2.180171783564717469e-02 -5.765497074070957524e+02 -1.248910503064266875e+00
2.190298929901629207e-02 -6.089565756852133518e+02 -1.276354487512370017e+00
2.200318229609736151e-02 -6.410183347511555212e+02 -1.302804393352685386e+00
2.210065004365785457e-02 -6.722080139705133206e+02 -1.332462858706109587e+00
2.220337591970512892e-02 -7.050802943056410186e+02 -1.367457916096732617e+00
2.230337782870217903e-02 -7.370809051846971443e+02 -1.403958052003676071e+00
2.240313023456101671e-02 -7.690016750595251551e+02 -1.441125704257465889e+00
2.250313023456101263e-02 -8.010016750595239046e+02 -1.477738786405953242e+00
2.260313023456100856e-02 -8.330016750595225403e+02 -1.512980770255271556e+00
2.270313023456100449e-02 -8.650016750595214035e+02 -1.546796051987551213e+00
2.280313023456100041e-02 -8.970016750595199255e+02 -1.579301074820190554e+00
2.290313023456099634e-02 -9.290016750595187887e+02 -1.610712708025581419e+00
2.300313023456099226e-02 -9.610016750595173107e+02 -1.641266444962818039e+00
2.310313023456098819e-02 -9.930016750595161739e+02 -1.671258964688325355e+00
2.320313023456098411e-02 -1.025001675059514810e+03 -1.700772793421837514e+00
2.330313023456098004e-02 -1.057001675059513445e+03 -1.729944643072448773e+00
2.340313023456097596e-02 -1.089001675059512081e+03 -1.759095767611195127e+00
2.350313023456097189e-02 -1.121001675059510944e+03 -1.788347146861860582e+00
2.360313023456096782e-02 -1.153001675059509580e+03 -1.817685420431017107e+00
2.370313023456096374e-02 -1.185001675059508216e+03 -1.846997512191294710e+00
2.380313023456095967e-02 -1.217001675059506852e+03 -1.876131723442485466e+00
2.390313023456095559e-02 -1.249001675059505715e+03 -1.904980102632061412e+00
2.400313023456095152e-02 -1.281001675059504350e+03 -1.933541412716400121e+00
2.410313023456094744e-02 -1.313001675059502986e+03 -1.961852377432974581e+00
2.420313023456094337e-02 -1.345001675059501622e+03 -1.989959731593881065e+00
2.430313023456093929e-02 -1.377001675059500485e+03 -2.017961435602859677e+00
2.440313023456093522e-02 -1.409001675059499121e+03 -2.045956772537742996e+00
2.450313023456093114e-02 -1.441001675059497984e+03 -2.073976669527285654e+00
2.460313023456092707e-02 -1.473001675059496392e+03 -2.102345275193892249e+00
2.470313023456092300e-02 -1.505001675059495255e+03 -2.131040959183340355e+00
2.480313023456091892e-02 -1.537001675059493891e+03 -2.160006956275426937e+00
2.490313023456091485e-02 -1.569001675059492754e+03 -2.189178155356024114e+00
2.500313023456091077e-02 -1.601001675059491390e+03 -2.218434039744836994e+00
2.510313023456090670e-02 -1.633001675059490026e+03 -2.247582625304547665e+00
2.520313023456090262e-02 -1.665001675059488662e+03 -2.276467067185543591e+00
2.530313023456089855e-02 -1.697001675059487297e+03 -2.304945228279711600e+00
2.540313023456089447e-02 -1.729001675059486161e+03 -2.333179703353991385e+00
2.550313023456089040e-02 -1.761001675059484796e+03 -2.361148364131896660e+00
2.560313023456088632e-02 -1.793001675059483432e+03 -2.388910411854184623e+00
2.570313023456088225e-02 -1.825001675059482068e+03 -2.416592486490649172e+00
2.580313023456087818e-02 -1.857001675059480931e+03 -2.444320183098582788e+00
2.590313023456087410e-02 -1.889001675059479567e+03 -2.472185622098574953e+00
2.600313023456087003e-02 -1.921001675059478202e+03 -2.500302856714786692e+00
2.610313023456086595e-02 -1.953001675059476838e+03 -2.528653794788336295e+00
2.620313023456086188e-02 -1.985001675059475701e+03 -2.557143082931355060e+00
2.630313023456085780e-02 -2.017001675059474337e+03 -2.585636164587853170e+00
2.640313023456085373e-02 -2.049001675059473200e+03 -2.614005532961131362e+00
2.650313023456084965e-02 -2.081001675059471836e+03 -2.642083699188386703e+00
2.660313023456084558e-02 -2.113001675059470472e+03 -2.669762914535789289e+00
2.670313023456084150e-02 -2.145001675059469108e+03 -2.697002626877262443e+00
2.680313023456083743e-02 -2.177001675059467743e+03 -2.723842639759287199e+00
2.690313023456083336e-02 -2.209001675059466379e+03 -2.750385952842081316e+00
2.700313023456082928e-02 -2.241001675059465015e+03 -2.776775060202868239e+00
2.710313023456082521e-02 -2.273001675059464105e+03 -2.803169978446369281e+00
2.720313023456082113e-02 -2.305001675059462741e+03 -2.829712437867380359e+00
2.730313023456081706e-02 -2.337001675059461377e+03 -2.856487317593867203e+00
2.740313023456081298e-02 -2.369001675059460013e+03 -2.883523492359664875e+00
2.750313023456080891e-02 -2.401001675059458648e+03 -2.910782711145989410e+00
2.760313023456080483e-02 -2.433001675059457284e+03 -2.938165897535428783e+00
2.770313023456080076e-02 -2.465001675059455920e+03 -2.965534262490997719e+00
2.780313023456079669e-02 -2.497001675059454556e+03 -2.992744058124962692e+00
2.790313023456079261e-02 -2.529001675059453646e+03 -3.019674288741259538e+00
2.800313023456078854e-02 -2.561001675059452282e+03 -3.046255698697989178e+00
2.810313023456078446e-02 -2.593001675059450918e+03 -3.072488102643328389e+00
2.820313023456078039e-02 -2.625001675059449553e+03 -3.098441009352178366e+00
2.830313023456077631e-02 -2.657001675059448189e+03 -3.124238843873872629e+00
2.840313023456077224e-02 -2.689001675059446825e+03 -3.150034197478417397e+00
2.850313023456076816e-02 -2.721001675059445461e+03 -3.175963430015063871e+00
2.860313023456076409e-02 -2.753001675059444096e+03 -3.202132655034618747e+00
2.870313023456076001e-02 -2.785001675059443187e+03 -3.228590509704580835e+00
2.880313023456075594e-02 -2.817001675059441823e+03 -3.255314917424968701e+00
2.890313023456075187e-02 -2.849001675059440458e+03 -3.282215888964603590e+00
2.900313023456074779e-02 -2.881001675059439094e+03 -3.309155622753827686e+00
2.910313023456074372e-02 -2.913001675059437730e+03 -3.335980653366234172e+00
2.920313023456073964e-02 -2.945001675059436366e+03 -3.362555937640887560e+00
2.930313023456073557e-02 -2.977001675059435001e+03 -3.388794856371730280e+00
2.940313023456073149e-02 -3.009001675059433637e+03 -3.414678615103109216e+00
2.950313023456072742e-02 -3.041001675059432728e+03 -3.440260717450729366e+00
2.960313023456072334e-02 -3.073001675059431363e+03 -3.465654316187484429e+00
2.970313023456071927e-02 -3.105001675059429999e+03 -3.490997176947551406e+00
2.980313023456071519e-02 -3.137001675059428635e+03 -3.516433091084787410e+00
2.990313023456071112e-02 -3.169001675059427271e+03 -3.542087754104139119e+00
3.000313023456070705e-02 -3.198998324940573184e+03 -3.568024716152930598e+00
3.010313023456070297e-02 -3.166998324940574548e+03 -3.589140238945685901e+00
3.020313023456069890e-02 -3.134998324940575912e+03 -3.598899416608390744e+00
3.030313023456069482e-02 -3.102998324940577277e+03 -3.599038601441457708e+00
3.040313023456069075e-02 -3.070998324940578641e+03 -3.591789810889129964e+00
3.050313023456068667e-02 -3.038998324940580005e+03 -3.578809717913246313e+00
3.060313023456068260e-02 -3.006998324940581369e+03 -3.561194918907789386e+00
3.070313023456067852e-02 -2.974998324940582734e+03 -3.539914128462462894e+00
3.080313023456067445e-02 -2.942998324940583643e+03 -3.515933495087616656e+00
3.090313023456067038e-02 -2.910998324940585007e+03 -3.489927817187687964e+00
3.100313023456066630e-02 -2.878998324940586372e+03 -3.462429471631321309e+00
3.110313023456066223e-02 -2.846998324940587736e+03 -3.433931711244812224e+00
3.120313023456065815e-02 -2.814998324940589100e+03 -3.405045674310998027e+00
3.130313023456067489e-02 -2.782998324940583643e+03 -3.376243165284023906e+00
3.140313023456070551e-02 -2.750998324940574093e+03 -3.347682443133923602e+00
3.150313023456073613e-02 -2.718998324940564089e+03 -3.319394979581730798e+00
3.160313023456076675e-02 -2.686998324940554085e+03 -3.291470168706231547e+00
3.170313023456079737e-02 -2.654998324940544080e+03 -3.263856453529297319e+00
3.180313023456082799e-02 -2.622998324940534530e+03 -3.236356171817313054e+00
3.190313023456085861e-02 -2.590998324940524981e+03 -3.208811612916062650e+00
3.200313023456088923e-02 -2.558998324940514976e+03 -3.181107956267414494e+00
3.210313023456091985e-02 -2.526998324940504972e+03 -3.153218782793683506e+00
3.220313023456095047e-02 -2.494998324940495422e+03 -3.125340964972961544e+00
3.230313023456098109e-02 -2.462998324940485873e+03 -3.097698177691114996e+00
3.240313023456101171e-02 -2.430998324940475868e+03 -3.070422996089780199e+00
3.250313023456104233e-02 -2.398998324940465864e+03 -3.043579259287513494e+00
3.260313023456107295e-02 -2.366998324940456314e+03 -3.017188237823364982e+00
3.270313023456110357e-02 -2.334998324940446764e+03 -2.991223124758641827e+00
3.280313023456113419e-02 -2.302998324940436760e+03 -2.965599982885112063e+00
3.290313023456116481e-02 -2.270998324940426755e+03 -2.940179114167331687e+00
3.300313023456119543e-02 -2.238998324940417206e+03 -2.914791185098667636e+00
3.310313023456122605e-02 -2.206998324940407656e+03 -2.889266541510912223e+00
3.320313023456125667e-02 -2.174998324940397652e+03 -2.863465667444635709e+00
3.330313023456128729e-02 -2.142998324940387647e+03 -2.837306784838391938e+00
3.340313023456131791e-02 -2.110998324940378097e+03 -2.810781407879624716e+00
3.350313023456134853e-02 -2.078998324940368093e+03 -2.783955108761829056e+00
3.360313023456137915e-02 -2.046998324940358316e+03 -2.756954528068132682e+00
3.370313023456140977e-02 -2.014998324940348311e+03 -2.729937486685511949e+00
3.380313023456144039e-02 -1.982998324940338762e+03 -2.703067395166722786e+00
3.390313023456147101e-02 -1.950998324940328985e+03 -2.676490197474366006e+00
3.400313023456150163e-02 -1.918998324940319208e+03 -2.650247887026598637e+00
3.410313023456153225e-02 -1.886998324940309203e+03 -2.624297255784669769e+00
3.420313023456156287e-02 -1.854998324940299426e+03 -2.598534835347605654e+00
3.430313023456159349e-02 -1.822998324940289876e+03 -2.572813514804188628e+00
3.440313023456162411e-02 -1.790998324940279872e+03 -2.546967829496035840e+00
3.450313023456165473e-02 -1.758998324940269868e+03 -2.520849002156099861e+00
3.460313023456168535e-02 -1.726998324940260318e+03 -2.494357397121806486e+00
3.470313023456171597e-02 -1.694998324940250768e+03 -2.467464452642640804e+00
3.480313023456174659e-02 -1.662998324940240764e+03 -2.440215390876252499e+00
3.490313023456177721e-02 -1.630998324940230759e+03 -2.412718366186228369e+00
3.500313023456180783e-02 -1.598998324940221210e+03 -2.385128119769020838e+00
3.510313023456183845e-02 -1.566998324940211432e+03 -2.357608634544869020e+00
3.520313023456186907e-02 -1.534998324940201655e+03 -2.330304530643729777e+00
3.530313023456189969e-02 -1.502998324940191878e+03 -2.303303253463716338e+00
3.540313023456193031e-02 -1.470998324940181874e+03 -2.276631068766490351e+00
3.550313023456196093e-02 -1.438998324940172324e+03 -2.250200575533578551e+00
3.560313023456199155e-02 -1.406998324940162320e+03 -2.223870200307225709e+00
3.570313023456202217e-02 -1.374998324940152770e+03 -2.197464303639016237e+00
3.580313023456205279e-02 -1.342998324940142766e+03 -2.170814486901334384e+00
3.590313023456208341e-02 -1.310998324940133216e+03 -2.143774383022472030e+00
3.600313023456211403e-02 -1.278998324940123211e+03 -2.116274398107318433e+00
3.610313023456214465e-02 -1.246998324940113434e+03 -2.088361755716939605e+00
3.620313023456217527e-02 -1.214998324940103657e+03 -2.060168299472607156e+00
3.630313023456220589e-02 -1.182998324940093880e+03 -2.031863509561401493e+00
3.640313023456223651e-02 -1.150998324940083876e+03 -2.003611719863555241e+00
3.650313023456226713e-02 -1.118998324940074326e+03 -1.975544776447797135e+00
3.660313023456229775e-02 -1.086998324940064322e+03 -1.947747901019134087e+00
3.670313023456232837e-02 -1.054998324940054772e+03 -1.920209537330110461e+00
3.680313023456235899e-02 -1.022998324940044768e+03 -1.892909312728600302e+00
3.690313023456238961e-02 -9.909983249400351042e+02 -1.865789648163898029e+00
3.700313023456242023e-02 -9.589983249400252134e+02 -1.838662963942844009e+00
3.710313023456245085e-02 -9.269983249400155501e+02 -1.811316297253120711e+00
3.720313023456248147e-02 -8.949983249400055456e+02 -1.783564973023822331e+00
3.730313023456251209e-02 -8.629983249399959959e+02 -1.755316170165411194e+00
3.740313023456254271e-02 -8.309983249399859915e+02 -1.726561320805964250e+00
3.750313023456257333e-02 -7.989983249399763281e+02 -1.697365791178275574e+00
3.760313023456260395e-02 -7.669983249399663237e+02 -1.667855783168828543e+00
3.770313023456263457e-02 -7.349983249399567740e+02 -1.638175356400694893e+00
3.780313023456266519e-02 -7.029983249399467695e+02 -1.608416971371435800e+00
3.790313023456269581e-02 -6.709983249399372198e+02 -1.578691445298820106e+00
3.800313023456272643e-02 -6.389983249399272154e+02 -1.549092751800307699e+00
3.810313023456275705e-02 -6.069983249399175520e+02 -1.519616376781757872e+00
3.820313023456278767e-02 -5.749983249399075476e+02 -1.490153391477846867e+00
3.830313023456281829e-02 -5.429983249398979979e+02 -1.460521450422731737e+00
3.840313023456284891e-02 -5.109983249398879934e+02 -1.430509114594107789e+00
3.850313023456287953e-02 -4.789983249398783869e+02 -1.399881920423492021e+00
3.860313023456291015e-02 -4.469983249398683824e+02 -1.368411303955809011e+00
3.870313023456294077e-02 -4.149983249398587759e+02 -1.336002406555129474e+00
3.880313023456297139e-02 -3.829983249398487715e+02 -1.302638058678872834e+00
3.890313023456300201e-02 -3.509983249398391649e+02 -1.268357394577203534e+00
3.900313023456303263e-02 -3.189983249398292173e+02 -1.233224823591104524e+00
3.910313023456306325e-02 -2.869983249398195539e+02 -1.197384383384196171e+00
3.920313023456309387e-02 -2.549983249398096063e+02 -1.160811100567577192e+00
3.930313023456312449e-02 -2.229983249397999998e+02 -1.123567934293922432e+00
3.940313023456315511e-02 -1.909983249397899954e+02 -1.085834554965476872e+00
3.950313023456318573e-02 -1.589983249397803888e+02 -1.047210711564119601e+00
3.960313023456321635e-02 -1.269983249397704128e+02 -1.007034806783136283e+00
3.970313023456324697e-02 -9.499832493976079206e+01 -9.644877658973843859e-01
3.980313023456327759e-02 -6.299832493975081604e+01 -9.186146978334996938e-01
3.990313023456330821e-02 -3.099832493974119529e+01 -8.684579605876470154e-01
4.000313023456333883e-02 1.001675060268159001e+00 -8.126597965828136205e-01
4.010313023456336945e-02 3.300167506027796094e+01 -7.489000415217996753e-01
4.020313023456340007e-02 6.500167506028775222e+01 -6.703955688108649280e-01
4.030032124896344714e-02 9.610279966830282206e+01 -5.640176887161754138e-01
4.040077790334942881e-02 1.282489290718169457e+02 -3.935988623251648888e-01
4.050073383694995782e-02 1.602348278239862225e+02 -1.402171700533427212e-01
4.060097653306440901e-02 1.923124905806106142e+02 1.180848905636945195e-01
4.070110209893248315e-02 2.243526716583943426e+02 3.641628843950700523e-01
4.080115755620108281e-02 2.563704179843462043e+02 5.890108767493910102e-01
4.090308942619678284e-02 2.889886163829702355e+02 7.093852693829467704e-01
4.100084410979396715e-02 3.202701151340692149e+02 7.940511471793698650e-01
4.110155996630066033e-02 3.524991892162110503e+02 8.491027360519106670e-01
4.120052120323931116e-02 3.841667850365793129e+02 8.849530660374315127e-01
4.130115467293324349e-02 4.163694953386376483e+02 9.217087398122840725e-01
4.140552595721583989e-02 4.497683063090685209e+02 9.617099044380046369e-01
4.150365221589349257e-02 4.811687090859173850e+02 9.980450632293026425e-01
4.160053637003091609e-02 5.121716384098929211e+02 1.031998925989790372e+00
4.170053637003094671e-02 5.441716384099026982e+02 1.064118216380582016e+00
4.180340037003098252e-02 5.770881184099141592e+02 1.095226811870614325e+00
4.190388147595098395e-02 6.092420723043145472e+02 1.121334330952629577e+00
4.200353813899095762e-02 6.411322044771061428e+02 1.148063616044836310e+00
4.210007826638677980e-02 6.720250452437692275e+02 1.177249934202175163e+00
4.220183677904727759e-02 7.045877692951285098e+02 1.210444588899170393e+00
4.230046426054900194e-02 7.361485633756803963e+02 1.243597881692819707e+00
4.240925044750173956e-02 7.709601432005564448e+02 1.280520956975050861e+00
4.250925044750177018e-02 8.029601432005661081e+02 1.314456311102286890e+00
4.260925044750180080e-02 8.349601432005758852e+02 1.348434207092078507e+00
4.270925044750183142e-02 8.669601432005856623e+02 1.382573545327205888e+00
4.280925044750186204e-02 8.989601432005954393e+02 1.416694178026861817e+00
4.290925044750189266e-02 9.309601432006053301e+02 1.450580076556383213e+00
4.300925044750192328e-02 9.629601432006151072e+02 1.483912215856584504e+00
4.310925044750195390e-02 9.949601432006248842e+02 1.516506559245089036e+00
4.320925044750198452e-02 1.026960143200634775e+03 1.548306045344612025e+00
4.330925044750201514e-02 1.058960143200644552e+03 1.579339232362976686e+00
4.340925044750204576e-02 1.090960143200654329e+03 1.609705002057313816e+00
4.350925044750207638e-02 1.122960143200664106e+03 1.639644166131646763e+00
4.360925044750210700e-02 1.154960143200673883e+03 1.669401641478693632e+00
4.370925044750213762e-02 1.186960143200683660e+03 1.699183149312215368e+00
4.380925044750216824e-02 1.218960143200693437e+03 1.729091057419609445e+00
4.390925044750219886e-02 1.250960143200703214e+03 1.759313112453308570e+00
4.400925044750222948e-02 1.282960143200712992e+03 1.789828233801949997e+00
4.410925044750226010e-02 1.314960143200722769e+03 1.820554480803569408e+00
4.420925044750229072e-02 1.346960143200732773e+03 1.851355177183659162e+00
4.430925044750232134e-02 1.378960143200742550e+03 1.881983272687784314e+00
4.440925044750235196e-02 1.410960143200752327e+03 1.912238066338072251e+00
4.450925044750238257e-02 1.442960143200762104e+03 1.941955506198323800e+00
4.460925044750241319e-02 1.474960143200771881e+03 1.971119696578726765e+00
4.470925044750244381e-02 1.506960143200781658e+03 1.999831324819447476e+00
4.480925044750247443e-02 1.538960143200791435e+03 2.028145433511766349e+00
4.490925044750250505e-02 1.570960143200801213e+03 2.056276949996704850e+00
4.500925044750253567e-02 1.602960143200810990e+03 2.084467208339043864e+00
4.510925044750256629e-02 1.634960143200820994e+03 2.112881823349852084e+00
4.520925044750259691e-02 1.666960143200830771e+03 2.141693672910341739e+00
4.530925044750262753e-02 1.698960143200840548e+03 2.170965147320025324e+00
4.540925044750265815e-02 1.730960143200850325e+03 2.200568816814117756e+00
4.550325044750267584e-02 1.761040143200855709e+03 2.228680068492872035e+00
4.560245044750268345e-02 1.792784143200858352e+03 2.260383289642687643e+00
4.570925044750268063e-02 1.826960143200857374e+03 2.294572381730063615e+00
4.580925044750271125e-02 1.858960143200867378e+03 2.325781189213067535e+00
4.590485044750271942e-02 1.889552143200869978e+03 2.354629802025749452e+00
4.600469044750272324e-02 1.921500943200871006e+03 2.383751092138500560e+00
4.610299444750272368e-02 1.952958223200871316e+03 2.411623745074196190e+00
4.620221044750275063e-02 1.984707343200879905e+03 2.439268723610412248e+00
4.630221044750278125e-02 2.016707343200889909e+03 2.466926925933224268e+00
4.640221044750281187e-02 2.048707343200899231e+03 2.494677261511032640e+00
4.650221044750284249e-02 2.080707343200909236e+03 2.522714111395526260e+00
4.660221044750287311e-02 2.112707343200919240e+03 2.551097334977492803e+00
4.670221044750290373e-02 2.144707343200929245e+03 2.579789002322472324e+00
4.680221044750293435e-02 2.176707343200938794e+03 2.608617471443909874e+00
4.690221044750296497e-02 2.208707343200948799e+03 2.637326509978076494e+00
4.700221044750299559e-02 2.240707343200958348e+03 2.665714295266308653e+00
4.710221044750302621e-02 2.272707343200968353e+03 2.693599552909119232e+00
4.720221044750305683e-02 2.304707343200977903e+03 2.720788972773498404e+00
4.730221044750308745e-02 2.336707343200987907e+03 2.747268609887097313e+00
4.740221044750311807e-02 2.368707343200997457e+03 2.773173453529125254e+00
4.750221044750314869e-02 2.400707343201007461e+03 2.798724640770054783e+00
4.760221044750317931e-02 2.432707343201017011e+03 2.824178435681919730e+00
4.770221044750320993e-02 2.464707343201027015e+03 2.849793712530503953e+00
4.780221044750324055e-02 2.496707343201036565e+03 2.875761089441164486e+00
4.790221044750327117e-02 2.528707343201046569e+03 2.902169516635812130e+00
4.800221044750330179e-02 2.560707343201056119e+03 2.929018855796304166e+00
4.810221044750333241e-02 2.592707343201066124e+03 2.956203153727065214e+00
4.820221044750336303e-02 2.624707343201075673e+03 2.983527861387903712e+00
4.830221044750339365e-02 2.656707343201085678e+03 3.010761668569882588e+00
4.840221044750342427e-02 2.688707343201095227e+03 3.037688833276592781e+00
4.850221044750345489e-02 2.720707343201105232e+03 3.064157479937161366e+00
4.860221044750348551e-02 2.752707343201114782e+03 3.090112547405119869e+00
4.870221044750351613e-02 2.784707343201124786e+03 3.115607080506062498e+00
4.880221044750354675e-02 2.816707343201134790e+03 3.140790029979335429e+00
4.890221044750357737e-02 2.848707343201144795e+03 3.165873446796652946e+00
4.900221044750360799e-02 2.880707343201154345e+03 3.191084779099736313e+00
4.910221044750363861e-02 2.912707343201164349e+03 3.216617031186292053e+00
4.920221044750366923e-02 2.944707343201173899e+03 3.242584644759466617e+00
4.930221044750369985e-02 2.976707343201183903e+03 3.268999544973731908e+00
4.940221044750373047e-02 3.008707343201193453e+03 3.295766328674385015e+00
4.950221044750376109e-02 3.040707343201203457e+03 3.322709643423135795e+00
4.960221044750379171e-02 3.072707343201213007e+03 3.349606883759648657e+00
4.970221044750382233e-02 3.104707343201223011e+03 3.376219474083786309e+00
4.980221044750385295e-02 3.136707343201232561e+03 3.402345646512584754e+00
4.990221044750388357e-02 3.168707343201242566e+03 3.427906578026197693e+00
5.000000000000000278e-02 3.200000000000000000e+03 3.452390762792634682e+00
