time torque_Nm angle_arcmin
0.000000000000000000e+00 0.000000000000000000e+00 0.000000000000000000e+00
1.008044404663986171e-04 3.225742094924755321e+01 4.794707187206886760e-03
2.000289278637785572e-04 6.400925691640914295e+01 4.394361559734926564e-02
3.006053593588617454e-04 9.619371499483575860e+01 1.532002940774441491e-01
4.002463632296555983e-04 1.280788362334897954e+02 3.451583114472502323e-01
5.010220209038514054e-04 1.603270466892324464e+02 5.133975373850455659e-01
6.008939397507749407e-04 1.922860607202479741e+02 5.757481509775397299e-01
7.025686843085990297e-04 2.248219789787517016e+02 6.352199779129333868e-01
8.049721958216360775e-04 2.575911026629235039e+02 6.967791974391378540e-01
9.000297364261341561e-04 2.880095156563629075e+02 7.532082324246701655e-01
1.000527867581080949e-03 3.201689176259458804e+02 8.117996211018894126e-01
1.102119432311975209e-03 3.526782183398320285e+02 8.615707848397535784e-01
1.202122481139357001e-03 3.846791939645942193e+02 9.002709835183193565e-01
1.300235362450438649e-03 4.160753159841403885e+02 9.351621647336046950e-01
1.405311093402952707e-03 4.496995498889448868e+02 9.715585023959548705e-01
1.501076476542851897e-03 4.803444724937126011e+02 1.004155355373216763e+00
1.602508348456879771e-03 5.128026715062014773e+02 1.037516020576849218e+00
1.701775384659384846e-03 5.445681230910031445e+02 1.069524591180324835e+00
1.803347755844756858e-03 5.770712818703221956e+02 1.101862122638651798e+00
1.902527048764211847e-03 6.088086556045477664e+02 1.129209147003696900e+00
2.001640923536815008e-03 6.405250955317807211e+02 1.157100546712777733e+00
2.103254191673251637e-03 6.730413413354405066e+02 1.188982005519157115e+00
2.200989090796849190e-03 7.043165090549916840e+02 1.221765301269045256e+00
2.305239649862016790e-03 7.376766879558454093e+02 1.257461460696171374e+00
2.400182123296364274e-03 7.680582794548365655e+02 1.289817143569616187e+00
2.504060358936301914e-03 8.012993148596166293e+02 1.324794033701611973e+00
2.603247319418307715e-03 8.330391422138584403e+02 1.357727626731394910e+00
2.707795737223665181e-03 8.664946359115728001e+02 1.392009542616665208e+00
2.801085094649982763e-03 8.963472302879944209e+02 1.422391826104965951e+00
2.908988833742179834e-03 9.308764267974975155e+02 1.457318926952899441e+00
3.008988833742180097e-03 9.628764267974976292e+02 1.489358348159272483e+00
3.108988833742180359e-03 9.948764267974976292e+02 1.521055542879807820e+00
3.208988833742180621e-03 1.026876426797497743e+03 1.552571669316960890e+00
3.308988833742180884e-03 1.058876426797497743e+03 1.583864140498969286e+00
3.408988833742181146e-03 1.090876426797497970e+03 1.614921513606711434e+00
3.508988833742181408e-03 1.122876426797497970e+03 1.645789252926997293e+00
3.608988833742181671e-03 1.154876426797498198e+03 1.676470301567040355e+00
3.708988833742181933e-03 1.186876426797498198e+03 1.706904595551349546e+00
3.808988833742182195e-03 1.218876426797498425e+03 1.737133776455691558e+00
3.908988833742182457e-03 1.250876426797498425e+03 1.767133001171774964e+00
4.008988833742178383e-03 1.282876426797497061e+03 1.797027372138160661e+00
4.108988833742174308e-03 1.314876426797495697e+03 1.826908411072688088e+00
4.208988833742170234e-03 1.346876426797494332e+03 1.856816546885977859e+00
4.308988833742166159e-03 1.378876426797493195e+03 1.886740411358740710e+00
4.408988833742162085e-03 1.410876426797491831e+03 1.916624512935795721e+00
4.508988833742158010e-03 1.442876426797490467e+03 1.946429469671755674e+00
4.608988833742153936e-03 1.474876426797489103e+03 1.976130855596520242e+00
4.708988833742149861e-03 1.506876426797487966e+03 2.005622624072720406e+00
4.808988833742145787e-03 1.538876426797486602e+03 2.034867615377508709e+00
4.908988833742141712e-03 1.570876426797485237e+03 2.063888751251237608e+00
5.008988833742137638e-03 1.602876426797483873e+03 2.092729717694910896e+00
5.108988833742133563e-03 1.634876426797482509e+03 2.121444294814136988e+00
5.208988833742129489e-03 1.666876426797481599e+03 2.150123248128700482e+00
5.308988833742125414e-03 1.698876426797480235e+03 2.178798309706700298e+00
5.408988833742121340e-03 1.730876426797478643e+03 2.207494915774008248e+00
5.508988833742117265e-03 1.762876426797477279e+03 2.236225621521730655e+00
5.608988833742113191e-03 1.794876426797476370e+03 2.266175793497835933e+00
5.708988833742109116e-03 1.826876426797475006e+03 2.297724795126649511e+00
5.808988833742105042e-03 1.858876426797473414e+03 2.329200274148539584e+00
5.908988833742100967e-03 1.890876426797472050e+03 2.360137712142399646e+00
6.008988833742096893e-03 1.922876426797471140e+03 2.390411606194274619e+00
6.108988833742092818e-03 1.954876426797469776e+03 2.420053646260705627e+00
6.208988833742088743e-03 1.986876426797468412e+03 2.449159173015878377e+00
6.308988833742084669e-03 2.018876426797466820e+03 2.477789102236949592e+00
6.408988833742080594e-03 2.050876426797465683e+03 2.506056311628739319e+00
6.508988833742076520e-03 2.082876426797464319e+03 2.534149978722406882e+00
6.608988833742072445e-03 2.114876426797462955e+03 2.562206423056089921e+00
6.708988833742068371e-03 2.146876426797461590e+03 2.590301731755239700e+00
6.808988833742064296e-03 2.178876426797460681e+03 2.618458521298506980e+00
6.908988833742060222e-03 2.210876426797459317e+03 2.646617579328129466e+00
7.008988833742056147e-03 2.242876426797457952e+03 2.674610860361355869e+00
7.108988833742052073e-03 2.274876426797456588e+03 2.702342726768017123e+00
7.208988833742047998e-03 2.306876426797455224e+03 2.729779555081768283e+00
7.308988833742043924e-03 2.338876426797453860e+03 2.756901432883495762e+00
7.408988833742039849e-03 2.370876426797452496e+03 2.783708615094427241e+00
7.508988833742035775e-03 2.402876426797451131e+03 2.810227508913496930e+00
7.608988833742031700e-03 2.434876426797450222e+03 2.836508079863637732e+00
7.708988833742027626e-03 2.466876426797448858e+03 2.862628458029320200e+00
7.808988833742023551e-03 2.498876426797447493e+03 2.888719146954625838e+00
7.908988833742020344e-03 2.530876426797446584e+03 2.914879471277899814e+00
8.008988833742016270e-03 2.562876426797445220e+03 2.941172071087346129e+00
8.108988833742012195e-03 2.594876426797443855e+03 2.967626398025738244e+00
8.208988833742008120e-03 2.626876426797442491e+03 2.994236087626814591e+00
8.308988833742004046e-03 2.658876426797441127e+03 3.020957255297755939e+00
8.408988833741999971e-03 2.690876426797439763e+03 3.047716590085256527e+00
8.508988833741995897e-03 2.722876426797438853e+03 3.074427609537979666e+00
8.608988833741991822e-03 2.754876426797437489e+03 3.101009368917787334e+00
8.708988833741987748e-03 2.786876426797436125e+03 3.127402811298617635e+00
8.808988833741983673e-03 2.818876426797434760e+03 3.153584155443887926e+00
8.908988833741979599e-03 2.850876426797433396e+03 3.179571111886815515e+00
9.008988833741975524e-03 2.882876426797432032e+03 3.205414677008124436e+00
9.108988833741971450e-03 2.914876426797430668e+03 3.231193481609767382e+00
9.208988833741967375e-03 2.946876426797429303e+03 3.256992016862807926e+00
9.308988833741963301e-03 2.978876426797428394e+03 3.282882964901869371e+00
9.408988833741959226e-03 3.010876426797427030e+03 3.308912370466728703e+00
9.508988833741955152e-03 3.042876426797425665e+03 3.335077415211695318e+00
9.608988833741951077e-03 3.074876426797424301e+03 3.361309160514128092e+00
9.708988833741947003e-03 3.106876426797422937e+03 3.387538034954467481e+00
9.808988833741942928e-03 3.138876426797421573e+03 3.413691297229469956e+00
9.908988833741938854e-03 3.170876426797420208e+03 3.439697847369834083e+00
1.000898883374193478e-02 3.197123573202581156e+03 3.465486761067385846e+00
1.010898883374193070e-02 3.165123573202582065e+03 3.485331883280875953e+00
1.020898883374192663e-02 3.133123573202583430e+03 3.493504430428483687e+00
1.030898883374192256e-02 3.101123573202584794e+03 3.492092358166792643e+00
1.040898883374191848e-02 3.069123573202586158e+03 3.483535013837201433e+00
1.050898883374191441e-02 3.037123573202587522e+03 3.469736544699561165e+00
1.060898883374191033e-02 3.005123573202588886e+03 3.452050677095367615e+00
1.070898883374190626e-02 2.973123573202590251e+03 3.431459994355126497e+00
1.080898883374190218e-02 2.941123573202591615e+03 3.408746201367248041e+00
1.090898883374189811e-02 2.909123573202592524e+03 3.384571266873725115e+00
1.100898883374189403e-02 2.877123573202593889e+03 3.359303690263185427e+00
1.110898883374188996e-02 2.845123573202595253e+03 3.333146631171462371e+00
1.120898883374188588e-02 2.813123573202596617e+03 3.306213018539412296e+00
1.130898883374188181e-02 2.781123573202597981e+03 3.278670801927100698e+00
1.140898883374187774e-02 2.749123573202599346e+03 3.250749600452211396e+00
1.150898883374187366e-02 2.717123573202600710e+03 3.222531628701806206e+00
1.160898883374186959e-02 2.685123573202602074e+03 3.194183203948330885e+00
1.170898883374186551e-02 2.653123573202603438e+03 3.165892703968346655e+00
1.180898883374186144e-02 2.621123573202604348e+03 3.137753455002303404e+00
1.190898883374185736e-02 2.589123573202605712e+03 3.109857278354288823e+00
1.200898883374185329e-02 2.557123573202607076e+03 3.082337281267531370e+00
1.210898883374184921e-02 2.525123573202607986e+03 3.055278337502303376e+00
1.220898883374184514e-02 2.493123573202609805e+03 3.028635917184081539e+00
1.230898883374184107e-02 2.461123573202611169e+03 3.002285384800720713e+00
1.240898883374183699e-02 2.429123573202612533e+03 2.976083231779326876e+00
1.250898883374183292e-02 2.397123573202613898e+03 2.949894740557079675e+00
1.260898883374182884e-02 2.365123573202614807e+03 2.923608489175621994e+00
1.270898883374182477e-02 2.333123573202616171e+03 2.897141836306074580e+00
1.280898883374182069e-02 2.301123573202617081e+03 2.870447901559816550e+00
1.290898883374181662e-02 2.269123573202618445e+03 2.843516396528092738e+00
1.300898883374181254e-02 2.237123573202619809e+03 2.816435713291248089e+00
1.310898883374180847e-02 2.205123573202621628e+03 2.789322608409259274e+00
1.320898883374180439e-02 2.173123573202622993e+03 2.762266260707046950e+00
1.330898883374180032e-02 2.141123573202624357e+03 2.735337567043282014e+00
1.340898883374179625e-02 2.109123573202625266e+03 2.708574083722373516e+00
1.350898883374179217e-02 2.077123573202626631e+03 2.681962695012420017e+00
1.360898883374178810e-02 2.045123573202627540e+03 2.655456076441841340e+00
1.370898883374178402e-02 2.013123573202629132e+03 2.628974214086109207e+00
1.380898883374177995e-02 1.981123573202630496e+03 2.602411564457284054e+00
1.390898883374177587e-02 1.949123573202631860e+03 2.575678406762555106e+00
1.400898883374177180e-02 1.917123573202633224e+03 2.548733610189370946e+00
1.410898883374176772e-02 1.885123573202634589e+03 2.521542894019804582e+00
1.420898883374176365e-02 1.853123573202635725e+03 2.494114079878952062e+00
1.430898883374175957e-02 1.821123573202637090e+03 2.466509292803440445e+00
1.440898883374175550e-02 1.789123573202637999e+03 2.438836996068256546e+00
1.450898883374175143e-02 1.757123573202639363e+03 2.411185247485604144e+00
1.460898883374174735e-02 1.725123573202640955e+03 2.383624491782901700e+00
1.470898883374174328e-02 1.693123573202642319e+03 2.356207645928187322e+00
1.480898883374173920e-02 1.661123573202643684e+03 2.328946643257199689e+00
1.490898883374173513e-02 1.629123573202645048e+03 2.301824395511039345e+00
1.500898883374173105e-02 1.597123573202646185e+03 2.274364394920304289e+00
1.510898883374172698e-02 1.565123573202647549e+03 2.245291704915267417e+00
1.520898883374172290e-02 1.533123573202648913e+03 2.216180174802063974e+00
1.530898883374171883e-02 1.501123573202649823e+03 2.187225677133267432e+00
1.540898883374171476e-02 1.469123573202651187e+03 2.158371319588141990e+00
1.550898883374171068e-02 1.437123573202652778e+03 2.129541882105919992e+00
1.560898883374170661e-02 1.405123573202654143e+03 2.100707293265822617e+00
1.570898883374170427e-02 1.373123573202654825e+03 2.071897232289559909e+00
1.580898883374170019e-02 1.341123573202656189e+03 2.043160372120202073e+00
1.590898883374169612e-02 1.309123573202657099e+03 2.014539910039506942e+00
1.600898883374169204e-02 1.277123573202658690e+03 1.986069140295901647e+00
1.610898883374168797e-02 1.245123573202660054e+03 1.957752892867555605e+00
1.620898883374168389e-02 1.213123573202661419e+03 1.929567088622468063e+00
1.630898883374167982e-02 1.181123573202662328e+03 1.901453535846336695e+00
1.640898883374167574e-02 1.149123573202663920e+03 1.873313758368622350e+00
1.650898883374167167e-02 1.117123573202665284e+03 1.845052725206418609e+00
1.660898883374166760e-02 1.085123573202666648e+03 1.816593515312808771e+00
1.670898883374166352e-02 1.053123573202667558e+03 1.787883624997890664e+00
1.680898883374165945e-02 1.021123573202669036e+03 1.758898777970976823e+00
1.690898883374165537e-02 9.891235732026704000e+02 1.729636262080267883e+00
1.700898883374165130e-02 9.571235732026717642e+02 1.700125945148261541e+00
1.710898883374164722e-02 9.251235732026727874e+02 1.670423439034925295e+00
1.720898883374164315e-02 8.931235732026742653e+02 1.640612215474811064e+00
1.730898883374163907e-02 8.611235732026756295e+02 1.610760033347115927e+00
1.740898883374163500e-02 8.291235732026769938e+02 1.580928649188970914e+00
1.750898883374163092e-02 7.971235732026780170e+02 1.551140692288570433e+00
1.760898883374162685e-02 7.651235732026794949e+02 1.521367647913231202e+00
1.770898883374162278e-02 7.331235732026808591e+02 1.491534042128743964e+00
1.780898883374161870e-02 7.011235732026822234e+02 1.461523018754832259e+00
1.790898883374161463e-02 6.691235732026832466e+02 1.431233793473590810e+00
1.800898883374161055e-02 6.371235732026846108e+02 1.400562481613216947e+00
1.810898883374160648e-02 6.051235732026860887e+02 1.369505264625384244e+00
1.820898883374160240e-02 5.731235732026874530e+02 1.338034420408171332e+00
1.830898883374159833e-02 5.411235732026884762e+02 1.306143079744591429e+00
1.840898883374159425e-02 5.091235732026898972e+02 1.273852831527855445e+00
1.850898883374159018e-02 4.771235732026912615e+02 1.241154089130701799e+00
1.860898883374158611e-02 4.451235732026926826e+02 1.208082208492131437e+00
1.870898883374158203e-02 4.131235732026937058e+02 1.174593343674795287e+00
1.880898883374157796e-02 3.811235732026950700e+02 1.140571210894732790e+00
1.890898883374157388e-02 3.491235732026964911e+02 1.105858079093143820e+00
1.900898883374156981e-02 3.171235732026979122e+02 1.070246794073637542e+00
1.910898883374156573e-02 2.851235732026989353e+02 1.034013123294024394e+00
1.920898883374156166e-02 2.531235732027002996e+02 9.973951012505252178e-01
1.930898883374155758e-02 2.211235732027017207e+02 9.599944610901555153e-01
1.940898883374155351e-02 1.891235732027030849e+02 9.212548754742211354e-01
1.950898883374154943e-02 1.571235732027041365e+02 8.807603379290210865e-01
1.960898883374154536e-02 1.251235732027055292e+02 8.377251258614313301e-01
1.970898883374154129e-02 9.312357320270692185e+01 7.907581272801482708e-01
1.980898883374153721e-02 6.112357320270831451e+01 7.392278777767516962e-01
1.990898883374153314e-02 2.912357320270935190e+01 6.832376623647555824e-01
2.000898883374152906e-02 -2.876426797289166615e+00 6.218431437825296948e-01
2.010080323374153349e-02 -3.225703479729058643e+01 5.588747669850236965e-01
2.020345882414152985e-02 -6.510682372528941642e+01 4.766545799901672487e-01
2.030148727850139903e-02 -9.647592912044756019e+01 3.747975598902555938e-01
2.040002236629609444e-02 -1.280071572147500945e+02 2.152773709286513459e-01
2.050162204954288081e-02 -1.605190558537217385e+02 -6.311148092100168916e-02
2.060067422693574735e-02 -1.922157526194390300e+02 -4.467831116922328927e-01
2.070034388001034190e-02 -2.241100416033092699e+02 -7.702824395869765084e-01
2.080141026885646074e-02 -2.564512860340673228e+02 -8.794998041475945438e-01
2.090145628014770593e-02 -2.884660096472657642e+02 -9.338744440207024100e-01
2.100475613278256215e-02 -3.215219624904197531e+02 -9.717333137683510369e-01
2.110329100498100838e-02 -3.530531215939225262e+02 -1.007756428317126307e+00
2.120254326168795680e-02 -3.848138437401460692e+02 -1.046720698838841113e+00
2.130074222914007942e-02 -4.162375133248252155e+02 -1.085797945604233927e+00
2.140294693665064155e-02 -4.489430197282051722e+02 -1.124183961291988831e+00
2.150375157967475762e-02 -4.812005054959223003e+02 -1.158533919998639528e+00
2.160215196659343029e-02 -5.126886293098974647e+02 -1.189632715353551529e+00
2.170215196659342621e-02 -5.446886293098962142e+02 -1.219370694688910017e+00
2.180132314099341925e-02 -5.764234051178940490e+02 -1.248361313923005644e+00
2.190144293572564640e-02 -6.084617394322067412e+02 -1.275754263355695084e+00
2.200096797949285463e-02 -6.403097534377133115e+02 -1.302420918012246354e+00
2.210324499091323100e-02 -6.730383970922338221e+02 -1.333851615741542984e+00
2.220135397365501084e-02 -7.044332715696033347e+02 -1.367242271778139173e+00
2.230135588265206095e-02 -7.364338824486593467e+02 -1.403490677222081429e+00
2.240110828851089864e-02 -7.683546523234873575e+02 -1.440409664471356432e+00
2.250110828851089456e-02 -8.003546523234862207e+02 -1.476920478112329960e+00
2.260110828851089049e-02 -8.323546523234847427e+02 -1.512227210769296226e+00
2.270110828851088641e-02 -8.643546523234836059e+02 -1.546218278855972406e+00
2.280110828851088234e-02 -8.963546523234821279e+02 -1.578929812817071454e+00
2.290110828851087826e-02 -9.283546523234809911e+02 -1.610508041361538911e+00
2.300110828851087419e-02 -9.603546523234795131e+02 -1.641227782314621964e+00
2.310110828851087011e-02 -9.923546523234783763e+02 -1.671406606027534991e+00
2.320110828851086604e-02 -1.024354652323477012e+03 -1.701114024660931534e+00
2.330110828851086197e-02 -1.056354652323475648e+03 -1.730461133779059191e+00
2.340110828851085789e-02 -1.088354652323474284e+03 -1.759754112304225737e+00
2.350110828851085382e-02 -1.120354652323473147e+03 -1.789115497826080370e+00
2.360110828851084974e-02 -1.152354652323471782e+03 -1.818530000253929746e+00
2.370110828851084567e-02 -1.184354652323470418e+03 -1.847917138843951701e+00
2.380110828851084159e-02 -1.216354652323469054e+03 -1.877154065272203853e+00
2.390110828851083752e-02 -1.248354652323467917e+03 -1.906152494980716261e+00
2.400110828851083344e-02 -1.280354652323466553e+03 -1.934814411642868270e+00
2.410110828851082937e-02 -1.312354652323465416e+03 -1.963291998743003752e+00
2.420110828851082529e-02 -1.344354652323463824e+03 -1.991574607578309619e+00
2.430110828851082122e-02 -1.376354652323462687e+03 -2.019758868774858218e+00
2.440110828851081715e-02 -1.408354652323461323e+03 -2.047974118555966783e+00
2.450110828851081307e-02 -1.440354652323460186e+03 -2.076336703893121527e+00
2.460110828851080900e-02 -1.472354652323458595e+03 -2.104863586524927666e+00
2.470110828851080492e-02 -1.504354652323457458e+03 -2.133716923878925975e+00
2.480110828851080085e-02 -1.536354652323456094e+03 -2.162895377211976999e+00
2.490110828851079677e-02 -1.568354652323454957e+03 -2.192292616476036127e+00
2.500110828851079270e-02 -1.600354652323453593e+03 -2.221780127578804276e+00
2.510110828851078862e-02 -1.632354652323452228e+03 -2.251163376710044073e+00
2.520110828851078455e-02 -1.664354652323450864e+03 -2.280314945305655705e+00
2.530110828851078048e-02 -1.696354652323449500e+03 -2.309148712920148228e+00
2.540110828851077640e-02 -1.728354652323448363e+03 -2.337625239544252942e+00
2.550110828851077233e-02 -1.760354652323446999e+03 -2.365770496166224923e+00
2.560110828851076825e-02 -1.792354652323445634e+03 -2.393771387137496376e+00
2.570390828851076490e-02 -1.825250652323444456e+03 -2.422470590221323938e+00
2.580118828851076310e-02 -1.856380252323443983e+03 -2.449631227680798329e+00
2.590102828851075650e-02 -1.888329052323441829e+03 -2.477616265592295974e+00
2.600240428851074981e-02 -1.920769372323439939e+03 -2.506219156041407103e+00
2.610770028851074412e-02 -1.954464092323437853e+03 -2.536141009102884425e+00
2.620770028851074004e-02 -1.986464092323436489e+03 -2.564689672980237756e+00
2.630770028851073597e-02 -2.018464092323435580e+03 -2.593252044841490633e+00
2.640770028851073190e-02 -2.050464092323434215e+03 -2.621661761917407851e+00
2.650770028851072782e-02 -2.082464092323432851e+03 -2.649794607477125030e+00
2.660770028851072375e-02 -2.114464092323431487e+03 -2.677557109961078652e+00
2.670770028851071967e-02 -2.146464092323430123e+03 -2.704908276661368571e+00
2.680770028851071560e-02 -2.178464092323428758e+03 -2.731876014640392203e+00
2.690770028851071152e-02 -2.210464092323427394e+03 -2.758553259264510338e+00
2.700770028851070745e-02 -2.242464092323426030e+03 -2.785074393011532035e+00
2.710770028851070337e-02 -2.274464092323425120e+03 -2.811594312753316061e+00
2.720770028851069930e-02 -2.306464092323423756e+03 -2.838254199012373746e+00
2.730770028851069522e-02 -2.338464092323422392e+03 -2.865142506079885187e+00
2.740770028851069115e-02 -2.370464092323421028e+03 -2.892286618549959609e+00
2.750770028851068708e-02 -2.402464092323419663e+03 -2.919651723316374348e+00
2.760770028851068300e-02 -2.434464092323418299e+03 -2.947143208305240236e+00
2.770770028851067893e-02 -2.466464092323416935e+03 -2.974627620687223306e+00
2.780770028851067485e-02 -2.498464092323415571e+03 -3.001965154194564001e+00
2.790770028851067078e-02 -2.530464092323414661e+03 -3.029035729783521980e+00
2.800770028851066670e-02 -2.562464092323413297e+03 -3.055768009559335141e+00
2.810770028851066263e-02 -2.594464092323411933e+03 -3.082156942516045994e+00
2.820770028851065855e-02 -2.626464092323410568e+03 -3.108265961056490667e+00
2.830770028851065448e-02 -2.658464092323409204e+03 -3.134212931136905578e+00
2.840770028851065040e-02 -2.690464092323407840e+03 -3.160142259561728117e+00
2.850770028851064633e-02 -2.722464092323406476e+03 -3.186188400815438637e+00
2.860770028851064226e-02 -2.754464092323405112e+03 -3.212461160117720205e+00
2.870770028851063818e-02 -2.786464092323404202e+03 -3.239012017098089835e+00
2.880770028851063411e-02 -2.818464092323402838e+03 -3.265826145997158925e+00
2.890770028851063003e-02 -2.850464092323401474e+03 -3.292820355516326902e+00
2.900770028851062596e-02 -2.882464092323400109e+03 -3.319862665557610004e+00
2.910770028851062188e-02 -2.914464092323398745e+03 -3.346803262541639512e+00
2.920770028851061781e-02 -2.946464092323397381e+03 -3.373508298764268165e+00
2.930770028851061373e-02 -2.978464092323396017e+03 -3.399889553185635016e+00
2.940770028851060966e-02 -3.010464092323394652e+03 -3.425923607201751153e+00
2.950770028851060559e-02 -3.042464092323393743e+03 -3.451657492099756031e+00
2.960770028851060151e-02 -3.074464092323392379e+03 -3.477198438426686078e+00
2.970770028851059744e-02 -3.106464092323391014e+03 -3.502681981062678584e+00
2.980770028851059336e-02 -3.138464092323389650e+03 -3.528245241613921834e+00
2.990770028851058929e-02 -3.170464092323388741e+03 -3.554011383192793083e+00
3.000770028851058521e-02 -3.197535907676612624e+03 -3.580039143981786687e+00
3.010770028851058114e-02 -3.165535907676613533e+03 -3.600742860670854473e+00
3.020770028851057706e-02 -3.133535907676614897e+03 -3.610100538378327339e+00
3.030770028851057299e-02 -3.101535907676616262e+03 -3.609946292283442215e+00
3.040770028851056891e-02 -3.069535907676617626e+03 -3.602507202518470120e+00
3.050770028851056484e-02 -3.037535907676618990e+03 -3.589435397713799603e+00
3.060770028851056077e-02 -3.005535907676620354e+03 -3.571796381807357257e+00
3.070770028851055669e-02 -2.973535907676621719e+03 -3.550504177456043298e+00
3.080770028851055262e-02 -2.941535907676623083e+03 -3.526501289082934143e+00
3.090770028851054854e-02 -2.909535907676623992e+03 -3.500458137844758788e+00
3.100770028851054447e-02 -2.877535907676625357e+03 -3.472898163038280472e+00
3.110770028851054039e-02 -2.845535907676626721e+03 -3.444302656416238673e+00
3.120770028851053632e-02 -2.813535907676628085e+03 -3.415288325203644781e+00
3.130770028851054959e-02 -2.781535907676623992e+03 -3.386339357526866767e+00
3.140770028851058021e-02 -2.749535907676613988e+03 -3.357612542134879696e+00
3.150770028851061083e-02 -2.717535907676604438e+03 -3.329098575374963787e+00
3.160770028851064145e-02 -2.685535907676594434e+03 -3.300875536506081787e+00
3.170770028851067207e-02 -2.653535907676584884e+03 -3.272974351582085273e+00
3.180770028851070269e-02 -2.621535907676574880e+03 -3.245223117605805729e+00
3.190770028851073331e-02 -2.589535907676564875e+03 -3.217465618245021641e+00
3.200770028851076393e-02 -2.557535907676555325e+03 -3.189574266048248674e+00
3.210770028851079455e-02 -2.525535907676545321e+03 -3.161528562678539878e+00
3.220770028851082517e-02 -2.493535907676535317e+03 -3.133528707424083848e+00
3.230770028851085579e-02 -2.461535907676525767e+03 -3.105727823385543207e+00
3.240770028851088641e-02 -2.429535907676515762e+03 -3.078250488504333582e+00
3.250770028851091703e-02 -2.397535907676506213e+03 -3.051200919305118386e+00
3.260770028851094765e-02 -2.365535907676496663e+03 -3.024608093038881229e+00
3.270770028851097827e-02 -2.333535907676486659e+03 -2.998448373537149880e+00
3.280770028851100889e-02 -2.301535907676476654e+03 -2.972639606302645010e+00
3.290770028851103951e-02 -2.269535907676467104e+03 -2.947046491447979477e+00
3.300770028851107013e-02 -2.237535907676457555e+03 -2.921504974722544556e+00
3.310770028851110075e-02 -2.205535907676447550e+03 -2.895846894510358815e+00
3.320770028851113137e-02 -2.173535907676437546e+03 -2.869931390562552753e+00
3.330770028851116199e-02 -2.141535907676427996e+03 -2.843672602129925675e+00
3.340770028851119261e-02 -2.109535907676418446e+03 -2.817062257975464945e+00
3.350770028851122323e-02 -2.077535907676408442e+03 -2.790193783639114411e+00
3.360770028851125385e-02 -2.045535907676398438e+03 -2.763193690691621462e+00
3.370770028851128447e-02 -2.013535907676388661e+03 -2.736206207234368915e+00
3.380770028851131509e-02 -1.981535907676379111e+03 -2.709373519362744176e+00
3.390770028851134571e-02 -1.949535907676369106e+03 -2.682801488137855905e+00
3.400770028851137633e-02 -1.917535907676359102e+03 -2.656527644415758616e+00
3.410770028851140695e-02 -1.885535907676349552e+03 -2.630516591295797735e+00
3.420770028851143757e-02 -1.853535907676339775e+03 -2.604677990168609902e+00
3.430770028851146819e-02 -1.821535907676329998e+03 -2.578875758147211705e+00
3.440770028851149881e-02 -1.789535907676319994e+03 -2.552951747104221347e+00
3.450770028851152943e-02 -1.757535907676310217e+03 -2.526760553283970090e+00
3.460770028851156005e-02 -1.725535907676300667e+03 -2.500202210674693060e+00
3.470770028851159067e-02 -1.693535907676290662e+03 -2.473244871354312480e+00
3.480770028851162129e-02 -1.661535907676280658e+03 -2.445929654070180259e+00
3.490770028851165191e-02 -1.629535907676271108e+03 -2.418357814632190017e+00
3.500770028851168253e-02 -1.597535907676261104e+03 -2.390681873714421979e+00
3.510770028851171315e-02 -1.565535907676251554e+03 -2.363061721841742457e+00
3.520770028851174377e-02 -1.533535907676241550e+03 -2.335641641049348127e+00
3.530770028851177439e-02 -1.501535907676232000e+03 -2.308505497427954190e+00
3.540770028851180501e-02 -1.469535907676221996e+03 -2.281654053768742862e+00
3.550770028851183563e-02 -1.437535907676212446e+03 -2.254996188833384707e+00
3.560770028851186625e-02 -1.405535907676202442e+03 -2.228434041338718696e+00
3.570770028851189687e-02 -1.373535907676192664e+03 -2.201825451204849404e+00
3.580770028851192749e-02 -1.341535907676182660e+03 -2.175004335772108721e+00
3.590770028851195811e-02 -1.309535907676173110e+03 -2.147823950729440323e+00
3.600770028851198873e-02 -1.277535907676163106e+03 -2.120213398140602834e+00
3.610770028851201935e-02 -1.245535907676153556e+03 -2.092187018812326382e+00
3.620770028851204997e-02 -1.213535907676143552e+03 -2.063823905143861825e+00
3.630770028851208059e-02 -1.181535907676134002e+03 -2.035316688170251798e+00
3.640770028851211121e-02 -1.149535907676123998e+03 -2.006864847989655587e+00
3.650770028851214183e-02 -1.117535907676114448e+03 -1.978617801323392156e+00
3.660770028851217245e-02 -1.085535907676104443e+03 -1.950657498627243580e+00
3.670770028851220307e-02 -1.053535907676094666e+03 -1.922982455625406262e+00
3.680770028851223369e-02 -1.021535907676084776e+03 -1.895539573877668804e+00
3.690770028851226431e-02 -9.895359076760751122e+02 -1.868280409204025938e+00
3.700770028851229493e-02 -9.575359076760652215e+02 -1.841022009251647384e+00
3.710770028851232555e-02 -9.255359076760555581e+02 -1.813552756115544229e+00
3.720770028851235617e-02 -8.935359076760455537e+02 -1.785715966169431956e+00
3.730770028851238679e-02 -8.615359076760360040e+02 -1.757403695060465232e+00
3.740770028851241741e-02 -8.295359076760259995e+02 -1.728594110667069250e+00
3.750770028851244803e-02 -7.975359076760163362e+02 -1.699340766136751224e+00
3.760770028851247865e-02 -7.655359076760064454e+02 -1.669759378346181045e+00
3.770770028851250927e-02 -7.335359076759967820e+02 -1.639984110404000051e+00
3.780770028851253989e-02 -7.015359076759867776e+02 -1.610142523565236239e+00
3.790770028851257051e-02 -6.695359076759771142e+02 -1.580350760324198633e+00
3.800770028851260113e-02 -6.375359076759672234e+02 -1.550692816264922946e+00
3.810770028851263175e-02 -6.055359076759575601e+02 -1.521147190988072495e+00
3.820770028851266237e-02 -5.735359076759475556e+02 -1.491600604300409083e+00
3.830770028851269299e-02 -5.415359076759380059e+02 -1.461878491049904527e+00
3.840770028851272361e-02 -5.095359076759280015e+02 -1.431775164466760453e+00
3.850770028851275423e-02 -4.775359076759183949e+02 -1.401074356794950404e+00
3.860770028851278485e-02 -4.455359076759083905e+02 -1.369536880418904534e+00
3.870770028851281547e-02 -4.135359076758987840e+02 -1.337050900918968610e+00
3.880770028851284609e-02 -3.815359076758887795e+02 -1.303577109498163633e+00
3.890770028851287671e-02 -3.495359076758791730e+02 -1.269136124844279845e+00
3.900770028851290733e-02 -3.175359076758692254e+02 -1.233794891135585159e+00
3.910770028851293795e-02 -2.855359076758595620e+02 -1.197727645038143995e+00
3.920770028851296857e-02 -2.535359076758496144e+02 -1.160924002747589556e+00
3.930770028851299919e-02 -2.215359076758400079e+02 -1.123497471231663658e+00
3.940770028851302981e-02 -1.895359076758300034e+02 -1.085568878292583195e+00
3.950770028851306043e-02 -1.575359076758203969e+02 -1.046847608756405368e+00
3.960770028851309105e-02 -1.255359076758104209e+02 -1.006621852672619388e+00
3.970770028851312167e-02 -9.353590767580080012e+01 -9.639365216513618995e-01
3.980770028851315229e-02 -6.153590767579082410e+01 -9.178175297215521722e-01
3.990770028851318291e-02 -2.953590767578120335e+01 -8.672977557526978520e-01
4.000770028851321353e-02 2.464092324228062125e+00 -8.111794038306207044e-01
4.010770028851324415e-02 3.446409232423786051e+01 -7.468916139397719922e-01
4.020770028851327477e-02 6.646409232424765889e+01 -6.670859229568184556e-01
4.030238608281731805e-02 9.676354650154151216e+01 -5.618088514884131968e-01
4.040108849260050372e-02 1.283483176321609278e+02 -3.932716004031107104e-01
4.050065701001595575e-02 1.602102432051055700e+02 -1.431969551534183482e-01
4.060130796848047258e-02 1.924185499137509510e+02 1.261963434337306789e-01
4.070173310780553916e-02 2.245545944977722570e+02 3.746526914681603815e-01
4.080211073218864559e-02 2.566754343003663053e+02 5.922208018783924333e-01
4.090238965294117068e-02 2.887646889411743700e+02 7.092513003656144566e-01
4.100157436537333472e-02 3.205037969194668221e+02 7.958669458216912629e-01
4.110081070262598668e-02 3.522594248403154893e+02 8.507238456520278547e-01
4.120089672624480809e-02 3.842869523983383147e+02 8.874232328873679077e-01
4.130408083461022811e-02 4.173058670752727153e+02 9.255525069310597264e-01
4.140596123005019918e-02 4.499075936160634797e+02 9.646901268439622701e-01
4.150761268078135419e-02 4.824360578500330803e+02 1.002427711520114562e+00
4.160486839310246349e-02 5.135578857927880563e+02 1.036660405771922644e+00
4.170410127305986675e-02 5.453124073791570936e+02 1.068536797445336139e+00
4.180018127305985820e-02 5.760580073791543327e+02 1.097542866019544316e+00
4.190127325314310647e-02 6.084074410057937712e+02 1.123335237657836494e+00
4.200042257317133237e-02 6.401352234148261005e+02 1.149472893727823131e+00
4.210339870906030374e-02 6.730875868992969799e+02 1.180683648538671360e+00
4.220359170614144256e-02 7.051493459652613183e+02 1.213623960847266536e+00
4.230328373823712129e-02 7.370507962358785790e+02 1.247325621127349127e+00
4.240187364736487663e-02 7.685995671567602585e+02 1.280987402260536756e+00
4.250863930505448252e-02 8.027645776174340426e+02 1.317516610377034603e+00
4.260520605453257253e-02 8.336659374504229163e+02 1.350527680516259821e+00
4.270520605453260315e-02 8.656659374504326934e+02 1.384714562177977948e+00
4.280520605453263377e-02 8.976659374504425841e+02 1.419001935008929793e+00
4.290520605453266439e-02 9.296659374504523612e+02 1.453056910877337460e+00
4.300520605453269501e-02 9.616659374504621383e+02 1.486568312533213643e+00
4.310520605453272563e-02 9.936659374504719153e+02 1.519392339884322540e+00
4.320520605453275625e-02 1.025665937450481806e+03 1.551439471625046362e+00
4.330520605453278687e-02 1.057665937450491583e+03 1.582727187651373102e+00
4.340760605453276855e-02 1.090433937450485473e+03 1.614084531916866183e+00
4.350130205453277971e-02 1.120416657450489311e+03 1.642357863920081984e+00
4.360816605453279871e-02 1.154613137450495287e+03 1.674376804391663143e+00
4.370816605453282933e-02 1.186613137450505064e+03 1.704310623943450675e+00
4.380816605453285995e-02 1.218613137450514841e+03 1.734377825903309134e+00
4.390816605453289057e-02 1.250613137450524619e+03 1.764662667601911927e+00
4.400816605453292119e-02 1.282613137450534396e+03 1.795292456439040896e+00
4.410816605453295181e-02 1.314613137450544173e+03 1.826134280467006876e+00
4.420816605453298243e-02 1.346613137450553950e+03 1.857043058951044268e+00
4.430816605453301305e-02 1.378613137450563727e+03 1.887824987335286808e+00
4.440816605453304367e-02 1.410613137450573504e+03 1.918250985307502487e+00
4.450816605453307429e-02 1.442613137450583508e+03 1.948178245868610325e+00
4.460816605453310491e-02 1.474613137450593285e+03 1.977511141321318888e+00
4.470816605453313552e-02 1.506613137450603062e+03 2.006379755686126032e+00
4.480816605453316614e-02 1.538613137450612840e+03 2.034899880587513366e+00
4.490816605453319676e-02 1.570613137450622617e+03 2.063198911733349128e+00
4.500816605453322738e-02 1.602613137450632394e+03 2.091537960641817850e+00
4.510816605453325800e-02 1.634613137450642398e+03 2.120079651946428889e+00
4.520816605453328862e-02 1.666613137450651948e+03 2.148994294419849016e+00
4.530816605453331924e-02 1.698613137450661952e+03 2.178287341300348512e+00
4.540816605453334986e-02 1.730613137450671502e+03 2.207859920186031388e+00
4.550576605453333229e-02 1.761845137450665788e+03 2.236834924714399264e+00
4.560739805453335738e-02 1.794367377450674212e+03 2.267938541077472170e+00
4.570877405453335068e-02 1.826807697450671867e+03 2.300446927598255087e+00
4.580093405453334460e-02 1.856298897450669756e+03 2.329639762853508600e+00
4.590297360653333020e-02 1.888951554090665468e+03 2.361033609920743181e+00
4.600112032013333602e-02 1.920358502442667259e+03 2.390219457943857151e+00
4.610643929357335219e-02 1.954060573943472491e+03 2.420610894415827108e+00
4.620156610829336680e-02 1.984501154653877165e+03 2.447501734660205042e+00
4.630076978650134872e-02 2.016246331680431240e+03 2.475210241990144056e+00
4.640513749179417391e-02 2.049643997374135324e+03 2.504307703964694820e+00
4.650492196416540491e-02 2.081575028532929537e+03 2.532362787825665595e+00
4.660492196416543553e-02 2.113575028532939086e+03 2.560838397962195589e+00
4.670492196416546615e-02 2.145575028532949091e+03 2.589666453185100359e+00
4.680492196416549677e-02 2.177575028532958640e+03 2.618708699948902208e+00
4.690492196416552739e-02 2.209575028532968645e+03 2.647695586596138906e+00
4.700492196416555801e-02 2.241575028532978195e+03 2.676241833177098961e+00
4.710492196416558863e-02 2.273575028532988199e+03 2.704157295045249487e+00
4.720492196416561925e-02 2.305575028532997749e+03 2.731379512281687738e+00
4.730492196416564987e-02 2.337575028533007753e+03 2.757936647243088846e+00
4.740492196416568049e-02 2.369575028533017303e+03 2.783953553030579009e+00
4.750492196416571111e-02 2.401575028533027307e+03 2.809631503895828608e+00
4.760492196416574173e-02 2.433575028533036857e+03 2.835206683772762748e+00
4.770492196416577235e-02 2.465575028533046861e+03 2.860914272822336901e+00
4.780492196416580297e-02 2.497575028533056411e+03 2.886975424844419269e+00
4.790492196416583359e-02 2.529575028533066416e+03 2.913494258909898438e+00
4.800492196416586421e-02 2.561575028533075965e+03 2.940457114736552136e+00
4.810492196416589483e-02 2.593575028533085970e+03 2.967749087626264881e+00
4.820492196416592545e-02 2.625575028533095974e+03 2.995182051618947572e+00
4.830492196416595607e-02 2.657575028533105979e+03 3.022533537840836448e+00
4.840492196416598669e-02 2.689575028533115528e+03 3.049593802913712182e+00
4.850492196416601731e-02 2.721575028533125533e+03 3.076211714799922170e+00
4.860492196416604793e-02 2.753575028533135082e+03 3.102327966976163864e+00
4.870492196416607855e-02 2.785575028533145087e+03 3.127987407266015651e+00
4.880492196416610917e-02 2.817575028533154637e+03 3.153329618144347091e+00
4.890492196416613979e-02 2.849575028533164641e+03 3.178557935880929275e+00
4.900492196416617041e-02 2.881575028533174191e+03 3.203893607911001418e+00
4.910492196416620103e-02 2.913575028533184195e+03 3.229526609294632422e+00
4.920492196416623165e-02 2.945575028533193745e+03 3.255571467281597631e+00
4.930492196416626227e-02 2.977575028533203749e+03 3.282049738676977135e+00
4.940492196416629289e-02 3.009575028533213299e+03 3.308879706474425308e+00
4.950492196416632351e-02 3.041575028533223303e+03 3.335890718979976022e+00
4.960492196416635413e-02 3.073575028533232853e+03 3.362830390952286308e+00
4.970492196416638475e-02 3.105575028533242858e+03 3.389466052486359793e+00
4.980492196416641537e-02 3.137575028533252407e+03 3.415637304929736384e+00
4.990492196416644599e-02 3.169575028533262412e+03 3.441273539715957064e+00
5.000000000000000278e-02 3.200000000000000000e+03 3.465179391768698824e+00
