time R11 R12 R13 R21 R22 R23 R31 R32 R33
0.000000000000000000e+00 1.000000000000000000e+00 -0.000000000000000000e+00 0.000000000000000000e+00 0.000000000000000000e+00 1.000000000000000000e+00 -0.000000000000000000e+00 0.000000000000000000e+00 0.000000000000000000e+00 1.000000000000000000e+00
5.040000000000002811e-03 9.999999203965483918e-01 -3.990073891596773530e-04 0.000000000000000000e+00 3.990073891596773530e-04 9.999999203965483918e-01 -0.000000000000000000e+00 0.000000000000000000e+00 0.000000000000000000e+00 1.000000000000000000e+00
1.013600000000001305e-02 9.999986978048553965e-01 -1.613811820872654941e-03 0.000000000000000000e+00 1.613811820872654941e-03 9.999986978048553965e-01 -0.000000000000000000e+00 0.000000000000000000e+00 0.000000000000000000e+00 1.000000000000000000e+00
1.513600000000002617e-02 9.999935247913689373e-01 -3.598662992525689976e-03 0.000000000000000000e+00 3.598662992525689976e-03 9.999935247913689373e-01 -0.000000000000000000e+00 0.000000000000000000e+00 0.000000000000000000e+00 1.000000000000000000e+00
2.013600000000000112e-02 9.999797184519607640e-01 -6.368884104553549849e-03 0.000000000000000000e+00 6.368884104553549849e-03 9.999797184519607640e-01 -0.000000000000000000e+00 0.000000000000000000e+00 0.000000000000000000e+00 1.000000000000000000e+00
2.513599999999997087e-02 9.999507517430075154e-01 -9.924418803860003691e-03 0.000000000000000000e+00 9.924418803860003691e-03 9.999507517430075154e-01 -0.000000000000000000e+00 0.000000000000000000e+00 0.000000000000000000e+00 1.000000000000000000e+00
3.013599999999994061e-02 9.998982475624252908e-01 -1.426515059826695929e-02 0.000000000000000000e+00 1.426515059826695929e-02 9.998982475624252908e-01 -0.000000000000000000e+00 0.000000000000000000e+00 0.000000000000000000e+00 1.000000000000000000e+00
3.513599999999991036e-02 9.998119794051801845e-01 -1.939086996232788560e-02 0.000000000000000000e+00 1.939086996232788560e-02 9.998119794051801845e-01 -0.000000000000000000e+00 0.000000000000000000e+00 0.000000000000000000e+00 1.000000000000000000e+00
4.013599999999988011e-02 9.996798725335743763e-01 -2.530123418446088637e-02 0.000000000000000000e+00 2.530123418446088637e-02 9.996798725335743763e-01 -0.000000000000000000e+00 0.000000000000000000e+00 0.000000000000000000e+00 1.000000000000000000e+00
4.513599999999984985e-02 9.994880058830112324e-01 -3.199571996380342481e-02 0.000000000000000000e+00 3.199571996380342481e-02 9.994880058830112324e-01 -0.000000000000000000e+00 0.000000000000000000e+00 0.000000000000000000e+00 1.000000000000000000e+00
5.013599999999981960e-02 9.992206149637465895e-01 -3.947356877041211659e-02 0.000000000000000000e+00 3.947356877041211659e-02 9.992206149637465895e-01 -0.000000000000000000e+00 0.000000000000000000e+00 0.000000000000000000e+00 1.000000000000000000e+00
5.513599999999978934e-02 9.988600960588162048e-01 -4.773372498949323556e-02 0.000000000000000000e+00 4.773372498949323556e-02 9.988600960588162048e-01 -0.000000000000000000e+00 0.000000000000000000e+00 0.000000000000000000e+00 1.000000000000000000e+00
6.013599999999975909e-02 9.983870120578367535e-01 -5.677476687953151441e-02 0.000000000000000000e+00 5.677476687953151441e-02 9.983870120578367535e-01 -0.000000000000000000e+00 0.000000000000000000e+00 0.000000000000000000e+00 1.000000000000000000e+00
6.513599999999981904e-02 9.977801003056190332e-01 -6.659483038576506642e-02 0.000000000000000000e+00 6.659483038576506642e-02 9.977801003056190332e-01 -0.000000000000000000e+00 0.000000000000000000e+00 0.000000000000000000e+00 1.000000000000000000e+00
7.013599999999996226e-02 9.970162828834232549e-01 -7.719152586470608146e-02 0.000000000000000000e+00 7.719152586470608146e-02 9.970162828834232549e-01 -0.000000000000000000e+00 0.000000000000000000e+00 0.000000000000000000e+00 1.000000000000000000e+00
7.513600000000010548e-02 9.960706797790803702e-01 -8.856184779260607709e-02 0.000000000000000000e+00 8.856184779260607709e-02 9.960706797790803702e-01 -0.000000000000000000e+00 0.000000000000000000e+00 0.000000000000000000e+00 1.000000000000000000e+00
8.013600000000024870e-02 9.949166254399801623e-01 -1.007020775511711513e-01 0.000000000000000000e+00 1.007020775511711513e-01 9.949166254399801623e-01 -0.000000000000000000e+00 0.000000000000000000e+00 0.000000000000000000e+00 1.000000000000000000e+00
8.513600000000039192e-02 9.935256892398880435e-01 -1.136076794077109930e-01 0.000000000000000000e+00 1.136076794077109930e-01 9.935256892398880435e-01 -0.000000000000000000e+00 0.000000000000000000e+00 0.000000000000000000e+00 1.000000000000000000e+00
9.007200000000036011e-02 9.918907415767082014e-01 -1.270934961924007345e-01 0.000000000000000000e+00 1.270934961924007345e-01 9.918907415767082014e-01 -0.000000000000000000e+00 0.000000000000000000e+00 0.000000000000000000e+00 1.000000000000000000e+00
9.505600000000048733e-02 9.899446146182535600e-01 -1.414555053305354415e-01 0.000000000000000000e+00 1.414555053305354415e-01 9.899446146182535600e-01 -0.000000000000000000e+00 0.000000000000000000e+00 0.000000000000000000e+00 1.000000000000000000e+00
1.000560000000006305e-01 9.876607962072161406e-01 -1.566082744791219561e-01 0.000000000000000000e+00 1.566082744791219561e-01 9.876607962072161406e-01 -0.000000000000000000e+00 0.000000000000000000e+00 0.000000000000000000e+00 1.000000000000000000e+00
1.050560000000007738e-01 9.850098773215157921e-01 -1.724979465937276912e-01 0.000000000000000000e+00 1.724979465937276912e-01 9.850098773215157921e-01 -0.000000000000000000e+00 0.000000000000000000e+00 0.000000000000000000e+00 1.000000000000000000e+00
1.100560000000009170e-01 9.819551124357759342e-01 -1.891141379200479977e-01 0.000000000000000000e+00 1.891141379200479977e-01 9.819551124357759342e-01 -0.000000000000000000e+00 0.000000000000000000e+00 0.000000000000000000e+00 1.000000000000000000e+00
1.150560000000010602e-01 9.784582290464631793e-01 -2.064448934007791780e-01 0.000000000000000000e+00 2.064448934007791780e-01 9.784582290464631793e-01 -0.000000000000000000e+00 0.000000000000000000e+00 0.000000000000000000e+00 1.000000000000000000e+00
1.200560000000012034e-01 9.744794930844610237e-01 -2.244765412194609788e-01 0.000000000000000000e+00 2.244765412194609788e-01 9.744794930844610237e-01 -0.000000000000000000e+00 0.000000000000000000e+00 0.000000000000000000e+00 1.000000000000000000e+00
1.250560000000013328e-01 9.699777836269776188e-01 -2.431935428215485917e-01 0.000000000000000000e+00 2.431935428215485917e-01 9.699777836269776188e-01 -0.000000000000000000e+00 0.000000000000000000e+00 0.000000000000000000e+00 1.000000000000000000e+00
1.300560000000014760e-01 9.649106776905389538e-01 -2.625783389367552512e-01 0.000000000000000000e+00 2.625783389367552512e-01 9.649106776905389538e-01 -0.000000000000000000e+00 0.000000000000000000e+00 0.000000000000000000e+00 1.000000000000000000e+00
1.351465600000013312e-01 9.591258487136009592e-01 -2.829798691239626129e-01 0.000000000000000000e+00 2.829798691239626129e-01 9.591258487136009592e-01 -0.000000000000000000e+00 0.000000000000000000e+00 0.000000000000000000e+00 1.000000000000000000e+00
1.400995200000014207e-01 9.528465609005453141e-01 -3.034525191525088150e-01 0.000000000000000000e+00 3.034525191525088150e-01 9.528465609005453141e-01 -0.000000000000000000e+00 0.000000000000000000e+00 0.000000000000000000e+00 1.000000000000000000e+00
1.450995200000015639e-01 9.458109215273522441e-01 -3.247178786571213172e-01 0.000000000000000000e+00 3.247178786571213172e-01 9.458109215273522441e-01 -0.000000000000000000e+00 0.000000000000000000e+00 0.000000000000000000e+00 1.000000000000000000e+00
1.500195200000015161e-01 9.381594920154481265e-01 -3.462033615395962993e-01 0.000000000000000000e+00 3.462033615395962993e-01 9.381594920154481265e-01 -0.000000000000000000e+00 0.000000000000000000e+00 0.000000000000000000e+00 1.000000000000000000e+00
1.550995200000014063e-01 9.294531118857851659e-01 -3.689402564180683797e-01 0.000000000000000000e+00 3.689402564180683797e-01 9.294531118857851659e-01 -0.000000000000000000e+00 0.000000000000000000e+00 0.000000000000000000e+00 1.000000000000000000e+00
1.601795200000014074e-01 9.198781119462333677e-01 -3.922043589281396514e-01 0.000000000000000000e+00 3.922043589281396514e-01 9.198781119462333677e-01 -0.000000000000000000e+00 0.000000000000000000e+00 0.000000000000000000e+00 1.000000000000000000e+00
1.651795200000015507e-01 9.095566353854391828e-01 -4.155799887221701683e-01 0.000000000000000000e+00 4.155799887221701683e-01 9.095566353854391828e-01 -0.000000000000000000e+00 0.000000000000000000e+00 0.000000000000000000e+00 1.000000000000000000e+00
1.701795200000016939e-01 8.982964421957726486e-01 -4.393899201602338156e-01 0.000000000000000000e+00 4.393899201602338156e-01 8.982964421957726486e-01 -0.000000000000000000e+00 0.000000000000000000e+00 0.000000000000000000e+00 1.000000000000000000e+00
1.751795200000018371e-01 8.860492661924795899e-01 -4.635910890858111477e-01 0.000000000000000000e+00 4.635910890858111477e-01 8.860492661924795899e-01 -0.000000000000000000e+00 0.000000000000000000e+00 0.000000000000000000e+00 1.000000000000000000e+00
1.801795200000019803e-01 8.727671201570958992e-01 -4.881368189070449670e-01 0.000000000000000000e+00 4.881368189070449670e-01 8.727671201570958992e-01 -0.000000000000000000e+00 0.000000000000000000e+00 0.000000000000000000e+00 1.000000000000000000e+00
1.851795200000021235e-01 8.584025424577832464e-01 -5.129766808559756974e-01 0.000000000000000000e+00 5.129766808559756974e-01 8.584025424577832464e-01 -0.000000000000000000e+00 0.000000000000000000e+00 0.000000000000000000e+00 1.000000000000000000e+00
1.901795200000022668e-01 8.429088621216265231e-01 -5.380563633643086208e-01 0.000000000000000000e+00 5.380563633643086208e-01 8.429088621216265231e-01 -0.000000000000000000e+00 0.000000000000000000e+00 0.000000000000000000e+00 1.000000000000000000e+00
1.951795200000024100e-01 8.262404826940716873e-01 -5.633175523250341099e-01 0.000000000000000000e+00 5.633175523250341099e-01 8.262404826940716873e-01 -0.000000000000000000e+00 0.000000000000000000e+00 0.000000000000000000e+00 1.000000000000000000e+00
2.001795200000025532e-01 8.083534831238716745e-01 -5.886974149098199716e-01 0.000000000000000000e+00 5.886974149098199716e-01 8.083534831238716745e-01 -0.000000000000000000e+00 0.000000000000000000e+00 0.000000000000000000e+00 1.000000000000000000e+00
2.050435200000024494e-01 7.899873869431168760e-01 -6.131230940608793922e-01 0.000000000000000000e+00 6.131230940608793922e-01 7.899873869431168760e-01 -0.000000000000000000e+00 0.000000000000000000e+00 0.000000000000000000e+00 1.000000000000000000e+00
2.101235200000024228e-01 7.700183066215907646e-01 -6.380217923140384384e-01 0.000000000000000000e+00 6.380217923140384384e-01 7.700183066215907646e-01 -0.000000000000000000e+00 0.000000000000000000e+00 0.000000000000000000e+00 1.000000000000000000e+00
2.150494964577919499e-01 7.499053684002008335e-01 -6.615451144438746489e-01 0.000000000000000000e+00 6.615451144438746489e-01 7.499053684002008335e-01 -0.000000000000000000e+00 0.000000000000000000e+00 0.000000000000000000e+00 1.000000000000000000e+00
2.201134102265577264e-01 7.284806495454365649e-01 -6.850663787092889923e-01 0.000000000000000000e+00 6.850663787092889923e-01 7.284806495454365649e-01 -0.000000000000000000e+00 0.000000000000000000e+00 0.000000000000000000e+00 1.000000000000000000e+00
2.250073148115476207e-01 7.070742815883096499e-01 -7.071392792911280756e-01 0.000000000000000000e+00 7.071392792911280756e-01 7.070742815883096499e-01 -0.000000000000000000e+00 0.000000000000000000e+00 0.000000000000000000e+00 1.000000000000000000e+00
2.300073148115477639e-01 6.845136015769066606e-01 -7.290000886530895174e-01 0.000000000000000000e+00 7.290000886530895174e-01 6.845136015769066606e-01 -0.000000000000000000e+00 0.000000000000000000e+00 0.000000000000000000e+00 1.000000000000000000e+00
2.350073148115479071e-01 6.612773892830755562e-01 -7.501414629407976431e-01 0.000000000000000000e+00 7.501414629407976431e-01 6.612773892830755562e-01 -0.000000000000000000e+00 0.000000000000000000e+00 0.000000000000000000e+00 1.000000000000000000e+00
2.400073148115480504e-01 6.373885760430086922e-01 -7.705425381702594168e-01 0.000000000000000000e+00 7.705425381702594168e-01 6.373885760430086922e-01 -0.000000000000000000e+00 0.000000000000000000e+00 0.000000000000000000e+00 1.000000000000000000e+00
2.450073148115481936e-01 6.128707372312430790e-01 -7.901831809432751097e-01 0.000000000000000000e+00 7.901831809432751097e-01 6.128707372312430790e-01 -0.000000000000000000e+00 0.000000000000000000e+00 0.000000000000000000e+00 1.000000000000000000e+00
2.500073148115483090e-01 5.877480689946109615e-01 -8.090440083166712260e-01 0.000000000000000000e+00 8.090440083166712260e-01 5.877480689946109615e-01 -0.000000000000000000e+00 0.000000000000000000e+00 0.000000000000000000e+00 1.000000000000000000e+00
2.550873148115478384e-01 5.616295443614801597e-01 -8.273888172439340938e-01 0.000000000000000000e+00 8.273888172439340938e-01 5.616295443614801597e-01 -0.000000000000000000e+00 0.000000000000000000e+00 0.000000000000000000e+00 1.000000000000000000e+00
2.600713148115478823e-01 5.354484112173004684e-01 -8.445679362401041779e-01 0.000000000000000000e+00 8.445679362401041779e-01 5.354484112173004684e-01 -0.000000000000000000e+00 0.000000000000000000e+00 0.000000000000000000e+00 1.000000000000000000e+00
2.651353148115478398e-01 5.083094220692350174e-01 -8.611745069587464219e-01 0.000000000000000000e+00 8.611745069587464219e-01 5.083094220692350174e-01 -0.000000000000000000e+00 0.000000000000000000e+00 0.000000000000000000e+00 1.000000000000000000e+00
2.700633148115476057e-01 4.814050248111267916e-01 -8.764982613140761547e-01 0.000000000000000000e+00 8.764982613140761547e-01 4.814050248111267916e-01 -0.000000000000000000e+00 0.000000000000000000e+00 0.000000000000000000e+00 1.000000000000000000e+00
2.750462725760989824e-01 4.537314300579067816e-01 -8.911384793496499590e-01 0.000000000000000000e+00 8.911384793496499590e-01 4.537314300579067816e-01 -0.000000000000000000e+00 0.000000000000000000e+00 0.000000000000000000e+00 1.000000000000000000e+00
2.800832951944042248e-01 4.253056837656875033e-01 -9.050497640221784046e-01 0.000000000000000000e+00 9.050497640221784046e-01 4.253056837656875033e-01 -0.000000000000000000e+00 0.000000000000000000e+00 0.000000000000000000e+00 1.000000000000000000e+00
2.851066617561798244e-01 3.965327447563622987e-01 -9.180205783837231959e-01 0.000000000000000000e+00 9.180205783837231959e-01 3.965327447563622987e-01 -0.000000000000000000e+00 0.000000000000000000e+00 0.000000000000000000e+00 1.000000000000000000e+00
2.901066617561792738e-01 3.675013565674422056e-01 -9.300229851574044471e-01 0.000000000000000000e+00 9.300229851574044471e-01 3.675013565674422056e-01 -0.000000000000000000e+00 0.000000000000000000e+00 0.000000000000000000e+00 1.000000000000000000e+00
2.951066617561787231e-01 3.381072889085666167e-01 -9.411075715277712472e-01 0.000000000000000000e+00 9.411075715277712472e-01 3.381072889085666167e-01 -0.000000000000000000e+00 0.000000000000000000e+00 0.000000000000000000e+00 1.000000000000000000e+00
3.001066617561781724e-01 3.083795501757263802e-01 -9.512633983463343323e-01 0.000000000000000000e+00 9.512633983463343323e-01 3.083795501757263802e-01 -0.000000000000000000e+00 0.000000000000000000e+00 0.000000000000000000e+00 1.000000000000000000e+00
3.051066617561776217e-01 2.783474780579766605e-01 -9.604804430381519431e-01 0.000000000000000000e+00 9.604804430381519431e-01 2.783474780579766605e-01 -0.000000000000000000e+00 0.000000000000000000e+00 0.000000000000000000e+00 1.000000000000000000e+00
3.101066617561770711e-01 2.480407105846820781e-01 -9.687496094929000101e-01 0.000000000000000000e+00 9.687496094929000101e-01 2.480407105846820781e-01 -0.000000000000000000e+00 0.000000000000000000e+00 0.000000000000000000e+00 1.000000000000000000e+00
3.150666617561768690e-01 2.177344613268024087e-01 -9.760080452284844998e-01 0.000000000000000000e+00 9.760080452284844998e-01 2.177344613268024087e-01 -0.000000000000000000e+00 0.000000000000000000e+00 0.000000000000000000e+00 1.000000000000000000e+00
3.200186617561766034e-01 1.872661349388775875e-01 -9.823092154230532724e-01 0.000000000000000000e+00 9.823092154230532724e-01 1.872661349388775875e-01 -0.000000000000000000e+00 0.000000000000000000e+00 0.000000000000000000e+00 1.000000000000000000e+00
3.250186617561760527e-01 1.563186522998669670e-01 -9.877066765711128848e-01 0.000000000000000000e+00 9.877066765711128848e-01 1.563186522998669670e-01 -0.000000000000000000e+00 0.000000000000000000e+00 0.000000000000000000e+00 1.000000000000000000e+00
3.300186617561755020e-01 1.252169020236160168e-01 -9.921293904766695926e-01 0.000000000000000000e+00 9.921293904766695926e-01 1.252169020236160168e-01 -0.000000000000000000e+00 0.000000000000000000e+00 0.000000000000000000e+00 1.000000000000000000e+00
3.350186617561749514e-01 9.399157778268804608e-02 -9.955729924550589249e-01 0.000000000000000000e+00 9.955729924550589249e-01 9.399157778268804608e-02 -0.000000000000000000e+00 0.000000000000000000e+00 0.000000000000000000e+00 1.000000000000000000e+00
3.400186617561744007e-01 6.267349520222882664e-02 -9.980340840868794361e-01 0.000000000000000000e+00 9.980340840868794361e-01 6.267349520222882664e-02 -0.000000000000000000e+00 0.000000000000000000e+00 0.000000000000000000e+00 1.000000000000000000e+00
3.450186617561738500e-01 3.129356144866779488e-02 -9.995102365718216975e-01 0.000000000000000000e+00 9.995102365718216975e-01 3.129356144866779488e-02 -0.000000000000000000e+00 0.000000000000000000e+00 0.000000000000000000e+00 1.000000000000000000e+00
3.500186617561732993e-01 -1.172552719251633774e-04 -9.999999931256005059e-01 0.000000000000000000e+00 9.999999931256005059e-01 -1.172552719251633774e-04 -0.000000000000000000e+00 0.000000000000000000e+00 0.000000000000000000e+00 1.000000000000000000e+00
3.551386617561733128e-01 -3.228155465265816759e-02 -9.994788147975962600e-01 0.000000000000000000e+00 9.994788147975962600e-01 -3.228155465265816759e-02 -0.000000000000000000e+00 0.000000000000000000e+00 0.000000000000000000e+00 1.000000000000000000e+00
3.601386617561727621e-01 -6.366001390943351601e-02 -9.979716442009015642e-01 0.000000000000000000e+00 9.979716442009015642e-01 -6.366001390943351601e-02 -0.000000000000000000e+00 0.000000000000000000e+00 0.000000000000000000e+00 1.000000000000000000e+00
3.651386617561722114e-01 -9.497564841824733539e-02 -9.954795960779574404e-01 0.000000000000000000e+00 9.954795960779574404e-01 -9.497564841824733539e-02 -0.000000000000000000e+00 0.000000000000000000e+00 0.000000000000000000e+00 1.000000000000000000e+00
3.701386617561716608e-01 -1.261975534286213785e-01 -9.920051297793928136e-01 0.000000000000000000e+00 9.920051297793928136e-01 -1.261975534286213785e-01 -0.000000000000000000e+00 0.000000000000000000e+00 0.000000000000000000e+00 1.000000000000000000e+00
3.750586617561711411e-01 -1.567984992259211507e-01 -9.876306144710677026e-01 0.000000000000000000e+00 9.876306144710677026e-01 -1.567984992259211507e-01 -0.000000000000000000e+00 0.000000000000000000e+00 0.000000000000000000e+00 1.000000000000000000e+00
3.800506617561714706e-01 -1.876939840163836526e-01 -9.822275542683872596e-01 0.000000000000000000e+00 9.822275542683872596e-01 -1.876939840163836526e-01 -0.000000000000000000e+00 0.000000000000000000e+00 0.000000000000000000e+00 1.000000000000000000e+00
3.850426617561721332e-01 -2.184048297226100221e-01 -9.758582532078303728e-01 0.000000000000000000e+00 9.758582532078303728e-01 -2.184048297226100221e-01 -0.000000000000000000e+00 0.000000000000000000e+00 0.000000000000000000e+00 1.000000000000000000e+00
3.900186617561717251e-01 -2.488034569371919413e-01 -9.685539942698615512e-01 0.000000000000000000e+00 9.685539942698615512e-01 -2.488034569371919413e-01 -0.000000000000000000e+00 0.000000000000000000e+00 0.000000000000000000e+00 1.000000000000000000e+00
3.950186617561711744e-01 -2.791037036185624598e-01 -9.602609658975012064e-01 0.000000000000000000e+00 9.602609658975012064e-01 -2.791037036185624598e-01 -0.000000000000000000e+00 0.000000000000000000e+00 0.000000000000000000e+00 1.000000000000000000e+00
4.000186617561706237e-01 -3.091285086410595628e-01 -9.510202758855115235e-01 0.000000000000000000e+00 9.510202758855115235e-01 -3.091285086410595628e-01 -0.000000000000000000e+00 0.000000000000000000e+00 0.000000000000000000e+00 1.000000000000000000e+00
4.050186617561700730e-01 -3.388482411470655764e-01 -9.408410436792924436e-01 0.000000000000000000e+00 9.408410436792924436e-01 -3.388482411470655764e-01 -0.000000000000000000e+00 0.000000000000000000e+00 0.000000000000000000e+00 1.000000000000000000e+00
4.100186617561695779e-01 -3.682335713487034368e-01 -9.297333149520776718e-01 0.000000000000000000e+00 9.297333149520776718e-01 -3.682335713487034368e-01 -0.000000000000000000e+00 0.000000000000000000e+00 0.000000000000000000e+00 1.000000000000000000e+00
4.151706617561700674e-01 -3.981317698908444225e-01 -9.173282366762638418e-01 0.000000000000000000e+00 9.173282366762638418e-01 -3.981317698908444225e-01 -0.000000000000000000e+00 0.000000000000000000e+00 0.000000000000000000e+00 1.000000000000000000e+00
4.201626617561707300e-01 -4.267038330017930425e-01 -9.043914190778115092e-01 0.000000000000000000e+00 9.043914190778115092e-01 -4.267038330017930425e-01 -0.000000000000000000e+00 0.000000000000000000e+00 0.000000000000000000e+00 1.000000000000000000e+00
4.251546617561713926e-01 -4.548561372942607761e-01 -8.905649298988504992e-01 0.000000000000000000e+00 8.905649298988504992e-01 -4.548561372942607761e-01 -0.000000000000000000e+00 0.000000000000000000e+00 0.000000000000000000e+00 1.000000000000000000e+00
4.301466617561720551e-01 -4.825609886697344031e-01 -8.758623705891743771e-01 0.000000000000000000e+00 8.758623705891743771e-01 -4.825609886697344031e-01 -0.000000000000000000e+00 0.000000000000000000e+00 0.000000000000000000e+00 1.000000000000000000e+00
4.351217657561718966e-01 -5.096998004686760231e-01 -8.603523193449249540e-01 0.000000000000000000e+00 8.603523193449249540e-01 -5.096998004686760231e-01 -0.000000000000000000e+00 0.000000000000000000e+00 0.000000000000000000e+00 1.000000000000000000e+00
4.400065017561714531e-01 -5.358612867957897041e-01 -8.443060353411909746e-01 0.000000000000000000e+00 8.443060353411909746e-01 -5.358612867957897041e-01 -0.000000000000000000e+00 0.000000000000000000e+00 0.000000000000000000e+00 1.000000000000000000e+00
4.450065017561709024e-01 -5.621171650627232452e-01 -8.270576115010652707e-01 0.000000000000000000e+00 8.270576115010652707e-01 -5.621171650627232452e-01 -0.000000000000000000e+00 0.000000000000000000e+00 0.000000000000000000e+00 1.000000000000000000e+00
4.500065017561703518e-01 -5.878183015529682143e-01 -8.089929816502635651e-01 0.000000000000000000e+00 8.089929816502635651e-01 -5.878183015529682143e-01 -0.000000000000000000e+00 0.000000000000000000e+00 0.000000000000000000e+00 1.000000000000000000e+00
4.551425017561702702e-01 -6.136142849770318541e-01 -7.896059202362442075e-01 0.000000000000000000e+00 7.896059202362442075e-01 -6.136142849770318541e-01 -0.000000000000000000e+00 0.000000000000000000e+00 0.000000000000000000e+00 1.000000000000000000e+00
4.601265017561698145e-01 -6.380362184384748003e-01 -7.700063531950440687e-01 0.000000000000000000e+00 7.700063531950440687e-01 -6.380362184384748003e-01 -0.000000000000000000e+00 0.000000000000000000e+00 0.000000000000000000e+00 1.000000000000000000e+00
4.651265017561692638e-01 -6.619078701290337374e-01 -7.495851996012503626e-01 0.000000000000000000e+00 7.495851996012503626e-01 -6.619078701290337374e-01 -0.000000000000000000e+00 0.000000000000000000e+00 0.000000000000000000e+00 1.000000000000000000e+00
4.701265017561687132e-01 -6.851262986648807285e-01 -7.284242959139685114e-01 0.000000000000000000e+00 7.284242959139685114e-01 -6.851262986648807285e-01 -0.000000000000000000e+00 0.000000000000000000e+00 0.000000000000000000e+00 1.000000000000000000e+00
4.751265017561681625e-01 -7.076685902602461997e-01 -7.065445253903507306e-01 0.000000000000000000e+00 7.065445253903507306e-01 -7.076685902602461997e-01 -0.000000000000000000e+00 0.000000000000000000e+00 0.000000000000000000e+00 1.000000000000000000e+00
4.800065017561677139e-01 -7.289965917527125860e-01 -6.845173257215108054e-01 0.000000000000000000e+00 6.845173257215108054e-01 -7.289965917527125860e-01 -0.000000000000000000e+00 0.000000000000000000e+00 0.000000000000000000e+00 1.000000000000000000e+00
4.851185017561678303e-01 -7.506032536399636079e-01 -6.607531729966193978e-01 0.000000000000000000e+00 6.607531729966193978e-01 -7.506032536399636079e-01 -0.000000000000000000e+00 0.000000000000000000e+00 0.000000000000000000e+00 1.000000000000000000e+00
4.901185017561672796e-01 -7.709876349721106470e-01 -6.368501132292526679e-01 0.000000000000000000e+00 6.368501132292526679e-01 -7.709876349721106470e-01 -0.000000000000000000e+00 0.000000000000000000e+00 0.000000000000000000e+00 1.000000000000000000e+00
4.951185017561667290e-01 -7.906111445910050106e-01 -6.123185592879747396e-01 0.000000000000000000e+00 6.123185592879747396e-01 -7.906111445910050106e-01 -0.000000000000000000e+00 0.000000000000000000e+00 0.000000000000000000e+00 1.000000000000000000e+00
5.001105017561664479e-01 -8.094249004164962846e-01 -5.872234077297541210e-01 0.000000000000000000e+00 5.872234077297541210e-01 -8.094249004164962846e-01 -0.000000000000000000e+00 0.000000000000000000e+00 0.000000000000000000e+00 1.000000000000000000e+00
5.050024680603217853e-01 -8.270892905596356481e-01 -5.620705520142094125e-01 0.000000000000000000e+00 5.620705520142094125e-01 -8.270892905596356481e-01 -0.000000000000000000e+00 0.000000000000000000e+00 0.000000000000000000e+00 1.000000000000000000e+00
5.100136098548987418e-01 -8.443737427003744633e-01 -5.357545918031516585e-01 0.000000000000000000e+00 5.357545918031516585e-01 -8.443737427003744633e-01 -0.000000000000000000e+00 0.000000000000000000e+00 0.000000000000000000e+00 1.000000000000000000e+00
5.150184699386425313e-01 -8.608010954880156440e-01 -5.089415231700316067e-01 0.000000000000000000e+00 5.089415231700316067e-01 -8.608010954880156440e-01 -0.000000000000000000e+00 0.000000000000000000e+00 0.000000000000000000e+00 1.000000000000000000e+00
5.201843571353043094e-01 -8.768641314055195535e-01 -4.807382812450486931e-01 0.000000000000000000e+00 4.807382812450486931e-01 -8.768641314055195535e-01 -0.000000000000000000e+00 0.000000000000000000e+00 0.000000000000000000e+00 1.000000000000000000e+00
5.251843571353037587e-01 -8.915318062210355610e-01 -4.529580979475442137e-01 0.000000000000000000e+00 4.529580979475442137e-01 -8.915318062210355610e-01 -0.000000000000000000e+00 0.000000000000000000e+00 0.000000000000000000e+00 1.000000000000000000e+00
5.300323571353039442e-01 -9.049135971980212245e-01 -4.255953261093657347e-01 0.000000000000000000e+00 4.255953261093657347e-01 -9.049135971980212245e-01 -0.000000000000000000e+00 0.000000000000000000e+00 0.000000000000000000e+00 1.000000000000000000e+00
5.351443571353035056e-01 -9.181144702456819351e-01 -3.963153031684378824e-01 0.000000000000000000e+00 3.963153031684378824e-01 -9.181144702456819351e-01 -0.000000000000000000e+00 0.000000000000000000e+00 0.000000000000000000e+00 1.000000000000000000e+00
5.400116851353031766e-01 -9.298035110392244285e-01 -3.680562876234154679e-01 0.000000000000000000e+00 3.680562876234154679e-01 -9.298035110392244285e-01 -0.000000000000000000e+00 0.000000000000000000e+00 0.000000000000000000e+00 1.000000000000000000e+00
5.450652971673040081e-01 -9.410196651934722434e-01 -3.383518726402520715e-01 0.000000000000000000e+00 3.383518726402520715e-01 -9.410196651934722434e-01 -0.000000000000000000e+00 0.000000000000000000e+00 0.000000000000000000e+00 1.000000000000000000e+00
5.501429051033042139e-01 -9.513335990021167810e-01 -3.081629169930734657e-01 0.000000000000000000e+00 3.081629169930734657e-01 -9.513335990021167810e-01 -0.000000000000000000e+00 0.000000000000000000e+00 0.000000000000000000e+00 1.000000000000000000e+00
5.550949051033036152e-01 -9.604598791041745187e-01 -2.784184272479003353e-01 0.000000000000000000e+00 2.784184272479003353e-01 -9.604598791041745187e-01 -0.000000000000000000e+00 0.000000000000000000e+00 0.000000000000000000e+00 1.000000000000000000e+00
5.600949051033030646e-01 -9.687312842738942109e-01 -2.481122706942397171e-01 0.000000000000000000e+00 2.481122706942397171e-01 -9.687312842738942109e-01 -0.000000000000000000e+00 0.000000000000000000e+00 0.000000000000000000e+00 1.000000000000000000e+00
5.650949051033025139e-01 -9.760466686223812083e-01 -2.175612572843609316e-01 0.000000000000000000e+00 2.175612572843609316e-01 -9.760466686223812083e-01 -0.000000000000000000e+00 0.000000000000000000e+00 0.000000000000000000e+00 1.000000000000000000e+00
5.700949051033019632e-01 -9.823988127484802879e-01 -1.867955371800314457e-01 0.000000000000000000e+00 1.867955371800314457e-01 -9.823988127484802879e-01 -0.000000000000000000e+00 0.000000000000000000e+00 0.000000000000000000e+00 1.000000000000000000e+00
5.750149051033019987e-01 -9.877029865901831851e-01 -1.563419658339764151e-01 0.000000000000000000e+00 1.563419658339764151e-01 -9.877029865901831851e-01 -0.000000000000000000e+00 0.000000000000000000e+00 0.000000000000000000e+00 1.000000000000000000e+00
5.800149051033014480e-01 -9.921264346123258582e-01 -1.252403199590061689e-01 0.000000000000000000e+00 1.252403199590061689e-01 -9.921264346123258582e-01 -0.000000000000000000e+00 0.000000000000000000e+00 0.000000000000000000e+00 1.000000000000000000e+00
5.850149051033008973e-01 -9.955707736243823991e-01 -9.401507700868304285e-02 0.000000000000000000e+00 9.401507700868304285e-02 -9.955707736243823991e-01 -0.000000000000000000e+00 0.000000000000000000e+00 0.000000000000000000e+00 1.000000000000000000e+00
5.900149051033003467e-01 -9.980326044795880813e-01 -6.269705252793014716e-02 0.000000000000000000e+00 6.269705252793014716e-02 -9.980326044795880813e-01 -0.000000000000000000e+00 0.000000000000000000e+00 0.000000000000000000e+00 1.000000000000000000e+00
5.950149051032997960e-01 -9.995094976481093685e-01 -3.131715362583954027e-02 0.000000000000000000e+00 3.131715362583954027e-02 -9.995094976481093685e-01 -0.000000000000000000e+00 0.000000000000000000e+00 0.000000000000000000e+00 1.000000000000000000e+00
6.000149051032992453e-01 -9.999999956146957691e-01 9.365152591443327433e-05 0.000000000000000000e+00 -9.365152591443327433e-05 -9.999999956146957691e-01 -0.000000000000000000e+00 0.000000000000000000e+00 -0.000000000000000000e+00 1.000000000000000000e+00
6.050149051032986947e-01 -9.995036143170737963e-01 3.150436425491856540e-02 0.000000000000000000e+00 -3.150436425491856540e-02 -9.995036143170737963e-01 -0.000000000000000000e+00 0.000000000000000000e+00 -0.000000000000000000e+00 1.000000000000000000e+00
6.100149051032981440e-01 -9.980208436236543967e-01 6.288398597997153783e-02 0.000000000000000000e+00 -6.288398597997153783e-02 -9.980208436236543967e-01 -0.000000000000000000e+00 0.000000000000000000e+00 -0.000000000000000000e+00 1.000000000000000000e+00
6.150149051032975933e-01 -9.955531468500953274e-01 9.420154880293793442e-02 0.000000000000000000e+00 -9.420154880293793442e-02 -9.955531468500953274e-01 -0.000000000000000000e+00 0.000000000000000000e+00 -0.000000000000000000e+00 1.000000000000000000e+00
6.200048187032975999e-01 -9.921109061697822584e-01 1.253632715709560308e-01 0.000000000000000000e+00 -1.253632715709560308e-01 -9.921109061697822584e-01 -0.000000000000000000e+00 0.000000000000000000e+00 -0.000000000000000000e+00 1.000000000000000000e+00
6.250729838232980118e-01 -9.876165004572506900e-01 1.568873736939129515e-01 0.000000000000000000e+00 -1.568873736939129515e-01 -9.876165004572506900e-01 -0.000000000000000000e+00 0.000000000000000000e+00 -0.000000000000000000e+00 1.000000000000000000e+00
6.300729838232974611e-01 -9.822012198349684420e-01 1.878317432030597589e-01 0.000000000000000000e+00 -1.878317432030597589e-01 -9.822012198349684420e-01 -0.000000000000000000e+00 0.000000000000000000e+00 -0.000000000000000000e+00 1.000000000000000000e+00
6.350729838232969104e-01 -9.758166251912996358e-01 2.185907454588663645e-01 0.000000000000000000e+00 -2.185907454588663645e-01 -9.758166251912996358e-01 -0.000000000000000000e+00 0.000000000000000000e+00 -0.000000000000000000e+00 1.000000000000000000e+00
6.400729838232963598e-01 -9.684690173503360811e-01 2.491340250396851808e-01 0.000000000000000000e+00 -2.491340250396851808e-01 -9.684690173503360811e-01 -0.000000000000000000e+00 0.000000000000000000e+00 -0.000000000000000000e+00 1.000000000000000000e+00
6.450729838232958091e-01 -9.601656475139296321e-01 2.794314394161056536e-01 0.000000000000000000e+00 -2.794314394161056536e-01 -9.601656475139296321e-01 -0.000000000000000000e+00 0.000000000000000000e+00 -0.000000000000000000e+00 1.000000000000000000e+00
6.500729838232952584e-01 -9.509147101056303342e-01 3.094530886979886541e-01 0.000000000000000000e+00 -3.094530886979886541e-01 -9.509147101056303342e-01 -0.000000000000000000e+00 0.000000000000000000e+00 -0.000000000000000000e+00 1.000000000000000000e+00
6.550729838232951519e-01 -9.407253346837801677e-01 3.391693451420538241e-01 0.000000000000000000e+00 -3.391693451420538241e-01 -9.407253346837801677e-01 -0.000000000000000000e+00 0.000000000000000000e+00 -0.000000000000000000e+00 1.000000000000000000e+00
6.600617838232949453e-01 -9.296335101730124340e-01 3.684854634356738434e-01 0.000000000000000000e+00 -3.684854634356738434e-01 -9.296335101730124340e-01 -0.000000000000000000e+00 0.000000000000000000e+00 -0.000000000000000000e+00 1.000000000000000000e+00
6.650617838232943946e-01 -9.176003840379799437e-01 3.975041323223590939e-01 0.000000000000000000e+00 -3.975041323223590939e-01 -9.176003840379799437e-01 -0.000000000000000000e+00 0.000000000000000000e+00 -0.000000000000000000e+00 1.000000000000000000e+00
6.700617838232938439e-01 -9.046616971071391733e-01 4.261305126216973771e-01 0.000000000000000000e+00 -4.261305126216973771e-01 -9.046616971071391733e-01 -0.000000000000000000e+00 0.000000000000000000e+00 -0.000000000000000000e+00 1.000000000000000000e+00
6.750617838232932932e-01 -8.908302183023841803e-01 4.543363535524387875e-01 0.000000000000000000e+00 -4.543363535524387875e-01 -8.908302183023841803e-01 -0.000000000000000000e+00 0.000000000000000000e+00 -0.000000000000000000e+00 1.000000000000000000e+00
6.800617838232927426e-01 -8.761195976234001925e-01 4.820938193549167416e-01 0.000000000000000000e+00 -4.820938193549167416e-01 -8.761195976234001925e-01 -0.000000000000000000e+00 0.000000000000000000e+00 -0.000000000000000000e+00 1.000000000000000000e+00
6.850617838232921919e-01 -8.605443526767635465e-01 5.093755167615832136e-01 0.000000000000000000e+00 -5.093755167615832136e-01 -8.605443526767635465e-01 -0.000000000000000000e+00 0.000000000000000000e+00 -0.000000000000000000e+00 1.000000000000000000e+00
6.900217838232920453e-01 -8.442545780163890345e-01 5.359423546412140915e-01 0.000000000000000000e+00 -5.359423546412140915e-01 -8.442545780163890345e-01 -0.000000000000000000e+00 0.000000000000000000e+00 -0.000000000000000000e+00 1.000000000000000000e+00
6.951817838232916547e-01 -8.264380337122796405e-01 5.630276870934333155e-01 0.000000000000000000e+00 -5.630276870934333155e-01 -8.264380337122796405e-01 -0.000000000000000000e+00 0.000000000000000000e+00 -0.000000000000000000e+00 1.000000000000000000e+00
7.001817838232911040e-01 -8.083451093975730917e-01 5.887089128873670418e-01 0.000000000000000000e+00 -5.887089128873670418e-01 -8.083451093975730917e-01 -0.000000000000000000e+00 0.000000000000000000e+00 -0.000000000000000000e+00 1.000000000000000000e+00
7.051817838232905533e-01 -7.894544460525797502e-01 6.138091540599688312e-01 0.000000000000000000e+00 -6.138091540599688312e-01 -7.894544460525797502e-01 -0.000000000000000000e+00 0.000000000000000000e+00 -0.000000000000000000e+00 1.000000000000000000e+00
7.101817838232900026e-01 -7.697846864813229217e-01 6.383036397035911635e-01 0.000000000000000000e+00 -6.383036397035911635e-01 -7.697846864813229217e-01 -0.000000000000000000e+00 0.000000000000000000e+00 -0.000000000000000000e+00 1.000000000000000000e+00
7.151817838232894520e-01 -7.493552423617406699e-01 6.621681967181581863e-01 0.000000000000000000e+00 -6.621681967181581863e-01 -7.493552423617406699e-01 -0.000000000000000000e+00 0.000000000000000000e+00 -0.000000000000000000e+00 1.000000000000000000e+00
7.201817838232889013e-01 -7.281862750887018176e-01 6.853792736671000529e-01 0.000000000000000000e+00 -6.853792736671000529e-01 -7.281862750887018176e-01 -0.000000000000000000e+00 0.000000000000000000e+00 -0.000000000000000000e+00 1.000000000000000000e+00
7.251817838232883506e-01 -7.062986758771448992e-01 7.079139640197752437e-01 0.000000000000000000e+00 -7.079139640197752437e-01 -7.062986758771448992e-01 -0.000000000000000000e+00 0.000000000000000000e+00 -0.000000000000000000e+00 1.000000000000000000e+00
7.301817838232878000e-01 -6.837140451449704726e-01 7.297500287574513189e-01 0.000000000000000000e+00 -7.297500287574513189e-01 -6.837140451449704726e-01 -0.000000000000000000e+00 0.000000000000000000e+00 -0.000000000000000000e+00 1.000000000000000000e+00
7.351657838232878994e-01 -6.605301531337612886e-01 7.507995183809657025e-01 0.000000000000000000e+00 -7.507995183809657025e-01 -6.605301531337612886e-01 -0.000000000000000000e+00 0.000000000000000000e+00 -0.000000000000000000e+00 1.000000000000000000e+00
7.401017838232872847e-01 -6.369310956987749295e-01 7.709207347918189956e-01 0.000000000000000000e+00 -7.709207347918189956e-01 -6.369310956987749295e-01 -0.000000000000000000e+00 0.000000000000000000e+00 -0.000000000000000000e+00 1.000000000000000000e+00
7.451817838232872582e-01 -6.120041536607478960e-01 7.908545478796918937e-01 0.000000000000000000e+00 -7.908545478796918937e-01 -6.120041536607478960e-01 -0.000000000000000000e+00 0.000000000000000000e+00 -0.000000000000000000e+00 1.000000000000000000e+00
7.500905838232869716e-01 -5.873247010895392695e-01 8.093514042059131164e-01 0.000000000000000000e+00 -8.093514042059131164e-01 -5.873247010895392695e-01 -0.000000000000000000e+00 0.000000000000000000e+00 -0.000000000000000000e+00 1.000000000000000000e+00
7.550553838232867410e-01 -5.617955306824066186e-01 8.272761218029159869e-01 0.000000000000000000e+00 -8.272761218029159869e-01 -5.617955306824066186e-01 -0.000000000000000000e+00 0.000000000000000000e+00 -0.000000000000000000e+00 1.000000000000000000e+00
7.600393838232862853e-01 -5.356178446828442352e-01 8.444604931299655171e-01 0.000000000000000000e+00 -8.444604931299655171e-01 -5.356178446828442352e-01 -0.000000000000000000e+00 0.000000000000000000e+00 -0.000000000000000000e+00 1.000000000000000000e+00
7.650684776835198209e-01 -5.086710275229329170e-01 8.609609664547884789e-01 0.000000000000000000e+00 -8.609609664547884789e-01 -5.086710275229329170e-01 -0.000000000000000000e+00 0.000000000000000000e+00 -0.000000000000000000e+00 1.000000000000000000e+00
7.700658799456109316e-01 -4.813908980397304527e-01 8.765060201073929802e-01 0.000000000000000000e+00 -8.765060201073929802e-01 -4.813908980397304527e-01 -0.000000000000000000e+00 0.000000000000000000e+00 -0.000000000000000000e+00 1.000000000000000000e+00
7.751900431255686064e-01 -4.529262466768396722e-01 8.915479880921891587e-01 0.000000000000000000e+00 -8.915479880921891587e-01 -4.529262466768396722e-01 -0.000000000000000000e+00 0.000000000000000000e+00 -0.000000000000000000e+00 1.000000000000000000e+00
7.801900431255680557e-01 -4.246985558547785589e-01 9.053348201935377260e-01 0.000000000000000000e+00 -9.053348201935377260e-01 -4.246985558547785589e-01 -0.000000000000000000e+00 0.000000000000000000e+00 -0.000000000000000000e+00 1.000000000000000000e+00
7.851500431255675760e-01 -3.962825022381613049e-01 9.181286284719921698e-01 0.000000000000000000e+00 -9.181286284719921698e-01 -3.962825022381613049e-01 -0.000000000000000000e+00 0.000000000000000000e+00 -0.000000000000000000e+00 1.000000000000000000e+00
7.900620431255676035e-01 -3.677620713916407436e-01 9.299199206629189529e-01 0.000000000000000000e+00 -9.299199206629189529e-01 -3.677620713916407436e-01 -0.000000000000000000e+00 0.000000000000000000e+00 -0.000000000000000000e+00 1.000000000000000000e+00
7.950620431255670528e-01 -3.383711124197438247e-01 9.410127471399232224e-01 0.000000000000000000e+00 -9.410127471399232224e-01 -3.383711124197438247e-01 -0.000000000000000000e+00 0.000000000000000000e+00 -0.000000000000000000e+00 1.000000000000000000e+00
8.000620431255665022e-01 -3.086462220119282063e-01 9.511769076453463478e-01 0.000000000000000000e+00 -9.511769076453463478e-01 -3.086462220119282063e-01 -0.000000000000000000e+00 0.000000000000000000e+00 -0.000000000000000000e+00 1.000000000000000000e+00
8.050620431255659515e-01 -2.786167350462968040e-01 9.604023713799034745e-01 0.000000000000000000e+00 -9.604023713799034745e-01 -2.786167350462968040e-01 -0.000000000000000000e+00 0.000000000000000000e+00 -0.000000000000000000e+00 1.000000000000000000e+00
8.100620431255654008e-01 -2.483122870009808747e-01 9.686800339246921521e-01 0.000000000000000000e+00 -9.686800339246921521e-01 -2.483122870009808747e-01 -0.000000000000000000e+00 0.000000000000000000e+00 -0.000000000000000000e+00 1.000000000000000000e+00
8.150620431255648501e-01 -2.177627847074998790e-01 9.760017262261554416e-01 0.000000000000000000e+00 -9.760017262261554416e-01 -2.177627847074998790e-01 -0.000000000000000000e+00 0.000000000000000000e+00 -0.000000000000000000e+00 1.000000000000000000e+00
8.200620431255642995e-01 -1.869983768363322474e-01 9.823602226579499774e-01 0.000000000000000000e+00 -9.823602226579499774e-01 -1.869983768363322474e-01 -0.000000000000000000e+00 0.000000000000000000e+00 -0.000000000000000000e+00 1.000000000000000000e+00
8.250620431255637488e-01 -1.560494241438156737e-01 9.877492481517682332e-01 0.000000000000000000e+00 -9.877492481517682332e-01 -1.560494241438156737e-01 -0.000000000000000000e+00 0.000000000000000000e+00 -0.000000000000000000e+00 1.000000000000000000e+00
8.300620431255631981e-01 -1.249464695097444872e-01 9.921634843900728473e-01 0.000000000000000000e+00 -9.921634843900728473e-01 -1.249464695097444872e-01 -0.000000000000000000e+00 0.000000000000000000e+00 -0.000000000000000000e+00 1.000000000000000000e+00
8.350620431255626475e-01 -9.372020779523729250e-02 9.955985750546338942e-01 0.000000000000000000e+00 -9.955985750546338942e-01 -9.372020779523729250e-02 -0.000000000000000000e+00 0.000000000000000000e+00 -0.000000000000000000e+00 1.000000000000000000e+00
8.401660431255626449e-01 -6.174926449390964744e-02 9.980916933500955102e-01 0.000000000000000000e+00 -9.980916933500955102e-01 -6.174926449390964744e-02 -0.000000000000000000e+00 0.000000000000000000e+00 -0.000000000000000000e+00 1.000000000000000000e+00
8.450860431255629024e-01 -3.087039637759039432e-02 9.995233957379340284e-01 0.000000000000000000e+00 -9.995233957379340284e-01 -3.087039637759039432e-02 -0.000000000000000000e+00 0.000000000000000000e+00 -0.000000000000000000e+00 1.000000000000000000e+00
8.501420431255624077e-01 8.924831610376399420e-04 9.999996017368242285e-01 0.000000000000000000e+00 -9.999996017368242285e-01 8.924831610376399420e-04 -0.000000000000000000e+00 -0.000000000000000000e+00 0.000000000000000000e+00 1.000000000000000000e+00
8.550480271255631592e-01 3.171237207109827566e-02 9.994970362425416033e-01 0.000000000000000000e+00 -9.994970362425416033e-01 3.171237207109827566e-02 -0.000000000000000000e+00 -0.000000000000000000e+00 0.000000000000000000e+00 1.000000000000000000e+00
8.601419023255634233e-01 6.368033369466678806e-02 9.979703478062541544e-01 0.000000000000000000e+00 -9.979703478062541544e-01 6.368033369466678806e-02 -0.000000000000000000e+00 -0.000000000000000000e+00 0.000000000000000000e+00 1.000000000000000000e+00
8.651419023255628726e-01 9.499591745615372507e-02 9.954776620631240469e-01 0.000000000000000000e+00 -9.954776620631240469e-01 9.499591745615372507e-02 -0.000000000000000000e+00 -0.000000000000000000e+00 0.000000000000000000e+00 1.000000000000000000e+00
8.701419023255623220e-01 1.262177517161066631e-01 9.920025600530126830e-01 0.000000000000000000e+00 -9.920025600530126830e-01 1.262177517161066631e-01 -0.000000000000000000e+00 -0.000000000000000000e+00 0.000000000000000000e+00 1.000000000000000000e+00
8.751419023255617713e-01 1.573150242935696941e-01 9.875484712820497002e-01 0.000000000000000000e+00 -9.875484712820497002e-01 1.573150242935696941e-01 -0.000000000000000000e+00 -0.000000000000000000e+00 0.000000000000000000e+00 1.000000000000000000e+00
8.801419023255612206e-01 1.882570459349289238e-01 9.821197913981033478e-01 0.000000000000000000e+00 -9.821197913981033478e-01 1.882570459349289238e-01 -0.000000000000000000e+00 -0.000000000000000000e+00 0.000000000000000000e+00 1.000000000000000000e+00
8.850699023255613751e-01 2.185718520259433972e-01 9.758208572796286395e-01 0.000000000000000000e+00 -9.758208572796286395e-01 2.185718520259433972e-01 -0.000000000000000000e+00 -0.000000000000000000e+00 0.000000000000000000e+00 1.000000000000000000e+00
8.901003023255609214e-01 2.493002563755587486e-01 9.684262399228353857e-01 0.000000000000000000e+00 -9.684262399228353857e-01 2.493002563755587486e-01 -0.000000000000000000e+00 -0.000000000000000000e+00 0.000000000000000000e+00 1.000000000000000000e+00
8.950155023255618181e-01 2.790846411465950916e-01 9.602665062762922865e-01 0.000000000000000000e+00 -9.602665062762922865e-01 2.790846411465950916e-01 -0.000000000000000000e+00 -0.000000000000000000e+00 0.000000000000000000e+00 1.000000000000000000e+00
9.000155023255612674e-01 3.091096296027756596e-01 9.510264122971743284e-01 0.000000000000000000e+00 -9.510264122971743284e-01 3.091096296027756596e-01 -0.000000000000000000e+00 -0.000000000000000000e+00 0.000000000000000000e+00 1.000000000000000000e+00
9.050155023255607167e-01 3.388295641737953390e-01 9.408477700679296341e-01 0.000000000000000000e+00 -9.408477700679296341e-01 3.388295641737953390e-01 -0.000000000000000000e+00 -0.000000000000000000e+00 0.000000000000000000e+00 1.000000000000000000e+00
9.100475023255605311e-01 3.684020428726332286e-01 9.296665718456647021e-01 0.000000000000000000e+00 -9.296665718456647021e-01 3.684020428726332286e-01 -0.000000000000000000e+00 -0.000000000000000000e+00 0.000000000000000000e+00 1.000000000000000000e+00
9.151979023255603085e-01 3.982887717077329137e-01 9.172600799836135854e-01 0.000000000000000000e+00 -9.172600799836135854e-01 3.982887717077329137e-01 -0.000000000000000000e+00 -0.000000000000000000e+00 0.000000000000000000e+00 1.000000000000000000e+00
9.201979023255597578e-01 4.269040756262347802e-01 9.042969148535837665e-01 0.000000000000000000e+00 -9.042969148535837665e-01 4.269040756262347802e-01 -0.000000000000000000e+00 -0.000000000000000000e+00 0.000000000000000000e+00 1.000000000000000000e+00
9.251979023255592072e-01 4.550980767628481360e-01 8.904413178456829225e-01 0.000000000000000000e+00 -8.904413178456829225e-01 4.550980767628481360e-01 -0.000000000000000000e+00 -0.000000000000000000e+00 0.000000000000000000e+00 1.000000000000000000e+00
9.301979023255586565e-01 4.828429510423525306e-01 8.757069627613520701e-01 0.000000000000000000e+00 -8.757069627613520701e-01 4.828429510423525306e-01 -0.000000000000000000e+00 -0.000000000000000000e+00 0.000000000000000000e+00 1.000000000000000000e+00
9.351979023255581058e-01 5.101113176235141378e-01 8.601083906301588700e-01 0.000000000000000000e+00 -8.601083906301588700e-01 5.101113176235141378e-01 -0.000000000000000000e+00 -0.000000000000000000e+00 0.000000000000000000e+00 1.000000000000000000e+00
9.401979023255575552e-01 5.368762659206680610e-01 8.436609953595579636e-01 0.000000000000000000e+00 -8.436609953595579636e-01 5.368762659206680610e-01 -0.000000000000000000e+00 -0.000000000000000000e+00 0.000000000000000000e+00 1.000000000000000000e+00
9.451979023255570045e-01 5.631113821612145909e-01 8.263810085429641461e-01 0.000000000000000000e+00 -8.263810085429641461e-01 5.631113821612145909e-01 -0.000000000000000000e+00 -0.000000000000000000e+00 0.000000000000000000e+00 1.000000000000000000e+00
9.501979023255564538e-01 5.887907754528293180e-01 8.082854834411267175e-01 0.000000000000000000e+00 -8.082854834411267175e-01 5.887907754528293180e-01 -0.000000000000000000e+00 -0.000000000000000000e+00 0.000000000000000000e+00 1.000000000000000000e+00
9.551979023255559031e-01 6.138891033346446369e-01 7.893922781526216959e-01 0.000000000000000000e+00 -7.893922781526216959e-01 6.138891033346446369e-01 -0.000000000000000000e+00 -0.000000000000000000e+00 0.000000000000000000e+00 1.000000000000000000e+00
9.601979023255553525e-01 6.383815967871978581e-01 7.697200379900653866e-01 0.000000000000000000e+00 -7.697200379900653866e-01 6.383815967871978581e-01 -0.000000000000000000e+00 -0.000000000000000000e+00 0.000000000000000000e+00 1.000000000000000000e+00
9.651979023255548018e-01 6.622440846764663380e-01 7.492881770794393992e-01 0.000000000000000000e+00 -7.492881770794393992e-01 6.622440846764663380e-01 -0.000000000000000000e+00 -0.000000000000000000e+00 0.000000000000000000e+00 1.000000000000000000e+00
9.701979023255542511e-01 6.854530176078567072e-01 7.281168592006941331e-01 0.000000000000000000e+00 -7.281168592006941331e-01 6.854530176078567072e-01 -0.000000000000000000e+00 -0.000000000000000000e+00 0.000000000000000000e+00 1.000000000000000000e+00
9.751979023255537005e-01 7.079854911666145778e-01 7.062269778885309490e-01 0.000000000000000000e+00 -7.062269778885309490e-01 7.079854911666145778e-01 -0.000000000000000000e+00 -0.000000000000000000e+00 0.000000000000000000e+00 1.000000000000000000e+00
9.801579023255538869e-01 7.296474279675687624e-01 6.838235378080457227e-01 0.000000000000000000e+00 -6.838235378080457227e-01 7.296474279675687624e-01 -0.000000000000000000e+00 -0.000000000000000000e+00 0.000000000000000000e+00 1.000000000000000000e+00
9.851419023255533203e-01 7.507003961405785963e-01 6.606428045732265497e-01 0.000000000000000000e+00 -6.606428045732265497e-01 7.507003961405785963e-01 -0.000000000000000000e+00 -0.000000000000000000e+00 0.000000000000000000e+00 1.000000000000000000e+00
9.901419023255527696e-01 7.710812627828080856e-01 6.367367479463315050e-01 0.000000000000000000e+00 -6.367367479463315050e-01 7.710812627828080856e-01 -0.000000000000000000e+00 -0.000000000000000000e+00 0.000000000000000000e+00 1.000000000000000000e+00
9.951419023255522189e-01 7.907011653124407236e-01 6.122023090233721376e-01 0.000000000000000000e+00 -6.122023090233721376e-01 7.907011653124407236e-01 -0.000000000000000000e+00 -0.000000000000000000e+00 0.000000000000000000e+00 1.000000000000000000e+00
1.000000000000000000e+00 8.090169943749474513e-01 5.877852522924732481e-01 0.000000000000000000e+00 -5.877852522924732481e-01 8.090169943749474513e-01 -0.000000000000000000e+00 -0.000000000000000000e+00 0.000000000000000000e+00 1.000000000000000000e+00
