time R11 R12 R13 R21 R22 R23 R31 R32 R33
0.000000000000000000e+00 1.000000000000000000e+00 -0.000000000000000000e+00 0.000000000000000000e+00 0.000000000000000000e+00 1.000000000000000000e+00 -0.000000000000000000e+00 0.000000000000000000e+00 0.000000000000000000e+00 1.000000000000000000e+00
5.040000000000002811e-03 9.999999908184982189e-01 1.355101583487962693e-04 0.000000000000000000e+00 -1.355101583487962693e-04 9.999999908184982189e-01 -0.000000000000000000e+00 -0.000000000000000000e+00 0.000000000000000000e+00 1.000000000000000000e+00
1.013600000000001305e-02 9.999999914309889437e-01 1.309122679288465992e-04 0.000000000000000000e+00 -1.309122679288465992e-04 9.999999914309889437e-01 -0.000000000000000000e+00 -0.000000000000000000e+00 0.000000000000000000e+00 1.000000000000000000e+00
1.513600000000002617e-02 9.999999936331284145e-01 1.128438872174818722e-04 0.000000000000000000e+00 -1.128438872174818722e-04 9.999999936331284145e-01 -0.000000000000000000e+00 -0.000000000000000000e+00 0.000000000000000000e+00 1.000000000000000000e+00
2.013600000000000112e-02 9.999999961314671726e-01 8.796059064288368743e-05 0.000000000000000000e+00 -8.796059064288368743e-05 9.999999961314671726e-01 -0.000000000000000000e+00 -0.000000000000000000e+00 0.000000000000000000e+00 1.000000000000000000e+00
2.513599999999997087e-02 9.999999984086188620e-01 5.641597257295244530e-05 0.000000000000000000e+00 -5.641597257295244530e-05 9.999999984086188620e-01 -0.000000000000000000e+00 -0.000000000000000000e+00 0.000000000000000000e+00 1.000000000000000000e+00
3.013599999999994061e-02 9.999999998376690735e-01 1.801837071966632219e-05 0.000000000000000000e+00 -1.801837071966632219e-05 9.999999998376690735e-01 -0.000000000000000000e+00 -0.000000000000000000e+00 0.000000000000000000e+00 1.000000000000000000e+00
3.513599999999991036e-02 9.999999996234547606e-01 -2.744248664352938732e-05 0.000000000000000000e+00 2.744248664352938732e-05 9.999999996234547606e-01 -0.000000000000000000e+00 0.000000000000000000e+00 0.000000000000000000e+00 1.000000000000000000e+00
4.013599999999988011e-02 9.999999968036409337e-01 -7.995447330233123380e-05 0.000000000000000000e+00 7.995447330233123380e-05 9.999999968036409337e-01 -0.000000000000000000e+00 0.000000000000000000e+00 0.000000000000000000e+00 1.000000000000000000e+00
4.513599999999984985e-02 9.999999903047980254e-01 -1.392494298459865851e-04 0.000000000000000000e+00 1.392494298459865851e-04 9.999999903047980254e-01 -0.000000000000000000e+00 0.000000000000000000e+00 0.000000000000000000e+00 1.000000000000000000e+00
5.013599999999981960e-02 9.999999788902875775e-01 -2.054736583188299939e-04 0.000000000000000000e+00 2.054736583188299939e-04 9.999999788902875775e-01 -0.000000000000000000e+00 0.000000000000000000e+00 0.000000000000000000e+00 1.000000000000000000e+00
5.513599999999978934e-02 9.999999613138280674e-01 -2.781588433308222513e-04 0.000000000000000000e+00 2.781588433308222513e-04 9.999999613138280674e-01 -0.000000000000000000e+00 0.000000000000000000e+00 0.000000000000000000e+00 1.000000000000000000e+00
6.013599999999975909e-02 9.999999360588383013e-01 -3.576063747302582214e-04 0.000000000000000000e+00 3.576063747302582214e-04 9.999999360588383013e-01 -0.000000000000000000e+00 0.000000000000000000e+00 0.000000000000000000e+00 1.000000000000000000e+00
6.513599999999981904e-02 9.999999014130716013e-01 -4.440426182509221525e-04 0.000000000000000000e+00 4.440426182509221525e-04 9.999999014130716013e-01 -0.000000000000000000e+00 0.000000000000000000e+00 0.000000000000000000e+00 1.000000000000000000e+00
7.013599999999996226e-02 9.999998554845775933e-01 -5.376158702299644460e-04 0.000000000000000000e+00 5.376158702299644460e-04 9.999998554845775933e-01 -0.000000000000000000e+00 0.000000000000000000e+00 0.000000000000000000e+00 1.000000000000000000e+00
7.513600000000010548e-02 9.999997962001491159e-01 -6.384353217848841343e-04 0.000000000000000000e+00 6.384353217848841343e-04 9.999997962001491159e-01 -0.000000000000000000e+00 0.000000000000000000e+00 0.000000000000000000e+00 1.000000000000000000e+00
8.013600000000024870e-02 9.999997216982486892e-01 -7.460585934621158941e-04 0.000000000000000000e+00 7.460585934621158941e-04 9.999997216982486892e-01 -0.000000000000000000e+00 0.000000000000000000e+00 0.000000000000000000e+00 1.000000000000000000e+00
8.513600000000039192e-02 9.999996291125013981e-01 -8.612635250076476233e-04 0.000000000000000000e+00 8.612635250076476233e-04 9.999996291125013981e-01 -0.000000000000000000e+00 0.000000000000000000e+00 0.000000000000000000e+00 1.000000000000000000e+00
9.007200000000036011e-02 9.999995191632847780e-01 -9.806493761869805419e-04 0.000000000000000000e+00 9.806493761869805419e-04 9.999995191632847780e-01 -0.000000000000000000e+00 0.000000000000000000e+00 0.000000000000000000e+00 1.000000000000000000e+00
9.505600000000048733e-02 9.999993869064195406e-01 -1.107333186031158418e-03 0.000000000000000000e+00 1.107333186031158418e-03 9.999993869064195406e-01 -0.000000000000000000e+00 0.000000000000000000e+00 0.000000000000000000e+00 1.000000000000000000e+00
1.000560000000006305e-01 9.999992292713488773e-01 -1.241554150316415096e-03 0.000000000000000000e+00 1.241554150316415096e-03 9.999992292713488773e-01 -0.000000000000000000e+00 0.000000000000000000e+00 0.000000000000000000e+00 1.000000000000000000e+00
1.050560000000007738e-01 9.999990437102088681e-01 -1.382960110669051315e-03 0.000000000000000000e+00 1.382960110669051315e-03 9.999990437102088681e-01 -0.000000000000000000e+00 0.000000000000000000e+00 0.000000000000000000e+00 1.000000000000000000e+00
1.100560000000009170e-01 9.999988271185182853e-01 -1.531587930110103355e-03 0.000000000000000000e+00 1.531587930110103355e-03 9.999988271185182853e-01 -0.000000000000000000e+00 0.000000000000000000e+00 0.000000000000000000e+00 1.000000000000000000e+00
1.150560000000010602e-01 9.999985746216042415e-01 -1.688417827335896839e-03 0.000000000000000000e+00 1.688417827335896839e-03 9.999985746216042415e-01 -0.000000000000000000e+00 0.000000000000000000e+00 0.000000000000000000e+00 1.000000000000000000e+00
1.200560000000012034e-01 9.999982819989081673e-01 -1.853644850587114626e-03 0.000000000000000000e+00 1.853644850587114626e-03 9.999982819989081673e-01 -0.000000000000000000e+00 0.000000000000000000e+00 0.000000000000000000e+00 1.000000000000000000e+00
1.250560000000013328e-01 9.999979465543781254e-01 -2.026545589630322254e-03 0.000000000000000000e+00 2.026545589630322254e-03 9.999979465543781254e-01 -0.000000000000000000e+00 0.000000000000000000e+00 0.000000000000000000e+00 1.000000000000000000e+00
1.300560000000014760e-01 9.999975559123867042e-01 -2.210920453787186112e-03 0.000000000000000000e+00 2.210920453787186112e-03 9.999975559123867042e-01 -0.000000000000000000e+00 0.000000000000000000e+00 0.000000000000000000e+00 1.000000000000000000e+00
1.351465600000013312e-01 9.999970296258497982e-01 -2.437363222245325124e-03 0.000000000000000000e+00 2.437363222245325124e-03 9.999970296258497982e-01 -0.000000000000000000e+00 0.000000000000000000e+00 0.000000000000000000e+00 1.000000000000000000e+00
1.400995200000014207e-01 9.999963539750460484e-01 -2.700377124465024124e-03 0.000000000000000000e+00 2.700377124465024124e-03 9.999963539750460484e-01 -0.000000000000000000e+00 0.000000000000000000e+00 0.000000000000000000e+00 1.000000000000000000e+00
1.450995200000015639e-01 9.999958303515582569e-01 -2.887781068118564897e-03 0.000000000000000000e+00 2.887781068118564897e-03 9.999958303515582569e-01 -0.000000000000000000e+00 0.000000000000000000e+00 0.000000000000000000e+00 1.000000000000000000e+00
1.500195200000015161e-01 9.999948902033248821e-01 -3.196805787047692689e-03 0.000000000000000000e+00 3.196805787047692689e-03 9.999948902033248821e-01 -0.000000000000000000e+00 0.000000000000000000e+00 0.000000000000000000e+00 1.000000000000000000e+00
1.550995200000014063e-01 9.999942702940342043e-01 -3.385170468679479187e-03 0.000000000000000000e+00 3.385170468679479187e-03 9.999942702940342043e-01 -0.000000000000000000e+00 0.000000000000000000e+00 0.000000000000000000e+00 1.000000000000000000e+00
1.601795200000014074e-01 9.999935518467778506e-01 -3.591136987883791678e-03 0.000000000000000000e+00 3.591136987883791678e-03 9.999935518467778506e-01 -0.000000000000000000e+00 0.000000000000000000e+00 0.000000000000000000e+00 1.000000000000000000e+00
1.651795200000015507e-01 9.999927543337585600e-01 -3.806741386443428677e-03 0.000000000000000000e+00 3.806741386443428677e-03 9.999927543337585600e-01 -0.000000000000000000e+00 0.000000000000000000e+00 0.000000000000000000e+00 1.000000000000000000e+00
1.701795200000016939e-01 9.999919467571359855e-01 -4.013280562484857449e-03 0.000000000000000000e+00 4.013280562484857449e-03 9.999919467571359855e-01 -0.000000000000000000e+00 0.000000000000000000e+00 0.000000000000000000e+00 1.000000000000000000e+00
1.751795200000018371e-01 9.999910718419456890e-01 -4.225664018436655484e-03 0.000000000000000000e+00 4.225664018436655484e-03 9.999910718419456890e-01 -0.000000000000000000e+00 0.000000000000000000e+00 0.000000000000000000e+00 1.000000000000000000e+00
1.801795200000019803e-01 9.999900821367454506e-01 -4.453720708021470867e-03 0.000000000000000000e+00 4.453720708021470867e-03 9.999900821367454506e-01 -0.000000000000000000e+00 0.000000000000000000e+00 0.000000000000000000e+00 1.000000000000000000e+00
1.851795200000021235e-01 9.999889790063637429e-01 -4.694876548974624177e-03 0.000000000000000000e+00 4.694876548974624177e-03 9.999889790063637429e-01 -0.000000000000000000e+00 0.000000000000000000e+00 0.000000000000000000e+00 1.000000000000000000e+00
1.901795200000022668e-01 9.999877173101705541e-01 -4.956332191690607757e-03 0.000000000000000000e+00 4.956332191690607757e-03 9.999877173101705541e-01 -0.000000000000000000e+00 0.000000000000000000e+00 0.000000000000000000e+00 1.000000000000000000e+00
1.951795200000024100e-01 9.999863344012184241e-01 -5.227906924819670544e-03 0.000000000000000000e+00 5.227906924819670544e-03 9.999863344012184241e-01 -0.000000000000000000e+00 0.000000000000000000e+00 0.000000000000000000e+00 1.000000000000000000e+00
2.001795200000025532e-01 9.999847964154061630e-01 -5.514248637729562107e-03 0.000000000000000000e+00 5.514248637729562107e-03 9.999847964154061630e-01 -0.000000000000000000e+00 0.000000000000000000e+00 0.000000000000000000e+00 1.000000000000000000e+00
2.050435200000024494e-01 9.999833616183531060e-01 -5.768577507333181968e-03 0.000000000000000000e+00 5.768577507333181968e-03 9.999833616183531060e-01 -0.000000000000000000e+00 0.000000000000000000e+00 0.000000000000000000e+00 1.000000000000000000e+00
2.101235200000024228e-01 9.999818112313775265e-01 -6.031351955701562059e-03 0.000000000000000000e+00 6.031351955701562059e-03 9.999818112313775265e-01 -0.000000000000000000e+00 0.000000000000000000e+00 0.000000000000000000e+00 1.000000000000000000e+00
2.150494964577919499e-01 9.999801940642913944e-01 -6.293765100653912932e-03 0.000000000000000000e+00 6.293765100653912932e-03 9.999801940642913944e-01 -0.000000000000000000e+00 0.000000000000000000e+00 0.000000000000000000e+00 1.000000000000000000e+00
2.201134102265577264e-01 9.999785061191126534e-01 -6.556470070674654503e-03 0.000000000000000000e+00 6.556470070674654503e-03 9.999785061191126534e-01 -0.000000000000000000e+00 0.000000000000000000e+00 0.000000000000000000e+00 1.000000000000000000e+00
2.250073148115476207e-01 9.999768044064485384e-01 -6.811068129702889905e-03 0.000000000000000000e+00 6.811068129702889905e-03 9.999768044064485384e-01 -0.000000000000000000e+00 0.000000000000000000e+00 0.000000000000000000e+00 1.000000000000000000e+00
2.300073148115477639e-01 9.999749924284425662e-01 -7.072094296337472913e-03 0.000000000000000000e+00 7.072094296337472913e-03 9.999749924284425662e-01 -0.000000000000000000e+00 0.000000000000000000e+00 0.000000000000000000e+00 1.000000000000000000e+00
2.350073148115479071e-01 9.999731127616409143e-01 -7.333058965709085553e-03 0.000000000000000000e+00 7.333058965709085553e-03 9.999731127616409143e-01 -0.000000000000000000e+00 0.000000000000000000e+00 0.000000000000000000e+00 1.000000000000000000e+00
2.400073148115480504e-01 9.999711554318679863e-01 -7.595281710033765024e-03 0.000000000000000000e+00 7.595281710033765024e-03 9.999711554318679863e-01 -0.000000000000000000e+00 0.000000000000000000e+00 0.000000000000000000e+00 1.000000000000000000e+00
2.450073148115481936e-01 9.999691340467625755e-01 -7.856904846552317453e-03 0.000000000000000000e+00 7.856904846552317453e-03 9.999691340467625755e-01 -0.000000000000000000e+00 0.000000000000000000e+00 0.000000000000000000e+00 1.000000000000000000e+00
2.500073148115483090e-01 9.999670275071055325e-01 -8.120584868332312439e-03 0.000000000000000000e+00 8.120584868332312439e-03 9.999670275071055325e-01 -0.000000000000000000e+00 0.000000000000000000e+00 0.000000000000000000e+00 1.000000000000000000e+00
2.550873148115478384e-01 9.999647451478832494e-01 -8.396931661572666281e-03 0.000000000000000000e+00 8.396931661572666281e-03 9.999647451478832494e-01 -0.000000000000000000e+00 0.000000000000000000e+00 0.000000000000000000e+00 1.000000000000000000e+00
2.600713148115478823e-01 9.999622351042167789e-01 -8.690705689377102236e-03 0.000000000000000000e+00 8.690705689377102236e-03 9.999622351042167789e-01 -0.000000000000000000e+00 0.000000000000000000e+00 0.000000000000000000e+00 1.000000000000000000e+00
2.651353148115478398e-01 9.999594054032704404e-01 -9.010413172423943282e-03 0.000000000000000000e+00 9.010413172423943282e-03 9.999594054032704404e-01 -0.000000000000000000e+00 0.000000000000000000e+00 0.000000000000000000e+00 1.000000000000000000e+00
2.700633148115476057e-01 9.999571155773049336e-01 -9.261047797977334933e-03 0.000000000000000000e+00 9.261047797977334933e-03 9.999571155773049336e-01 -0.000000000000000000e+00 0.000000000000000000e+00 0.000000000000000000e+00 1.000000000000000000e+00
2.750462725760989824e-01 9.999544203240414708e-01 -9.547631874473055599e-03 0.000000000000000000e+00 9.547631874473055599e-03 9.999544203240414708e-01 -0.000000000000000000e+00 0.000000000000000000e+00 0.000000000000000000e+00 1.000000000000000000e+00
2.800832951944042248e-01 9.999517079006563502e-01 -9.827607367036143154e-03 0.000000000000000000e+00 9.827607367036143154e-03 9.999517079006563502e-01 -0.000000000000000000e+00 0.000000000000000000e+00 0.000000000000000000e+00 1.000000000000000000e+00
2.851066617561798244e-01 9.999487468977240612e-01 -1.012440505272029639e-02 0.000000000000000000e+00 1.012440505272029639e-02 9.999487468977240612e-01 -0.000000000000000000e+00 0.000000000000000000e+00 0.000000000000000000e+00 1.000000000000000000e+00
2.901066617561792738e-01 9.999460750316732094e-01 -1.038494240482259155e-02 0.000000000000000000e+00 1.038494240482259155e-02 9.999460750316732094e-01 -0.000000000000000000e+00 0.000000000000000000e+00 0.000000000000000000e+00 1.000000000000000000e+00
2.951066617561787231e-01 9.999432750731682695e-01 -1.065113308274304865e-02 0.000000000000000000e+00 1.065113308274304865e-02 9.999432750731682695e-01 -0.000000000000000000e+00 0.000000000000000000e+00 0.000000000000000000e+00 1.000000000000000000e+00
3.001066617561781724e-01 9.999404526417159378e-01 -1.091289011583989818e-02 0.000000000000000000e+00 1.091289011583989818e-02 9.999404526417159378e-01 -0.000000000000000000e+00 0.000000000000000000e+00 0.000000000000000000e+00 1.000000000000000000e+00
3.051066617561776217e-01 9.999376161121376061e-01 -1.116977546666022593e-02 0.000000000000000000e+00 1.116977546666022593e-02 9.999376161121376061e-01 -0.000000000000000000e+00 0.000000000000000000e+00 0.000000000000000000e+00 1.000000000000000000e+00
3.101066617561770711e-01 9.999347172035639719e-01 -1.142634372968169207e-02 0.000000000000000000e+00 1.142634372968169207e-02 9.999347172035639719e-01 -0.000000000000000000e+00 0.000000000000000000e+00 0.000000000000000000e+00 1.000000000000000000e+00
3.150666617561768690e-01 9.999316045913939632e-01 -1.169556066549664632e-02 0.000000000000000000e+00 1.169556066549664632e-02 9.999316045913939632e-01 -0.000000000000000000e+00 0.000000000000000000e+00 0.000000000000000000e+00 1.000000000000000000e+00
3.200186617561766034e-01 9.999285179135553037e-01 -1.195654896702461924e-02 0.000000000000000000e+00 1.195654896702461924e-02 9.999285179135553037e-01 -0.000000000000000000e+00 0.000000000000000000e+00 0.000000000000000000e+00 1.000000000000000000e+00
3.250186617561760527e-01 9.999253309443730808e-01 -1.222016922084156500e-02 0.000000000000000000e+00 1.222016922084156500e-02 9.999253309443730808e-01 -0.000000000000000000e+00 0.000000000000000000e+00 0.000000000000000000e+00 1.000000000000000000e+00
3.300186617561755020e-01 9.999220770318537621e-01 -1.248358379248165964e-02 0.000000000000000000e+00 1.248358379248165964e-02 9.999220770318537621e-01 -0.000000000000000000e+00 0.000000000000000000e+00 0.000000000000000000e+00 1.000000000000000000e+00
3.350186617561749514e-01 9.999187524501171875e-01 -1.274709765403529878e-02 0.000000000000000000e+00 1.274709765403529878e-02 9.999187524501171875e-01 -0.000000000000000000e+00 0.000000000000000000e+00 0.000000000000000000e+00 1.000000000000000000e+00
3.400186617561744007e-01 9.999153400957055959e-01 -1.301201910886627504e-02 0.000000000000000000e+00 1.301201910886627504e-02 9.999153400957055959e-01 -0.000000000000000000e+00 0.000000000000000000e+00 0.000000000000000000e+00 1.000000000000000000e+00
3.450186617561738500e-01 9.999118397825288440e-01 -1.327827785213928080e-02 0.000000000000000000e+00 1.327827785213928080e-02 9.999118397825288440e-01 -0.000000000000000000e+00 0.000000000000000000e+00 0.000000000000000000e+00 1.000000000000000000e+00
3.500186617561732993e-01 9.999082484295862550e-01 -1.354602238582112636e-02 0.000000000000000000e+00 1.354602238582112636e-02 9.999082484295862550e-01 -0.000000000000000000e+00 0.000000000000000000e+00 0.000000000000000000e+00 1.000000000000000000e+00
3.551386617561733128e-01 9.999045066511923485e-01 -1.381946376079068103e-02 0.000000000000000000e+00 1.381946376079068103e-02 9.999045066511923485e-01 -0.000000000000000000e+00 0.000000000000000000e+00 0.000000000000000000e+00 1.000000000000000000e+00
3.601386617561727621e-01 9.999008151124927357e-01 -1.408403128983185676e-02 0.000000000000000000e+00 1.408403128983185676e-02 9.999008151124927357e-01 -0.000000000000000000e+00 0.000000000000000000e+00 0.000000000000000000e+00 1.000000000000000000e+00
3.651386617561722114e-01 9.998970880355246837e-01 -1.434619594451710424e-02 0.000000000000000000e+00 1.434619594451710424e-02 9.998970880355246837e-01 -0.000000000000000000e+00 0.000000000000000000e+00 0.000000000000000000e+00 1.000000000000000000e+00
3.701386617561716608e-01 9.998932869171007765e-01 -1.460872267231268402e-02 0.000000000000000000e+00 1.460872267231268402e-02 9.998932869171007765e-01 -0.000000000000000000e+00 0.000000000000000000e+00 0.000000000000000000e+00 1.000000000000000000e+00
3.750586617561711411e-01 9.998893499315608668e-01 -1.487574850019053423e-02 0.000000000000000000e+00 1.487574850019053423e-02 9.998893499315608668e-01 -0.000000000000000000e+00 0.000000000000000000e+00 0.000000000000000000e+00 1.000000000000000000e+00
3.800506617561714706e-01 9.998845700618530508e-01 -1.519363525373475937e-02 0.000000000000000000e+00 1.519363525373475937e-02 9.998845700618530508e-01 -0.000000000000000000e+00 0.000000000000000000e+00 0.000000000000000000e+00 1.000000000000000000e+00
3.850426617561721332e-01 9.998794232243637392e-01 -1.552865134240065219e-02 0.000000000000000000e+00 1.552865134240065219e-02 9.998794232243637392e-01 -0.000000000000000000e+00 0.000000000000000000e+00 0.000000000000000000e+00 1.000000000000000000e+00
3.900186617561717251e-01 9.998752051410493280e-01 -1.579791581648387969e-02 0.000000000000000000e+00 1.579791581648387969e-02 9.998752051410493280e-01 -0.000000000000000000e+00 0.000000000000000000e+00 0.000000000000000000e+00 1.000000000000000000e+00
3.950186617561711744e-01 9.998709906258653746e-01 -1.606244392522649181e-02 0.000000000000000000e+00 1.606244392522649181e-02 9.998709906258653746e-01 -0.000000000000000000e+00 0.000000000000000000e+00 0.000000000000000000e+00 1.000000000000000000e+00
4.000186617561706237e-01 9.998668404634440954e-01 -1.631874203638130835e-02 0.000000000000000000e+00 1.631874203638130835e-02 9.998668404634440954e-01 -0.000000000000000000e+00 0.000000000000000000e+00 0.000000000000000000e+00 1.000000000000000000e+00
4.050186617561700730e-01 9.998626645578130301e-01 -1.657262873989823887e-02 0.000000000000000000e+00 1.657262873989823887e-02 9.998626645578130301e-01 -0.000000000000000000e+00 0.000000000000000000e+00 0.000000000000000000e+00 1.000000000000000000e+00
4.100186617561695779e-01 9.998584372233800810e-01 -1.682573960396265347e-02 0.000000000000000000e+00 1.682573960396265347e-02 9.998584372233800810e-01 -0.000000000000000000e+00 0.000000000000000000e+00 0.000000000000000000e+00 1.000000000000000000e+00
4.151706617561700674e-01 9.998540588939470730e-01 -1.708393728915738249e-02 0.000000000000000000e+00 1.708393728915738249e-02 9.998540588939470730e-01 -0.000000000000000000e+00 0.000000000000000000e+00 0.000000000000000000e+00 1.000000000000000000e+00
4.201626617561707300e-01 9.998491227215090538e-01 -1.737042869445123636e-02 0.000000000000000000e+00 1.737042869445123636e-02 9.998491227215090538e-01 -0.000000000000000000e+00 0.000000000000000000e+00 0.000000000000000000e+00 1.000000000000000000e+00
4.251546617561713926e-01 9.998445605298168504e-01 -1.763107424230939482e-02 0.000000000000000000e+00 1.763107424230939482e-02 9.998445605298168504e-01 -0.000000000000000000e+00 0.000000000000000000e+00 0.000000000000000000e+00 1.000000000000000000e+00
4.301466617561720551e-01 9.998398025261189259e-01 -1.789886266028774264e-02 0.000000000000000000e+00 1.789886266028774264e-02 9.998398025261189259e-01 -0.000000000000000000e+00 0.000000000000000000e+00 0.000000000000000000e+00 1.000000000000000000e+00
4.351217657561718966e-01 9.998349933251563515e-01 -1.816552015453588506e-02 0.000000000000000000e+00 1.816552015453588506e-02 9.998349933251563515e-01 -0.000000000000000000e+00 0.000000000000000000e+00 0.000000000000000000e+00 1.000000000000000000e+00
4.400065017561714531e-01 9.998302445302539310e-01 -1.842504063966023814e-02 0.000000000000000000e+00 1.842504063966023814e-02 9.998302445302539310e-01 -0.000000000000000000e+00 0.000000000000000000e+00 0.000000000000000000e+00 1.000000000000000000e+00
4.450065017561709024e-01 9.998253617605692423e-01 -1.868812404568598665e-02 0.000000000000000000e+00 1.868812404568598665e-02 9.998253617605692423e-01 -0.000000000000000000e+00 0.000000000000000000e+00 0.000000000000000000e+00 1.000000000000000000e+00
4.500065017561703518e-01 9.998204097504260757e-01 -1.895120699296656136e-02 0.000000000000000000e+00 1.895120699296656136e-02 9.998204097504260757e-01 -0.000000000000000000e+00 0.000000000000000000e+00 0.000000000000000000e+00 1.000000000000000000e+00
4.551425017561702702e-01 9.998152603594803178e-01 -1.922095607156388414e-02 0.000000000000000000e+00 1.922095607156388414e-02 9.998152603594803178e-01 -0.000000000000000000e+00 0.000000000000000000e+00 0.000000000000000000e+00 1.000000000000000000e+00
4.601265017561698145e-01 9.998101823955853895e-01 -1.948330511249166813e-02 0.000000000000000000e+00 1.948330511249166813e-02 9.998101823955853895e-01 -0.000000000000000000e+00 0.000000000000000000e+00 0.000000000000000000e+00 1.000000000000000000e+00
4.651265017561692638e-01 9.998049948642695473e-01 -1.974771491738462961e-02 0.000000000000000000e+00 1.974771491738462961e-02 9.998049948642695473e-01 -0.000000000000000000e+00 0.000000000000000000e+00 0.000000000000000000e+00 1.000000000000000000e+00
4.701265017561687132e-01 9.997997390691086839e-01 -2.001204030933553812e-02 0.000000000000000000e+00 2.001204030933553812e-02 9.997997390691086839e-01 -0.000000000000000000e+00 0.000000000000000000e+00 0.000000000000000000e+00 1.000000000000000000e+00
4.751265017561681625e-01 9.997944264004261505e-01 -2.027572288830154640e-02 0.000000000000000000e+00 2.027572288830154640e-02 9.997944264004261505e-01 -0.000000000000000000e+00 0.000000000000000000e+00 0.000000000000000000e+00 1.000000000000000000e+00
4.800065017561677139e-01 9.997891943427557049e-01 -2.053209379152397610e-02 0.000000000000000000e+00 2.053209379152397610e-02 9.997891943427557049e-01 -0.000000000000000000e+00 0.000000000000000000e+00 0.000000000000000000e+00 1.000000000000000000e+00
4.851185017561678303e-01 9.997836848314473057e-01 -2.079864286085680164e-02 0.000000000000000000e+00 2.079864286085680164e-02 9.997836848314473057e-01 -0.000000000000000000e+00 0.000000000000000000e+00 0.000000000000000000e+00 1.000000000000000000e+00
4.901185017561672796e-01 9.997774975604245551e-01 -2.109396529379240978e-02 0.000000000000000000e+00 2.109396529379240978e-02 9.997774975604245551e-01 -0.000000000000000000e+00 0.000000000000000000e+00 0.000000000000000000e+00 1.000000000000000000e+00
4.951185017561667290e-01 9.997710304572994255e-01 -2.139828634143713451e-02 0.000000000000000000e+00 2.139828634143713451e-02 9.997710304572994255e-01 -0.000000000000000000e+00 0.000000000000000000e+00 0.000000000000000000e+00 1.000000000000000000e+00
5.001105017561664479e-01 9.997654558302108141e-01 -2.165717730016970474e-02 0.000000000000000000e+00 2.165717730016970474e-02 9.997654558302108141e-01 -0.000000000000000000e+00 0.000000000000000000e+00 0.000000000000000000e+00 1.000000000000000000e+00
5.050024680603217853e-01 9.997599090008230105e-01 -2.191174011042116079e-02 0.000000000000000000e+00 2.191174011042116079e-02 9.997599090008230105e-01 -0.000000000000000000e+00 0.000000000000000000e+00 0.000000000000000000e+00 1.000000000000000000e+00
5.100136098548987418e-01 9.997530045275563326e-01 -2.222453459859731126e-02 0.000000000000000000e+00 2.222453459859731126e-02 9.997530045275563326e-01 -0.000000000000000000e+00 0.000000000000000000e+00 0.000000000000000000e+00 1.000000000000000000e+00
5.150184699386425313e-01 9.997465279668248384e-01 -2.251399161142296837e-02 0.000000000000000000e+00 2.251399161142296837e-02 9.997465279668248384e-01 -0.000000000000000000e+00 0.000000000000000000e+00 0.000000000000000000e+00 1.000000000000000000e+00
5.201843571353043094e-01 9.997403140903120544e-01 -2.278825097730812974e-02 0.000000000000000000e+00 2.278825097730812974e-02 9.997403140903120544e-01 -0.000000000000000000e+00 0.000000000000000000e+00 0.000000000000000000e+00 1.000000000000000000e+00
5.251843571353037587e-01 9.997344432999766273e-01 -2.304436763476582634e-02 0.000000000000000000e+00 2.304436763476582634e-02 9.997344432999766273e-01 -0.000000000000000000e+00 0.000000000000000000e+00 0.000000000000000000e+00 1.000000000000000000e+00
5.300323571353039442e-01 9.997287535830690075e-01 -2.328989607627714176e-02 0.000000000000000000e+00 2.328989607627714176e-02 9.997287535830690075e-01 -0.000000000000000000e+00 0.000000000000000000e+00 0.000000000000000000e+00 1.000000000000000000e+00
5.351443571353035056e-01 9.997226673547926490e-01 -2.354970014711710302e-02 0.000000000000000000e+00 2.354970014711710302e-02 9.997226673547926490e-01 -0.000000000000000000e+00 0.000000000000000000e+00 0.000000000000000000e+00 1.000000000000000000e+00
5.400116851353031766e-01 9.997167833284363869e-01 -2.379817496037397659e-02 0.000000000000000000e+00 2.379817496037397659e-02 9.997167833284363869e-01 -0.000000000000000000e+00 0.000000000000000000e+00 0.000000000000000000e+00 1.000000000000000000e+00
5.450652971673040081e-01 9.997103194965698547e-01 -2.406817591897475808e-02 0.000000000000000000e+00 2.406817591897475808e-02 9.997103194965698547e-01 -0.000000000000000000e+00 0.000000000000000000e+00 0.000000000000000000e+00 1.000000000000000000e+00
5.501429051033042139e-01 9.997039313818901762e-01 -2.433206895423240673e-02 0.000000000000000000e+00 2.433206895423240673e-02 9.997039313818901762e-01 -0.000000000000000000e+00 0.000000000000000000e+00 0.000000000000000000e+00 1.000000000000000000e+00
5.550949051033036152e-01 9.996975283325361117e-01 -2.459373590609073568e-02 0.000000000000000000e+00 2.459373590609073568e-02 9.996975283325361117e-01 -0.000000000000000000e+00 0.000000000000000000e+00 0.000000000000000000e+00 1.000000000000000000e+00
5.600949051033030646e-01 9.996910522902738849e-01 -2.485558228577828752e-02 0.000000000000000000e+00 2.485558228577828752e-02 9.996910522902738849e-01 -0.000000000000000000e+00 0.000000000000000000e+00 0.000000000000000000e+00 1.000000000000000000e+00
5.650949051033025139e-01 9.996845373956849690e-01 -2.511624358807571303e-02 0.000000000000000000e+00 2.511624358807571303e-02 9.996845373956849690e-01 -0.000000000000000000e+00 0.000000000000000000e+00 0.000000000000000000e+00 1.000000000000000000e+00
5.700949051033019632e-01 9.996779154286344893e-01 -2.537844369263527952e-02 0.000000000000000000e+00 2.537844369263527952e-02 9.996779154286344893e-01 -0.000000000000000000e+00 0.000000000000000000e+00 0.000000000000000000e+00 1.000000000000000000e+00
5.750149051033019987e-01 9.996712536648550973e-01 -2.563951240053713443e-02 0.000000000000000000e+00 2.563951240053713443e-02 9.996712536648550973e-01 -0.000000000000000000e+00 0.000000000000000000e+00 0.000000000000000000e+00 1.000000000000000000e+00
5.800149051033014480e-01 9.996644080013463718e-01 -2.590504536414173220e-02 0.000000000000000000e+00 2.590504536414173220e-02 9.996644080013463718e-01 -0.000000000000000000e+00 0.000000000000000000e+00 0.000000000000000000e+00 1.000000000000000000e+00
5.850149051033008973e-01 9.996574563989031326e-01 -2.617192897124052259e-02 0.000000000000000000e+00 2.617192897124052259e-02 9.996574563989031326e-01 -0.000000000000000000e+00 0.000000000000000000e+00 0.000000000000000000e+00 1.000000000000000000e+00
5.900149051033003467e-01 9.996505009277415477e-01 -2.643626287726417307e-02 0.000000000000000000e+00 2.643626287726417307e-02 9.996505009277415477e-01 -0.000000000000000000e+00 0.000000000000000000e+00 0.000000000000000000e+00 1.000000000000000000e+00
5.950149051032997960e-01 9.996435392253167906e-01 -2.669821127122587109e-02 0.000000000000000000e+00 2.669821127122587109e-02 9.996435392253167906e-01 -0.000000000000000000e+00 0.000000000000000000e+00 0.000000000000000000e+00 1.000000000000000000e+00
6.000149051032992453e-01 9.996364720250457969e-01 -2.696152438792080372e-02 0.000000000000000000e+00 2.696152438792080372e-02 9.996364720250457969e-01 -0.000000000000000000e+00 0.000000000000000000e+00 0.000000000000000000e+00 1.000000000000000000e+00
6.050149051032986947e-01 9.996293572817539497e-01 -2.722403461039664060e-02 0.000000000000000000e+00 2.722403461039664060e-02 9.996293572817539497e-01 -0.000000000000000000e+00 0.000000000000000000e+00 0.000000000000000000e+00 1.000000000000000000e+00
6.100149051032981440e-01 9.996213732913566963e-01 -2.751563299476305138e-02 0.000000000000000000e+00 2.751563299476305138e-02 9.996213732913566963e-01 -0.000000000000000000e+00 0.000000000000000000e+00 0.000000000000000000e+00 1.000000000000000000e+00
6.150149051032975933e-01 9.996134776226380803e-01 -2.780099557886304279e-02 0.000000000000000000e+00 2.780099557886304279e-02 9.996134776226380803e-01 -0.000000000000000000e+00 0.000000000000000000e+00 0.000000000000000000e+00 1.000000000000000000e+00
6.200048187032975999e-01 9.996037162510915675e-01 -2.814978609168394125e-02 0.000000000000000000e+00 2.814978609168394125e-02 9.996037162510915675e-01 -0.000000000000000000e+00 0.000000000000000000e+00 0.000000000000000000e+00 1.000000000000000000e+00
6.250729838232980118e-01 9.995963928859057379e-01 -2.840864885006585960e-02 0.000000000000000000e+00 2.840864885006585960e-02 9.995963928859057379e-01 -0.000000000000000000e+00 0.000000000000000000e+00 0.000000000000000000e+00 1.000000000000000000e+00
6.300729838232974611e-01 9.995891766322234639e-01 -2.866143680477045708e-02 0.000000000000000000e+00 2.866143680477045708e-02 9.995891766322234639e-01 -0.000000000000000000e+00 0.000000000000000000e+00 0.000000000000000000e+00 1.000000000000000000e+00
6.350729838232969104e-01 9.995818882130805827e-01 -2.891450771452010182e-02 0.000000000000000000e+00 2.891450771452010182e-02 9.995818882130805827e-01 -0.000000000000000000e+00 0.000000000000000000e+00 0.000000000000000000e+00 1.000000000000000000e+00
6.400729838232963598e-01 9.995745060620749856e-01 -2.916859322557496456e-02 0.000000000000000000e+00 2.916859322557496456e-02 9.995745060620749856e-01 -0.000000000000000000e+00 0.000000000000000000e+00 0.000000000000000000e+00 1.000000000000000000e+00
6.450729838232958091e-01 9.995668470904617298e-01 -2.942988613015502797e-02 0.000000000000000000e+00 2.942988613015502797e-02 9.995668470904617298e-01 -0.000000000000000000e+00 0.000000000000000000e+00 0.000000000000000000e+00 1.000000000000000000e+00
6.500729838232952584e-01 9.995588761561233770e-01 -2.969937873942696954e-02 0.000000000000000000e+00 2.969937873942696954e-02 9.995588761561233770e-01 -0.000000000000000000e+00 0.000000000000000000e+00 0.000000000000000000e+00 1.000000000000000000e+00
6.550729838232951519e-01 9.995509226483360044e-01 -2.996586446042800306e-02 0.000000000000000000e+00 2.996586446042800306e-02 9.995509226483360044e-01 -0.000000000000000000e+00 0.000000000000000000e+00 0.000000000000000000e+00 1.000000000000000000e+00
6.600617838232949453e-01 9.995431270615151575e-01 -3.022477698988284764e-02 0.000000000000000000e+00 3.022477698988284764e-02 9.995431270615151575e-01 -0.000000000000000000e+00 0.000000000000000000e+00 0.000000000000000000e+00 1.000000000000000000e+00
6.650617838232943946e-01 9.995347079017298242e-01 -3.050192944395394359e-02 0.000000000000000000e+00 3.050192944395394359e-02 9.995347079017298242e-01 -0.000000000000000000e+00 0.000000000000000000e+00 0.000000000000000000e+00 1.000000000000000000e+00
6.700617838232938439e-01 9.995266845436976411e-01 -3.076372677495245803e-02 0.000000000000000000e+00 3.076372677495245803e-02 9.995266845436976411e-01 -0.000000000000000000e+00 0.000000000000000000e+00 0.000000000000000000e+00 1.000000000000000000e+00
6.750617838232932932e-01 9.995185505577284246e-01 -3.102687691305676745e-02 0.000000000000000000e+00 3.102687691305676745e-02 9.995185505577284246e-01 -0.000000000000000000e+00 0.000000000000000000e+00 0.000000000000000000e+00 1.000000000000000000e+00
6.800617838232927426e-01 9.995104297113872605e-01 -3.128739199994445136e-02 0.000000000000000000e+00 3.128739199994445136e-02 9.995104297113872605e-01 -0.000000000000000000e+00 0.000000000000000000e+00 0.000000000000000000e+00 1.000000000000000000e+00
6.850617838232921919e-01 9.995021867926210390e-01 -3.154962118265407928e-02 0.000000000000000000e+00 3.154962118265407928e-02 9.995021867926210390e-01 -0.000000000000000000e+00 0.000000000000000000e+00 0.000000000000000000e+00 1.000000000000000000e+00
6.900217838232920453e-01 9.994939047229817186e-01 -3.181091670492306595e-02 0.000000000000000000e+00 3.181091670492306595e-02 9.994939047229817186e-01 -0.000000000000000000e+00 0.000000000000000000e+00 0.000000000000000000e+00 1.000000000000000000e+00
6.951817838232916547e-01 9.994853508894948613e-01 -3.207854980050529187e-02 0.000000000000000000e+00 3.207854980050529187e-02 9.994853508894948613e-01 -0.000000000000000000e+00 0.000000000000000000e+00 0.000000000000000000e+00 1.000000000000000000e+00
7.001817838232911040e-01 9.994770870383457018e-01 -3.233500402572367372e-02 0.000000000000000000e+00 3.233500402572367372e-02 9.994770870383457018e-01 -0.000000000000000000e+00 0.000000000000000000e+00 0.000000000000000000e+00 1.000000000000000000e+00
7.051817838232905533e-01 9.994686509868290214e-01 -3.259471881407303290e-02 0.000000000000000000e+00 3.259471881407303290e-02 9.994686509868290214e-01 -0.000000000000000000e+00 0.000000000000000000e+00 0.000000000000000000e+00 1.000000000000000000e+00
7.101817838232900026e-01 9.994600670987159319e-01 -3.285687561273330920e-02 0.000000000000000000e+00 3.285687561273330920e-02 9.994600670987159319e-01 -0.000000000000000000e+00 0.000000000000000000e+00 0.000000000000000000e+00 1.000000000000000000e+00
7.151817838232894520e-01 9.994512967192829000e-01 -3.312258272152251298e-02 0.000000000000000000e+00 3.312258272152251298e-02 9.994512967192829000e-01 -0.000000000000000000e+00 0.000000000000000000e+00 0.000000000000000000e+00 1.000000000000000000e+00
7.201817838232889013e-01 9.994423395641958141e-01 -3.339176375166411775e-02 0.000000000000000000e+00 3.339176375166411775e-02 9.994423395641958141e-01 -0.000000000000000000e+00 0.000000000000000000e+00 0.000000000000000000e+00 1.000000000000000000e+00
7.251817838232883506e-01 9.994327582604436433e-01 -3.367731752859536021e-02 0.000000000000000000e+00 3.367731752859536021e-02 9.994327582604436433e-01 -0.000000000000000000e+00 0.000000000000000000e+00 0.000000000000000000e+00 1.000000000000000000e+00
7.301817838232878000e-01 9.994224569506683364e-01 -3.398165008780680563e-02 0.000000000000000000e+00 3.398165008780680563e-02 9.994224569506683364e-01 -0.000000000000000000e+00 0.000000000000000000e+00 0.000000000000000000e+00 1.000000000000000000e+00
7.351657838232878994e-01 9.994138206798232060e-01 -3.423470511277426631e-02 0.000000000000000000e+00 3.423470511277426631e-02 9.994138206798232060e-01 -0.000000000000000000e+00 0.000000000000000000e+00 0.000000000000000000e+00 1.000000000000000000e+00
7.401017838232872847e-01 9.994052200001984909e-01 -3.448486967287597155e-02 0.000000000000000000e+00 3.448486967287597155e-02 9.994052200001984909e-01 -0.000000000000000000e+00 0.000000000000000000e+00 0.000000000000000000e+00 1.000000000000000000e+00
7.451817838232872582e-01 9.993936416742674744e-01 -3.481880211963368776e-02 0.000000000000000000e+00 3.481880211963368776e-02 9.993936416742674744e-01 -0.000000000000000000e+00 0.000000000000000000e+00 0.000000000000000000e+00 1.000000000000000000e+00
7.500905838232869716e-01 9.993845211329800415e-01 -3.507960831885733460e-02 0.000000000000000000e+00 3.507960831885733460e-02 9.993845211329800415e-01 -0.000000000000000000e+00 0.000000000000000000e+00 0.000000000000000000e+00 1.000000000000000000e+00
7.550553838232867410e-01 9.993750948267163814e-01 -3.534713340700014472e-02 0.000000000000000000e+00 3.534713340700014472e-02 9.993750948267163814e-01 -0.000000000000000000e+00 0.000000000000000000e+00 0.000000000000000000e+00 1.000000000000000000e+00
7.600393838232862853e-01 9.993662120194902743e-01 -3.559739139059905216e-02 0.000000000000000000e+00 3.559739139059905216e-02 9.993662120194902743e-01 -0.000000000000000000e+00 0.000000000000000000e+00 0.000000000000000000e+00 1.000000000000000000e+00
7.650684776835198209e-01 9.993568620620070231e-01 -3.585892147819098180e-02 0.000000000000000000e+00 3.585892147819098180e-02 9.993568620620070231e-01 -0.000000000000000000e+00 0.000000000000000000e+00 0.000000000000000000e+00 1.000000000000000000e+00
7.700658799456109316e-01 9.993476958682773192e-01 -3.611347065521643140e-02 0.000000000000000000e+00 3.611347065521643140e-02 9.993476958682773192e-01 -0.000000000000000000e+00 0.000000000000000000e+00 0.000000000000000000e+00 1.000000000000000000e+00
7.751900431255686064e-01 9.993380045035171744e-01 -3.638066457513439156e-02 0.000000000000000000e+00 3.638066457513439156e-02 9.993380045035171744e-01 -0.000000000000000000e+00 0.000000000000000000e+00 0.000000000000000000e+00 1.000000000000000000e+00
7.801900431255680557e-01 9.993280628683335332e-01 -3.665273201037632517e-02 0.000000000000000000e+00 3.665273201037632517e-02 9.993280628683335332e-01 -0.000000000000000000e+00 0.000000000000000000e+00 0.000000000000000000e+00 1.000000000000000000e+00
7.851500431255675760e-01 9.993181799390200570e-01 -3.692120316788895240e-02 0.000000000000000000e+00 3.692120316788895240e-02 9.993181799390200570e-01 -0.000000000000000000e+00 0.000000000000000000e+00 0.000000000000000000e+00 1.000000000000000000e+00
7.900620431255676035e-01 9.993088543074207797e-01 -3.717275484532094054e-02 0.000000000000000000e+00 3.717275484532094054e-02 9.993088543074207797e-01 -0.000000000000000000e+00 0.000000000000000000e+00 0.000000000000000000e+00 1.000000000000000000e+00
7.950620431255670528e-01 9.992992436466249240e-01 -3.743022371404838150e-02 0.000000000000000000e+00 3.743022371404838150e-02 9.992992436466249240e-01 -0.000000000000000000e+00 0.000000000000000000e+00 0.000000000000000000e+00 1.000000000000000000e+00
8.000620431255665022e-01 9.992895840993050172e-01 -3.768722742041832191e-02 0.000000000000000000e+00 3.768722742041832191e-02 9.992895840993050172e-01 -0.000000000000000000e+00 0.000000000000000000e+00 0.000000000000000000e+00 1.000000000000000000e+00
8.050620431255659515e-01 9.992797738310771338e-01 -3.794645717470564172e-02 0.000000000000000000e+00 3.794645717470564172e-02 9.992797738310771338e-01 -0.000000000000000000e+00 0.000000000000000000e+00 0.000000000000000000e+00 1.000000000000000000e+00
8.100620431255654008e-01 9.992698716168104678e-01 -3.820633035144181677e-02 0.000000000000000000e+00 3.820633035144181677e-02 9.992698716168104678e-01 -0.000000000000000000e+00 0.000000000000000000e+00 0.000000000000000000e+00 1.000000000000000000e+00
8.150620431255648501e-01 9.992598547913583706e-01 -3.846742261126685075e-02 0.000000000000000000e+00 3.846742261126685075e-02 9.992598547913583706e-01 -0.000000000000000000e+00 0.000000000000000000e+00 0.000000000000000000e+00 1.000000000000000000e+00
8.200620431255642995e-01 9.992499042699631850e-01 -3.872504120681975054e-02 0.000000000000000000e+00 3.872504120681975054e-02 9.992499042699631850e-01 -0.000000000000000000e+00 0.000000000000000000e+00 0.000000000000000000e+00 1.000000000000000000e+00
8.250620431255637488e-01 9.992403111282892603e-01 -3.897179257155034687e-02 0.000000000000000000e+00 3.897179257155034687e-02 9.992403111282892603e-01 -0.000000000000000000e+00 0.000000000000000000e+00 0.000000000000000000e+00 1.000000000000000000e+00
8.300620431255631981e-01 9.992317349874914045e-01 -3.919106778192991275e-02 0.000000000000000000e+00 3.919106778192991275e-02 9.992317349874914045e-01 -0.000000000000000000e+00 0.000000000000000000e+00 0.000000000000000000e+00 1.000000000000000000e+00
8.350620431255626475e-01 9.992229839784313450e-01 -3.941355463847121682e-02 0.000000000000000000e+00 3.941355463847121682e-02 9.992229839784313450e-01 -0.000000000000000000e+00 0.000000000000000000e+00 0.000000000000000000e+00 1.000000000000000000e+00
8.401660431255626449e-01 9.992129441739824314e-01 -3.966726856190291861e-02 0.000000000000000000e+00 3.966726856190291861e-02 9.992129441739824314e-01 -0.000000000000000000e+00 0.000000000000000000e+00 0.000000000000000000e+00 1.000000000000000000e+00
8.450860431255629024e-01 9.992022842588136333e-01 -3.993488615195060071e-02 0.000000000000000000e+00 3.993488615195060071e-02 9.992022842588136333e-01 -0.000000000000000000e+00 0.000000000000000000e+00 0.000000000000000000e+00 1.000000000000000000e+00
8.501420431255624077e-01 9.991911232567253220e-01 -4.021317203310173505e-02 0.000000000000000000e+00 4.021317203310173505e-02 9.991911232567253220e-01 -0.000000000000000000e+00 0.000000000000000000e+00 0.000000000000000000e+00 1.000000000000000000e+00
8.550480271255631592e-01 9.991710863492746508e-01 -4.070798697566180985e-02 0.000000000000000000e+00 4.070798697566180985e-02 9.991710863492746508e-01 -0.000000000000000000e+00 0.000000000000000000e+00 0.000000000000000000e+00 1.000000000000000000e+00
8.601419023255634233e-01 9.991616105611160759e-01 -4.093990694807310426e-02 0.000000000000000000e+00 4.093990694807310426e-02 9.991616105611160759e-01 -0.000000000000000000e+00 0.000000000000000000e+00 0.000000000000000000e+00 1.000000000000000000e+00
8.651419023255628726e-01 9.991504397792260184e-01 -4.121163293270132394e-02 0.000000000000000000e+00 4.121163293270132394e-02 9.991504397792260184e-01 -0.000000000000000000e+00 0.000000000000000000e+00 0.000000000000000000e+00 1.000000000000000000e+00
8.701419023255623220e-01 9.991400169700956901e-01 -4.146355615474044826e-02 0.000000000000000000e+00 4.146355615474044826e-02 9.991400169700956901e-01 -0.000000000000000000e+00 0.000000000000000000e+00 0.000000000000000000e+00 1.000000000000000000e+00
8.751419023255617713e-01 9.991303453313645777e-01 -4.169595949283701197e-02 0.000000000000000000e+00 4.169595949283701197e-02 9.991303453313645777e-01 -0.000000000000000000e+00 0.000000000000000000e+00 0.000000000000000000e+00 1.000000000000000000e+00
8.801419023255612206e-01 9.991189249658350979e-01 -4.196872377276186089e-02 0.000000000000000000e+00 4.196872377276186089e-02 9.991189249658350979e-01 -0.000000000000000000e+00 0.000000000000000000e+00 0.000000000000000000e+00 1.000000000000000000e+00
8.850699023255613751e-01 9.991100700093165088e-01 -4.217899958485139128e-02 0.000000000000000000e+00 4.217899958485139128e-02 9.991100700093165088e-01 -0.000000000000000000e+00 0.000000000000000000e+00 0.000000000000000000e+00 1.000000000000000000e+00
8.901003023255609214e-01 9.991023497816847732e-01 -4.236147613948989393e-02 0.000000000000000000e+00 4.236147613948989393e-02 9.991023497816847732e-01 -0.000000000000000000e+00 0.000000000000000000e+00 0.000000000000000000e+00 1.000000000000000000e+00
8.950155023255618181e-01 9.990914131619434979e-01 -4.261863613574271015e-02 0.000000000000000000e+00 4.261863613574271015e-02 9.990914131619434979e-01 -0.000000000000000000e+00 0.000000000000000000e+00 0.000000000000000000e+00 1.000000000000000000e+00
9.000155023255612674e-01 9.990800503937397048e-01 -4.288418012790716494e-02 0.000000000000000000e+00 4.288418012790716494e-02 9.990800503937397048e-01 -0.000000000000000000e+00 0.000000000000000000e+00 0.000000000000000000e+00 1.000000000000000000e+00
9.050155023255607167e-01 9.990698425805319971e-01 -4.312133632102959496e-02 0.000000000000000000e+00 4.312133632102959496e-02 9.990698425805319971e-01 -0.000000000000000000e+00 0.000000000000000000e+00 0.000000000000000000e+00 1.000000000000000000e+00
9.100475023255605311e-01 9.990596061575378606e-01 -4.335785216480916165e-02 0.000000000000000000e+00 4.335785216480916165e-02 9.990596061575378606e-01 -0.000000000000000000e+00 0.000000000000000000e+00 0.000000000000000000e+00 1.000000000000000000e+00
9.151979023255603085e-01 9.990475562797116460e-01 -4.363462262397515418e-02 0.000000000000000000e+00 4.363462262397515418e-02 9.990475562797116460e-01 -0.000000000000000000e+00 0.000000000000000000e+00 0.000000000000000000e+00 1.000000000000000000e+00
9.201979023255597578e-01 9.990357893083081642e-01 -4.390320809606118591e-02 0.000000000000000000e+00 4.390320809606118591e-02 9.990357893083081642e-01 -0.000000000000000000e+00 0.000000000000000000e+00 0.000000000000000000e+00 1.000000000000000000e+00
9.251979023255592072e-01 9.990239437018749724e-01 -4.417193577774514851e-02 0.000000000000000000e+00 4.417193577774514851e-02 9.990239437018749724e-01 -0.000000000000000000e+00 0.000000000000000000e+00 0.000000000000000000e+00 1.000000000000000000e+00
9.301979023255586565e-01 9.990118798608839112e-01 -4.444394105863080230e-02 0.000000000000000000e+00 4.444394105863080230e-02 9.990118798608839112e-01 -0.000000000000000000e+00 0.000000000000000000e+00 0.000000000000000000e+00 1.000000000000000000e+00
9.351979023255581058e-01 9.989996386131818618e-01 -4.471825187473699170e-02 0.000000000000000000e+00 4.471825187473699170e-02 9.989996386131818618e-01 -0.000000000000000000e+00 0.000000000000000000e+00 0.000000000000000000e+00 1.000000000000000000e+00
9.401979023255575552e-01 9.989873604573084043e-01 -4.499170641951506788e-02 0.000000000000000000e+00 4.499170641951506788e-02 9.989873604573084043e-01 -0.000000000000000000e+00 0.000000000000000000e+00 0.000000000000000000e+00 1.000000000000000000e+00
9.451979023255570045e-01 9.989749751687151402e-01 -4.526586999788161786e-02 0.000000000000000000e+00 4.526586999788161786e-02 9.989749751687151402e-01 -0.000000000000000000e+00 0.000000000000000000e+00 0.000000000000000000e+00 1.000000000000000000e+00
9.501979023255564538e-01 9.989624716662984794e-01 -4.554097278671178500e-02 0.000000000000000000e+00 4.554097278671178500e-02 9.989624716662984794e-01 -0.000000000000000000e+00 0.000000000000000000e+00 0.000000000000000000e+00 1.000000000000000000e+00
9.551979023255559031e-01 9.989498828612278780e-01 -4.581628020190368911e-02 0.000000000000000000e+00 4.581628020190368911e-02 9.989498828612278780e-01 -0.000000000000000000e+00 0.000000000000000000e+00 0.000000000000000000e+00 1.000000000000000000e+00
9.601979023255553525e-01 9.989371756352348752e-01 -4.609250626620507718e-02 0.000000000000000000e+00 4.609250626620507718e-02 9.989371756352348752e-01 -0.000000000000000000e+00 0.000000000000000000e+00 0.000000000000000000e+00 1.000000000000000000e+00
9.651979023255548018e-01 9.989246042811922299e-01 -4.636415600077049143e-02 0.000000000000000000e+00 4.636415600077049143e-02 9.989246042811922299e-01 -0.000000000000000000e+00 0.000000000000000000e+00 0.000000000000000000e+00 1.000000000000000000e+00
9.701979023255542511e-01 9.989120359074936673e-01 -4.663415614274904475e-02 0.000000000000000000e+00 4.663415614274904475e-02 9.989120359074936673e-01 -0.000000000000000000e+00 0.000000000000000000e+00 0.000000000000000000e+00 1.000000000000000000e+00
9.751979023255537005e-01 9.988994933199194515e-01 -4.690204947769884003e-02 0.000000000000000000e+00 4.690204947769884003e-02 9.988994933199194515e-01 -0.000000000000000000e+00 0.000000000000000000e+00 0.000000000000000000e+00 1.000000000000000000e+00
9.801579023255538869e-01 9.988869842470964322e-01 -4.716770825195232969e-02 0.000000000000000000e+00 4.716770825195232969e-02 9.988869842470964322e-01 -0.000000000000000000e+00 0.000000000000000000e+00 0.000000000000000000e+00 1.000000000000000000e+00
9.851419023255533203e-01 9.988742450406988826e-01 -4.743672200283144402e-02 0.000000000000000000e+00 4.743672200283144402e-02 9.988742450406988826e-01 -0.000000000000000000e+00 0.000000000000000000e+00 0.000000000000000000e+00 1.000000000000000000e+00
9.901419023255527696e-01 9.988614268337062674e-01 -4.770586948932494659e-02 0.000000000000000000e+00 4.770586948932494659e-02 9.988614268337062674e-01 -0.000000000000000000e+00 0.000000000000000000e+00 0.000000000000000000e+00 1.000000000000000000e+00
9.951419023255522189e-01 9.988484888532077610e-01 -4.797599728680447539e-02 0.000000000000000000e+00 4.797599728680447539e-02 9.988484888532077610e-01 -0.000000000000000000e+00 0.000000000000000000e+00 0.000000000000000000e+00 1.000000000000000000e+00
1.000000000000000000e+00 9.988359798167733006e-01 -4.823572766598298311e-02 0.000000000000000000e+00 4.823572766598298311e-02 9.988359798167733006e-01 -0.000000000000000000e+00 0.000000000000000000e+00 0.000000000000000000e+00 1.000000000000000000e+00
