time torque_Nm angle_arcmin
0.000000000000000000e+00 0.000000000000000000e+00 0.000000000000000000e+00
1.009476748198116509e-04 3.230325594233972453e+01 3.271766783422129510e-02
2.012376705487454607e-04 6.439605457559855495e+01 9.117509308694771164e-02
3.024528475917699199e-04 9.678491122936637225e+01 2.097854784348537338e-01
4.014065399513037057e-04 1.284500927844171940e+02 3.770242516254351250e-01
5.001702969842154083e-04 1.600544950349489284e+02 4.658700955686007061e-01
6.006252058141402835e-04 1.922000658605248873e+02 4.930279935128235591e-01
7.034498411893982820e-04 2.251039491806074579e+02 5.198053008444164513e-01
8.009759530022098018e-04 2.563123049607071380e+02 5.536092248658252002e-01
9.000639801258973182e-04 2.880204736402871504e+02 5.951409851992900402e-01
1.003572691811141244e-03 3.211432613795652173e+02 6.406600056241206209e-01
1.101947371396798337e-03 3.526231588469754570e+02 6.811258586070915166e-01
1.202435745603244038e-03 3.847794385930380940e+02 7.186224652153427872e-01
1.302435745603244301e-03 4.167794385930381509e+02 7.534775417949260978e-01
1.402435745603244563e-03 4.487794385930382646e+02 7.868379873849994377e-01
1.502435745603244825e-03 4.807794385930383214e+02 8.194442312200727052e-01
1.602435745603245087e-03 5.127794385930384351e+02 8.520096744266486555e-01
1.702435745603245350e-03 5.447794385930384351e+02 8.852778753492545061e-01
1.802435745603245612e-03 5.767794385930385488e+02 9.194685314135518928e-01
1.902435745603245874e-03 6.087794385930386625e+02 9.546192886024186253e-01
2.002435745603246137e-03 6.407794385930387762e+02 9.905761770004413158e-01
2.102435745603246399e-03 6.727794385930388898e+02 1.027149277009623551e+00
2.202435745603246661e-03 7.047794385930390035e+02 1.063489863064339680e+00
2.306435745603247454e-03 7.380594385930392036e+02 1.100302439087589734e+00
2.400835745603248014e-03 7.682674385930394010e+02 1.133083211687174741e+00
2.506435745603245811e-03 8.020594385930387489e+02 1.169658636110998629e+00
2.604435745603244940e-03 8.334194385930383078e+02 1.203266195425872764e+00
2.704435745603245202e-03 8.654194385930385351e+02 1.237354156822960460e+00
2.804435745603245465e-03 8.974194385930385351e+02 1.271350784425456792e+00
2.904435745603245727e-03 9.294194385930385351e+02 1.304469791030232750e+00
3.000835745603246119e-03 9.602674385930387189e+02 1.335956748585752418e+00
3.104515745603247077e-03 9.934450385930390439e+02 1.369384697785632987e+00
3.207427745603245485e-03 1.026376878593038555e+03 1.403892621839352151e+00
3.303507745603244741e-03 1.057122478593038295e+03 1.436184212662780180e+00
3.403507745603245004e-03 1.089122478593038295e+03 1.469562496444713595e+00
3.503507745603245266e-03 1.121122478593038522e+03 1.502440225286150399e+00
3.603507745603245528e-03 1.153122478593038522e+03 1.534734615370529687e+00
3.703507745603245790e-03 1.185122478593038522e+03 1.566492273107945810e+00
3.803507745603246053e-03 1.217122478593038750e+03 1.597665990415423787e+00
3.903507745603246315e-03 1.249122478593038750e+03 1.628339446671613011e+00
4.003507745603242240e-03 1.281122478593037386e+03 1.658567084377729373e+00
4.103507745603238166e-03 1.313122478593036249e+03 1.688439628563924710e+00
4.203507745603234091e-03 1.345122478593034884e+03 1.718087714868913984e+00
4.303507745603230017e-03 1.377122478593033520e+03 1.747629705561771996e+00
4.403507745603225942e-03 1.409122478593032156e+03 1.777178057528129740e+00
4.503507745603221868e-03 1.441122478593031019e+03 1.806825825503021399e+00
4.603507745603217793e-03 1.473122478593029655e+03 1.836628256926630565e+00
4.703507745603213719e-03 1.505122478593028291e+03 1.866575640335488950e+00
4.803507745603209644e-03 1.537122478593026926e+03 1.896592551597349852e+00
4.903507745603205570e-03 1.569122478593025789e+03 1.926561342676109678e+00
5.003507745603201495e-03 1.601122478593024653e+03 1.956390302580117480e+00
5.103507745603197421e-03 1.633122478593023061e+03 1.986013165935477609e+00
5.203507745603193346e-03 1.665122478593021697e+03 2.015722427100734571e+00
5.303507745603189272e-03 1.697122478593020332e+03 2.047619611927626870e+00
5.403507745603185197e-03 1.729122478593019423e+03 2.079557204766651957e+00
5.503507745603181123e-03 1.761122478593018059e+03 2.110881265855205413e+00
5.603507745603177048e-03 1.793122478593016467e+03 2.141418379009870421e+00
5.703507745603172974e-03 1.825122478593015103e+03 2.171269324742039153e+00
5.803507745603168899e-03 1.857122478593014193e+03 2.200629189932645335e+00
5.903507745603164825e-03 1.889122478593012829e+03 2.229709028517718128e+00
6.003507745603160750e-03 1.921122478593011238e+03 2.258653293315044497e+00
6.103507745603156676e-03 1.953122478593009873e+03 2.287562250039029799e+00
6.203507745603152601e-03 1.985122478593008964e+03 2.316442539871505168e+00
6.303507745603148527e-03 2.017122478593007600e+03 2.345221108147557576e+00
6.403507745603144452e-03 2.049122478593006235e+03 2.373867775837487759e+00
6.503507745603140378e-03 2.081122478593004871e+03 2.402321778751850267e+00
6.603507745603136303e-03 2.113122478593003507e+03 2.430662641666205381e+00
6.703507745603132228e-03 2.145122478593002143e+03 2.458842864777330384e+00
6.803507745603128154e-03 2.177122478593000778e+03 2.486818838076228833e+00
6.903507745603124079e-03 2.209122478592999414e+03 2.514590965352213381e+00
7.003507745603120005e-03 2.241122478592998505e+03 2.542274945365261551e+00
7.103507745603115930e-03 2.273122478592997140e+03 2.569985607564898356e+00
7.203507745603111856e-03 2.305122478592995776e+03 2.597778984287884896e+00
7.303507745603107781e-03 2.337122478592994412e+03 2.625643989753629004e+00
7.403507745603103707e-03 2.369122478592993502e+03 2.653575767233919080e+00
7.503507745603099632e-03 2.401122478592991683e+03 2.681524241464473768e+00
7.603507745603095558e-03 2.433122478592990319e+03 2.709372171430922904e+00
7.703507745603091483e-03 2.465122478592988955e+03 2.737020347637693973e+00
7.803507745603087409e-03 2.497122478592988045e+03 2.764403107025906081e+00
7.903507745603083334e-03 2.529122478592986681e+03 2.791534638695624349e+00
8.003507745603079260e-03 2.561122478592985317e+03 2.818417779508341603e+00
8.103507745603075185e-03 2.593122478592983953e+03 2.845092133167444359e+00
8.203507745603071111e-03 2.625122478592983043e+03 2.871633560939097496e+00
8.303507745603067036e-03 2.657122478592981679e+03 2.898131942205965039e+00
8.403507745603062962e-03 2.689122478592979860e+03 2.924676904810199929e+00
8.503507745603058887e-03 2.721122478592978496e+03 2.951337227668366925e+00
8.603507745603054813e-03 2.753122478592977586e+03 2.978136984787054242e+00
8.703507745603050738e-03 2.785122478592976222e+03 3.005043132116276272e+00
8.803507745603046664e-03 2.817122478592974858e+03 3.031987363982176831e+00
8.903507745603042589e-03 2.849122478592973494e+03 3.058890985947104735e+00
9.003507745603038515e-03 2.881122478592972584e+03 3.085672707032261375e+00
9.103507745603034440e-03 2.913122478592971220e+03 3.112270236574918414e+00
9.203507745603030366e-03 2.945122478592969856e+03 3.138651204141953865e+00
9.303507745603026291e-03 2.977122478592968037e+03 3.164761518979862132e+00
9.403507745603022216e-03 3.009122478592967127e+03 3.190713958424757468e+00
9.503507745603018142e-03 3.041122478592965763e+03 3.216571681436099617e+00
9.603507745603014067e-03 3.073122478592964399e+03 3.242444867444135514e+00
9.703507745603009993e-03 3.105122478592963034e+03 3.268406707308465720e+00
9.803507745603005918e-03 3.137122478592962125e+03 3.294450081643063299e+00
9.903507745603001844e-03 3.169122478592960761e+03 3.320585571197729013e+00
1.000350774560299777e-02 3.198877521407040604e+03 3.346833576830871237e+00
1.010350774560299369e-02 3.166877521407041968e+03 3.367883472039367554e+00
1.020350774560298962e-02 3.134877521407043332e+03 3.377347758024938251e+00
1.030350774560298555e-02 3.102877521407044696e+03 3.377065899797918824e+00
1.040350774560298147e-02 3.070877521407046061e+03 3.369358555769523367e+00
1.050350774560297740e-02 3.038877521407047425e+03 3.356073552763486845e+00
1.060350774560297332e-02 3.006877521407048334e+03 3.338532886414050438e+00
1.070350774560296925e-02 2.974877521407049699e+03 3.317762071843557425e+00
1.080350774560296517e-02 2.942877521407051063e+03 3.294686204039953825e+00
1.090350774560296110e-02 2.910877521407052427e+03 3.269965930244161267e+00
1.100350774560295702e-02 2.878877521407053791e+03 3.244068372703251324e+00
1.110350774560295295e-02 2.846877521407055156e+03 3.217336015895468915e+00
1.120350774560294888e-02 2.814877521407056520e+03 3.190018244601075637e+00
1.130350774560294480e-02 2.782877521407057884e+03 3.162434377072218084e+00
1.140350774560294073e-02 2.750877521407058794e+03 3.134756812898205069e+00
1.150350774560293665e-02 2.718877521407060158e+03 3.107018590948214420e+00
1.160350774560293258e-02 2.686877521407061522e+03 3.079326659097895380e+00
1.170350774560292850e-02 2.654877521407062886e+03 3.051662412744809760e+00
1.180350774560292443e-02 2.622877521407064251e+03 3.023970076541433016e+00
1.190350774560292035e-02 2.590877521407065615e+03 2.996223187107694752e+00
1.200350774560291628e-02 2.558877521407066979e+03 2.968533732094759792e+00
1.210350774560291220e-02 2.526877521407068343e+03 2.941004883667771796e+00
1.220350774560290813e-02 2.494877521407069253e+03 2.913682923054342844e+00
1.230350774560290406e-02 2.462877521407070617e+03 2.886581549376207256e+00
1.240350774560289998e-02 2.430877521407071981e+03 2.859680728312297138e+00
1.250350774560289591e-02 2.398877521407073345e+03 2.832961829608104054e+00
1.260350774560289183e-02 2.366877521407074710e+03 2.806391605780377496e+00
1.270350774560288776e-02 2.334877521407076074e+03 2.779925249094194584e+00
1.280350774560288368e-02 2.302877521407077438e+03 2.753470322202014486e+00
1.290350774560287961e-02 2.270877521407078348e+03 2.726804966358486126e+00
1.300350774560287553e-02 2.238877521407079712e+03 2.699990602618963731e+00
1.310350774560287146e-02 2.206877521407081076e+03 2.673047545208051545e+00
1.320350774560286738e-02 2.174877521407082440e+03 2.645969882300757359e+00
1.330350774560286331e-02 2.142877521407083805e+03 2.618762148558976932e+00
1.340350774560285924e-02 2.110877521407085169e+03 2.591443394140556578e+00
1.350350774560285516e-02 2.078877521407086533e+03 2.564074664303901852e+00
1.360350774560285109e-02 2.046877521407087670e+03 2.536726345380831749e+00
1.370350774560284701e-02 2.014877521407089034e+03 2.509455638004954192e+00
1.380350774560284294e-02 1.982877521407090171e+03 2.482326216991499912e+00
1.390350774560283886e-02 1.950877521407091535e+03 2.455351614906498003e+00
1.400350774560283479e-02 1.918877521407092900e+03 2.428498372966601426e+00
1.410350774560283071e-02 1.886877521407094264e+03 2.401684590832569466e+00
1.420350774560282664e-02 1.854877521407095628e+03 2.374803349178626455e+00
1.430350774560282257e-02 1.822877521407097220e+03 2.347760734214535461e+00
1.440350774560281849e-02 1.790877521407098129e+03 2.320536195305173521e+00
1.450350774560281442e-02 1.758877521407099493e+03 2.293112638025284866e+00
1.460350774560281034e-02 1.726877521407100630e+03 2.265480386163926774e+00
1.470350774560280627e-02 1.694877521407101995e+03 2.237658999011963523e+00
1.480350774560280219e-02 1.662877521407103359e+03 2.209715364518896052e+00
1.490350774560279812e-02 1.630877521407104723e+03 2.181715270179389599e+00
1.500350774560279404e-02 1.598877521407106087e+03 2.153723562010196879e+00
1.510350774560278997e-02 1.566877521407107224e+03 2.125782611361723085e+00
1.520350774560278589e-02 1.534877521407108588e+03 2.097755750558607080e+00
1.530350774560278182e-02 1.502877521407109953e+03 2.067813642442593913e+00
1.540350774560277775e-02 1.470877521407111317e+03 2.037783924845181005e+00
1.550350774560277367e-02 1.438877521407112454e+03 2.008057720225100873e+00
1.560350774560276960e-02 1.406877521407113818e+03 1.978597040966739939e+00
1.570350774560276552e-02 1.374877521407115182e+03 1.949280353789403897e+00
1.580350774560276145e-02 1.342877521407116546e+03 1.919980507845781004e+00
1.590350774560275737e-02 1.310877521407117683e+03 1.890599714731261649e+00
1.600350774560275330e-02 1.278877521407119048e+03 1.861082005282728824e+00
1.610350774560274922e-02 1.246877521407120412e+03 1.831429590074498126e+00
1.620350774560274515e-02 1.214877521407121776e+03 1.801665892686635351e+00
1.630350774560274107e-02 1.182877521407122913e+03 1.771818920569103284e+00
1.640350774560273700e-02 1.150877521407124277e+03 1.741989087385775514e+00
1.650350774560273293e-02 1.118877521407125641e+03 1.712244631188063915e+00
1.660350774560272885e-02 1.086877521407127006e+03 1.682595288090301677e+00
1.670350774560272478e-02 1.054877521407128143e+03 1.652970286205470041e+00
1.680350774560272070e-02 1.022877521407129507e+03 1.623254121346959122e+00
1.690350774560271663e-02 9.908775214071308710e+02 1.593299908674228549e+00
1.700350774560271255e-02 9.588775214071322353e+02 1.563029824935043610e+00
1.710350774560270848e-02 9.268775214071332584e+02 1.532369902981367327e+00
1.720350774560270440e-02 8.948775214071347364e+02 1.501257976416876083e+00
1.730350774560270033e-02 8.628775214071361006e+02 1.469709721329742314e+00
1.740350774560269626e-02 8.308775214071374648e+02 1.437767206147797960e+00
1.750350774560269218e-02 7.988775214071384880e+02 1.405503220059722391e+00
1.760350774560268811e-02 7.668775214071398523e+02 1.373002072519698302e+00
1.770350774560268403e-02 7.348775214071413302e+02 1.340296714613563589e+00
1.780350774560267996e-02 7.028775214071426944e+02 1.307205852434439430e+00
1.790350774560267588e-02 6.708775214071437176e+02 1.273299304826189804e+00
1.800350774560267181e-02 6.388775214071450819e+02 1.239431425547251164e+00
1.810350774560266773e-02 6.068775214071465598e+02 1.205481970998863783e+00
1.820350774560266366e-02 5.748775214071479240e+02 1.171222629614519395e+00
1.830350774560265958e-02 5.428775214071489472e+02 1.136524102197558062e+00
1.840350774560265551e-02 5.108775214071503115e+02 1.101311954823823713e+00
1.850350774560265144e-02 4.788775214071517325e+02 1.065534406165847603e+00
1.860350774560264736e-02 4.468775214071530968e+02 1.029148086651277660e+00
1.870350774560264329e-02 4.148775214071541768e+02 9.921464486537888705e-01
1.880350774560263921e-02 3.828775214071555411e+02 9.546116238230866191e-01
1.890350774560263514e-02 3.508775214071569053e+02 9.166031825103843067e-01
1.900350774560263106e-02 3.188775214071583264e+02 8.785230869175916224e-01
1.910350774560262699e-02 2.868775214071593496e+02 8.404931516721381168e-01
1.920350774560262291e-02 2.548775214071607707e+02 8.028474113322218164e-01
1.930350774560261884e-02 2.228775214071621349e+02 7.651349263035764903e-01
1.940350774560261476e-02 1.908775214071635560e+02 7.265679569355395495e-01
1.950350774560261069e-02 1.588775214071645792e+02 6.861296822933126149e-01
1.960350774560260662e-02 1.268775214071659718e+02 6.429433085547304749e-01
1.970350774560260254e-02 9.487752140716736449e+01 5.955377123059676370e-01
1.980350774560259847e-02 6.287752140716875715e+01 5.435958063865693468e-01
1.990350774560259439e-02 3.087752140716979454e+01 4.864342898483175470e-01
2.000350774560259032e-02 -1.122478592828768384e+00 4.226078023458193500e-01
2.010402934560258023e-02 -3.328939059282554069e+01 3.488510047500708589e-01
2.020233334560257721e-02 -6.474667059282457160e+01 2.598160639074342249e-01
2.030534020896259187e-02 -9.770886686802926135e+01 1.183776076880144468e-01
2.040040806900984480e-02 -1.281305820831502160e+02 -1.052382744670550818e-01
2.050101094734314150e-02 -1.603235031498051342e+02 -4.413755523200206254e-01
2.060007563692851235e-02 -1.920242038171238050e+02 -7.585187269614704908e-01
2.070253501013545605e-02 -2.248112032433458012e+02 -8.883440017914471243e-01
2.080067774907591246e-02 -2.562168797042918413e+02 -9.778283332677984996e-01
2.090149772052109917e-02 -2.884792705667516088e+02 -1.039436607208075403e+00
2.100172249153791498e-02 -3.205511972921326560e+02 -1.087139940360052348e+00
2.110093331545496997e-02 -3.522986609455902567e+02 -1.133949522500819596e+00
2.120313918311294080e-02 -3.850045385961409465e+02 -1.182384907573255539e+00
2.130152637000125651e-02 -4.164884384004019466e+02 -1.228460735652602720e+00
2.140503508168651106e-02 -4.496112261396834242e+02 -1.274382352161622656e+00
2.150082696512748900e-02 -4.802646288407963766e+02 -1.311277865188580583e+00
2.160224392512748171e-02 -5.127180560407939538e+02 -1.345603779045403625e+00
2.170062656832748640e-02 -5.442005018647955694e+02 -1.376734981960456849e+00
2.180594554176750258e-02 -5.779025733656006878e+02 -1.405925328346540715e+00
2.190786712896751129e-02 -6.105174812696034223e+02 -1.432676966865327195e+00
2.200766874715375659e-02 -6.424539990892019432e+02 -1.459957263835640617e+00
2.210159968191729302e-02 -6.725118982135336410e+02 -1.487429481886275884e+00
2.220335819457778040e-02 -7.050746222648896264e+02 -1.520069986303240084e+00
2.230032366195953616e-02 -7.361035718270513826e+02 -1.553385844752193323e+00
2.240032366195953209e-02 -7.681035718270501320e+02 -1.588704977666721918e+00
2.250032366195952802e-02 -8.001035718270488815e+02 -1.623700108528498331e+00
2.260032366195952394e-02 -8.321035718270474035e+02 -1.657623960375146810e+00
2.270032366195951987e-02 -8.641035718270462667e+02 -1.690200105347129611e+00
2.280032366195951579e-02 -8.961035718270447887e+02 -1.721230986329598256e+00
2.290032366195951172e-02 -9.281035718270436519e+02 -1.751011537733176970e+00
2.300032366195950764e-02 -9.601035718270421739e+02 -1.780134509848454005e+00
2.310032366195950357e-02 -9.921035718270410371e+02 -1.809088877631313430e+00
2.320032366195949949e-02 -1.024103571827039559e+03 -1.838126770634549656e+00
2.330232366195950089e-02 -1.056743571827040114e+03 -1.867949447716193978e+00
2.340410926195949856e-02 -1.089314963827039492e+03 -1.897961856187344143e+00
2.350732846195948203e-02 -1.122345107827034099e+03 -1.928655260817425887e+00
2.360170030195949190e-02 -1.152544096627037106e+03 -1.956852963536615198e+00
2.370478446195949801e-02 -1.185531027827039225e+03 -1.987610008773967873e+00
2.380478446195949394e-02 -1.217531027827037860e+03 -2.017203303474469855e+00
2.390478446195948986e-02 -1.249531027827036723e+03 -2.046485591097632284e+00
2.400478446195948579e-02 -1.281531027827035359e+03 -2.075389602327355476e+00
2.410478446195948171e-02 -1.313531027827033995e+03 -2.103906694508279607e+00
2.420478446195947764e-02 -1.345531027827032631e+03 -2.132100512642999046e+00
2.430478446195947356e-02 -1.377531027827031494e+03 -2.160080841932440876e+00
2.440478446195946949e-02 -1.409531027827030130e+03 -2.187982362819206106e+00
2.450478446195946541e-02 -1.441531027827028765e+03 -2.215939408741064653e+00
2.460478446195946134e-02 -1.473531027827027401e+03 -2.244057793917498156e+00
2.470478446195945726e-02 -1.505531027827026264e+03 -2.272392910891182005e+00
2.480478446195945319e-02 -1.537531027827024900e+03 -2.300955766998213026e+00
2.490478446195944912e-02 -1.569531027827023536e+03 -2.329680822578362509e+00
2.500478446195944504e-02 -1.601531027827022399e+03 -2.358421109311911401e+00
2.510478446195944097e-02 -1.633531027827021035e+03 -2.387047596622390522e+00
2.520478446195943689e-02 -1.665531027827019670e+03 -2.415448770114185795e+00
2.530478446195943282e-02 -1.697531027827018306e+03 -2.443547426269680134e+00
2.540478446195942874e-02 -1.729531027827017169e+03 -2.471321528787345123e+00
2.550478446195942467e-02 -1.761531027827015805e+03 -2.498772232961496087e+00
2.560478446195942753e-02 -1.793531027827016487e+03 -2.525990369984722594e+00
2.570238446195942383e-02 -1.824763027827015549e+03 -2.552460049995272318e+00
2.580798446195940732e-02 -1.858555027827010235e+03 -2.581150907416004170e+00
2.590398446195939230e-02 -1.889275027827005260e+03 -2.607402317317284890e+00
2.600038446195937838e-02 -1.920123027827001124e+03 -2.633983559330249413e+00
2.610038446195937431e-02 -1.952123027826999532e+03 -2.661797646757403157e+00
2.620038446195937024e-02 -1.984123027826998168e+03 -2.689807557365238466e+00
2.630038446195936616e-02 -2.016123027826996804e+03 -2.717913888600821171e+00
2.640038446195936209e-02 -2.048123027826995894e+03 -2.745985705346191796e+00
2.650038446195935801e-02 -2.080123027826994530e+03 -2.773881550051902956e+00
2.660038446195935394e-02 -2.112123027826993166e+03 -2.801490379850441137e+00
2.670038446195934986e-02 -2.144123027826991802e+03 -2.828762616442047406e+00
2.680038446195934579e-02 -2.176123027826990437e+03 -2.855709544031697966e+00
2.690038446195934171e-02 -2.208123027826989073e+03 -2.882394519640953945e+00
2.700038446195933764e-02 -2.240123027826987709e+03 -2.908926974934936904e+00
2.710038446195933357e-02 -2.272123027826986345e+03 -2.935444374313132876e+00
2.720038446195932949e-02 -2.304123027826985435e+03 -2.962070624209634406e+00
2.730038446195932542e-02 -2.336123027826984071e+03 -2.988877875196285228e+00
2.740038446195932134e-02 -2.368123027826982707e+03 -3.015901740128414499e+00
2.750038446195931727e-02 -2.400123027826981343e+03 -3.043121775516277161e+00
2.760038446195931319e-02 -2.432123027826979978e+03 -3.070458925583985366e+00
2.770038446195930912e-02 -2.464123027826978614e+03 -3.097782392007552676e+00
2.780038446195930504e-02 -2.496123027826977250e+03 -3.124958208797707027e+00
2.790038446195930097e-02 -2.528123027826975886e+03 -3.151879386747162837e+00
2.800038446195929689e-02 -2.560123027826974976e+03 -3.178481595280407301e+00
2.810038446195929282e-02 -2.592123027826973612e+03 -3.204759776063455856e+00
2.820038446195928875e-02 -2.624123027826972248e+03 -3.230764313468676985e+00
2.830038446195928467e-02 -2.656123027826970883e+03 -3.256595827565077705e+00
2.840038446195928060e-02 -2.688123027826969519e+03 -3.282384501168725599e+00
2.850038446195927652e-02 -2.720123027826968155e+03 -3.308262148150026505e+00
2.860038446195927245e-02 -2.752123027826966791e+03 -3.334334863538577221e+00
2.870038446195926837e-02 -2.784123027826965426e+03 -3.360652037214024723e+00
2.880038446195926430e-02 -2.816123027826964517e+03 -3.387189492641579314e+00
2.890038446195926022e-02 -2.848123027826963153e+03 -3.413880124259685900e+00
2.900038446195925615e-02 -2.880123027826961788e+03 -3.440616195674889077e+00
2.910038446195925207e-02 -2.912123027826960424e+03 -3.467270371298824649e+00
2.920038446195924800e-02 -2.944123027826959515e+03 -3.493722664693228008e+00
2.930038446195924393e-02 -2.976123027826957696e+03 -3.519888792290506441e+00
2.940038446195923985e-02 -3.008123027826956331e+03 -3.545740504889392852e+00
2.950038446195923578e-02 -3.040123027826954967e+03 -3.571312134506099856e+00
2.960038446195923170e-02 -3.072123027826954058e+03 -3.596693009089688253e+00
2.970038446195922763e-02 -3.104123027826952693e+03 -3.622008655739533456e+00
2.980038446195922355e-02 -3.136123027826951329e+03 -3.647393728289793025e+00
2.990038446195921948e-02 -3.168123027826949965e+03 -3.672962916374178821e+00
3.000038446195921540e-02 -3.199876972173050945e+03 -3.698785032451697763e+00
3.010038446195921133e-02 -3.167876972173052309e+03 -3.720082854264365579e+00
3.020038446195920726e-02 -3.135876972173053218e+03 -3.730060170780369333e+00
3.030038446195920318e-02 -3.103876972173054583e+03 -3.730455779908486313e+00
3.040038446195919911e-02 -3.071876972173055947e+03 -3.723531092717761837e+00
3.050038446195919503e-02 -3.039876972173057311e+03 -3.710958387482758081e+00
3.060038446195919096e-02 -3.007876972173058221e+03 -3.693818187206968418e+00
3.070038446195918688e-02 -2.975876972173059585e+03 -3.673080555553406512e+00
3.080038446195918281e-02 -2.943876972173061404e+03 -3.649638527196901183e+00
3.090038446195917873e-02 -2.911876972173062768e+03 -3.624115937733927151e+00
3.100038446195917466e-02 -2.879876972173063677e+03 -3.597021039136264697e+00
3.110038446195917058e-02 -2.847876972173065042e+03 -3.568839554594428698e+00
3.120038446195916651e-02 -2.815876972173066406e+03 -3.540157457415519460e+00
3.130038446195917978e-02 -2.783876972173062313e+03 -3.511439682556813491e+00
3.140038446195921040e-02 -2.751876972173052309e+03 -3.482925491105427263e+00
3.150038446195924102e-02 -2.719876972173042304e+03 -3.454634571067500382e+00
3.160038446195927164e-02 -2.687876972173032755e+03 -3.426645257756030016e+00
3.170038446195930226e-02 -2.655876972173022750e+03 -3.398994750172417145e+00
3.180038446195933288e-02 -2.623876972173012746e+03 -3.371530609023367209e+00
3.190038446195936350e-02 -2.591876972173003196e+03 -3.344100650586630419e+00
3.200038446195939412e-02 -2.559876972172993646e+03 -3.316564971253617600e+00
3.210038446195942474e-02 -2.527876972172983642e+03 -3.288849764601312842e+00
3.220038446195945536e-02 -2.495876972172973637e+03 -3.261057278144453342e+00
3.230038446195948598e-02 -2.463876972172964088e+03 -3.233408317231281526e+00
3.240038446195951660e-02 -2.431876972172954538e+03 -3.206052105874357849e+00
3.250038446195954722e-02 -2.399876972172944534e+03 -3.179097841931828761e+00
3.260038446195957784e-02 -2.367876972172934529e+03 -3.152580167005380574e+00
3.270038446195960846e-02 -2.335876972172924980e+03 -3.126486089611228980e+00
3.280038446195963908e-02 -2.303876972172915430e+03 -3.100751965317024794e+00
3.290038446195966970e-02 -2.271876972172905425e+03 -3.075262707892051139e+00
3.300038446195970032e-02 -2.239876972172895421e+03 -3.049866517588414094e+00
3.310038446195973094e-02 -2.207876972172885871e+03 -3.024403027873390215e+00
3.320038446195976156e-02 -2.175876972172876322e+03 -2.998729043022967389e+00
3.330038446195979218e-02 -2.143876972172866317e+03 -2.972742453746283875e+00
3.340038446195982280e-02 -2.111876972172856313e+03 -2.946402675140984417e+00
3.350038446195985342e-02 -2.079876972172846763e+03 -2.919778644875964169e+00
3.360038446195988404e-02 -2.047876972172836986e+03 -2.892992732353544039e+00
3.370038446195991466e-02 -2.015876972172826981e+03 -2.866179880343709296e+00
3.380038446195994528e-02 -1.983876972172816977e+03 -2.839478232885009223e+00
3.390038446195997590e-02 -1.951876972172807427e+03 -2.813001408187033370e+00
3.400038446196000652e-02 -1.919876972172797650e+03 -2.786810938631449019e+00
3.410038446196003714e-02 -1.887876972172787646e+03 -2.760894503636764696e+00
3.420038446196006776e-02 -1.855876972172777869e+03 -2.735176428666740378e+00
3.430038446196009838e-02 -1.823876972172768092e+03 -2.709533682523969755e+00
3.440038446196012900e-02 -1.791876972172758542e+03 -2.683815176457850171e+00
3.450038446196015962e-02 -1.759876972172748538e+03 -2.657874132152029389e+00
3.460038446196019024e-02 -1.727876972172738533e+03 -2.631597204903107556e+00
3.470038446196022086e-02 -1.695876972172728983e+03 -2.604934579379285520e+00
3.480038446196025148e-02 -1.663876972172719434e+03 -2.577908613997750287e+00
3.490038446196028210e-02 -1.631876972172709429e+03 -2.550610076129299575e+00
3.500038446196031272e-02 -1.599876972172699652e+03 -2.523177708537245767e+00
3.510038446196034334e-02 -1.567876972172689875e+03 -2.495747714915983906e+00
3.520038446196037396e-02 -1.535876972172680098e+03 -2.468482539745542770e+00
3.530038446196040458e-02 -1.503876972172670094e+03 -2.441510156657885844e+00
3.540038446196043520e-02 -1.471876972172660544e+03 -2.414859531061812170e+00
3.550038446196046582e-02 -1.439876972172650540e+03 -2.388470978345626161e+00
3.560038446196049644e-02 -1.407876972172640990e+03 -2.362221481869156481e+00
3.570038446196052706e-02 -1.375876972172630985e+03 -2.335944047089119735e+00
3.580038446196055768e-02 -1.343876972172621436e+03 -2.309468828703280074e+00
3.590038446196058830e-02 -1.311876972172611431e+03 -2.282646088936582718e+00
3.600038446196061892e-02 -1.279876972172601654e+03 -2.255408301908411239e+00
3.610038446196064954e-02 -1.247876972172591877e+03 -2.227803736551031477e+00
3.620038446196068016e-02 -1.215876972172582100e+03 -2.199918543361217171e+00
3.630038446196071078e-02 -1.183876972172572096e+03 -2.171872424826474024e+00
3.640038446196074140e-02 -1.151876972172562546e+03 -2.143818763253007909e+00
3.650038446196077202e-02 -1.119876972172552541e+03 -2.115906701378989840e+00
3.660038446196080264e-02 -1.087876972172542992e+03 -2.088246677976588472e+00
3.670038446196083326e-02 -1.055876972172532987e+03 -2.060875199829145465e+00
3.680038446196086388e-02 -1.023876972172523438e+03 -2.033745072960043032e+00
3.690038446196089450e-02 -9.918769721725134332e+02 -2.006746718005054220e+00
3.700038446196092512e-02 -9.598769721725037698e+02 -1.979731566578981417e+00
3.710038446196095574e-02 -9.278769721724937654e+02 -1.952557686123443270e+00
3.720038446196098636e-02 -8.958769721724842157e+02 -1.925056450493632276e+00
3.730038446196101698e-02 -8.638769721724742112e+02 -1.897080507177803854e+00
3.740038446196104760e-02 -8.318769721724645478e+02 -1.868608135260454439e+00
3.750038446196107822e-02 -7.998769721724546571e+02 -1.839709597608165437e+00
3.760038446196110884e-02 -7.678769721724449937e+02 -1.810518187031483262e+00
3.770038446196113946e-02 -7.358769721724349893e+02 -1.781203405945195328e+00
3.780038446196117008e-02 -7.038769721724254396e+02 -1.751933949868235807e+00
3.790038446196120070e-02 -6.718769721724154351e+02 -1.722830423655327348e+00
3.800038446196123132e-02 -6.398769721724057717e+02 -1.693939650811988384e+00
3.810038446196126194e-02 -6.078769721723958810e+02 -1.665170579503363113e+00
3.820038446196129256e-02 -5.758769721723862176e+02 -1.636383029334387063e+00
3.830038446196132318e-02 -5.438769721723762132e+02 -1.607390340736535750e+00
3.840038446196135380e-02 -5.118769721723666066e+02 -1.577984028960650598e+00
3.850038446196138442e-02 -4.798769721723566590e+02 -1.547909913238366242e+00
3.860038446196141504e-02 -4.478769721723469956e+02 -1.516977778420697920e+00
3.870038446196144566e-02 -4.158769721723370481e+02 -1.485067243159618355e+00
3.880038446196147628e-02 -3.838769721723274415e+02 -1.452133898140737012e+00
3.890038446196150690e-02 -3.518769721723174371e+02 -1.418134474246218524e+00
3.900038446196153752e-02 -3.198769721723078305e+02 -1.383035580787923324e+00
3.910038446196156814e-02 -2.878769721722978261e+02 -1.346917987566847108e+00
3.920038446196159876e-02 -2.558769721722882196e+02 -1.309564277565398172e+00
3.930038446196162938e-02 -2.238769721722782435e+02 -1.270352582505808625e+00
3.940038446196166000e-02 -1.918769721722686086e+02 -1.228855035955792596e+00
3.950038446196169062e-02 -1.598769721722586610e+02 -1.184721720231203257e+00
3.960038446196172124e-02 -1.278769721722490260e+02 -1.137870913030345044e+00
3.970038446196175186e-02 -9.587697217223905000e+01 -1.089020872436994303e+00
3.980038446196178248e-02 -6.387697217222942925e+01 -1.038139383453430042e+00
3.990038446196181310e-02 -3.187697217221945323e+01 -9.849068188334700880e-01
4.000038446196184372e-02 1.230278277897234318e-01 -9.284939972470814817e-01
4.010038446196187434e-02 3.212302782779951826e+01 -8.675484426217113798e-01
4.020638446196189708e-02 6.604302782780679593e+01 -7.935330174364232381e-01
4.030558446196189082e-02 9.778702782780479197e+01 -7.039672955345529504e-01
4.040542446196190851e-02 1.297358278278104535e+02 -5.660930772036970593e-01
4.050125686229167493e-02 1.604021959333357188e+02 -3.699466833764104567e-01
4.060022125481724253e-02 1.920708015415173406e+02 -1.269676336203260092e-01
4.070028161782289489e-02 2.240901177033260865e+02 1.154594027495010750e-01
4.080006574220710475e-02 2.560210375062732737e+02 3.334077505761461890e-01
4.090058935938797186e-02 2.881885950041507272e+02 4.749020554110748860e-01
4.100034303498303889e-02 3.201097711945722040e+02 5.730455558640410452e-01
4.110014587921288765e-02 3.520466813481237978e+02 6.431719644588662632e-01
4.120439433315763178e-02 3.854061866104419209e+02 6.909514336409059432e-01
4.130131425990578309e-02 4.164205631698503112e+02 7.305380255577169635e-01
4.140130192364878392e-02 4.484166155676105632e+02 7.732558268399212231e-01
4.150434062018977521e-02 4.813889984607278052e+02 8.131831494126925408e-01
4.160645199006789141e-02 5.140646368217250028e+02 8.488458941934065027e-01
4.170591257118501372e-02 5.458920227792041260e+02 8.799054608354986984e-01
4.180268502848813461e-02 5.768592091162028055e+02 9.095966631316945161e-01
4.190107125713970343e-02 6.083428022847048169e+02 9.407499147282722962e-01
4.200107125713973405e-02 6.403428022847145940e+02 9.730569097334254014e-01
4.210462965713974298e-02 6.734814902847174380e+02 1.006705736624224246e+00
4.220391669713972199e-02 7.052533430847107638e+02 1.040525873698898263e+00
4.230064783313976923e-02 7.362073066047258862e+02 1.074282926076909339e+00
4.240823173073978575e-02 7.706341538367312296e+02 1.111924561069992823e+00
4.250768598993980713e-02 8.024595167807379994e+02 1.147389945606287709e+00
4.260768598993983775e-02 8.344595167807477765e+02 1.183099087494140722e+00
4.270768598993986837e-02 8.664595167807576672e+02 1.218581311001092793e+00
4.280768598993989899e-02 8.984595167807674443e+02 1.253663620049641603e+00
4.290168598993991667e-02 9.285395167807729422e+02 1.285529175225363696e+00
4.300248598993990784e-02 9.607955167807701855e+02 1.318907611916309008e+00
4.310128598993992477e-02 9.924115167807756279e+02 1.351331477024824590e+00
4.320128598993995539e-02 1.024411516780785405e+03 1.384040537185986519e+00
4.330128598993998601e-02 1.056411516780795182e+03 1.418059620902530016e+00
4.340128598994001663e-02 1.088411516780804959e+03 1.451894165344151499e+00
4.350128598994004725e-02 1.120411516780814736e+03 1.484916785774846426e+00
4.360128598994007787e-02 1.152411516780824513e+03 1.517492591467460850e+00
4.370128598994010849e-02 1.184411516780834290e+03 1.549635774823832524e+00
4.380128598994013911e-02 1.216411516780844067e+03 1.581563724767218293e+00
4.390128598994016973e-02 1.248411516780854072e+03 1.613415469923604739e+00
4.400128598994020035e-02 1.280411516780863849e+03 1.645230229480665329e+00
4.410128598994023097e-02 1.312411516780873626e+03 1.676982421441288951e+00
4.420128598994026159e-02 1.344411516780883403e+03 1.708580735008335294e+00
4.430128598994029221e-02 1.376411516780893180e+03 1.739888710233155944e+00
4.440128598994032283e-02 1.408411516780902957e+03 1.770783337689765036e+00
4.450128598994035345e-02 1.440411516780912734e+03 1.801198055204649817e+00
4.460128598994038407e-02 1.472411516780922511e+03 1.831151093260056539e+00
4.470128598994041469e-02 1.504411516780932288e+03 1.860723931723472502e+00
4.480128598994044531e-02 1.536411516780942065e+03 1.890050005020822432e+00
4.490128598994047593e-02 1.568411516780951843e+03 1.919267335908525052e+00
4.500128598994050655e-02 1.600411516780961847e+03 1.948545923045048145e+00
4.510128598994053717e-02 1.632411516780971624e+03 1.978036794110568319e+00
4.520128598994056779e-02 1.664411516780981401e+03 2.007813458957746544e+00
4.530128598994059841e-02 1.696411516780991178e+03 2.039478394106259529e+00
4.540128598994062903e-02 1.728411516781001183e+03 2.072801499786596224e+00
4.550128598994065965e-02 1.760411516781010732e+03 2.105925580634501415e+00
4.560128598994069027e-02 1.792411516781020737e+03 2.138225801234165058e+00
4.570128598994072089e-02 1.824411516781030286e+03 2.169441175076227690e+00
4.580128598994075151e-02 1.856411516781040291e+03 2.199560203195526142e+00
4.590128598994078213e-02 1.888411516781049841e+03 2.228695770513761776e+00
4.600128598994081275e-02 1.920411516781059845e+03 2.257079096269642537e+00
4.610128598994084337e-02 1.952411516781069622e+03 2.285015459115204539e+00
4.620128598994087399e-02 1.984411516781079399e+03 2.312822564140656567e+00
4.630128598994090461e-02 2.016411516781089176e+03 2.340695482347967538e+00
4.640128598994093523e-02 2.048411516781099181e+03 2.368848772267058145e+00
4.650128598994096585e-02 2.080411516781108730e+03 2.397416456196518553e+00
4.660128598994099647e-02 2.112411516781118735e+03 2.426362857195894840e+00
4.670128598994102709e-02 2.144411516781128284e+03 2.455534268008900955e+00
4.680128598994105771e-02 2.176411516781138289e+03 2.484774048664860402e+00
4.690128598994108833e-02 2.208411516781147839e+03 2.513882291152423232e+00
4.700128598994111895e-02 2.240411516781157843e+03 2.542620165126860066e+00
4.710128598994114957e-02 2.272411516781167393e+03 2.570857437282651592e+00
4.720128598994118019e-02 2.304411516781177397e+03 2.598538501923199906e+00
4.730128598994121081e-02 2.336411516781186947e+03 2.625698808425285691e+00
4.740128598994124143e-02 2.368411516781196951e+03 2.652611459477185019e+00
4.750128598994127205e-02 2.400411516781206501e+03 2.679364124352876075e+00
4.760128598994130267e-02 2.432411516781216505e+03 2.706115702156276726e+00
4.770128598994133329e-02 2.464411516781226510e+03 2.733034251385748625e+00
4.780128598994136391e-02 2.496411516781236060e+03 2.760222716385611452e+00
4.790128598994139453e-02 2.528411516781246064e+03 2.787715148367553741e+00
4.800128598994142515e-02 2.560411516781256068e+03 2.815445568078188909e+00
4.810128598994145577e-02 2.592411516781265618e+03 2.843272269853988732e+00
4.820128598994148639e-02 2.624411516781275623e+03 2.871008868177960416e+00
4.830128598994151701e-02 2.656411516781285172e+03 2.898478403155753114e+00
4.840128598994154763e-02 2.688411516781295177e+03 2.925568839784794761e+00
4.850128598994157825e-02 2.720411516781304726e+03 2.952204103941630908e+00
4.860128598994160887e-02 2.752411516781314731e+03 2.978417499542495683e+00
4.870128598994163949e-02 2.784411516781324281e+03 3.004312453212307776e+00
4.880128598994167011e-02 2.816411516781334285e+03 3.030048585040502118e+00
4.890128598994170073e-02 2.848411516781343835e+03 3.055814391920778306e+00
4.900128598994173135e-02 2.880411516781353839e+03 3.081754078755257087e+00
4.910128598994176197e-02 2.912411516781363389e+03 3.108041218044166332e+00
4.920128598994179259e-02 2.944411516781373393e+03 3.134699288312275289e+00
4.930128598994182321e-02 2.976411516781382943e+03 3.161657197254414520e+00
4.940128598994185383e-02 3.008411516781392947e+03 3.188798331162408406e+00
4.950128598994188445e-02 3.040411516781402497e+03 3.215930705757771513e+00
4.960128598994191507e-02 3.072411516781412502e+03 3.242836390055106488e+00
4.970128598994194569e-02 3.104411516781422051e+03 3.269452927903985007e+00
4.980128598994197631e-02 3.136411516781432056e+03 3.295623240232098183e+00
4.990128598994200693e-02 3.168411516781442060e+03 3.321378223421759923e+00
5.000000000000000278e-02 3.200000000000000000e+03 3.346447821715904603e+00
