time torque_Nm angle_arcmin
0.000000000000000000e+00 0.000000000000000000e+00 0.000000000000000000e+00
1.000000000000000048e-04 3.200000000000000000e+01 5.903884543487799771e-03
2.000000000000000096e-04 6.400000000000000000e+01 4.660908727911004801e-02
3.000000000000001363e-04 9.600000000000004263e+01 1.572031095163063941e-01
4.002102293708804893e-04 1.280672733986817491e+02 3.529346295106057241e-01
5.010626131184136049e-04 1.603400361978923456e+02 5.171205077112048798e-01
6.020001752724530144e-04 1.926400560871849450e+02 5.791206721003816504e-01
7.020331819027860387e-04 2.246506182088915295e+02 6.372259674889998449e-01
8.040321551374158150e-04 2.572902896439730398e+02 6.978235896038857966e-01
9.001193511478333643e-04 2.880381923673066922e+02 7.544152910798448408e-01
1.000116646573025268e-03 3.200373269033680685e+02 8.137237155996854820e-01
1.105092224619385385e-03 3.536295118782032887e+02 8.637714837636514265e-01
1.204542772242252202e-03 3.854536871175207011e+02 9.015805839880226547e-01
1.300280499420532502e-03 4.160897598145704137e+02 9.354822106666027537e-01
1.405300277710280071e-03 4.496960888672895749e+02 9.718388264271244914e-01
1.503540277710280161e-03 4.811328888672896937e+02 1.005226776947103717e+00
1.605940277710280048e-03 5.139008888672896092e+02 1.038739620827857202e+00
1.701786677710278792e-03 5.445717368672892462e+02 1.069660560364462443e+00
1.806480437710279328e-03 5.780737400672893500e+02 1.103069227252767792e+00
1.904325161422279955e-03 6.093840516551296105e+02 1.129961279685065989e+00
2.006518539521478812e-03 6.420859326468731751e+02 1.158815138754264673e+00
2.104363263233479005e-03 6.733962442347132082e+02 1.189581336152851332e+00
2.207687291473350941e-03 7.064599332714723232e+02 1.224282593862638269e+00
2.305866571902407108e-03 7.378773030087702409e+02 1.257914060675651813e+00
2.405866571902407370e-03 7.698773030087703546e+02 1.291977659169205372e+00
2.505866571902407632e-03 8.018773030087704683e+02 1.325640768226989952e+00
2.605866571902407895e-03 8.338773030087704683e+02 1.358836588486443508e+00
2.705866571902408157e-03 8.658773030087706957e+02 1.391619137818427276e+00
2.805866571902408419e-03 8.978773030087706957e+02 1.424153015167356262e+00
2.905866571902408681e-03 9.298773030087706957e+02 1.456460107654064196e+00
3.005866571902408944e-03 9.618773030087709230e+02 1.488439275911820570e+00
3.105866571902409206e-03 9.938773030087709230e+02 1.520141456388058865e+00
3.205866571902409468e-03 1.025877303008770923e+03 1.551546510301644144e+00
3.305866571902409731e-03 1.057877303008770923e+03 1.582795372985975613e+00
3.405866571902409993e-03 1.089877303008771150e+03 1.613791602894580901e+00
3.505866571902410255e-03 1.121877303008771150e+03 1.644630830231728291e+00
3.605866571902410517e-03 1.153877303008771378e+03 1.675368119848758441e+00
3.705866571902410780e-03 1.185877303008771378e+03 1.705898681128211303e+00
3.805866571902411042e-03 1.217877303008771605e+03 1.736176570619459181e+00
3.905866571902411304e-03 1.249877303008771605e+03 1.766249851754254641e+00
4.005866571902407663e-03 1.281877303008770468e+03 1.796174955736975720e+00
4.105866571902403589e-03 1.313877303008769104e+03 1.826057793993661083e+00
4.205866571902399514e-03 1.345877303008767967e+03 1.855924898839407922e+00
4.305866571902395440e-03 1.377877303008766603e+03 1.885833413696941907e+00
4.405866571902391365e-03 1.409877303008765239e+03 1.915756929645338946e+00
4.505866571902387291e-03 1.441877303008763874e+03 1.945598709303270057e+00
4.605866571902383216e-03 1.473877303008762738e+03 1.975262469477342187e+00
4.705866571902379142e-03 1.505877303008761373e+03 2.004731925755234734e+00
4.805866571902375067e-03 1.537877303008760009e+03 2.033995990091749917e+00
4.905866571902370993e-03 1.569877303008758645e+03 2.063031294897017531e+00
5.005866571902366918e-03 1.601877303008757281e+03 2.091883064990300856e+00
5.105866571902362844e-03 1.633877303008756144e+03 2.120606868689451474e+00
5.205866571902358769e-03 1.665877303008754780e+03 2.149295679490517141e+00
5.305866571902354695e-03 1.697877303008753415e+03 2.177981033422555335e+00
5.405866571902350620e-03 1.729877303008752051e+03 2.206685218333165110e+00
5.505866571902346546e-03 1.761877303008750914e+03 2.235419424263619170e+00
5.605866571902342471e-03 1.793877303008749550e+03 2.265121853388646578e+00
5.705866571902338397e-03 1.825877303008748186e+03 2.296628865110484252e+00
5.805866571902334322e-03 1.857877303008746821e+03 2.328128313333313937e+00
5.905866571902330248e-03 1.889877303008745912e+03 2.359111736312337282e+00
6.005866571902326173e-03 1.921877303008744320e+03 2.389431843475621875e+00
6.105866571902322099e-03 1.953877303008742956e+03 2.419112676261454986e+00
6.205866571902318024e-03 1.985877303008741592e+03 2.448250931495867810e+00
6.305866571902313950e-03 2.017877303008740682e+03 2.476908858438265248e+00
6.405866571902309875e-03 2.049877303008739091e+03 2.505196006390899122e+00
6.505866571902305801e-03 2.081877303008737726e+03 2.533302011890731009e+00
6.605866571902301726e-03 2.113877303008736362e+03 2.561365692573799535e+00
6.705866571902297651e-03 2.145877303008734998e+03 2.589467174275815520e+00
6.805866571902293577e-03 2.177877303008734089e+03 2.617629398627241866e+00
6.905866571902289502e-03 2.209877303008732724e+03 2.645793262713454830e+00
7.005866571902285428e-03 2.241877303008731360e+03 2.673791732031165935e+00
7.105866571902281353e-03 2.273877303008729996e+03 2.701526623187230136e+00
7.205866571902277279e-03 2.305877303008728632e+03 2.728967121954939845e+00
7.305866571902273204e-03 2.337877303008727267e+03 2.756094166144924085e+00
7.405866571902269130e-03 2.369877303008725903e+03 2.782907832906724277e+00
7.505866571902265055e-03 2.401877303008724539e+03 2.809434819012827766e+00
7.605866571902260981e-03 2.433877303008723629e+03 2.835725178878982344e+00
7.705866571902256906e-03 2.465877303008722265e+03 2.861855206484728242e+00
7.805866571902252832e-03 2.497877303008720901e+03 2.887953867261474183e+00
7.905866571902248757e-03 2.529877303008719537e+03 2.914120059924494299e+00
8.005866571902244683e-03 2.561877303008718172e+03 2.940415576446639978e+00
8.105866571902240608e-03 2.593877303008716808e+03 2.966869477756807427e+00
8.205866571902236534e-03 2.625877303008715444e+03 2.993475678613150226e+00
8.305866571902232459e-03 2.657877303008714080e+03 3.020191374896000092e+00
8.405866571902228385e-03 2.689877303008713170e+03 3.046944701140224865e+00
8.505866571902224310e-03 2.721877303008711806e+03 3.073650714426623853e+00
8.605866571902220236e-03 2.753877303008710442e+03 3.100229820196415353e+00
8.705866571902216161e-03 2.785877303008709077e+03 3.126623825212307306e+00
8.805866571902212087e-03 2.817877303008707713e+03 3.152809029209303393e+00
8.905866571902208012e-03 2.849877303008706349e+03 3.178802572809269478e+00
9.005866571902203938e-03 2.881877303008704985e+03 3.204654496846682576e+00
9.105866571902199863e-03 2.913877303008703620e+03 3.230441351423531948e+00
9.205866571902195789e-03 2.945877303008702711e+03 3.256246374303145341e+00
9.305866571902191714e-03 2.977877303008701347e+03 3.282141059433360653e+00
9.405866571902187639e-03 3.009877303008699982e+03 3.308170844193450755e+00
9.505866571902183565e-03 3.041877303008698618e+03 3.334334382596670032e+00
9.605866571902179490e-03 3.073877303008697709e+03 3.360563257497849676e+00
9.705866571902175416e-03 3.105877303008695890e+03 3.386788059479189705e+00
9.805866571902171341e-03 3.137877303008694525e+03 3.412937404891012161e+00
9.905866571902167267e-03 3.169877303008693161e+03 3.438941659201422585e+00
1.000586657190216319e-02 3.198122696991307748e+03 3.464736689109167767e+00
1.010586657190215912e-02 3.166122696991309112e+03 3.484929107171720553e+00
1.020586657190215504e-02 3.134122696991310477e+03 3.493443088781014616e+00
1.030586657190215097e-02 3.102122696991311841e+03 3.492297102761351191e+00
1.040586657190214689e-02 3.070122696991312750e+03 3.483938780494327592e+00
1.050586657190214282e-02 3.038122696991314115e+03 3.470290602616877607e+00
1.060586657190213875e-02 3.006122696991315934e+03 3.452718795370958382e+00
1.070586657190213467e-02 2.974122696991317298e+03 3.432213953639867476e+00
1.080586657190213060e-02 2.942122696991318207e+03 3.409558265980126901e+00
1.090586657190212652e-02 2.910122696991319572e+03 3.385421646127395157e+00
1.100586657190212245e-02 2.878122696991320936e+03 3.360180281115650480e+00
1.110586657190211837e-02 2.846122696991322300e+03 3.334042054562268209e+00
1.120586657190211430e-02 2.814122696991323210e+03 3.307123400510286970e+00
1.130586657190211022e-02 2.782122696991324574e+03 3.279587911593817573e+00
1.140586657190210615e-02 2.750122696991325938e+03 3.251671343924161128e+00
1.150586657190210207e-02 2.718122696991327757e+03 3.223459139799988993e+00
1.160586657190209800e-02 2.686122696991328667e+03 3.195113130126869372e+00
1.170586657190209393e-02 2.654122696991330031e+03 3.166824152629105882e+00
1.180586657190208985e-02 2.622122696991331395e+03 3.138686122311503457e+00
1.190586657190208578e-02 2.590122696991332305e+03 3.110788373014963692e+00
1.200586657190208170e-02 2.558122696991333669e+03 3.083260591870167211e+00
1.210586657190207763e-02 2.526122696991335033e+03 3.056190578745258346e+00
1.220586657190207355e-02 2.494122696991336397e+03 3.029536492291261318e+00
1.230586657190206948e-02 2.462122696991337762e+03 3.003174991050266751e+00
1.240586657190206540e-02 2.430122696991339126e+03 2.976963552177252392e+00
1.250586657190206133e-02 2.398122696991340490e+03 2.950767747389654527e+00
1.260586657190205725e-02 2.366122696991341854e+03 2.924477750662978437e+00
1.270586657190205318e-02 2.334122696991342764e+03 2.898011538911770657e+00
1.280586657190204911e-02 2.302122696991344128e+03 2.871323068467939166e+00
1.290586657190204503e-02 2.270122696991345492e+03 2.844400012591919769e+00
1.300586657190204096e-02 2.238122696991346857e+03 2.817327906804211413e+00
1.310586657190203688e-02 2.206122696991348221e+03 2.790222687469092300e+00
1.320586657190203281e-02 2.174122696991349585e+03 2.763172453368713199e+00
1.330586657190202873e-02 2.142122696991350949e+03 2.736247014575302394e+00
1.340586657190202466e-02 2.110122696991352313e+03 2.709483702880181255e+00
1.350586657190202058e-02 2.078122696991353223e+03 2.682870077353851190e+00
1.360586657190201651e-02 2.046122696991354587e+03 2.656359080978589304e+00
1.370586657190201244e-02 2.014122696991355951e+03 2.629872590357004380e+00
1.380586657190200836e-02 1.982122696991357543e+03 2.603306599612721151e+00
1.390586657190200429e-02 1.950122696991358907e+03 2.576571690542655890e+00
1.400586657190200021e-02 1.918122696991360272e+03 2.549628153248906681e+00
1.410586657190199614e-02 1.886122696991361181e+03 2.522442186587329438e+00
1.420586657190199206e-02 1.854122696991362773e+03 2.495021020726932548e+00
1.430586657190198799e-02 1.822122696991363682e+03 2.467424891790888530e+00
1.440586657190198391e-02 1.790122696991365046e+03 2.439761137433663407e+00
1.450586657190197984e-02 1.758122696991366411e+03 2.412117107223511248e+00
1.460586657190197576e-02 1.726122696991367775e+03 2.384561479628818592e+00
1.470586657190197169e-02 1.694122696991369367e+03 2.357146295672449821e+00
1.480586657190196762e-02 1.662122696991370731e+03 2.329883747608340272e+00
1.490586657190196354e-02 1.630122696991371640e+03 2.302755681951591971e+00
1.500586657190195947e-02 1.598122696991373004e+03 2.275288411875436623e+00
1.510586657190195539e-02 1.566122696991374596e+03 2.246207743898537057e+00
1.520586657190195132e-02 1.534122696991375506e+03 2.217091080715382745e+00
1.530586657190194724e-02 1.502122696991376870e+03 2.188135406772576452e+00
1.540586657190194317e-02 1.470122696991378234e+03 2.159284082661605542e+00
1.550586657190193909e-02 1.438122696991379598e+03 2.130461753142446568e+00
1.560586657190193502e-02 1.406122696991380735e+03 2.101637169348800960e+00
1.570586657190193094e-02 1.374122696991382099e+03 2.072837540128860123e+00
1.580586657190192687e-02 1.342122696991383464e+03 2.044110070324813400e+00
1.590586657190192280e-02 1.310122696991384828e+03 2.015496383228502442e+00
1.600586657190191872e-02 1.278122696991385965e+03 1.987028897631785140e+00
1.610586657190191465e-02 1.246122696991387329e+03 1.958712223994710566e+00
1.620586657190191057e-02 1.214122696991388693e+03 1.930522834849731195e+00
1.630586657190190650e-02 1.182122696991390058e+03 1.902403852054890487e+00
1.640586657190190242e-02 1.150122696991391194e+03 1.874258914560886335e+00
1.650586657190189835e-02 1.118122696991392559e+03 1.845994858504626190e+00
1.660586657190189427e-02 1.086122696991393923e+03 1.817535721468129140e+00
1.670586657190189020e-02 1.054122696991395287e+03 1.788829651762031903e+00
1.680586657190188613e-02 1.022122696991396424e+03 1.759852961475010913e+00
1.690586657190188205e-02 9.901226969913977882e+02 1.730602302292948647e+00
1.700586657190187798e-02 9.581226969913991525e+02 1.701106697259685996e+00
1.710586657190187390e-02 9.261226969914005167e+02 1.671418718405464077e+00
1.720586657190186983e-02 8.941226969914016536e+02 1.641618902493821697e+00
1.730586657190186575e-02 8.621226969914030178e+02 1.611774903181997010e+00
1.740586657190186168e-02 8.301226969914043821e+02 1.581946128124918749e+00
1.750586657190185760e-02 7.981226969914057463e+02 1.552155699378148013e+00
1.760586657190185353e-02 7.661226969914068832e+02 1.522377322129369048e+00
1.770586657190184945e-02 7.341226969914082474e+02 1.492537611252484187e+00
1.780586657190184538e-02 7.021226969914096117e+02 1.462521553978497035e+00
1.790586657190184131e-02 6.701226969914109759e+02 1.432232658199817710e+00
1.800586657190183723e-02 6.381226969914119991e+02 1.401567220383207690e+00
1.810586657190183316e-02 6.061226969914134770e+02 1.370518387384255909e+00
1.820586657190182908e-02 5.741226969914148412e+02 1.339061556644042694e+00
1.830586657190182501e-02 5.421226969914162055e+02 1.307186991111247920e+00
1.840586657190182093e-02 5.101226969914172287e+02 1.274918256547758588e+00
1.850586657190181686e-02 4.781226969914186498e+02 1.242242506821354286e+00
1.860586657190181278e-02 4.461226969914200708e+02 1.209192086202854455e+00
1.870586657190180871e-02 4.141226969914214351e+02 1.175724093878895538e+00
1.880586657190180463e-02 3.821226969914224583e+02 1.141725734591514829e+00
1.890586657190180056e-02 3.501226969914238794e+02 1.107040145506591688e+00
1.900586657190179649e-02 3.181226969914252436e+02 1.071454922370160157e+00
1.910586657190179241e-02 2.861226969914266647e+02 1.035228617784662353e+00
1.920586657190178834e-02 2.541226969914276879e+02 9.986153702100513119e-01
1.930586657190178426e-02 2.221226969914290805e+02 9.612356559661928701e-01
1.940586657190178019e-02 1.901226969914304732e+02 9.225354721115350820e-01
1.950586657190177611e-02 1.581226969914318659e+02 8.820997277002678993e-01
1.960586657190177204e-02 1.261226969914329032e+02 8.391681153364436430e-01
1.970586657190176796e-02 9.412269699143429591e+01 7.923572207129605527e-01
1.980586657190176389e-02 6.212269699143568857e+01 7.409861364125650551e-01
1.990586657190175982e-02 3.012269699143708124e+01 6.851877867422149215e-01
2.000586657190175574e-02 -1.877303008561703734e+00 6.240416679814915213e-01
2.010186657190176154e-02 -3.259730300856355711e+01 5.583586655894121620e-01
2.020746657190175891e-02 -6.638930300856272027e+01 4.734675343317394924e-01
2.030122657190175373e-02 -9.639250300856106435e+01 3.756554364715049554e-01
2.040171540817563300e-02 -1.285489306162024263e+02 2.123696240778001065e-01
2.050032526480871642e-02 -1.601040847387891120e+02 -5.802388846345236939e-02
2.060068556903871251e-02 -1.922193820923878604e+02 -4.463028410849446681e-01
2.070042120659937313e-02 -2.241347861117992579e+02 -7.702309276475028943e-01
2.080131673065857556e-02 -2.564213538107440513e+02 -8.795589222073756375e-01
2.090213600399202024e-02 -2.886835212774463457e+02 -9.346169542673201658e-01
2.100181105968893305e-02 -3.205795391004584189e+02 -9.711566746488204949e-01
2.110031685030939672e-02 -3.521013920990068300e+02 -1.007021126600432082e+00
2.120452842755046058e-02 -3.854490968161472324e+02 -1.047757527855487147e+00
2.130471463214493599e-02 -4.175086822863793259e+02 -1.087488929303306762e+00
2.140361874636981590e-02 -4.491579988383409727e+02 -1.124458925011736055e+00
2.150014916185329777e-02 -4.800477317930551067e+02 -1.157340857701900205e+00
2.160661272661241680e-02 -5.141160725159732010e+02 -1.190923870694500897e+00
2.170661272661241273e-02 -5.461160725159719505e+02 -1.220612833268504449e+00
2.180119269461239934e-02 -5.763816622759676420e+02 -1.248252127982452553e+00
2.190064392399792767e-02 -6.082060556793367141e+02 -1.275519619939327498e+00
2.200083692107908731e-02 -6.402678147453077599e+02 -1.302352634975949552e+00
2.210138615992758918e-02 -6.724435711768284136e+02 -1.333227075082296986e+00
2.220206008339464451e-02 -7.046592266862861607e+02 -1.367483529945581644e+00
2.230039991080174852e-02 -7.361279714565594077e+02 -1.403140164082676833e+00
2.240566507816708908e-02 -7.698128250134683412e+02 -1.442097000687343700e+00
2.250273064302184961e-02 -8.008738057669918362e+02 -1.477505759197956570e+00
2.260484893591015523e-02 -8.335516594912494384e+02 -1.513522260521260820e+00
2.270399611582670993e-02 -8.652787570645469941e+02 -1.547181618722797136e+00
2.280399611582670585e-02 -8.972787570645456299e+02 -1.579865906607675008e+00
2.290399611582670178e-02 -9.292787570645443793e+02 -1.611430680787464098e+00
2.300399611582669770e-02 -9.612787570645430151e+02 -1.642146009154921593e+00
2.310399611582669363e-02 -9.932787570645418782e+02 -1.672329449675861168e+00
2.320799611582669356e-02 -1.026558757064541624e+03 -1.703212076422470744e+00
2.330239611582669498e-02 -1.056766757064542162e+03 -1.730914392306787120e+00
2.340999611582668394e-02 -1.091198757064538768e+03 -1.762438130997833197e+00
2.350999611582667986e-02 -1.123198757064537403e+03 -1.791801776743124464e+00
2.360999611582667579e-02 -1.155198757064536039e+03 -1.821209111906660238e+00
2.370999611582667171e-02 -1.187198757064534902e+03 -1.850576106990570180e+00
2.380999611582666764e-02 -1.219198757064533538e+03 -1.879781696540308467e+00
2.390999611582666357e-02 -1.251198757064532174e+03 -1.908726087892818502e+00
2.400999611582665949e-02 -1.283198757064530810e+03 -1.937377540706243018e+00
2.410999611582665542e-02 -1.315198757064529673e+03 -1.965834296269728165e+00
2.420999611582665134e-02 -1.347198757064528309e+03 -1.994107067649737663e+00
2.430999611582664727e-02 -1.379198757064526944e+03 -2.022298192389521354e+00
2.440999611582664319e-02 -1.411198757064525580e+03 -2.050535380486333992e+00
2.450999611582663912e-02 -1.443198757064524443e+03 -2.078930134439771482e+00
2.460999611582663504e-02 -1.475198757064523079e+03 -2.107498673077315310e+00
2.470999611582663097e-02 -1.507198757064521715e+03 -2.136382500730088285e+00
2.480999611582662689e-02 -1.539198757064520350e+03 -2.165575622271375344e+00
2.490999611582662282e-02 -1.571198757064519214e+03 -2.194982060668235757e+00
2.500999611582661875e-02 -1.603198757064517849e+03 -2.224455948690247986e+00
2.510999611582661467e-02 -1.635198757064516485e+03 -2.253808756142017700e+00
2.520999611582661060e-02 -1.667198757064515348e+03 -2.282921253502857795e+00
2.530999611582660652e-02 -1.699198757064513984e+03 -2.311716415327009777e+00
2.540999611582660245e-02 -1.731198757064512620e+03 -2.340170116842118730e+00
2.550999611582659837e-02 -1.763198757064511256e+03 -2.368301144511298251e+00
2.560999611582659430e-02 -1.795198757064510119e+03 -2.396278326295786520e+00
2.570599611582659316e-02 -1.825918757064509691e+03 -2.423085691393066288e+00
2.580839611582659565e-02 -1.858686757064510402e+03 -2.451699634291383934e+00
2.590599611582658501e-02 -1.889918757064507190e+03 -2.479078606762961989e+00
2.600599611582658094e-02 -1.921918757064505826e+03 -2.507310036538068054e+00
2.610599611582657686e-02 -1.953918757064504462e+03 -2.535734313519512728e+00
2.620599611582657279e-02 -1.985918757064503097e+03 -2.564267615019719670e+00
2.630599611582656872e-02 -2.017918757064501960e+03 -2.592805027602420154e+00
2.640599611582656464e-02 -2.049918757064500824e+03 -2.621197038429912585e+00
2.650599611582656057e-02 -2.081918757064499005e+03 -2.649316655454087233e+00
2.660599611582655649e-02 -2.113918757064497640e+03 -2.677069341507105626e+00
2.670599611582655242e-02 -2.145918757064496276e+03 -2.704415905630170869e+00
2.680599611582654834e-02 -2.177918757064495367e+03 -2.731385721560191548e+00
2.690599611582654427e-02 -2.209918757064494002e+03 -2.758070016015574666e+00
2.700599611582654019e-02 -2.241918757064492638e+03 -2.784600013129131302e+00
2.710599611582653612e-02 -2.273918757064491274e+03 -2.811128518866029324e+00
2.720599611582653204e-02 -2.305918757064490364e+03 -2.837795007250080381e+00
2.730599611582652797e-02 -2.337918757064489000e+03 -2.864686676494945239e+00
2.740599611582652390e-02 -2.369918757064487181e+03 -2.891829536472585005e+00
2.750599611582651982e-02 -2.401918757064485817e+03 -2.919188757224302933e+00
2.760599611582651575e-02 -2.433918757064484907e+03 -2.946670890003714849e+00
2.770599611582651167e-02 -2.465918757064483543e+03 -2.974144496148538597e+00
2.780599611582650760e-02 -2.497918757064482179e+03 -3.001472222320331618e+00
2.790599611582650352e-02 -2.529918757064480815e+03 -3.028536281984831824e+00
2.800599611582649945e-02 -2.561918757064479905e+03 -3.055266853181803022e+00
2.810599611582649537e-02 -2.593918757064478541e+03 -3.081659379519374742e+00
2.820599611582649130e-02 -2.625918757064477177e+03 -3.107776636320148445e+00
2.830599611582648722e-02 -2.657918757064475358e+03 -3.133734815412309249e+00
2.840599611582648315e-02 -2.689918757064474448e+03 -3.159675917646230570e+00
2.850599611582647908e-02 -2.721918757064473084e+03 -3.185732044616939707e+00
2.860599611582647500e-02 -2.753918757064471720e+03 -3.212010953727260087e+00
2.870599611582647093e-02 -2.785918757064470356e+03 -3.238562761527412626e+00
2.880599611582646685e-02 -2.817918757064469446e+03 -3.265372561347551272e+00
2.890599611582646278e-02 -2.849918757064468082e+03 -3.292358301813180788e+00
2.900599611582645870e-02 -2.881918757064466718e+03 -3.319389937585996542e+00
2.910599611582645463e-02 -2.913918757064465353e+03 -3.346320064505182490e+00
2.920599611582645055e-02 -2.945918757064463989e+03 -3.373017218854107213e+00
2.930599611582644648e-02 -2.977918757064462625e+03 -3.399394939465897547e+00
2.940599611582644241e-02 -3.009918757064461261e+03 -3.425430629437634877e+00
2.950599611582643833e-02 -3.041918757064459896e+03 -3.451171019439349230e+00
2.960599611582643426e-02 -3.073918757064458987e+03 -3.476722025170220221e+00
2.970599611582643018e-02 -3.105918757064457623e+03 -3.502217498800621609e+00
2.980599611582642611e-02 -3.137918757064456258e+03 -3.527791754888013109e+00
2.990599611582642203e-02 -3.169918757064454894e+03 -3.553565536496590127e+00
3.000599611582641796e-02 -3.198081242935546015e+03 -3.579599220176404639e+00
3.010599611582641388e-02 -3.166081242935547380e+03 -3.600489259699115596e+00
3.020599611582640981e-02 -3.134081242935548289e+03 -3.610025420987779565e+00
3.030599611582640573e-02 -3.102081242935549653e+03 -3.610005264228624888e+00
3.040599611582640166e-02 -3.070081242935551018e+03 -3.602661278310165915e+00
3.050599611582639759e-02 -3.038081242935552382e+03 -3.589658717371473795e+00
3.060599611582639351e-02 -3.006081242935553746e+03 -3.572074239555451669e+00
3.070599611582638944e-02 -2.974081242935555110e+03 -3.550824970283978033e+00
3.080599611582638536e-02 -2.942081242935556475e+03 -3.526857987780506409e+00
3.090599611582638129e-02 -2.910081242935557839e+03 -3.500847208709763070e+00
3.100599611582637721e-02 -2.878081242935558748e+03 -3.473316488533932045e+00
3.110599611582637314e-02 -2.846081242935560113e+03 -3.444744220647072197e+00
3.120599611582636906e-02 -2.814081242935561477e+03 -3.415744150750863461e+00
3.130599611582638581e-02 -2.782081242935556475e+03 -3.386801492091923382e+00
3.140599611582641643e-02 -2.750081242935546470e+03 -3.358074960811049170e+00
3.150599611582644705e-02 -2.718081242935536466e+03 -3.329555482760790053e+00
3.160599611582647767e-02 -2.686081242935526916e+03 -3.301319852525393728e+00
3.170599611582650829e-02 -2.654081242935516912e+03 -3.273404080092457313e+00
3.180599611582653891e-02 -2.622081242935506907e+03 -3.245639866080254343e+00
3.190599611582656953e-02 -2.590081242935497357e+03 -3.217873213580436875e+00
3.200599611582660015e-02 -2.558081242935487353e+03 -3.189978332377694237e+00
3.210599611582663077e-02 -2.526081242935477803e+03 -3.161933733961564741e+00
3.220599611582666139e-02 -2.494081242935467799e+03 -3.133938090854581304e+00
3.230599611582669201e-02 -2.462081242935458249e+03 -3.106144477717515340e+00
3.240599611582672263e-02 -2.430081242935448245e+03 -3.078674742641919426e+00
3.250599611582675325e-02 -2.398081242935438695e+03 -3.051631449631849513e+00
3.260599611582678387e-02 -2.366081242935428691e+03 -3.025041679164454322e+00
3.270599611582681449e-02 -2.334081242935419141e+03 -2.998880507252758232e+00
3.280599611582684511e-02 -2.302081242935409591e+03 -2.973065640234931806e+00
3.290599611582687573e-02 -2.270081242935399587e+03 -2.947462799821310764e+00
3.300599611582690635e-02 -2.238081242935389582e+03 -2.921909861164660338e+00
3.310599611582693697e-02 -2.206081242935380033e+03 -2.896241050650910864e+00
3.320599611582696759e-02 -2.174081242935370483e+03 -2.870317809478604154e+00
3.330599611582699821e-02 -2.142081242935360478e+03 -2.844055970351882401e+00
3.340599611582702883e-02 -2.110081242935350474e+03 -2.817447736465044539e+00
3.350599611582705945e-02 -2.078081242935340924e+03 -2.790585982176187141e+00
3.360599611582709006e-02 -2.046081242935331147e+03 -2.763596092414247529e+00
3.370599611582712068e-02 -2.014081242935321143e+03 -2.736620083700100015e+00
3.380599611582715130e-02 -1.982081242935311138e+03 -2.709797633662896832e+00
3.390599611582718192e-02 -1.950081242935301589e+03 -2.683232439385562440e+00
3.400599611582721254e-02 -1.918081242935291812e+03 -2.656960651944062501e+00
3.410599611582724316e-02 -1.886081242935281807e+03 -2.630946411095286042e+00
3.420599611582727378e-02 -1.854081242935272030e+03 -2.605100237029657873e+00
3.430599611582730440e-02 -1.822081242935262253e+03 -2.579287861008337845e+00
3.440599611582733502e-02 -1.790081242935252703e+03 -2.553353525709521676e+00
3.450599611582736564e-02 -1.758081242935242699e+03 -2.527154271238742922e+00
3.460599611582739626e-02 -1.726081242935232694e+03 -2.500592087349554848e+00
3.470599611582742688e-02 -1.694081242935223145e+03 -2.473636159957913971e+00
3.480599611582745750e-02 -1.662081242935213595e+03 -2.446327588434841882e+00
3.490599611582748812e-02 -1.630081242935203591e+03 -2.418766361012803401e+00
3.500599611582751874e-02 -1.598081242935193586e+03 -2.391103377026501775e+00
3.510599611582754936e-02 -1.566081242935184036e+03 -2.363495795556425527e+00
3.520599611582757998e-02 -1.534081242935174032e+03 -2.336084537312969722e+00
3.530599611582761060e-02 -1.502081242935164255e+03 -2.308952384897899002e+00
3.540599611582764122e-02 -1.470081242935154478e+03 -2.282100695093590481e+00
3.550599611582767184e-02 -1.438081242935144701e+03 -2.255437594890216335e+00
3.560599611582770246e-02 -1.406081242935134696e+03 -2.228865757776587131e+00
3.570599611582773308e-02 -1.374081242935125147e+03 -2.202246416900471182e+00
3.580599611582776370e-02 -1.342081242935115142e+03 -2.175416252621934277e+00
3.590599611582779432e-02 -1.310081242935105593e+03 -2.148230941021278539e+00
3.600599611582782494e-02 -1.278081242935095588e+03 -2.120620973805242393e+00
3.610599611582785556e-02 -1.246081242935086038e+03 -2.092602610240094307e+00
3.620599611582788618e-02 -1.214081242935076034e+03 -2.064252518415742976e+00
3.630599611582791680e-02 -1.182081242935066257e+03 -2.035759253949029457e+00
3.640599611582794742e-02 -1.150081242935056480e+03 -2.007320880420698117e+00
3.650599611582797804e-02 -1.118081242935046703e+03 -1.979084568436483504e+00
3.660599611582800866e-02 -1.086081242935036698e+03 -1.951130420007740174e+00
3.670599611582803928e-02 -1.054081242935027149e+03 -1.923456501619638992e+00
3.680599611582806990e-02 -1.022081242935017144e+03 -1.896009135623748953e+00
3.690599611582810052e-02 -9.900812429350075945e+02 -1.868741168756127058e+00
3.700599611582813114e-02 -9.580812429349975901e+02 -1.841473011910573776e+00
3.710599611582816176e-02 -9.260812429349879267e+02 -1.813995644222528680e+00
3.720599611582819238e-02 -8.940812429349780359e+02 -1.786154021853938900e+00
3.730599611582822300e-02 -8.620812429349683725e+02 -1.757842185384901335e+00
3.740599611582825362e-02 -8.300812429349583681e+02 -1.729038720097816118e+00
3.750599611582828424e-02 -7.980812429349488184e+02 -1.699796036084810336e+00
3.760599611582831486e-02 -7.660812429349388140e+02 -1.670228633481358305e+00
3.770599611582834548e-02 -7.340812429349291506e+02 -1.640469122083291431e+00
3.780599611582837610e-02 -7.020812429349191461e+02 -1.610643549592148283e+00
3.790599611582840672e-02 -6.700812429349095964e+02 -1.580864017869105353e+00
3.800599611582843734e-02 -6.380812429348995920e+02 -1.551212350995355038e+00
3.810599611582846796e-02 -6.060812429348900423e+02 -1.521666842455635882e+00
3.820599611582849858e-02 -5.740812429348800379e+02 -1.492114971785575950e+00
3.830599611582852920e-02 -5.420812429348703745e+02 -1.462384320129299642e+00
3.840599611582855982e-02 -5.100812429348604269e+02 -1.432271923501601707e+00
3.850599611582859044e-02 -4.780812429348508203e+02 -1.401568240750781680e+00
3.860599611582862106e-02 -4.460812429348408159e+02 -1.370034213875936269e+00
3.870599611582865168e-02 -4.140812429348312094e+02 -1.337556290487874611e+00
3.880599611582868230e-02 -3.820812429348212049e+02 -1.304095595461866264e+00
3.890599611582871292e-02 -3.500812429348115984e+02 -1.269671579083680557e+00
3.900599611582874354e-02 -3.180812429348015939e+02 -1.234348627206177218e+00
3.910599611582877416e-02 -2.860812429347919874e+02 -1.198302582615185408e+00
3.920599611582880478e-02 -2.540812429347820398e+02 -1.161525035804904959e+00
3.930599611582883540e-02 -2.220812429347724049e+02 -1.124114340867401252e+00
3.940599611582886602e-02 -1.900812429347624288e+02 -1.086197648975443242e+00
3.950599611582889664e-02 -1.580812429347528223e+02 -1.047507166908687282e+00
3.960599611582892726e-02 -1.260812429347428321e+02 -1.007336777397221717e+00
3.970599611582895788e-02 -9.408124293473321131e+01 -9.647094657247548000e-01
3.980599611582898850e-02 -6.208124293472323529e+01 -9.186524646225313617e-01
3.990599611582901912e-02 -3.008124293471361455e+01 -8.681960991160313501e-01
4.000599611582904974e-02 1.918757065295650932e+00 -8.121783502450539149e-01
4.010599611582908036e-02 3.391875706530544932e+01 -7.480405914185030980e-01
4.020599611582911098e-02 6.591875706531524770e+01 -6.685711845688214749e-01
4.030014485182913803e-02 9.604635258532390196e+01 -5.646890253826551964e-01
4.040111094302351047e-02 1.283555017675230943e+02 -3.930468036754076744e-01
4.050055555679016317e-02 1.601777781728519585e+02 -1.435362287874383247e-01
4.060008605467649301e-02 1.920275374964774926e+02 1.236232769604320714e-01
4.070127390705089582e-02 2.244076502562863880e+02 3.738708246960459336e-01
4.080045121726121049e-02 2.561443895235871082e+02 5.896599946971058381e-01
4.090012094843589741e-02 2.880387034994869282e+02 7.068343730062421892e-01
4.100075349805239189e-02 3.202411193767651412e+02 7.951566671773249162e-01
4.110194563482107849e-02 3.526226031427448788e+02 8.511801219066952306e-01
4.120074776791488036e-02 3.842392857327614593e+02 8.874129599173999905e-01
4.130255060506357601e-02 4.168161936203440519e+02 9.250306578265997670e-01
4.140201118618072607e-02 4.486435795778320994e+02 9.632549923623718868e-01
4.150351474139649111e-02 4.811247172468769122e+02 1.001002968064352183e+00
4.160260973767487824e-02 5.128351160559607251e+02 1.035942962496752884e+00
4.170622114078478132e-02 5.459907650511297561e+02 1.069211760475295536e+00
4.180209634078481395e-02 5.766708290511402311e+02 1.098116922467128997e+00
4.190220179435280579e-02 6.087045741928975531e+02 1.123557419786502365e+00
4.200149606952720271e-02 6.404787422487046342e+02 1.149734955221126231e+00
4.210586377482001402e-02 6.738764079424041711e+02 1.181402511451818516e+00
4.220605677190109734e-02 7.059381670083508880e+02 1.214386588825893343e+00
4.230124011912813481e-02 7.363968381210029293e+02 1.246596310048230016e+00
4.240343697615083646e-02 7.690998323682673572e+02 1.281496498058561695e+00
4.250048908536274705e-02 8.001565073160786596e+02 1.314728748250382662e+00
4.260048908536277767e-02 8.321565073160885504e+02 1.348954947337949184e+00
4.270048908536280829e-02 8.641565073160983275e+02 1.383137369320214916e+00
4.280048908536283891e-02 8.961565073161081045e+02 1.417413938943051122e+00
4.290048908536286953e-02 9.281565073161178816e+02 1.451480241463444898e+00
4.300048908536290015e-02 9.601565073161276587e+02 1.485004469725550003e+00
4.310048908536293077e-02 9.921565073161375494e+02 1.517846001698222924e+00
4.320048908536296139e-02 1.024156507316147326e+03 1.549914225933688439e+00
4.330048908536299201e-02 1.056156507316157104e+03 1.581225516244603835e+00
4.340048908536302263e-02 1.088156507316166881e+03 1.611879466285175644e+00
4.350048908536305325e-02 1.120156507316176658e+03 1.642075915156445021e+00
4.360048908536308387e-02 1.152156507316186435e+03 1.672055839054816584e+00
4.370048908536311449e-02 1.184156507316196212e+03 1.702004565958233906e+00
4.380048908536314511e-02 1.216156507316205989e+03 1.732075823848164386e+00
4.390048908536317573e-02 1.248156507316215993e+03 1.762379984265319610e+00
4.400048908536320635e-02 1.280156507316225770e+03 1.792965036512448762e+00
4.410048908536323697e-02 1.312156507316235547e+03 1.823801641373195004e+00
4.420048908536326759e-02 1.344156507316245325e+03 1.854701183334113823e+00
4.430048908536329821e-02 1.376156507316255102e+03 1.885487533940389593e+00
4.440048908536332883e-02 1.408156507316264879e+03 1.915928727048760383e+00
4.450048908536335945e-02 1.440156507316274656e+03 1.945880967574779019e+00
4.460048908536339007e-02 1.472156507316284433e+03 1.975245142424573608e+00
4.470048908536342069e-02 1.504156507316294210e+03 2.004138966384602760e+00
4.480048908536345131e-02 1.536156507316303987e+03 2.032687386339538715e+00
4.490048908536348193e-02 1.568156507316313764e+03 2.061006051330357192e+00
4.500048908536351255e-02 1.600156507316323768e+03 2.089352277659883406e+00
4.510048908536354317e-02 1.632156507316333546e+03 2.117889781938513405e+00
4.520048908536357379e-02 1.664156507316343323e+03 2.146788960261729606e+00
4.530048908536360441e-02 1.696156507316353100e+03 2.176064843441540386e+00
4.540048908536363503e-02 1.728156507316363104e+03 2.205621750935223169e+00
4.550048908536366565e-02 1.760156507316372654e+03 2.235299715854664804e+00
4.560048908536369627e-02 1.792156507316382658e+03 2.265835999084581776e+00
4.570048908536372689e-02 1.824156507316392208e+03 2.297895314011409784e+00
4.580048908536375751e-02 1.856156507316402212e+03 2.329572333664313266e+00
4.590248908536378319e-02 1.888796507316410271e+03 2.360926469146080731e+00
4.600808908536378056e-02 1.922588507316409277e+03 2.392271457432428416e+00
4.610648908536379292e-02 1.954076507316413426e+03 2.420628752735835665e+00
4.620648908536382354e-02 1.986076507316422976e+03 2.448887711151114033e+00
4.630648908536385416e-02 2.018076507316432981e+03 2.476817663673313685e+00
4.640648908536388478e-02 2.050076507316442530e+03 2.504716330523978129e+00
4.650648908536391540e-02 2.082076507316452535e+03 2.532853105489900614e+00
4.660648908536394602e-02 2.114076507316462084e+03 2.561346777171026545e+00
4.670648908536397664e-02 2.146076507316472089e+03 2.590183014206114187e+00
4.680648908536400726e-02 2.178076507316482093e+03 2.619219931339837881e+00
4.690648908536403788e-02 2.210076507316491643e+03 2.648188020971265821e+00
4.700648908536406850e-02 2.242076507316501647e+03 2.676706952886585889e+00
4.710648908536409912e-02 2.274076507316511652e+03 2.704592849572504232e+00
4.720648908536412974e-02 2.306076507316521202e+03 2.731787487241135182e+00
4.730648908536416036e-02 2.338076507316531206e+03 2.758324426626482140e+00
4.740648908536419098e-02 2.370076507316540756e+03 2.784332424635197700e+00
4.750648908536422160e-02 2.402076507316550760e+03 2.810013652992354505e+00
4.760648908536425222e-02 2.434076507316560310e+03 2.835602587807596109e+00
4.770648908536428284e-02 2.466076507316570314e+03 2.861331268211060319e+00
4.780648908536431346e-02 2.498076507316579864e+03 2.887415864659585107e+00
4.790648908536434408e-02 2.530076507316589868e+03 2.913954663948399748e+00
4.800648908536437470e-02 2.562076507316599418e+03 2.940929421403239097e+00
4.810648908536440532e-02 2.594076507316609423e+03 2.968222509811801579e+00
4.820648908536443594e-02 2.626076507316618972e+03 2.995645481295065693e+00
4.830648908536446656e-02 2.658076507316628977e+03 3.022977935309491215e+00
4.840648908536449718e-02 2.690076507316638526e+03 3.050014180057282420e+00
4.850648908536452780e-02 2.722076507316648531e+03 3.076608254341370419e+00
4.860648908536455842e-02 2.754076507316658081e+03 3.102705972009333735e+00
4.870648908536458904e-02 2.786076507316668085e+03 3.128356121609941365e+00
4.880648908536461966e-02 2.818076507316677635e+03 3.153700240672184574e+00
4.890648908536465028e-02 2.850076507316687639e+03 3.178941081328811258e+00
4.900648908536468090e-02 2.882076507316697644e+03 3.204297013679143991e+00
4.910648908536471152e-02 2.914076507316707648e+03 3.229953372435109049e+00
4.920648908536474214e-02 2.946076507316717198e+03 3.256019433583233980e+00
4.930648908536477276e-02 2.978076507316727202e+03 3.282512013286496444e+00
4.940648908536480338e-02 3.010076507316736752e+03 3.309346089658495860e+00
4.950648908536483400e-02 3.042076507316746756e+03 3.336349602387755908e+00
4.960648908536486462e-02 3.074076507316756306e+03 3.363271202997455411e+00
4.970648908536489524e-02 3.106076507316766310e+03 3.389882670922029995e+00
4.980648908536492586e-02 3.138076507316775860e+03 3.416028808223892099e+00
4.990648908536495648e-02 3.170076507316785865e+03 3.441644250848098885e+00
5.000000000000000278e-02 3.200000000000000000e+03 3.465147560410242633e+00
