time torque_Nm angle_arcmin
0.000000000000000000e+00 0.000000000000000000e+00 0.000000000000000000e+00
1.000000000000000048e-04 3.200000000000000000e+01 5.903884544147745828e-03
2.000000000000000096e-04 6.400000000000000000e+01 4.660908727982911864e-02
3.000000000000001363e-04 9.600000000000004263e+01 1.572031095101253939e-01
4.014235576320003985e-04 1.284555384422401403e+02 3.635203978814459669e-01
5.007057385220928161e-04 1.602258363270697146e+02 6.490793086234887266e-01
6.007364138769010018e-04 1.922356524406083054e+02 8.741032231853179679e-01
7.010718000483857730e-04 2.243429760154834582e+02 1.001099677867931970e+00
8.047704821746488489e-04 2.575265542958876495e+02 1.122661837157229225e+00
9.016201884680245023e-04 2.885184603097678178e+02 1.218627767750906532e+00
1.003499001113167212e-03 3.211196803562135074e+02 1.298903201650993378e+00
1.104698399206898969e-03 3.535034877462076679e+02 1.357756288673808598e+00
1.201476162060842543e-03 3.844723718594696038e+02 1.405514878210932572e+00
1.300065401364743946e-03 4.160209284367180658e+02 1.451047672903559294e+00
1.404302584571540330e-03 4.493768270628929145e+02 1.495431934973958432e+00
1.500781925997046263e-03 4.802502163190548004e+02 1.533832304704294769e+00
1.601932898691575506e-03 5.126185275813040789e+02 1.571055624860004940e+00
1.704302557804111048e-03 5.453768184973155257e+02 1.605797465907073729e+00
1.800120558733444382e-03 5.760385787947021754e+02 1.637639929841950615e+00
1.902669658404105820e-03 6.088542906893138706e+02 1.667981014566219944e+00
2.000050654357584789e-03 6.400162093944270509e+02 1.696794055317126571e+00
2.103791225557003017e-03 6.732131921782408881e+02 1.730730405280120010e+00
2.202523631250241816e-03 7.048075620000772687e+02 1.765249923959424816e+00
2.301109057832262817e-03 7.363548985063240480e+02 1.800334069913450685e+00
2.401109057832263079e-03 7.683548985063241616e+02 1.835464339732859385e+00
2.501109057832263342e-03 8.003548985063241616e+02 1.869843192085830497e+00
2.601109057832263604e-03 8.323548985063243890e+02 1.903524362790563362e+00
2.701109057832263866e-03 8.643548985063243890e+02 1.936625160193684803e+00
2.801109057832264129e-03 8.963548985063245027e+02 1.969353971031225781e+00
2.901109057832264391e-03 9.283548985063246164e+02 2.001965282173622462e+00
3.001109057832264653e-03 9.603548985063247301e+02 2.034506056944235475e+00
3.101109057832264915e-03 9.923548985063247301e+02 2.066797029511486361e+00
3.201109057832265178e-03 1.024354898506324844e+03 2.098800196750902014e+00
3.301109057832265440e-03 1.056354898506324844e+03 2.130507534414224580e+00
3.401109057832265702e-03 1.088354898506325071e+03 2.161876459062280986e+00
3.501109057832265965e-03 1.120354898506325071e+03 2.192871476398802422e+00
3.601109057832266227e-03 1.152354898506325299e+03 2.223478972506635287e+00
3.701109057832266489e-03 1.184354898506325299e+03 2.253677699203965989e+00
3.801109057832266751e-03 1.216354898506325299e+03 2.283574151068563651e+00
3.901109057832267014e-03 1.248354898506325526e+03 2.313261174581502821e+00
4.001109057832263373e-03 1.280354898506324162e+03 2.342803274619940535e+00
4.101109057832259298e-03 1.312354898506322797e+03 2.372396051344849432e+00
4.201109057832255224e-03 1.344354898506321661e+03 2.402180443612648375e+00
4.301109057832251149e-03 1.376354898506320296e+03 2.432091601273276282e+00
4.401109057832247075e-03 1.408354898506319159e+03 2.462096435724619781e+00
4.501109057832243000e-03 1.440354898506317568e+03 2.492098192394587741e+00
4.601109057832238926e-03 1.472354898506316431e+03 2.521964884050357458e+00
4.701109057832234851e-03 1.504354898506315067e+03 2.551693942791187997e+00
4.801109057832230777e-03 1.536354898506313930e+03 2.581121720632112648e+00
4.901109057832226702e-03 1.568354898506312338e+03 2.610165838042337150e+00
5.001109057832222628e-03 1.600354898506311201e+03 2.638872799294834870e+00
5.101109057832218553e-03 1.632354898506309837e+03 2.667309845850514893e+00
5.201109057832214479e-03 1.664354898506308473e+03 2.695628930192728312e+00
5.301109057832210404e-03 1.696354898506307336e+03 2.723931182705769061e+00
5.401109057832206330e-03 1.728354898506305972e+03 2.752306241287295396e+00
5.501109057832202255e-03 1.760354898506304608e+03 2.780826844116638163e+00
5.601109057832198181e-03 1.792354898506303243e+03 2.809515959335421531e+00
5.701109057832194106e-03 1.824354898506302106e+03 2.838336377695617418e+00
5.801109057832190032e-03 1.856354898506300742e+03 2.867208512823582911e+00
5.901109057832185957e-03 1.888354898506299378e+03 2.896012616960895070e+00
6.001109057832181883e-03 1.920354898506298014e+03 2.924557467678860156e+00
6.101109057832177808e-03 1.952354898506296877e+03 2.952681040370317422e+00
6.201109057832173733e-03 1.984354898506295513e+03 2.980376613915257877e+00
6.301109057832169659e-03 2.016354898506294148e+03 3.007703353010958480e+00
6.401109057832165584e-03 2.048354898506293011e+03 3.036769385692342560e+00
6.501109057832161510e-03 2.080354898506291647e+03 3.067195708229966566e+00
6.601109057832157435e-03 2.112354898506290283e+03 3.097241398448953298e+00
6.701109057832153361e-03 2.144354898506288919e+03 3.126513467454616446e+00
6.801109057832149286e-03 2.176354898506287554e+03 3.155167909757148781e+00
6.901109057832145212e-03 2.208354898506286645e+03 3.183469022390329695e+00
7.001109057832141137e-03 2.240354898506285281e+03 3.211625274451731293e+00
7.101109057832137063e-03 2.272354898506283917e+03 3.239728939378221373e+00
7.201109057832132988e-03 2.304354898506282552e+03 3.267765459806802664e+00
7.301109057832128914e-03 2.336354898506281188e+03 3.295596046480909092e+00
7.401109057832124839e-03 2.368354898506279824e+03 3.323065681929882498e+00
7.501109057832120765e-03 2.400354898506278460e+03 3.350147777941602456e+00
7.601109057832116690e-03 2.432354898506277095e+03 3.376883237061835352e+00
7.701109057832112616e-03 2.464354898506276186e+03 3.403309045416485379e+00
7.801109057832108541e-03 2.496354898506274822e+03 3.429507316537736106e+00
7.901109057832105334e-03 2.528354898506273457e+03 3.455609880665039491e+00
8.001109057832101260e-03 2.560354898506272093e+03 3.481760909051936359e+00
8.101109057832097185e-03 2.592354898506270729e+03 3.508071571887481532e+00
8.201109057832093110e-03 2.624354898506269819e+03 3.534575115164504844e+00
8.301109057832089036e-03 2.656354898506268455e+03 3.561263088768593654e+00
8.401109057832084961e-03 2.688354898506267091e+03 3.588078229655805806e+00
8.501109057832080887e-03 2.720354898506265727e+03 3.614925045367938683e+00
8.601109057832076812e-03 2.752354898506264817e+03 3.641691106262033628e+00
8.701109057832072738e-03 2.784354898506263453e+03 3.668272915245298194e+00
8.801109057832068663e-03 2.816354898506261634e+03 3.694600487397182054e+00
8.901109057832064589e-03 2.848354898506260270e+03 3.720651888067917135e+00
9.001109057832060514e-03 2.880354898506259360e+03 3.746456993364087218e+00
9.101109057832056440e-03 2.912354898506257996e+03 3.772091051799801420e+00
9.201109057832052365e-03 2.944354898506256632e+03 3.797660118682525177e+00
9.301109057832048291e-03 2.976354898506255267e+03 3.823274969318216421e+00
9.401109057832044216e-03 3.008354898506254358e+03 3.849032975675702239e+00
9.501109057832040142e-03 3.040354898506252994e+03 3.874987583004369629e+00
9.601109057832036067e-03 3.072354898506251629e+03 3.901107711857682236e+00
9.701109057832031993e-03 3.104354898506249810e+03 3.927330922710971617e+00
9.801109057832027918e-03 3.136354898506248901e+03 3.953574393842029355e+00
9.901109057832023844e-03 3.168354898506247537e+03 3.979737481727926518e+00
1.000110905783201977e-02 3.199645101493753828e+03 4.005719249375252033e+00
1.010110905783201569e-02 3.167645101493755192e+03 4.026586478105190103e+00
1.020110905783201162e-02 3.135645101493756101e+03 4.035714087807898309e+00
1.030110905783200755e-02 3.103645101493757466e+03 4.034994826242144228e+00
1.040110905783200347e-02 3.071645101493758830e+03 4.026896898609602538e+00
1.050110905783199940e-02 3.039645101493760194e+03 4.013373642836456590e+00
1.060110905783199532e-02 3.007645101493761558e+03 3.995820179096993385e+00
1.070110905783199125e-02 2.975645101493762922e+03 3.975281391990800550e+00
1.080110905783198717e-02 2.943645101493764287e+03 3.952555093370823780e+00
1.090110905783198310e-02 2.911645101493765651e+03 3.928356086526870072e+00
1.100110905783197902e-02 2.879645101493766560e+03 3.903141170368002122e+00
1.110110905783197495e-02 2.847645101493767925e+03 3.877131999873089541e+00
1.120110905783197087e-02 2.815645101493769289e+03 3.850426174319465211e+00
1.130110905783196680e-02 2.783645101493770653e+03 3.823136472599916402e+00
1.140110905783196273e-02 2.751645101493772017e+03 3.795455981991242123e+00
1.150110905783195865e-02 2.719645101493773382e+03 3.767421958015868100e+00
1.160110905783195458e-02 2.687645101493774746e+03 3.739132258318452973e+00
1.170110905783195050e-02 2.655645101493776110e+03 3.710806102815093155e+00
1.180110905783194643e-02 2.623645101493777020e+03 3.682551447851239779e+00
1.190110905783194235e-02 2.591645101493778384e+03 3.654482701336928319e+00
1.200110905783193828e-02 2.559645101493779748e+03 3.626765411828909436e+00
1.210110905783193420e-02 2.527645101493781112e+03 3.599574323837620771e+00
1.220110905783193013e-02 2.495645101493782477e+03 3.572917800690314394e+00
1.230110905783192606e-02 2.463645101493783841e+03 3.546696842894931478e+00
1.240110905783192198e-02 2.431645101493785205e+03 3.520761320438239306e+00
1.250110905783191791e-02 2.399645101493786115e+03 3.494955158449620569e+00
1.260110905783191383e-02 2.367645101493787479e+03 3.469117620962869353e+00
1.270110905783190976e-02 2.335645101493788843e+03 3.443074274941508861e+00
1.280110905783190568e-02 2.303645101493790207e+03 3.416690568426901997e+00
1.290110905783190161e-02 2.271645101493791572e+03 3.389969944926991108e+00
1.300110905783189753e-02 2.239645101493792936e+03 3.363002719593068068e+00
1.310110905783189346e-02 2.207645101493794300e+03 3.335896894330007800e+00
1.320110905783188938e-02 2.175645101493795664e+03 3.308766523974410845e+00
1.330110905783188531e-02 2.143645101493796574e+03 3.281715547317793913e+00
1.340110905783188124e-02 2.111645101493797938e+03 3.254832627759908004e+00
1.350110905783187716e-02 2.079645101493799302e+03 3.228168149699045752e+00
1.360110905783187309e-02 2.047645101493800667e+03 3.201706339986037264e+00
1.370110905783186901e-02 2.015645101493802031e+03 3.175378700361997986e+00
1.380110905783186494e-02 1.983645101493803395e+03 3.149075000542449043e+00
1.390110905783186086e-02 1.951645101493804532e+03 3.122672354600924738e+00
1.400110905783185679e-02 1.919645101493805896e+03 3.096077344028026701e+00
1.410110905783185271e-02 1.887645101493807033e+03 3.069214264031478567e+00
1.420110905783184864e-02 1.855645101493808397e+03 3.040669053187479598e+00
1.430110905783184456e-02 1.823645101493809761e+03 3.011011197919103655e+00
1.440110905783184049e-02 1.791645101493811126e+03 2.981437736735891519e+00
1.450110905783183642e-02 1.759645101493812490e+03 2.952143722626414224e+00
1.460110905783183234e-02 1.727645101493813854e+03 2.923291438929605413e+00
1.470110905783182827e-02 1.695645101493814991e+03 2.894948369221169049e+00
1.480110905783182419e-02 1.663645101493816355e+03 2.867075832746858843e+00
1.490110905783182012e-02 1.631645101493817492e+03 2.839615169633966207e+00
1.500110905783181604e-02 1.599645101493818856e+03 2.812473734245017454e+00
1.510110905783181197e-02 1.567645101493820221e+03 2.785506885892591988e+00
1.520110905783180789e-02 1.535645101493821585e+03 2.758552683689554197e+00
1.530110905783180382e-02 1.503645101493822949e+03 2.731462775811286825e+00
1.540110905783179975e-02 1.471645101493824086e+03 2.704121523258375070e+00
1.550110905783179567e-02 1.439645101493825450e+03 2.676455049410740195e+00
1.560110905783179160e-02 1.407645101493826814e+03 2.648452983827964236e+00
1.570110905783178926e-02 1.375645101493827497e+03 2.620178528686468944e+00
1.580110905783178518e-02 1.343645101493828861e+03 2.591740055384161856e+00
1.590110905783178111e-02 1.311645101493830225e+03 2.563270644172319646e+00
1.600110905783177703e-02 1.279645101493831362e+03 2.534897694262905343e+00
1.610110905783177296e-02 1.247645101493832726e+03 2.506704550485721050e+00
1.620110905783176888e-02 1.215645101493834090e+03 2.478726399253682544e+00
1.630110905783176481e-02 1.183645101493835455e+03 2.450928071050986201e+00
1.640110905783176073e-02 1.151645101493836592e+03 2.423210583540938323e+00
1.650110905783175666e-02 1.119645101493837956e+03 2.395443372498643253e+00
1.660110905783175259e-02 1.087645101493839320e+03 2.367488264487910055e+00
1.670110905783174851e-02 1.055645101493840684e+03 2.339217289821873713e+00
1.680110905783174444e-02 1.023645101493841707e+03 2.310543061850462543e+00
1.690110905783174036e-02 9.916451014938431854e+02 2.281441011641621941e+00
1.700110905783173629e-02 9.596451014938445496e+02 2.251953378002186312e+00
1.710110905783173221e-02 9.276451014938459139e+02 2.222183655851994288e+00
1.720110905783172814e-02 8.956451014938469370e+02 2.192263825111771425e+00
1.730110905783172406e-02 8.636451014938483013e+02 2.162331864059561237e+00
1.740110905783171999e-02 8.316451014938497792e+02 2.132484596120521658e+00
1.750110905783171591e-02 7.996451014938511435e+02 2.102781378087485109e+00
1.760110905783171184e-02 7.676451014938521666e+02 2.073228254929697201e+00
1.770110905783170777e-02 7.356451014938535309e+02 2.043755919210769267e+00
1.780110905783170369e-02 7.036451014938550088e+02 2.014229435960657622e+00
1.790110905783169962e-02 6.716451014938563731e+02 1.984452291609579699e+00
1.800110905783169554e-02 6.396451014938573962e+02 1.954235909022332907e+00
1.810110905783169147e-02 6.076451014938587605e+02 1.923515301892485763e+00
1.820110905783168739e-02 5.756451014938601247e+02 1.892243122603793903e+00
1.830110905783168332e-02 5.436451014938616026e+02 1.860401263796701565e+00
1.840110905783167924e-02 5.116451014938626258e+02 1.828032798420610616e+00
1.850110905783167517e-02 4.796451014938639901e+02 1.795248393972151968e+00
1.860110905783167110e-02 4.476451014938653543e+02 1.762085195733906318e+00
1.870110905783166702e-02 4.156451014938667754e+02 1.728548649756692202e+00
1.880110905783166295e-02 3.836451014938677986e+02 1.694546092190180264e+00
1.890110905783165887e-02 3.516451014938692197e+02 1.660165537531286262e+00
1.900110905783165480e-02 3.196451014938705839e+02 1.625465092794067257e+00
1.910110905783165072e-02 2.876451014938720050e+02 1.590528149212371511e+00
1.920110905783164665e-02 2.556451014938730282e+02 1.554821401007975057e+00
1.930110905783164257e-02 2.236451014938744208e+02 1.517562982208465305e+00
1.940110905783163850e-02 1.916451014938758135e+02 1.478122249811644418e+00
1.950110905783163442e-02 1.596451014938772062e+02 1.435715926139673915e+00
1.960110905783163035e-02 1.276451014938782436e+02 1.389603746150443797e+00
1.970110905783162628e-02 9.564510149387963622e+01 1.339420784691846666e+00
1.980110905783162220e-02 6.364510149388102889e+01 1.285243606232834956e+00
1.990110905783161813e-02 3.164510149388242155e+01 1.226921606910944984e+00
2.000110905783161405e-02 -3.548985061163634214e-01 1.163680392148507270e+00
2.010110905783160998e-02 -3.235489850611506313e+01 1.093052701628815182e+00
2.020110905783160590e-02 -6.435489850611375573e+01 1.007858690501808319e+00
2.030110905783160183e-02 -9.635489850611244833e+01 8.897491400826247343e-01
2.040088085283868480e-02 -1.282818729083790004e+02 7.120132680126860514e-01
2.050176700140132410e-02 -1.605654404484235727e+02 4.437985008793556285e-01
2.060064172633601157e-02 -1.922053524275235645e+02 7.066520274446462524e-02
2.070013703576105077e-02 -2.240438514435361128e+02 -2.185731995412136808e-01
2.080005708898037195e-02 -2.560182684737188765e+02 -3.424012526730943473e-01
2.090073085806610706e-02 -2.882338745811541116e+02 -3.813987149656755116e-01
2.100360334724441988e-02 -3.211530711182142568e+02 -4.066054554552313016e-01
2.110441228144694162e-02 -3.534119300630212024e+02 -4.341584015916484796e-01
2.120463511719481581e-02 -3.854832375023408986e+02 -4.693759118755817528e-01
2.130793848642041632e-02 -4.185403156545330603e+02 -5.113506402706710086e-01
2.140144284319606127e-02 -4.484617098227394081e+02 -5.500320929548717652e-01
2.150026257559594159e-02 -4.800840241907012000e+02 -5.866236386665094615e-01
2.160081836424616181e-02 -5.122618765587716325e+02 -6.204550315099026658e-01
2.170018099629047667e-02 -5.440579188129523800e+02 -6.514832628745181875e-01
2.180209198760373404e-02 -5.766694360331947564e+02 -6.842755360422900779e-01
2.190080186560415532e-02 -6.082565969933294809e+02 -7.136786434968069859e-01
2.200454823669767759e-02 -6.414554357432566576e+02 -7.471016232610886432e-01
2.210600637007359426e-02 -6.739220384235500205e+02 -7.830914492760401302e-01
2.220140186368322818e-02 -7.044485963786328284e+02 -8.184654797598339693e-01
2.230140186368322411e-02 -7.364485963786315779e+02 -8.556499535933688172e-01
2.240140186368322003e-02 -7.684485963786303273e+02 -8.924530678776408932e-01
2.250140186368321596e-02 -8.004485963786288494e+02 -9.285260798657033465e-01
2.260140186368321188e-02 -8.324485963786277125e+02 -9.635676156241687051e-01
2.270140186368320781e-02 -8.644485963786262346e+02 -9.975748802961104111e-01
2.280140186368320374e-02 -8.964485963786250977e+02 -1.030604175570745351e+00
2.290140186368319966e-02 -9.284485963786236198e+02 -1.062629736762252142e+00
2.300140186368319559e-02 -9.604485963786224829e+02 -1.093735011160768433e+00
2.310140186368319151e-02 -9.924485963786210050e+02 -1.124202423988043265e+00
2.320140186368318744e-02 -1.024448596378619868e+03 -1.154406154525257300e+00
2.330140186368318336e-02 -1.056448596378618504e+03 -1.184604343483898647e+00
2.340140186368317929e-02 -1.088448596378617140e+03 -1.214922115431288141e+00
2.350140186368317521e-02 -1.120448596378615775e+03 -1.245414019514428094e+00
2.360140186368317114e-02 -1.152448596378614639e+03 -1.276028751034511632e+00
2.370140186368316707e-02 -1.184448596378613274e+03 -1.306611882103086986e+00
2.380140186368316299e-02 -1.216448596378611910e+03 -1.337044903453303402e+00
2.390140186368315892e-02 -1.248448596378610546e+03 -1.367288117904774003e+00
2.400140186368315484e-02 -1.280448596378609409e+03 -1.397300385885658303e+00
2.410140186368315077e-02 -1.312448596378608045e+03 -1.427010565410980591e+00
2.420140186368314669e-02 -1.344448596378606908e+03 -1.456352625015457702e+00
2.430140186368314262e-02 -1.376448596378605316e+03 -1.485337600048582951e+00
2.440140186368313854e-02 -1.408448596378604179e+03 -1.514041429473393485e+00
2.450140186368313447e-02 -1.440448596378602815e+03 -1.542484056463856890e+00
2.460140186368313039e-02 -1.472448596378601678e+03 -1.570847175788805172e+00
2.470140186368312632e-02 -1.504448596378600087e+03 -1.599259173957026547e+00
2.480140186368312225e-02 -1.536448596378598950e+03 -1.627782336381152328e+00
2.490140186368311817e-02 -1.568448596378597585e+03 -1.656444855398663263e+00
2.500140186368311410e-02 -1.600448596378596449e+03 -1.685246965523874652e+00
2.510140186368311002e-02 -1.632448596378595084e+03 -1.714188270207011033e+00
2.520140186368310595e-02 -1.664448596378593493e+03 -1.743178313771019061e+00
2.530140186368310187e-02 -1.696448596378592583e+03 -1.772123054913945062e+00
2.540140186368309780e-02 -1.728448596378591219e+03 -1.800996483065773646e+00
2.550140186368309372e-02 -1.760448596378589855e+03 -1.829642383784395365e+00
2.560740186368309912e-02 -1.794368596378591747e+03 -1.859675097896403617e+00
2.570820186368309029e-02 -1.826624596378588876e+03 -1.887890912081957362e+00
2.580740186368308403e-02 -1.858368596378586744e+03 -1.915439891018963392e+00
2.590740186368307996e-02 -1.890368596378585380e+03 -1.943040259621048982e+00
2.600740186368307588e-02 -1.922368596378584016e+03 -1.970586396019456066e+00
2.610740186368307181e-02 -1.954368596378582879e+03 -1.998190452094385838e+00
2.620740186368306773e-02 -1.986368596378581515e+03 -2.025903919330229730e+00
2.630740186368306366e-02 -2.018368596378580150e+03 -2.053745583801470875e+00
2.640740186368305958e-02 -2.050368596378578786e+03 -2.081691356127767012e+00
2.650740186368305551e-02 -2.082368596378577877e+03 -2.109682905657466190e+00
2.660740186368305144e-02 -2.114368596378576513e+03 -2.137624211593424750e+00
2.670740186368304736e-02 -2.146368596378575148e+03 -2.165420513268858205e+00
2.680740186368304329e-02 -2.178368596378573784e+03 -2.192998452180031865e+00
2.690740186368303921e-02 -2.210368596378571965e+03 -2.220318440686657180e+00
2.700740186368303514e-02 -2.242368596378571056e+03 -2.247385642367170977e+00
2.710740186368303106e-02 -2.274368596378569691e+03 -2.274249122430095582e+00
2.720740186368302699e-02 -2.306368596378568327e+03 -2.300993602296868445e+00
2.730740186368302291e-02 -2.338368596378566963e+03 -2.327716208532370601e+00
2.740740186368301884e-02 -2.370368596378566053e+03 -2.354510071016002293e+00
2.750740186368301476e-02 -2.402368596378564689e+03 -2.381444536691116554e+00
2.760740186368301069e-02 -2.434368596378563325e+03 -2.408548830174320088e+00
2.770740186368300662e-02 -2.466368596378561961e+03 -2.435805322365701908e+00
2.780740186368300254e-02 -2.498368596378560596e+03 -2.463153549241342333e+00
2.790740186368299847e-02 -2.530368596378559232e+03 -2.490491912942214281e+00
2.800740186368299439e-02 -2.562368596378557868e+03 -2.517715883566657542e+00
2.810740186368299032e-02 -2.594368596378556504e+03 -2.544739981711511057e+00
2.820740186368298624e-02 -2.626368596378555594e+03 -2.571507608028789527e+00
2.830740186368298217e-02 -2.658368596378554230e+03 -2.598005387366658869e+00
2.840740186368297809e-02 -2.690368596378552866e+03 -2.624278229431963538e+00
2.850740186368297402e-02 -2.722368596378551501e+03 -2.650407567295284927e+00
2.860740186368296994e-02 -2.754368596378550137e+03 -2.676495846711460569e+00
2.870740186368296587e-02 -2.786368596378548773e+03 -2.702645799173567731e+00
2.880740186368296180e-02 -2.818368596378547409e+03 -2.728938517505059114e+00
2.890740186368295772e-02 -2.850368596378546044e+03 -2.755416973371772382e+00
2.900740186368295365e-02 -2.882368596378545135e+03 -2.782077063734802014e+00
2.910740186368294957e-02 -2.914368596378543771e+03 -2.808866202059703276e+00
2.920740186368294550e-02 -2.946368596378542406e+03 -2.835697148801978873e+00
2.930740186368294142e-02 -2.978368596378541042e+03 -2.862469864535109210e+00
2.940740186368293735e-02 -3.010368596378539678e+03 -2.889089286141306001e+00
2.950740186368293327e-02 -3.042368596378538314e+03 -2.915487050403768432e+00
2.960740186368292920e-02 -3.074368596378536949e+03 -2.941630695082555036e+00
2.970740186368292512e-02 -3.106368596378535585e+03 -2.967529329775968172e+00
2.980740186368292105e-02 -3.138368596378534676e+03 -2.993249955857784084e+00
2.990740186368291698e-02 -3.170368596378533312e+03 -3.018883629980999128e+00
3.000740186368291290e-02 -3.197631403621467598e+03 -3.044511165847284317e+00
3.010740186368290883e-02 -3.165631403621468962e+03 -3.064665946836239385e+00
3.020740186368290475e-02 -3.133631403621470326e+03 -3.073391485371910203e+00
3.030740186368290068e-02 -3.101631403621471691e+03 -3.072650099796269796e+00
3.040740186368289660e-02 -3.069631403621472600e+03 -3.064774549131882520e+00
3.050740186368289253e-02 -3.037631403621473964e+03 -3.051408828829416997e+00
3.060740186368288845e-02 -3.005631403621475329e+03 -3.033611039496259210e+00
3.070740186368288438e-02 -2.973631403621476238e+03 -3.012292677052611722e+00
3.080740186368288031e-02 -2.941631403621478057e+03 -2.988299615345148208e+00
3.090740186368287623e-02 -2.909631403621479421e+03 -2.962234674956544467e+00
3.100740186368287216e-02 -2.877631403621480786e+03 -2.934530699798479692e+00
3.110740186368286808e-02 -2.845631403621482150e+03 -2.905702182072810391e+00
3.120740186368286401e-02 -2.813631403621483059e+03 -2.876452313589546339e+00
3.130740186368288075e-02 -2.781631403621477602e+03 -2.847145480800801653e+00
3.140740186368291137e-02 -2.749631403621468053e+03 -2.817917252473394196e+00
3.150740186368294199e-02 -2.717631403621458048e+03 -2.788870901061275109e+00
3.160740186368297261e-02 -2.685631403621448499e+03 -2.760233915397753979e+00
3.170740186368300323e-02 -2.653631403621438494e+03 -2.732069284865151548e+00
3.180740186368303385e-02 -2.621631403621428944e+03 -2.704248407141555344e+00
3.190740186368306447e-02 -2.589631403621418940e+03 -2.676615887465573884e+00
3.200740186368309509e-02 -2.557631403621409390e+03 -2.649052932863445786e+00
3.210740186368312571e-02 -2.525631403621399386e+03 -2.621546178215506284e+00
3.220740186368315633e-02 -2.493631403621389836e+03 -2.594154034161150424e+00
3.230740186368318695e-02 -2.461631403621379832e+03 -2.566847540890404122e+00
3.240740186368321757e-02 -2.429631403621370282e+03 -2.539616271174891970e+00
3.250740186368324819e-02 -2.397631403621360278e+03 -2.512520186706833414e+00
3.260740186368327881e-02 -2.365631403621350728e+03 -2.485604568481198040e+00
3.270740186368330943e-02 -2.333631403621340723e+03 -2.458908948679761064e+00
3.280740186368334005e-02 -2.301631403621330719e+03 -2.432457306086670101e+00
3.290740186368337067e-02 -2.269631403621320715e+03 -2.406242638603836248e+00
3.300740186368340129e-02 -2.237631403621311165e+03 -2.380219389698771781e+00
3.310740186368343191e-02 -2.205631403621301615e+03 -2.354306416063988827e+00
3.320740186368346253e-02 -2.173631403621291611e+03 -2.328399631420863258e+00
3.330740186368349315e-02 -2.141631403621281606e+03 -2.302390211139265119e+00
3.340740186368352377e-02 -2.109631403621272057e+03 -2.276189583009622375e+00
3.350740186368355439e-02 -2.077631403621262507e+03 -2.249774854738467056e+00
3.360740186368358501e-02 -2.045631403621252502e+03 -2.223148577789562097e+00
3.370740186368361563e-02 -2.013631403621242498e+03 -2.196343708177544762e+00
3.380740186368364625e-02 -1.981631403621232948e+03 -2.169425269882707230e+00
3.390740186368367687e-02 -1.949631403621223399e+03 -2.142476605351869789e+00
3.400740186368370749e-02 -1.917631403621213394e+03 -2.115588161053140848e+00
3.410740186368373811e-02 -1.885631403621203390e+03 -2.088835606078131235e+00
3.420740186368376873e-02 -1.853631403621193840e+03 -2.062255147397093147e+00
3.430740186368379935e-02 -1.821631403621184063e+03 -2.035834048889435532e+00
3.440740186368382997e-02 -1.789631403621174059e+03 -2.009514924895361432e+00
3.450740186368386059e-02 -1.757631403621164282e+03 -1.983206528954173820e+00
3.460740186368389121e-02 -1.725631403621154504e+03 -1.956803674175269459e+00
3.470740186368392183e-02 -1.693631403621144955e+03 -1.930207162682291200e+00
3.480740186368395245e-02 -1.661631403621134950e+03 -1.903350117299202005e+00
3.490740186368398307e-02 -1.629631403621124946e+03 -1.876219511835590881e+00
3.500740186368401369e-02 -1.597631403621115396e+03 -1.848849715674692584e+00
3.510740186368404431e-02 -1.565631403621105392e+03 -1.821314567261464124e+00
3.520740186368407493e-02 -1.533631403621095842e+03 -1.793711359075586431e+00
3.530740186368410555e-02 -1.501631403621085838e+03 -1.766139520787825212e+00
3.540740186368413617e-02 -1.469631403621076061e+03 -1.738678564076647115e+00
3.550740186368416679e-02 -1.437631403621066283e+03 -1.711369449065926807e+00
3.560740186368419741e-02 -1.405631403621056506e+03 -1.684198812406634271e+00
3.570740186368422803e-02 -1.373631403621046502e+03 -1.657111277680838102e+00
3.580740186368425865e-02 -1.341631403621036952e+03 -1.630010528438251782e+00
3.590740186368428927e-02 -1.309631403621026948e+03 -1.602809310028904255e+00
3.600740186368431989e-02 -1.277631403621017398e+03 -1.575409151423682985e+00
3.610740186368435051e-02 -1.245631403621007394e+03 -1.547745044595339348e+00
3.620740186368438113e-02 -1.213631403620997844e+03 -1.519784823546693087e+00
3.630740186368441175e-02 -1.181631403620987840e+03 -1.491549511522488602e+00
3.640740186368444237e-02 -1.149631403620978290e+03 -1.463117324793874019e+00
3.650740186368447299e-02 -1.117631403620968285e+03 -1.434690477888541427e+00
3.660740186368450361e-02 -1.085631403620958508e+03 -1.406456180366304709e+00
3.670740186368453423e-02 -1.053631403620948504e+03 -1.378441983322134634e+00
3.680740186368456485e-02 -1.021631403620938954e+03 -1.350649140867416831e+00
3.690740186368459547e-02 -9.896314036209289497e+02 -1.323031518414704566e+00
3.700740186368462609e-02 -9.576314036209194001e+02 -1.295487282533871465e+00
3.710740186368465671e-02 -9.256314036209093956e+02 -1.267906846349284633e+00
3.720740186368468733e-02 -8.936314036208998459e+02 -1.240173291518873011e+00
3.730740186368471795e-02 -8.616314036208898415e+02 -1.212170924233058500e+00
3.740740186368474857e-02 -8.296314036208801781e+02 -1.183797377910024151e+00
3.750740186368477919e-02 -7.976314036208701737e+02 -1.154932476468995439e+00
3.760740186368480981e-02 -7.656314036208606240e+02 -1.125553480823069386e+00
3.770740186368484043e-02 -7.336314036208506195e+02 -1.095735893834793195e+00
3.780740186368487105e-02 -7.016314036208409561e+02 -1.065603013796674770e+00
3.790740186368490167e-02 -6.696314036208310654e+02 -1.035291820298989807e+00
3.800740186368493229e-02 -6.376314036208214020e+02 -1.004891935086663857e+00
3.810740186368496291e-02 -6.056314036208113976e+02 -9.744126111853496086e-01
3.820740186368499353e-02 -5.736314036208018479e+02 -9.438558721758110170e-01
3.830740186368502415e-02 -5.416314036207918434e+02 -9.131758622168989481e-01
3.840740186368505477e-02 -5.096314036207821800e+02 -8.822946327673065747e-01
3.850740186368508539e-02 -4.776314036207722324e+02 -8.510509383286636309e-01
3.860740186368511601e-02 -4.456314036207626259e+02 -8.192477022888657867e-01
3.870740186368514663e-02 -4.136314036207526215e+02 -7.866339177635546243e-01
3.880740186368517725e-02 -3.816314036207430149e+02 -7.528784058868429607e-01
3.890740186368520787e-02 -3.496314036207330673e+02 -7.179646293759881504e-01
3.900740186368523849e-02 -3.176314036207234039e+02 -6.820022666266354339e-01
3.910740186368526911e-02 -2.856314036207134563e+02 -6.451524668357468961e-01
3.920740186368529973e-02 -2.536314036207038214e+02 -6.076774409661456211e-01
3.930740186368533035e-02 -2.216314036206938454e+02 -5.697035265704349927e-01
3.940740186368536097e-02 -1.896314036206842388e+02 -5.310306193043020651e-01
3.950740186368539159e-02 -1.576314036206742344e+02 -4.914265414629389594e-01
3.960740186368542221e-02 -1.256314036206646279e+02 -4.502860237031043877e-01
3.970740186368545283e-02 -9.363140362065465183e+01 -4.069233114707490606e-01
3.980740186368548345e-02 -6.163140362064503108e+01 -3.607779098575388810e-01
3.990740186368551407e-02 -2.963140362063505506e+01 -3.107528515660999968e-01
4.000380186368553831e-02 1.216596379371992498e+00 -2.566854347063076691e-01
4.010079858432551853e-02 3.225554698416566168e+01 -1.939066083677706831e-01
4.020335435029032123e-02 6.507339209290252313e+01 -1.148181659964428586e-01
4.030302550884495849e-02 9.696816283038644713e+01 -1.331038741501337774e-02
4.040112208112101727e-02 1.283590659587252674e+02 1.464853977399332152e-01
4.050019754079334927e-02 1.600632130538714932e+02 3.891784967963973774e-01
4.060162663222715435e-02 1.925205223126891383e+02 6.825321215318123080e-01
4.070007854799093105e-02 2.240251353570976676e+02 9.004801756817050196e-01
4.080130686665012912e-02 2.564181973280410602e+02 1.042599221647488417e+00
4.090096914349371920e-02 2.883101259179898648e+02 1.179537282381170726e+00
4.100004072653345988e-02 3.200130324907069053e+02 1.298337837739531375e+00
4.110201033104243784e-02 3.526433059335798248e+02 1.389734972466171614e+00
4.120085747649748775e-02 3.842743924791957966e+02 1.444743404282795796e+00
4.130243993312518458e-02 4.167807786000587953e+02 1.484442369545444063e+00
4.140443929784443089e-02 4.494205753102176004e+02 1.522022018817097866e+00
4.150013650562201645e-02 4.800436817990449754e+02 1.556275507106431366e+00
4.160258628042024648e-02 5.128276097344786422e+02 1.591981094296644805e+00
4.170330752762904658e-02 5.450584088412946357e+02 1.625573571767522818e+00
4.180273792762903562e-02 5.768761368412910997e+02 1.655850256434999723e+00
4.190218225402900232e-02 6.086983212892804431e+02 1.683407554146772567e+00
4.200334886650901323e-02 6.410716372828840122e+02 1.706381021606101944e+00
4.210228075381777790e-02 6.727298412216886163e+02 1.732849180088627428e+00
4.220143007384592748e-02 7.044576236306965029e+02 1.763600861887608451e+00
4.230788513324461320e-02 7.385232426382759741e+02 1.799584412527873045e+00
4.240545750715005169e-02 7.697464022880162702e+02 1.833390723462152705e+00
4.250545750715008231e-02 8.017464022880259336e+02 1.867974454233813475e+00
4.260545750715011293e-02 8.337464022880358243e+02 1.902041875626363066e+00
4.270545750715014355e-02 8.657464022880456014e+02 1.935686894607005160e+00
4.280545750715017417e-02 8.977464022880553784e+02 1.969012436607570526e+00
4.290545750715020479e-02 9.297464022880651555e+02 2.002157219952958922e+00
4.300545750715023541e-02 9.617464022880749326e+02 2.035209937088014343e+00
4.310545750715026603e-02 9.937464022880848233e+02 2.068000417132896729e+00
4.320545750715029665e-02 1.025746402288094487e+03 2.100366131900996525e+00
4.330545750715032727e-02 1.057746402288104264e+03 2.132262473372698697e+00
4.340545750715035789e-02 1.089746402288114268e+03 2.163682571766039064e+00
4.350545750715038851e-02 1.121746402288124045e+03 2.194620274329714071e+00
4.360545750715041913e-02 1.153746402288133822e+03 2.225095363377257218e+00
4.370545750715044975e-02 1.185746402288143599e+03 2.255197378574500533e+00
4.380545750715048037e-02 1.217746402288153377e+03 2.285006709640863054e+00
4.390545750715051099e-02 1.249746402288163154e+03 2.314629763010761287e+00
4.400545750715054161e-02 1.281746402288172931e+03 2.344215937341631140e+00
4.410545750715057223e-02 1.313746402288182708e+03 2.373976099770172876e+00
4.420545750715060285e-02 1.345746402288192485e+03 2.403866910534939727e+00
4.430545750715063347e-02 1.377746402288202262e+03 2.434030532463459018e+00
4.440545750715066409e-02 1.409746402288212266e+03 2.464285545624832263e+00
4.450545750715069471e-02 1.441746402288222043e+03 2.494490444807294871e+00
4.460545750715072533e-02 1.473746402288231820e+03 2.524514340798936995e+00
4.470545750715075595e-02 1.505746402288241597e+03 2.554185860386996243e+00
4.480545750715078657e-02 1.537746402288251375e+03 2.583548796456382135e+00
4.490545750715081719e-02 1.569746402288261152e+03 2.612519799352250871e+00
4.500545750715084781e-02 1.601746402288270929e+03 2.641075917561190867e+00
4.510545750715087843e-02 1.633746402288280933e+03 2.669430141638482024e+00
4.520545750715090905e-02 1.665746402288290483e+03 2.697638859003237410e+00
4.530545750715093967e-02 1.697746402288300487e+03 2.725887528303152063e+00
4.540545750715097029e-02 1.729746402288310037e+03 2.754289348520059466e+00
4.550545750715100091e-02 1.761746402288320041e+03 2.782903793979083940e+00
4.560545750715102459e-02 1.793746402288327545e+03 2.811726326756832428e+00
4.570305750715102089e-02 1.824978402288326606e+03 2.839989476517998934e+00
4.580865750715100437e-02 1.858770402288321293e+03 2.870589983138395418e+00
4.590465750715098936e-02 1.889490402288316318e+03 2.898277314491350953e+00
4.600225750715099260e-02 1.920722402288317426e+03 2.926089390533148205e+00
4.610225750715102322e-02 1.952722402288326975e+03 2.954107736903858861e+00
4.620225750715105384e-02 1.984722402288336980e+03 2.981655184323001695e+00
4.630225750715108446e-02 2.016722402288346757e+03 3.008825675397665211e+00
4.640225750715111508e-02 2.048722402288356534e+03 3.038036382541488667e+00
4.650225750715114570e-02 2.080722402288366084e+03 3.068330253538172681e+00
4.660225750715117632e-02 2.112722402288376088e+03 3.098215980234251710e+00
4.670225750715120694e-02 2.144722402288385638e+03 3.127390737749121019e+00
4.680225750715123756e-02 2.176722402288395642e+03 3.156037628357390989e+00
4.690225750715126818e-02 2.208722402288405647e+03 3.184408231348757390e+00
4.700225750715129880e-02 2.240722402288415651e+03 3.212677053251727699e+00
4.710225750715132942e-02 2.272722402288425201e+03 3.240895498574438705e+00
4.720225750715136004e-02 2.304722402288435205e+03 3.269015025147203879e+00
4.730225750715139066e-02 2.336722402288444755e+03 3.296868383658885460e+00
4.740225750715142128e-02 2.368722402288454759e+03 3.324289778818288355e+00
4.750225750715145190e-02 2.400722402288464309e+03 3.351260115950359442e+00
4.760225750715148252e-02 2.432722402288474314e+03 3.377845317580730811e+00
4.770225750715151314e-02 2.464722402288483863e+03 3.404120198296057165e+00
4.780225750715154376e-02 2.496722402288493868e+03 3.430195543594501295e+00
4.790225750715157438e-02 2.528722402288503417e+03 3.456233672318952621e+00
4.800225750715160500e-02 2.560722402288513422e+03 3.482395253351821207e+00
4.810225750715163562e-02 2.592722402288522972e+03 3.508793691285712502e+00
4.820225750715166624e-02 2.624722402288532976e+03 3.535445939396919091e+00
4.830225750715169686e-02 2.656722402288542526e+03 3.562313472408625170e+00
4.840225750715172748e-02 2.688722402288552530e+03 3.589302008033307789e+00
4.850225750715175810e-02 2.720722402288562080e+03 3.616279549129880699e+00
4.860225750715178872e-02 2.752722402288572084e+03 3.643105605320015705e+00
4.870225750715181934e-02 2.784722402288581634e+03 3.669663928321838853e+00
4.880225750715184996e-02 2.816722402288591638e+03 3.695888919954791962e+00
4.890225750715188058e-02 2.848722402288601643e+03 3.721779827413278952e+00
4.900225750715191120e-02 2.880722402288611192e+03 3.747400601566249101e+00
4.910225750715194182e-02 2.912722402288621197e+03 3.772866397578761966e+00
4.920225750715197244e-02 2.944722402288631201e+03 3.798318843847791282e+00
4.930225750715200306e-02 2.976722402288640751e+03 3.823895130780986307e+00
4.940225750715203368e-02 3.008722402288650756e+03 3.849701562464445725e+00
4.950225750715206430e-02 3.040722402288660305e+03 3.875777213011926570e+00
4.960225750715209492e-02 3.072722402288670310e+03 3.902062250676086474e+00
4.970225750715212554e-02 3.104722402288679859e+03 3.928461287973232796e+00
4.980225750715215616e-02 3.136722402288689864e+03 3.954853093763163852e+00
4.990225750715218678e-02 3.168722402288699413e+03 3.981104244466297182e+00
5.000000000000000278e-02 3.200000000000000000e+03 4.006513297558711884e+00
