time torque_Nm angle_arcmin
0.000000000000000000e+00 0.000000000000000000e+00 0.000000000000000000e+00
1.008228784499543977e-04 3.226332110398540465e+01 6.018044512952371722e-03
2.007174019286442530e-04 6.422956861716615151e+01 4.704245256966137906e-02
3.004781490428507255e-04 9.615300769371224021e+01 1.578538047818105472e-01
4.026726902565020447e-04 1.288552608820806711e+02 3.791390730230795314e-01
5.005336169945522919e-04 1.601707574382567145e+02 7.087031638126540800e-01
6.005739131494710475e-04 1.921836522078307326e+02 1.169924063328375397e+00
7.004513516440473691e-04 2.241444325260951587e+02 1.731517590159450393e+00
8.008041882758675650e-04 2.562573402482776146e+02 1.973992182695827990e+00
9.006634528131348674e-04 2.882123049002031507e+02 2.147011790293081201e+00
1.000423198423991064e-03 3.201354234956771165e+02 2.347734268278133474e+00
1.100890202560117536e-03 3.522848648192376118e+02 2.559224554106044547e+00
1.202431127600002512e-03 3.847779608320007583e+02 2.737493925267282524e+00
1.300063571945146799e-03 4.160203430224469230e+02 2.855311077336764924e+00
1.401161647056845547e-03 4.483717270581905723e+02 2.911537217120950150e+00
1.503269323608650730e-03 4.810461835547681630e+02 2.947714857440677072e+00
1.602237171538064414e-03 5.127158948921805859e+02 2.981043059128967609e+00
1.702565068420618848e-03 5.448208218945981116e+02 3.015578173362860603e+00
1.800978210669858899e-03 5.763130274143547922e+02 3.049514308477820457e+00
1.902475945824953557e-03 6.087923026639850832e+02 3.082928244308681620e+00
2.003649913539202326e-03 6.411679723325446503e+02 3.117178246951402443e+00
2.103514436891150332e-03 6.731246198051680949e+02 3.149282024842497307e+00
2.203484080793994670e-03 7.051149058540783017e+02 3.177663755690465663e+00
2.300496106801879371e-03 7.361587541766014056e+02 3.198572031625143808e+00
2.400811759251737527e-03 7.682597629605560314e+02 3.218996151798867444e+00
2.500090939269568758e-03 8.000291005662619455e+02 3.249126493064982135e+00
2.600172180135721430e-03 8.320550976434308268e+02 3.284821833426169402e+00
2.702164149482715657e-03 8.646925278344689332e+02 3.324927333965046472e+00
2.800106119440656707e-03 8.960339582210101526e+02 3.365130365702489801e+00
2.901164424806351901e-03 9.283726159380325953e+02 3.406441376793500453e+00
3.003202149871630252e-03 9.610246879589216178e+02 3.446421295427421150e+00
3.101927655589242598e-03 9.926168497885577153e+02 3.483338722935974907e+00
3.201935310731757536e-03 1.024619299434162485e+03 3.519496488893440134e+00
3.304250834839100523e-03 1.057360267148512094e+03 3.555814619723340009e+00
3.401181331361851235e-03 1.088378026035792345e+03 3.590035640680885987e+00
3.502727565814256743e-03 1.120872821060562046e+03 3.625767908457459221e+00
3.600581209922937374e-03 1.152185987175339960e+03 3.659993231862269880e+00
3.700281149203477841e-03 1.184089967745112745e+03 3.694533768633021964e+00
3.806627751102719445e-03 1.218120880352870017e+03 3.730986379041136836e+00
3.906327690383256009e-03 1.250024860922641892e+03 3.764746422777486057e+00
4.007356962187535489e-03 1.282354227900011438e+03 3.798659866214793457e+00
4.104664102925340181e-03 1.313492512936108824e+03 3.831133253376283410e+00
4.201233656292793946e-03 1.344394770013693915e+03 3.863305754883289644e+00
4.301233656292789871e-03 1.376394770013692778e+03 3.896751238145792051e+00
4.401233656292785797e-03 1.408394770013691414e+03 3.930493955965556285e+00
4.501233656292781722e-03 1.440394770013690277e+03 3.964637332170087181e+00
4.601233656292777648e-03 1.472394770013688685e+03 3.999163488171817882e+00
4.701233656292773573e-03 1.504394770013687548e+03 4.033737725459016765e+00
4.801233656292769499e-03 1.536394770013686184e+03 4.067799230507803010e+00
4.901233656292765424e-03 1.568394770013685047e+03 4.101048409151011320e+00
5.001233656292761350e-03 1.600394770013683683e+03 4.133248138340141153e+00
5.101233656292757275e-03 1.632394770013682319e+03 4.164259182833281336e+00
5.201233656292753200e-03 1.664394770013680954e+03 4.194074514530260700e+00
5.301233656292749126e-03 1.696394770013679590e+03 4.222900342700928178e+00
5.401233656292745051e-03 1.728394770013678453e+03 4.251057448746891509e+00
5.501233656292740977e-03 1.760394770013677089e+03 4.278924192801657256e+00
5.601233656292736902e-03 1.792394770013675725e+03 4.306822867794455334e+00
5.701233656292732828e-03 1.824394770013674361e+03 4.335045475367595103e+00
5.801233656292728753e-03 1.856394770013673224e+03 4.363786461703925923e+00
5.901233656292724679e-03 1.888394770013671859e+03 4.393102823633783238e+00
6.001233656292720604e-03 1.920394770013670495e+03 4.422875014559616069e+00
6.101233656292716530e-03 1.952394770013669131e+03 4.452819494719410187e+00
6.201233656292712455e-03 1.984394770013668222e+03 4.483926704647836381e+00
6.301233656292708381e-03 2.016394770013666630e+03 4.515569121941519271e+00
6.401233656292704306e-03 2.048394770013665493e+03 4.546540050065421390e+00
6.501233656292700232e-03 2.080394770013664129e+03 4.576440169333049646e+00
6.601233656292696157e-03 2.112394770013662765e+03 4.605234138554642698e+00
6.701233656292692083e-03 2.144394770013661400e+03 4.633160030979047050e+00
6.801233656292688008e-03 2.176394770013660036e+03 4.660613589875799434e+00
6.901233656292683934e-03 2.208394770013658672e+03 4.688043362326697050e+00
7.001233656292679859e-03 2.240394770013657762e+03 4.715854266369020387e+00
7.101233656292675785e-03 2.272394770013656398e+03 4.744330449802397709e+00
7.201233656292671710e-03 2.304394770013655034e+03 4.773579400161594322e+00
7.301233656292667636e-03 2.336394770013653670e+03 4.803528331864961309e+00
7.401233656292663561e-03 2.368394770013652305e+03 4.833936938582555243e+00
7.501233656292659487e-03 2.400394770013650941e+03 4.864469374243755695e+00
7.601233656292655412e-03 2.432394770013649577e+03 4.894749799096893561e+00
7.701233656292651338e-03 2.464394770013648213e+03 4.924460580270348942e+00
7.801233656292647263e-03 2.496394770013647303e+03 4.953482766587048225e+00
7.901233656292644056e-03 2.528394770013646394e+03 4.981842243572265794e+00
8.001233656292639981e-03 2.560394770013645029e+03 5.009673280150186869e+00
8.101233656292635907e-03 2.592394770013643210e+03 5.037091171140381185e+00
8.201233656292631832e-03 2.624394770013641846e+03 5.064405099701064117e+00
8.301233656292627758e-03 2.656394770013640937e+03 5.091975840525009289e+00
8.401233656292623683e-03 2.688394770013639572e+03 5.120082154746424585e+00
8.501233656292619609e-03 2.720394770013638208e+03 5.148848607212078043e+00
8.601233656292615534e-03 2.752394770013636844e+03 5.178263414872577464e+00
8.701233656292611460e-03 2.784394770013635934e+03 5.208144465315977634e+00
8.801233656292607385e-03 2.816394770013634570e+03 5.238116749767737446e+00
8.901233656292603311e-03 2.848394770013633206e+03 5.267757531548075356e+00
9.001233656292599236e-03 2.880394770013631387e+03 5.296733645636017229e+00
9.101233656292595162e-03 2.912394770013630477e+03 5.324799987189804185e+00
9.201233656292591087e-03 2.944394770013629113e+03 5.351930917439136515e+00
9.301233656292587013e-03 2.976394770013627749e+03 5.378287327971166043e+00
9.401233656292582938e-03 3.008394770013626385e+03 5.404178333770117248e+00
9.501233656292578864e-03 3.040394770013625475e+03 5.429994713215942070e+00
9.601233656292574789e-03 3.072394770013624111e+03 5.456126591295877404e+00
9.701233656292570715e-03 3.104394770013622747e+03 5.482874311251149102e+00
9.801233656292566640e-03 3.136394770013621383e+03 5.510329583996096403e+00
9.901233656292562565e-03 3.168394770013620018e+03 5.538449112054275147e+00
1.000123365629255849e-02 3.199605229986381346e+03 5.567023423186626907e+00
1.010123365629255442e-02 3.167605229986382710e+03 5.590696999692523761e+00
1.020123365629255034e-02 3.135605229986384074e+03 5.602306910996562195e+00
1.030123365629254627e-02 3.103605229986385439e+03 5.603339829008208817e+00
1.040123365629254219e-02 3.071605229986386348e+03 5.595873298273954077e+00
1.050123365629253812e-02 3.039605229986387712e+03 5.581753735209614931e+00
1.060123365629253404e-02 3.007605229986389077e+03 5.562408581210615210e+00
1.070123365629252997e-02 2.975605229986390441e+03 5.539030871175021353e+00
1.080123365629252589e-02 2.943605229986391805e+03 5.512671110497296745e+00
1.090123365629252182e-02 2.911605229986393169e+03 5.484406523628418739e+00
1.100123365629251775e-02 2.879605229986394534e+03 5.455154664413174537e+00
1.110123365629251367e-02 2.847605229986395898e+03 5.425507523445995517e+00
1.120123365629250960e-02 2.815605229986396807e+03 5.396017999577813029e+00
1.130123365629250552e-02 2.783605229986398172e+03 5.366852384729357439e+00
1.140123365629250145e-02 2.751605229986399536e+03 5.337873302613816762e+00
1.150123365629249737e-02 2.719605229986400900e+03 5.309016641304149076e+00
1.160123365629249330e-02 2.687605229986402264e+03 5.280047880834116469e+00
1.170123365629248922e-02 2.655605229986403629e+03 5.250682573757792682e+00
1.180123365629248515e-02 2.623605229986404993e+03 5.220933483138280096e+00
1.190123365629248108e-02 2.591605229986406357e+03 5.190988484052197371e+00
1.200123365629247700e-02 2.559605229986407267e+03 5.161084555456703526e+00
1.210123365629247293e-02 2.527605229986408631e+03 5.131459461955502732e+00
1.220123365629246885e-02 2.495605229986409995e+03 5.102358571800082565e+00
1.230123365629246478e-02 2.463605229986411359e+03 5.073959592317229372e+00
1.240123365629246070e-02 2.431605229986412724e+03 5.046380848734333568e+00
1.250123365629245663e-02 2.399605229986414088e+03 5.019652611407813936e+00
1.260123365629245255e-02 2.367605229986415452e+03 4.993623995485704903e+00
1.270123365629244848e-02 2.335605229986416816e+03 4.968000740060545262e+00
1.280123365629244440e-02 2.303605229986418180e+03 4.942393635615752068e+00
1.290123365629244033e-02 2.271605229986419090e+03 4.916394753698480002e+00
1.300123365629243626e-02 2.239605229986420454e+03 4.889676139891500739e+00
1.310123365629243218e-02 2.207605229986421364e+03 4.862057564851724578e+00
1.320123365629242811e-02 2.175605229986423183e+03 4.833545729785273970e+00
1.330123365629242403e-02 2.143605229986424547e+03 4.804328453397764598e+00
1.340123365629241996e-02 2.111605229986425911e+03 4.774754576261205585e+00
1.350123365629241588e-02 2.079605229986427275e+03 4.745236315938435645e+00
1.360123365629241181e-02 2.047605229986428640e+03 4.716161381812031372e+00
1.370123365629240773e-02 2.015605229986429549e+03 4.687804961579552732e+00
1.380123365629240366e-02 1.983605229986430913e+03 4.660253160547688900e+00
1.390123365629239958e-02 1.951605229986432050e+03 4.633436397196800449e+00
1.400123365629239551e-02 1.919605229986433415e+03 4.607114499066928381e+00
1.410123365629239144e-02 1.887605229986434779e+03 4.580913867901003300e+00
1.420123365629238736e-02 1.855605229986436143e+03 4.554402655287117518e+00
1.430123365629238329e-02 1.823605229986437507e+03 4.526980217130400774e+00
1.440123365629237921e-02 1.791605229986439099e+03 4.497188023777345833e+00
1.450123365629237514e-02 1.759605229986440008e+03 4.466319597992319146e+00
1.460123365629237106e-02 1.727605229986441373e+03 4.434824979926288435e+00
1.470123365629236699e-02 1.695605229986442509e+03 4.403001756361714314e+00
1.480123365629236291e-02 1.663605229986443874e+03 4.371145677477397129e+00
1.490123365629235884e-02 1.631605229986445238e+03 4.339631390385645382e+00
1.500123365629235477e-02 1.599605229986446602e+03 4.308808233233630602e+00
1.510123365629235069e-02 1.567605229986447966e+03 4.278877738495843630e+00
1.520123365629234662e-02 1.535605229986449103e+03 4.249821969860729354e+00
1.530123365629234254e-02 1.503605229986450468e+03 4.221426307846151360e+00
1.540123365629233847e-02 1.471605229986451832e+03 4.193322532134263980e+00
1.550123365629233439e-02 1.439605229986453196e+03 4.165037924700865979e+00
1.560123365629233032e-02 1.407605229986454333e+03 4.136104703205116806e+00
1.570123365629232798e-02 1.375605229986455242e+03 4.106161175637057070e+00
1.580123365629232390e-02 1.343605229986456379e+03 4.075054031822554101e+00
1.590123365629231983e-02 1.311605229986457744e+03 4.042871172875941888e+00
1.600123365629231575e-02 1.279605229986459108e+03 4.009884951196827529e+00
1.610123365629231168e-02 1.247605229986460472e+03 3.976517596572787028e+00
1.620123365629230761e-02 1.215605229986461609e+03 3.943247508099724907e+00
1.630123365629230353e-02 1.183605229986462973e+03 3.910499967097840646e+00
1.640123365629229946e-02 1.151605229986464337e+03 3.878563435802981463e+00
1.650123365629229538e-02 1.119605229986465702e+03 3.847524706343903311e+00
1.660123365629229131e-02 1.087605229986466838e+03 3.817243631062120279e+00
1.670123365629228723e-02 1.055605229986468203e+03 3.787370413315904294e+00
1.680123365629228316e-02 1.023605229986469567e+03 3.757445438468887566e+00
1.690123365629227908e-02 9.916052299864709312e+02 3.726995225470645767e+00
1.700123365629227501e-02 9.596052299864719544e+02 3.695599823953950924e+00
1.710123365629227093e-02 9.276052299864734323e+02 3.662986836359540810e+00
1.720123365629226686e-02 8.956052299864747965e+02 3.629154223895200371e+00
1.730123365629226279e-02 8.636052299864761608e+02 3.594351265192144318e+00
1.740123365629225871e-02 8.316052299864771840e+02 3.559004193826692752e+00
1.750123365629225464e-02 7.996052299864786619e+02 3.523662181799739113e+00
1.760123365629225056e-02 7.676052299864800261e+02 3.488710666007226013e+00
1.770123365629224649e-02 7.356052299864813904e+02 3.454503387569176631e+00
1.780123365629224241e-02 7.036052299864824136e+02 3.421205796806703781e+00
1.790123365629223834e-02 6.716052299864837778e+02 3.388681081954085350e+00
1.800123365629223426e-02 6.396052299864852557e+02 3.356600479355208222e+00
1.810123365629223019e-02 6.076052299864866200e+02 3.324409290485891955e+00
1.820123365629222612e-02 5.756052299864876431e+02 3.291518455888026384e+00
1.830123365629222204e-02 5.436052299864890074e+02 3.257386265179650575e+00
1.840123365629221797e-02 5.116052299864904285e+02 3.221635743735139279e+00
1.850123365629221389e-02 4.796052299864918496e+02 3.184125156809632262e+00
1.860123365629220982e-02 4.476052299864928727e+02 3.145034380227386350e+00
1.870123365629220574e-02 4.156052299864942370e+02 3.104942114059091818e+00
1.880123365629220167e-02 3.836052299864956581e+02 3.064440410198377318e+00
1.890123365629219759e-02 3.516052299864970223e+02 3.024061359941674798e+00
1.900123365629219352e-02 3.196052299864981023e+02 2.984062813411195503e+00
1.910123365629218944e-02 2.876052299864994666e+02 2.944331720702425770e+00
1.920123365629218537e-02 2.556052299865008592e+02 2.904344902718994703e+00
1.930123365629218130e-02 2.236052299865022519e+02 2.862851716234045441e+00
1.940123365629217722e-02 1.916052299865032751e+02 2.818166386828294456e+00
1.950123365629217315e-02 1.596052299865046962e+02 2.768975633039753248e+00
1.960123365629216907e-02 1.276052299865060746e+02 2.713751673446990420e+00
1.970123365629216500e-02 9.560522998650746729e+01 2.651150339071793205e+00
1.980123365629216092e-02 6.360522998650850468e+01 2.580901705376270616e+00
1.990123365629215685e-02 3.160522998650989734e+01 2.502524143557604663e+00
2.000123365629215277e-02 -3.947700134887544010e-01 2.412596442587640944e+00
2.010123365629214870e-02 -3.239477001348745233e+01 2.298854910722478717e+00
2.020140436221214836e-02 -6.444939590788733597e+01 2.145627664434067050e+00
2.030103010148763196e-02 -9.632963247604209300e+01 1.944972505031177690e+00
2.040230488606904757e-02 -1.287375635420951028e+02 1.685117537263365328e+00
2.050087182038258862e-02 -1.602789825224282367e+02 1.370154495113436344e+00
2.060001502724800176e-02 -1.920048087193604260e+02 9.660629514724402567e-01
2.070016999757234161e-02 -2.240543992231491757e+02 4.206273106710294862e-01
2.080068574794887923e-02 -2.562194393436412270e+02 -2.874574804170578202e-01
2.090038754269165841e-02 -2.881240136613305367e+02 -1.158164433147069294e+00
2.100005553039571704e-02 -3.200177697266292967e+02 -2.051845939125060969e+00
2.110011686602229070e-02 -3.520373971271328628e+02 -2.568467821425421960e+00
2.120090903613367286e-02 -3.842908915627751867e+02 -2.830288512487198815e+00
2.130022056416380413e-02 -4.160705805324171820e+02 -3.013551272440639917e+00
2.140085435271684919e-02 -4.482733928693916141e+02 -3.094132730513028395e+00
2.150089323688744725e-02 -4.802858358039829341e+02 -3.128939001795510766e+00
2.160008672203697633e-02 -5.120277510518322970e+02 -3.158498822760912095e+00
2.170048487058270220e-02 -5.441551585864644949e+02 -3.188969195612048058e+00
2.180136903402096760e-02 -5.764380908867094604e+02 -3.222523448378309396e+00
2.190280177753653468e-02 -6.088965688116909405e+02 -3.260331195517813363e+00
2.200320865447915816e-02 -6.410267694333305144e+02 -3.293039207357042475e+00
2.210214352455867545e-02 -6.726859278587760400e+02 -3.316586738336543494e+00
2.220686903474547794e-02 -7.061980911185528385e+02 -3.343002615793835286e+00
2.230412386174522935e-02 -7.373196357584732823e+02 -3.367795692190231005e+00
2.240139364209172215e-02 -7.684459654693509947e+02 -3.384943777422160238e+00
2.250260920716751559e-02 -8.008349462936047303e+02 -3.408033714531427005e+00
2.260239656865118893e-02 -8.327669019683803526e+02 -3.443684848950101962e+00
2.270092242288663728e-02 -8.642951753237238108e+02 -3.486245718667864146e+00
2.280355352104857652e-02 -8.971371267355443706e+02 -3.535588496698216510e+00
2.290065473317518321e-02 -9.282095146160584136e+02 -3.583366181518802485e+00
2.300062754043894278e-02 -9.602008129404614465e+02 -3.630498887509561623e+00
2.310095739344302998e-02 -9.923063659017694818e+02 -3.673498189789034640e+00
2.320121583729907802e-02 -1.024389067935704816e+03 -3.710715199049662516e+00
2.330147428115512259e-02 -1.056471769969639126e+03 -3.743489822427525038e+00
2.340173272501113941e-02 -1.088554472003564570e+03 -3.773983969788363257e+00
2.350044873126935427e-02 -1.120143594006193325e+03 -3.803589953137257229e+00
2.360224961272313834e-02 -1.152719876071404087e+03 -3.835081436001688715e+00
2.370368030915345411e-02 -1.185177698929105190e+03 -3.867946679638132768e+00
2.380229759940541076e-02 -1.216735231809731204e+03 -3.900792618411376811e+00
2.390358022182633921e-02 -1.249145670984428307e+03 -3.935586684211902941e+00
2.400379671137968171e-02 -1.281214947641497929e+03 -3.970920734527645823e+00
2.410614546666820998e-02 -1.313966549333827061e+03 -4.007353617000283919e+00
2.420593550307455211e-02 -1.345899360983856468e+03 -4.042188510120017675e+00
2.430879600213954606e-02 -1.378814720684654503e+03 -4.076382341137455789e+00
2.440643016606745125e-02 -1.410057653141584296e+03 -4.106659220589695458e+00
2.450643016606744717e-02 -1.442057653141582932e+03 -4.135448918971637688e+00
2.460643016606744310e-02 -1.474057653141581795e+03 -4.162480095935875646e+00
2.470643016606743902e-02 -1.506057653141580204e+03 -4.188588567362955040e+00
2.480643016606743495e-02 -1.538057653141579067e+03 -4.214693789655915346e+00
2.490643016606743088e-02 -1.570057653141577703e+03 -4.241809935566720036e+00
2.500643016606742680e-02 -1.602057653141576338e+03 -4.270730587257099309e+00
2.510643016606742273e-02 -1.634057653141575202e+03 -4.301823857497603321e+00
2.520643016606741865e-02 -1.666057653141573837e+03 -4.334957958796352706e+00
2.530643016606741458e-02 -1.698057653141572473e+03 -4.369469757783524422e+00
2.540643016606741050e-02 -1.730057653141571109e+03 -4.404328767303826275e+00
2.550643016606740643e-02 -1.762057653141569972e+03 -4.438588473258762157e+00
2.560643016606740235e-02 -1.794057653141568608e+03 -4.471416245374902232e+00
2.570643016606739828e-02 -1.826057653141567243e+03 -4.502222744041182168e+00
2.580643016606739421e-02 -1.858057653141565879e+03 -4.530809505724594288e+00
2.590643016606739013e-02 -1.890057653141564742e+03 -4.557466255321842574e+00
2.600643016606738606e-02 -1.922057653141563378e+03 -4.582883981459386469e+00
2.610643016606738198e-02 -1.954057653141562014e+03 -4.607999034052416398e+00
2.620443016606737938e-02 -1.985417653141561004e+03 -4.633267186537256777e+00
2.630523016606738443e-02 -2.017673653141562681e+03 -4.660693549821132819e+00
2.640123016606736941e-02 -2.048393653141557934e+03 -4.688585483650535402e+00
2.650803016606735618e-02 -2.082569653141553772e+03 -4.721691447806801278e+00
2.660803016606735211e-02 -2.114569653141552408e+03 -4.754217103444090320e+00
2.670803016606734803e-02 -2.146569653141551044e+03 -4.787407932439643687e+00
2.680803016606734396e-02 -2.178569653141550134e+03 -4.820290968249564045e+00
2.690803016606733988e-02 -2.210569653141548770e+03 -4.851949724249040585e+00
2.700803016606733581e-02 -2.242569653141547406e+03 -4.881737902101199289e+00
2.710803016606733173e-02 -2.274569653141545587e+03 -4.909420063882377505e+00
2.720803016606732766e-02 -2.306569653141544677e+03 -4.935225949403337253e+00
2.730803016606732359e-02 -2.338569653141543313e+03 -4.959798268117324938e+00
2.740803016606731951e-02 -2.370569653141541949e+03 -4.984051278540225560e+00
2.750803016606731544e-02 -2.402569653141540584e+03 -5.008969453511686432e+00
2.760803016606731136e-02 -2.434569653141539675e+03 -5.035383562191648288e+00
2.770803016606730729e-02 -2.466569653141538311e+03 -5.063800160622743185e+00
2.780803016606730321e-02 -2.498569653141536946e+03 -5.094286469978894338e+00
2.790803016606729914e-02 -2.530569653141535582e+03 -5.126148244348581962e+00
2.800803016606729506e-02 -2.562569653141534218e+03 -5.148890486240738085e+00
2.810803016606729099e-02 -2.594569653141532854e+03 -5.171251958945117799e+00
2.820803016606728691e-02 -2.626569653141531489e+03 -5.194368766685532712e+00
2.830803016606728284e-02 -2.658569653141530125e+03 -5.217432897606255615e+00
2.840803016606727877e-02 -2.690569653141529216e+03 -5.239738968856791246e+00
2.850803016606727469e-02 -2.722569653141527851e+03 -5.260996112384940027e+00
2.860803016606727062e-02 -2.754569653141526487e+03 -5.281401729243256682e+00
2.870803016606726654e-02 -2.786569653141525123e+03 -5.301559045953310623e+00
2.880803016606726247e-02 -2.818569653141523759e+03 -5.322151584139246161e+00
2.890803016606725839e-02 -2.850569653141522394e+03 -5.344132420563322050e+00
2.900803016606725432e-02 -2.882569653141521030e+03 -5.368204144631267383e+00
2.910803016606725024e-02 -2.914569653141519666e+03 -5.394663821843437290e+00
2.920803016606724617e-02 -2.946569653141518756e+03 -5.423320105736309849e+00
2.930803016606724209e-02 -2.978569653141517392e+03 -5.453533088159942643e+00
2.940803016606723802e-02 -3.010569653141516028e+03 -5.484419745885260156e+00
2.950803016606723395e-02 -3.042569653141514664e+03 -5.515037166611341135e+00
2.960803016606722987e-02 -3.074569653141513299e+03 -5.544563934966440399e+00
2.970803016606722580e-02 -3.106569653141511935e+03 -5.572494315854842561e+00
2.980803016606722172e-02 -3.138569653141510571e+03 -5.598749385872817008e+00
2.990803016606721765e-02 -3.170569653141509207e+03 -5.623687241596331710e+00
3.000803016606721357e-02 -3.197430346858491248e+03 -5.648001217429026610e+00
3.010803016606720950e-02 -3.165430346858492612e+03 -5.666756753274576397e+00
3.020803016606720542e-02 -3.133430346858493976e+03 -5.674666927072664180e+00
3.030803016606720135e-02 -3.101430346858495341e+03 -5.674219692984736163e+00
3.040803016606719728e-02 -3.069430346858496705e+03 -5.667953533980879754e+00
3.050803016606719320e-02 -3.037430346858497614e+03 -5.657556466716719079e+00
3.060803016606718913e-02 -3.005430346858498979e+03 -5.643803725683534722e+00
3.070803016606718505e-02 -2.973430346858500343e+03 -5.626899238079767329e+00
3.080803016606718098e-02 -2.941430346858501707e+03 -5.606613167319601132e+00
3.090803016606717690e-02 -2.909430346858503071e+03 -5.582899588673761571e+00
3.100803016606717283e-02 -2.877430346858504436e+03 -5.555696773238458341e+00
3.110803016606716875e-02 -2.845430346858505800e+03 -5.525211947942804791e+00
3.120803016606716468e-02 -2.813430346858507164e+03 -5.492191300174934732e+00
3.130803016606718142e-02 -2.781430346858501707e+03 -5.457664812746109817e+00
3.140803016606721204e-02 -2.749430346858491703e+03 -5.422872278341408503e+00
3.150803016606724266e-02 -2.717430346858482153e+03 -5.389052755147250906e+00
3.160803016606727328e-02 -2.685430346858472149e+03 -5.356991729703927341e+00
3.170803016606730390e-02 -2.653430346858462599e+03 -5.327024436526875739e+00
3.180803016606733452e-02 -2.621430346858452594e+03 -5.299267661732884882e+00
3.190803016606736514e-02 -2.589430346858443045e+03 -5.273469707939004714e+00
3.200803016606739576e-02 -2.557430346858433040e+03 -5.248812594103560158e+00
3.210803016606742638e-02 -2.525430346858423491e+03 -5.224288000924177666e+00
3.220803016606745700e-02 -2.493430346858413486e+03 -5.198944645841601542e+00
3.230803016606748762e-02 -2.461430346858403482e+03 -5.172036309950433619e+00
3.240803016606751824e-02 -2.429430346858393932e+03 -5.143220823016577903e+00
3.250803016606754886e-02 -2.397430346858383928e+03 -5.112629486358628128e+00
3.260803016606757948e-02 -2.365430346858373923e+03 -5.081086824377978317e+00
3.270803016606761010e-02 -2.333430346858364373e+03 -5.058422687679167140e+00
3.280803016606764072e-02 -2.301430346858354824e+03 -5.037108952611048629e+00
3.290803016606767134e-02 -2.269430346858344819e+03 -5.015503293176875488e+00
3.300803016606770196e-02 -2.237430346858334815e+03 -4.993997818264260147e+00
3.310803016606773258e-02 -2.205430346858325265e+03 -4.973006029579590148e+00
3.320803016606776320e-02 -2.173430346858315716e+03 -4.952603498882967692e+00
3.330803016606779382e-02 -2.141430346858305711e+03 -4.932379777319507497e+00
3.340803016606782444e-02 -2.109430346858295707e+03 -4.911606735700490667e+00
3.350803016606785506e-02 -2.077430346858286157e+03 -4.889532587788412599e+00
3.360803016606788568e-02 -2.045430346858276607e+03 -4.865533435578123900e+00
3.370803016606791630e-02 -2.013430346858266603e+03 -4.839226006297071336e+00
3.380803016606794692e-02 -1.981430346858256598e+03 -4.810673862024956726e+00
3.390803016606797754e-02 -1.949430346858246821e+03 -4.780384079088978666e+00
3.400803016606800816e-02 -1.917430346858237272e+03 -4.749177724689132241e+00
3.410803016606803878e-02 -1.885430346858227267e+03 -4.718013877967420555e+00
3.420803016606806940e-02 -1.853430346858217263e+03 -4.687786420011679667e+00
3.430803016606810002e-02 -1.821430346858207713e+03 -4.659131888782949815e+00
3.440803016606813064e-02 -1.789430346858198163e+03 -4.632277335123131223e+00
3.450803016606816126e-02 -1.757430346858188159e+03 -4.607016533490363663e+00
3.460803016606819188e-02 -1.725430346858178154e+03 -4.582754814942862964e+00
3.470803016606822250e-02 -1.693430346858168605e+03 -4.558633132186884929e+00
3.480803016606825312e-02 -1.661430346858158828e+03 -4.533702771789100083e+00
3.490803016606828374e-02 -1.629430346858148823e+03 -4.507137541794141278e+00
3.500803016606831436e-02 -1.597430346858139046e+03 -4.478452712437766436e+00
3.510803016606834498e-02 -1.565430346858129269e+03 -4.447643829669019944e+00
3.520803016606837560e-02 -1.533430346858119265e+03 -4.415113714052541383e+00
3.530803016606840622e-02 -1.501430346858109715e+03 -4.381593107748328109e+00
3.540803016606843684e-02 -1.469430346858099711e+03 -4.348025178308222216e+00
3.550803016606846746e-02 -1.437430346858090161e+03 -4.315333043674526081e+00
3.560803016606849808e-02 -1.405430346858080156e+03 -4.284235877146093330e+00
3.570803016606852870e-02 -1.373430346858070607e+03 -4.255107602465906247e+00
3.580803016606855932e-02 -1.341430346858060602e+03 -4.227890949081882788e+00
3.590803016606858994e-02 -1.309430346858051053e+03 -4.202048047463123659e+00
3.600803016606862056e-02 -1.277430346858041048e+03 -4.176705335611716308e+00
3.610803016606865118e-02 -1.245430346858031271e+03 -4.150843982242759189e+00
3.620803016606868180e-02 -1.213430346858021494e+03 -4.123515748466352271e+00
3.630803016606871242e-02 -1.181430346858011717e+03 -4.094083287322906273e+00
3.640803016606874304e-02 -1.149430346858001712e+03 -4.062332468507477756e+00
3.650803016606877366e-02 -1.117430346857992163e+03 -4.028524336529850203e+00
3.660803016606880428e-02 -1.085430346857982158e+03 -3.993360905412969952e+00
3.670803016606883490e-02 -1.053430346857972609e+03 -3.957784343739000565e+00
3.680803016606886552e-02 -1.021430346857962604e+03 -3.922771679553067159e+00
3.690803016606889614e-02 -9.894303468579529408e+02 -3.889133882489766769e+00
3.700803016606892676e-02 -9.574303468579430501e+02 -3.857355146660185863e+00
3.710803016606895738e-02 -9.254303468579333867e+02 -3.827534076374816685e+00
3.720803016606898800e-02 -8.934303468579233822e+02 -3.799279888511231551e+00
3.730803016606901862e-02 -8.614303468579137188e+02 -3.771806804879488606e+00
3.740803016606904924e-02 -8.294303468579038281e+02 -3.744079081852829116e+00
3.750803016606907986e-02 -7.974303468578941647e+02 -3.715003259533022906e+00
3.760803016606911048e-02 -7.654303468578841603e+02 -3.683718690335907375e+00
3.770803016606914110e-02 -7.334303468578746106e+02 -3.649770918721119806e+00
3.780803016606917172e-02 -7.014303468578646061e+02 -3.613308397054295185e+00
3.790803016606920234e-02 -6.694303468578549428e+02 -3.574916440583293387e+00
3.800803016606923296e-02 -6.374303468578450520e+02 -3.535534511947324265e+00
3.810803016606926358e-02 -6.054303468578353886e+02 -3.496283581791808093e+00
3.820803016606929420e-02 -5.734303468578253842e+02 -3.458247169710086499e+00
3.830803016606932482e-02 -5.414303468578158345e+02 -3.422165633790914985e+00
3.840803016606935544e-02 -5.094303468578058300e+02 -3.388243727252237214e+00
3.850803016606938606e-02 -4.774303468577961667e+02 -3.356144898905071283e+00
3.860803016606941668e-02 -4.454303468577862191e+02 -3.325127464606819405e+00
3.870803016606944730e-02 -4.134303468577766125e+02 -3.294078356964108778e+00
3.880803016606947792e-02 -3.814303468577666081e+02 -3.261758279494499035e+00
3.890803016606950854e-02 -3.494303468577570015e+02 -3.227068039023908153e+00
3.900803016606953916e-02 -3.174303468577470539e+02 -3.189060057339160537e+00
3.910803016606956978e-02 -2.854303468577373906e+02 -3.146919598078560920e+00
3.920803016606960040e-02 -2.534303468577274430e+02 -3.100689744919502999e+00
3.930803016606963102e-02 -2.214303468577178080e+02 -3.051319931430572119e+00
3.940803016606966164e-02 -1.894303468577078320e+02 -2.999686263664220309e+00
3.950803016606969226e-02 -1.574303468576982254e+02 -2.946180285988381886e+00
3.960803016606972288e-02 -1.254303468576882352e+02 -2.890519956022515657e+00
3.970803016606975350e-02 -9.343034685767861447e+01 -2.833964851512841499e+00
3.980803016606978412e-02 -6.143034685766863845e+01 -2.777012988150963313e+00
3.990803016606981474e-02 -2.943034685765901770e+01 -2.718220841218900841e+00
4.000803016606984536e-02 2.569653142350247776e+00 -2.652626452255863132e+00
4.010803016606987598e-02 3.456965314236004616e+01 -2.566338227446145481e+00
4.020803016606990660e-02 6.656965314236984455e+01 -2.431100982075241390e+00
4.030315016606993150e-02 9.700805314237781829e+01 -2.241297593217748574e+00
4.040038972802147133e-02 1.281247129668705611e+02 -1.982359850463223605e+00
4.050018137961135245e-02 1.600580414756325069e+02 -1.642249402850422202e+00
4.060025158641729359e-02 1.920805076535336866e+02 -1.222732674231415295e+00
4.070095914512487228e-02 2.243069264399588576e+02 -6.586354336970541290e-01
4.080003051106433076e-02 2.560097635405855954e+02 1.597347216562722272e-02
4.090016944830703743e-02 2.880542234582517267e+02 7.362234732586965258e-01
4.100028641474628283e-02 3.200916527188102236e+02 1.484411598429352663e+00
4.110016014727983780e-02 3.520512471295478463e+02 2.038236014574130728e+00
4.120026400697242991e-02 3.840844822311772759e+02 2.392846195056220981e+00
4.130043231891935424e-02 4.161383420541931173e+02 2.671431394032321105e+00
4.140039645995800821e-02 4.481268671865623787e+02 2.889981990794145972e+00
4.150017559881525459e-02 4.800561916208811795e+02 2.974829589614548908e+00
4.160076398835791528e-02 5.122444762745326443e+02 3.007381277059729019e+00
4.170304773172834462e-02 5.449752741530700177e+02 3.033379257321635158e+00
4.180040322684436260e-02 5.761290325901957203e+02 3.059904107972447829e+00
4.190037035646836105e-02 6.081185140698752321e+02 3.094016511115372126e+00
4.200026834080210214e-02 6.400858690566724363e+02 3.133933511683338669e+00
4.210266307024504440e-02 6.728521824784139653e+02 3.175440673651290346e+00
4.220045119115466842e-02 7.041443811694936130e+02 3.209617950365520667e+00
4.230048550697459997e-02 7.361553622318717771e+02 3.236569768279617509e+00
4.240136888628454059e-02 7.684380436110527626e+02 3.260317760473240511e+00
4.250061175867202862e-02 8.001957627750489337e+02 3.271671759017634074e+00
4.260186011607303841e-02 8.325952371433720600e+02 3.277471782270284351e+00
4.270233021383192107e-02 8.647456684262143654e+02 3.299758081543612498e+00
4.280009308385217953e-02 8.960297868326971411e+02 3.332000101375644618e+00
4.290411519892515374e-02 9.293168636560488949e+02 3.374739291888818826e+00
4.300286066145696945e-02 9.609154116662299430e+02 3.418182226318974948e+00
4.310830073161801140e-02 9.946562341177633471e+02 3.464804811596402523e+00
4.320348933311561612e-02 1.025116586596996740e+03 3.506524213165118642e+00
4.330348933311564674e-02 1.057116586597006517e+03 3.549444136166391317e+00
4.340348933311567736e-02 1.089116586597016294e+03 3.591050696547385179e+00
4.350348933311570798e-02 1.121116586597026298e+03 3.631059342980660354e+00
4.360348933311573860e-02 1.153116586597036076e+03 3.669109074780682711e+00
4.370348933311576922e-02 1.185116586597045853e+03 3.704994160990548124e+00
4.380348933311579984e-02 1.217116586597055630e+03 3.738932980350294422e+00
4.390348933311583046e-02 1.249116586597065407e+03 3.771487491377343293e+00
4.400148933311585908e-02 1.280476586597074629e+03 3.802711473134520404e+00
4.410228933311586413e-02 1.312732586597076306e+03 3.834889830257309562e+00
4.420908933311586131e-02 1.346908586597075328e+03 3.869845208174203854e+00
4.430908933311589193e-02 1.378908586597085105e+03 3.903821413795381723e+00
4.440908933311592255e-02 1.410908586597094882e+03 3.938860738073271417e+00
4.450908933311595317e-02 1.442908586597104659e+03 3.974447322263348958e+00
4.460908933311598379e-02 1.474908586597114436e+03 4.010048565914286378e+00
4.470908933311601441e-02 1.506908586597124213e+03 4.045023272459839170e+00
4.480908933311604503e-02 1.538908586597133990e+03 4.078707777506725307e+00
4.490908933311607565e-02 1.570908586597143767e+03 4.110591636868241139e+00
4.500908933311610627e-02 1.602908586597153771e+03 4.140296410658790727e+00
4.510908933311613689e-02 1.634908586597163549e+03 4.168022918623107032e+00
4.520908933311616751e-02 1.666908586597173326e+03 4.194431647010691933e+00
4.530908933311619813e-02 1.698908586597183103e+03 4.220364366026805314e+00
4.540908933311622875e-02 1.730908586597193107e+03 4.246694198765379902e+00
4.550908933311625937e-02 1.762908586597202657e+03 4.274163247175138736e+00
4.560908933311628999e-02 1.794908586597212661e+03 4.303190790254677545e+00
4.570908933311632061e-02 1.826908586597222211e+03 4.333794521591729065e+00
4.580908933311635123e-02 1.858908586597232215e+03 4.365641233763120077e+00
4.590908933311638185e-02 1.890908586597241765e+03 4.398081310207436978e+00
4.600908933311641247e-02 1.922908586597251769e+03 4.430329185125712499e+00
4.610908933311644309e-02 1.954908586597261547e+03 4.461545233264565091e+00
4.620028933311642882e-02 1.984092586597256968e+03 4.489150455848378130e+00
4.630268933311644519e-02 2.016860586597262227e+03 4.520093091077574066e+00
4.640484933311644217e-02 2.049551786597261071e+03 4.549560218047231430e+00
4.650484933311647279e-02 2.081551786597270620e+03 4.577057986978400272e+00
4.660484933311650341e-02 2.113551786597280625e+03 4.603756550270650116e+00
4.670484933311653403e-02 2.145551786597290629e+03 4.630390807952081467e+00
4.680484933311656465e-02 2.177551786597300634e+03 4.657695463252549573e+00
4.690404933311657226e-02 2.209295786597302595e+03 4.685976831059438297e+00
4.700004933311655725e-02 2.240015786597297847e+03 4.714688077380778886e+00
4.710564933311654073e-02 2.273807786597292761e+03 4.747649315000457726e+00
4.720404933311655310e-02 2.305295786597296683e+03 4.779212029364092729e+00
4.730404933311658372e-02 2.337295786597306233e+03 4.811472477731884467e+00
4.740404933311661434e-02 2.369295786597316237e+03 4.843199621783091047e+00
4.750404933311664496e-02 2.401295786597325787e+03 4.873786705116597950e+00
4.760404933311667558e-02 2.433295786597335791e+03 4.902866405252935600e+00
4.770404933311670620e-02 2.465295786597345341e+03 4.930395859118675617e+00
4.780404933311673682e-02 2.497295786597355345e+03 4.956709564167035786e+00
4.790404933311676744e-02 2.529295786597365350e+03 4.982402656464417490e+00
4.800404933311679806e-02 2.561295786597374899e+03 5.008199080330807185e+00
4.810404933311682868e-02 2.593295786597384904e+03 5.034703661884823767e+00
4.820404933311685930e-02 2.625295786597394908e+03 5.062352656675938256e+00
4.830404933311688992e-02 2.657295786597404458e+03 5.091368446654278124e+00
4.840404933311692054e-02 2.689295786597414462e+03 5.121674854937841914e+00
4.850404933311695116e-02 2.721295786597424012e+03 5.152889038988365478e+00
4.860404933311698178e-02 2.753295786597434017e+03 5.184409132177344226e+00
4.870404933311701240e-02 2.785295786597443566e+03 5.215599765844094904e+00
4.880404933311704302e-02 2.817295786597453571e+03 5.245857436410888752e+00
4.890404933311707364e-02 2.849295786597463120e+03 5.274760208387382576e+00
4.900404933311710426e-02 2.881295786597473125e+03 5.302152092194405419e+00
4.910404933311713488e-02 2.913295786597482675e+03 5.328185666423591371e+00
4.920404933311716550e-02 2.945295786597492679e+03 5.353314168214791557e+00
4.930404933311719612e-02 2.977295786597502229e+03 5.378165882474533532e+00
4.940404933311722674e-02 3.009295786597512233e+03 5.403429400558412254e+00
4.950404933311725736e-02 3.041295786597521783e+03 5.429682935785360876e+00
4.960404933311728798e-02 3.073295786597531787e+03 5.457261621906186022e+00
4.970404933311731860e-02 3.105295786597541337e+03 5.486166271411090811e+00
4.980404933311734922e-02 3.137295786597551341e+03 5.516014374345180826e+00
4.990404933311737984e-02 3.169295786597560891e+03 5.546226155426452031e+00
5.000000000000000278e-02 3.200000000000000000e+03 5.574946380152823622e+00
