滞回曲线刚度和空程计算结果
====================================================================================================
工况名称                                               K+ (N·m/arcmin)    K- (N·m/arcmin)    K_avg           空程 (arcmin)     背隙 (arcmin)    
----------------------------------------------------------------------------------------------------
case_000_err_radius_-10.0um                        1256.00            1267.22            1261.61         0.4084          1.5390         
case_001_err_radius_-8.0um                         1235.17            1234.27            1234.72         0.4055          1.4912         
case_002_err_radius_-6.0um                         1234.50            1230.16            1232.33         0.4041          1.4355         
case_003_err_radius_-4.0um                         1235.62            1229.88            1232.75         0.4112          1.4390         
case_000_err_radius_-3.0um                         1230.95            1225.77            1228.36         0.4103          1.4432         
case_001_err_radius_-2.7um                         1230.94            1226.18            1228.56         0.4102          1.4431         
case_002_err_radius_-2.3um                         1230.94            1226.18            1228.56         0.4102          1.4431         
case_003_err_radius_-2.0um                         1230.94            1226.18            1228.56         0.4102          1.4431         
case_004_err_radius_-2.0um                         1233.55            1228.60            1231.07         0.4110          1.4423         
case_004_err_radius_-1.7um                         1230.97            1227.03            1229.00         0.4102          1.4430         
case_005_err_radius_-1.3um                         1230.94            1226.18            1228.56         0.4102          1.4431         
case_006_err_radius_-1.0um                         1230.94            1226.18            1228.56         0.4102          1.4431         
case_007_err_radius_-0.7um                         1230.94            1226.18            1228.56         0.4102          1.4431         
case_008_err_radius_-0.3um                         1230.94            1226.65            1228.80         0.4103          1.4432         
case_005_err_radius_0.0um                          1230.94            1226.18            1228.56         0.4102          1.4431         
case_009_err_radius_0.0um                          1230.94            1226.18            1228.56         0.4102          1.4431         
case_006_err_eccentricity_-6.0um                   1231.04            1227.17            1229.11         0.4106          1.4429         
case_007_err_eccentricity_-4.0um                   1230.68            1227.09            1228.88         0.4104          1.4430         
case_008_err_eccentricity_-2.0um                   1230.57            1227.09            1228.83         0.4105          1.4431         
case_010_err_eccentricity_-2.0um                   1230.68            1229.12            1229.90         0.4107          1.4440         
case_011_err_eccentricity_-1.4um                   1230.14            1225.33            1227.74         0.4094          1.4537         
case_012_err_eccentricity_-0.9um                   1226.71            1221.69            1224.20         0.4091          1.4558         
case_013_err_eccentricity_-0.3um                   1228.66            1225.24            1226.95         0.4100          1.4460         
case_009_err_eccentricity_0.0um                    1231.15            1226.27            1228.71         0.4108          1.4431         
case_014_err_eccentricity_0.3um                    1231.96            1227.84            1229.90         0.4103          1.4417         
case_015_err_eccentricity_0.9um                    1232.43            1230.43            1231.43         0.4104          1.4392         
case_016_err_eccentricity_1.4um                    1235.14            1231.65            1233.39         0.4102          1.4373         
case_010_err_eccentricity_2.0um                    1231.43            1227.10            1229.27         0.4103          1.4430         
case_017_err_eccentricity_2.0um                    1236.87            1232.87            1234.87         0.4107          1.4353         
case_011_err_eccentricity_4.0um                    1230.60            1227.18            1228.89         0.4103          1.4430         
case_012_err_eccentricity_6.0um                    1230.65            1227.05            1228.85         0.4107          1.4429         
case_013_err_angle_-120.0arcsec                    1190.63            1244.10            1217.36         0.4636          1.2324         
case_014_err_angle_-60.0arcsec                     1215.95            1234.50            1225.23         0.4258          1.3536         
case_018_err_angle_-60arcsec                       1227.77            1206.82            1217.30         0.4491          1.3896         
case_019_err_angle_-30arcsec                       1228.46            1221.10            1224.78         0.4213          1.4232         
case_015_err_angle_0.0arcsec                       1230.94            1226.18            1228.56         0.4102          1.4431         
case_020_err_angle_0arcsec                         1231.15            1226.27            1228.71         0.4108          1.4431         
case_021_err_angle_30arcsec                        1228.08            1228.85            1228.46         0.4135          1.4557         
case_016_err_angle_60.0arcsec                      1217.67            1234.50            1226.09         0.4258          1.3536         
case_022_err_angle_60arcsec                        1198.99            1231.77            1215.38         0.4518          1.4434         
case_017_err_angle_120.0arcsec                     1190.63            1244.10            1217.36         0.4636          1.2324         
case_018_bearing_clearance_0.0um                   1230.94            1226.18            1228.56         0.4102          1.4431         
case_019_bearing_clearance_5.0um                   1201.46            1200.20            1200.83         0.4712          2.6769         
case_020_bearing_clearance_10.0um                  1178.89            1232.22            1205.55         0.5563          3.8899         
case_021_bearing_clearance_15.0um                  1159.81            1254.41            1207.11         0.6479          5.0716         
case_022_bearing_clearance_20.0um                  1182.70            1203.69            1193.19         0.7710          6.2065         
====================================================================================================

说明:
  K+ = 正向扭转刚度 (在 2/3*T_rated 到 T_rated 区间计算)
  K- = 负向扭转刚度 (在 -2/3*T_rated 到 -T_rated 区间计算)
  K_avg = 平均扭转刚度 = (K+ + K-) / 2
  空程 (Lost Motion) = 在 ±3%*T_rated 处滞回曲线中点的角度差
  背隙 (Backlash) = 在 0 N·m 扭矩处，卸载曲线与加载曲线的角度差
