time R11 R12 R13 R21 R22 R23 R31 R32 R33
0.000000000000000000e+00 1.000000000000000000e+00 -0.000000000000000000e+00 0.000000000000000000e+00 0.000000000000000000e+00 1.000000000000000000e+00 -0.000000000000000000e+00 0.000000000000000000e+00 0.000000000000000000e+00 1.000000000000000000e+00
5.032305572043664979e-03 9.999999208815498752e-01 -3.977900122136304143e-04 0.000000000000000000e+00 3.977900122136304143e-04 9.999999208815498752e-01 -0.000000000000000000e+00 0.000000000000000000e+00 0.000000000000000000e+00 1.000000000000000000e+00
1.005364966643989416e-02 9.999987396108456217e-01 -1.587695411573946877e-03 0.000000000000000000e+00 1.587695411573946877e-03 9.999987396108456217e-01 -0.000000000000000000e+00 0.000000000000000000e+00 0.000000000000000000e+00 1.000000000000000000e+00
1.510168475688106887e-02 9.999935833124140583e-01 -3.582364302782704065e-03 0.000000000000000000e+00 3.582364302782704065e-03 9.999935833124140583e-01 -0.000000000000000000e+00 0.000000000000000000e+00 0.000000000000000000e+00 1.000000000000000000e+00
2.010168475688104209e-02 9.999798563516172356e-01 -6.347195522355914520e-03 0.000000000000000000e+00 6.347195522355914520e-03 9.999798563516172356e-01 -0.000000000000000000e+00 0.000000000000000000e+00 0.000000000000000000e+00 1.000000000000000000e+00
2.510168475688101183e-02 9.999510201221646355e-01 -9.897340887457603195e-03 0.000000000000000000e+00 9.897340887457603195e-03 9.999510201221646355e-01 -0.000000000000000000e+00 0.000000000000000000e+00 0.000000000000000000e+00 1.000000000000000000e+00
3.010168475688098158e-02 9.998987102172557373e-01 -1.423268442244385486e-02 0.000000000000000000e+00 1.423268442244385486e-02 9.998987102172557373e-01 -0.000000000000000000e+00 0.000000000000000000e+00 0.000000000000000000e+00 1.000000000000000000e+00
3.510168475688095480e-02 9.998127128211159453e-01 -1.935301736890129506e-02 0.000000000000000000e+00 1.935301736890129506e-02 9.998127128211159453e-01 -0.000000000000000000e+00 0.000000000000000000e+00 0.000000000000000000e+00 1.000000000000000000e+00
4.010168475688092454e-02 9.996809658750441807e-01 -2.525799808257321241e-02 0.000000000000000000e+00 2.525799808257321241e-02 9.996809658750441807e-01 -0.000000000000000000e+00 0.000000000000000000e+00 0.000000000000000000e+00 1.000000000000000000e+00
4.510168475688089429e-02 9.994895609772869172e-01 -3.194710467993382152e-02 0.000000000000000000e+00 3.194710467993382152e-02 9.994895609772869172e-01 -0.000000000000000000e+00 0.000000000000000000e+00 0.000000000000000000e+00 1.000000000000000000e+00
5.010168475688086404e-02 9.992227462769772695e-01 -3.941958044799232647e-02 0.000000000000000000e+00 3.941958044799232647e-02 9.992227462769772695e-01 -0.000000000000000000e+00 0.000000000000000000e+00 0.000000000000000000e+00 1.000000000000000000e+00
5.510168475688083378e-02 9.988629306620536719e-01 -4.767437203795694273e-02 0.000000000000000000e+00 4.767437203795694273e-02 9.988629306620536719e-01 -0.000000000000000000e+00 0.000000000000000000e+00 0.000000000000000000e+00 1.000000000000000000e+00
6.010168475688080353e-02 9.983906895805866322e-01 -5.671006047255576499e-02 0.000000000000000000e+00 5.671006047255576499e-02 9.983906895805866322e-01 -0.000000000000000000e+00 0.000000000000000000e+00 0.000000000000000000e+00 1.000000000000000000e+00
6.510168475688087042e-02 9.977847728741854327e-01 -6.652478500837387398e-02 0.000000000000000000e+00 6.652478500837387398e-02 9.977847728741854327e-01 -0.000000000000000000e+00 0.000000000000000000e+00 0.000000000000000000e+00 1.000000000000000000e+00
7.010168475688101364e-02 9.970221150410458755e-01 -7.711615990879883142e-02 0.000000000000000000e+00 7.711615990879883142e-02 9.970221150410458755e-01 -0.000000000000000000e+00 0.000000000000000000e+00 0.000000000000000000e+00 1.000000000000000000e+00
7.510168475688115686e-02 9.960778483846051135e-01 -8.848118420034482845e-02 0.000000000000000000e+00 8.848118420034482845e-02 9.960778483846051135e-01 -0.000000000000000000e+00 0.000000000000000000e+00 0.000000000000000000e+00 1.000000000000000000e+00
8.010168475688130008e-02 9.949253195415455053e-01 -1.006161445055090004e-01 0.000000000000000000e+00 1.006161445055090004e-01 9.949253195415455053e-01 -0.000000000000000000e+00 0.000000000000000000e+00 0.000000000000000000e+00 1.000000000000000000e+00
8.510168475688144329e-02 9.935361099198576351e-01 -1.135165110691678941e-01 0.000000000000000000e+00 1.135165110691678941e-01 9.935361099198576351e-01 -0.000000000000000000e+00 0.000000000000000000e+00 0.000000000000000000e+00 1.000000000000000000e+00
9.010168475688158651e-02 9.918800606136317644e-01 -1.271768271230974690e-01 0.000000000000000000e+00 1.271768271230974690e-01 9.918800606136317644e-01 -0.000000000000000000e+00 0.000000000000000000e+00 0.000000000000000000e+00 1.000000000000000000e+00
9.510168475688172973e-02 9.899253023959492248e-01 -1.415905917647370116e-01 0.000000000000000000e+00 1.415905917647370116e-01 9.899253023959492248e-01 -0.000000000000000000e+00 0.000000000000000000e+00 0.000000000000000000e+00 1.000000000000000000e+00
1.001016847568818730e-01 9.876382914244364875e-01 -1.567501365620455056e-01 0.000000000000000000e+00 1.567501365620455056e-01 9.876382914244364875e-01 -0.000000000000000000e+00 0.000000000000000000e+00 0.000000000000000000e+00 1.000000000000000000e+00
1.051016847568820162e-01 9.849838513253978967e-01 -1.726464961364309325e-01 0.000000000000000000e+00 1.726464961364309325e-01 9.849838513253978967e-01 -0.000000000000000000e+00 0.000000000000000000e+00 0.000000000000000000e+00 1.000000000000000000e+00
1.101016847568821594e-01 9.819252223516335976e-01 -1.892692730204644513e-01 0.000000000000000000e+00 1.892692730204644513e-01 9.819252223516335976e-01 -0.000000000000000000e+00 0.000000000000000000e+00 0.000000000000000000e+00 1.000000000000000000e+00
1.151016847568823026e-01 9.784241183356773286e-01 -2.066064971365926262e-01 0.000000000000000000e+00 2.066064971365926262e-01 9.784241183356773286e-01 -0.000000000000000000e+00 0.000000000000000000e+00 0.000000000000000000e+00 1.000000000000000000e+00
1.201016847568824458e-01 9.744407921838427189e-01 -2.246444802974812416e-01 0.000000000000000000e+00 2.246444802974812416e-01 9.744407921838427189e-01 -0.000000000000000000e+00 0.000000000000000000e+00 0.000000000000000000e+00 1.000000000000000000e+00
1.251016847568825752e-01 9.699341106766836695e-01 -2.433676661880766201e-01 0.000000000000000000e+00 2.433676661880766201e-01 9.699341106766836695e-01 -0.000000000000000000e+00 0.000000000000000000e+00 0.000000000000000000e+00 1.000000000000000000e+00
1.301016847568827184e-01 9.648616393577392758e-01 -2.627584763540392609e-01 0.000000000000000000e+00 2.627584763540392609e-01 9.648616393577392758e-01 -0.000000000000000000e+00 0.000000000000000000e+00 0.000000000000000000e+00 1.000000000000000000e+00
1.350242447568826554e-01 9.592726102285709100e-01 -2.824819627255243382e-01 0.000000000000000000e+00 2.824819627255243382e-01 9.592726102285709100e-01 -0.000000000000000000e+00 0.000000000000000000e+00 0.000000000000000000e+00 1.000000000000000000e+00
1.401420047568824878e-01 9.527897928806866590e-01 -3.036307141617566874e-01 0.000000000000000000e+00 3.036307141617566874e-01 9.527897928806866590e-01 -0.000000000000000000e+00 0.000000000000000000e+00 0.000000000000000000e+00 1.000000000000000000e+00
1.451420047568826310e-01 9.457480084034062262e-01 -3.249010689440573474e-01 0.000000000000000000e+00 3.249010689440573474e-01 9.457480084034062262e-01 -0.000000000000000000e+00 0.000000000000000000e+00 0.000000000000000000e+00 1.000000000000000000e+00
1.501740047568824732e-01 9.379070471654750163e-01 -3.468866830498678611e-01 0.000000000000000000e+00 3.468866830498678611e-01 9.379070471654750163e-01 -0.000000000000000000e+00 0.000000000000000000e+00 0.000000000000000000e+00 1.000000000000000000e+00
1.550620047568825599e-01 9.295205292253219120e-01 -3.687703699440581517e-01 0.000000000000000000e+00 3.687703699440581517e-01 9.295205292253219120e-01 -0.000000000000000000e+00 0.000000000000000000e+00 0.000000000000000000e+00 1.000000000000000000e+00
1.601820047568824068e-01 9.198732078056055528e-01 -3.922158609253648121e-01 0.000000000000000000e+00 3.922158609253648121e-01 9.198732078056055528e-01 -0.000000000000000000e+00 0.000000000000000000e+00 0.000000000000000000e+00 1.000000000000000000e+00
1.651820047568825500e-01 9.095512767526665598e-01 -4.155917166614297997e-01 0.000000000000000000e+00 4.155917166614297997e-01 9.095512767526665598e-01 -0.000000000000000000e+00 0.000000000000000000e+00 0.000000000000000000e+00 1.000000000000000000e+00
1.701820047568826932e-01 8.982906050541996645e-01 -4.394018535137963477e-01 0.000000000000000000e+00 4.394018535137963477e-01 8.982906050541996645e-01 -0.000000000000000000e+00 0.000000000000000000e+00 0.000000000000000000e+00 1.000000000000000000e+00
1.751820047568828365e-01 8.860429266058374997e-01 -4.636032055667456131e-01 0.000000000000000000e+00 4.636032055667456131e-01 8.860429266058374997e-01 -0.000000000000000000e+00 0.000000000000000000e+00 0.000000000000000000e+00 1.000000000000000000e+00
1.801820047568829797e-01 8.727602543875470076e-01 -4.881490943977918051e-01 0.000000000000000000e+00 4.881490943977918051e-01 8.727602543875470076e-01 -0.000000000000000000e+00 0.000000000000000000e+00 0.000000000000000000e+00 1.000000000000000000e+00
1.851820047568831229e-01 8.583951270930330057e-01 -5.129890893410267161e-01 0.000000000000000000e+00 5.129890893410267161e-01 8.583951270930330057e-01 -0.000000000000000000e+00 0.000000000000000000e+00 0.000000000000000000e+00 1.000000000000000000e+00
1.901820047568832661e-01 8.429008742112995556e-01 -5.380688768678478784e-01 0.000000000000000000e+00 5.380688768678478784e-01 8.429008742112995556e-01 -0.000000000000000000e+00 0.000000000000000000e+00 0.000000000000000000e+00 1.000000000000000000e+00
1.951820047568834093e-01 8.262318998954885085e-01 -5.633301408544475475e-01 0.000000000000000000e+00 5.633301408544475475e-01 8.262318998954885085e-01 -0.000000000000000000e+00 0.000000000000000000e+00 0.000000000000000000e+00 1.000000000000000000e+00
2.000924047568835018e-01 8.086755921473385289e-01 -5.882548653986228171e-01 0.000000000000000000e+00 5.882548653986228171e-01 8.086755921473385289e-01 -0.000000000000000000e+00 0.000000000000000000e+00 0.000000000000000000e+00 1.000000000000000000e+00
2.050166159568833080e-01 7.900910198768630321e-01 -6.129895433936362048e-01 0.000000000000000000e+00 6.129895433936362048e-01 7.900910198768630321e-01 -0.000000000000000000e+00 0.000000000000000000e+00 0.000000000000000000e+00 1.000000000000000000e+00
2.101244047568834317e-01 7.700147597882115447e-01 -6.380260729063531588e-01 0.000000000000000000e+00 6.380260729063531588e-01 7.700147597882115447e-01 -0.000000000000000000e+00 0.000000000000000000e+00 0.000000000000000000e+00 1.000000000000000000e+00
2.151244047568835749e-01 7.495939207251340886e-01 -6.618979936605955405e-01 0.000000000000000000e+00 6.618979936605955405e-01 7.495939207251340886e-01 -0.000000000000000000e+00 0.000000000000000000e+00 0.000000000000000000e+00 1.000000000000000000e+00
2.201244047568837181e-01 7.284333229618713546e-01 -6.851167010070080554e-01 0.000000000000000000e+00 6.851167010070080554e-01 7.284333229618713546e-01 -0.000000000000000000e+00 0.000000000000000000e+00 0.000000000000000000e+00 1.000000000000000000e+00
2.251244047568838613e-01 7.065538494536663938e-01 -7.076592808846684513e-01 0.000000000000000000e+00 7.076592808846684513e-01 7.065538494536663938e-01 -0.000000000000000000e+00 0.000000000000000000e+00 0.000000000000000000e+00 1.000000000000000000e+00
2.301244047568840045e-01 6.839770925993303718e-01 -7.295034864888358950e-01 0.000000000000000000e+00 7.295034864888358950e-01 6.839770925993303718e-01 -0.000000000000000000e+00 0.000000000000000000e+00 0.000000000000000000e+00 1.000000000000000000e+00
2.350764047568839887e-01 6.609516868785874077e-01 -7.504284560251895941e-01 0.000000000000000000e+00 7.504284560251895941e-01 6.609516868785874077e-01 -0.000000000000000000e+00 0.000000000000000000e+00 0.000000000000000000e+00 1.000000000000000000e+00
2.400204047568840759e-01 6.373251994201807324e-01 -7.705949585768303578e-01 0.000000000000000000e+00 7.705949585768303578e-01 6.373251994201807324e-01 -0.000000000000000000e+00 0.000000000000000000e+00 0.000000000000000000e+00 1.000000000000000000e+00
2.450604047568841204e-01 6.126071186022374881e-01 -7.903875746985552508e-01 0.000000000000000000e+00 7.903875746985552508e-01 6.126071186022374881e-01 -0.000000000000000000e+00 0.000000000000000000e+00 0.000000000000000000e+00 1.000000000000000000e+00
2.500124047568841323e-01 5.877221946011851328e-01 -8.090628047149164281e-01 0.000000000000000000e+00 8.090628047149164281e-01 5.877221946011851328e-01 -0.000000000000000000e+00 0.000000000000000000e+00 0.000000000000000000e+00 1.000000000000000000e+00
2.550124047568835817e-01 5.620189123384573548e-01 -8.271243813199423700e-01 0.000000000000000000e+00 8.271243813199423700e-01 5.620189123384573548e-01 -0.000000000000000000e+00 0.000000000000000000e+00 0.000000000000000000e+00 1.000000000000000000e+00
2.600124047568830310e-01 5.357609852626172842e-01 -8.443696860205425203e-01 0.000000000000000000e+00 8.443696860205425203e-01 5.357609852626172842e-01 -0.000000000000000000e+00 0.000000000000000000e+00 0.000000000000000000e+00 1.000000000000000000e+00
2.650124047568824803e-01 5.089743267775311830e-01 -8.607816997830279870e-01 0.000000000000000000e+00 8.607816997830279870e-01 5.089743267775311830e-01 -0.000000000000000000e+00 0.000000000000000000e+00 0.000000000000000000e+00 1.000000000000000000e+00
2.700124047568819297e-01 4.816853720811304918e-01 -8.763442259312619331e-01 0.000000000000000000e+00 8.763442259312619331e-01 4.816853720811304918e-01 -0.000000000000000000e+00 0.000000000000000000e+00 0.000000000000000000e+00 1.000000000000000000e+00
2.750044047568818151e-01 4.539658401549029332e-01 -8.910190884444916248e-01 0.000000000000000000e+00 8.910190884444916248e-01 4.539658401549029332e-01 -0.000000000000000000e+00 0.000000000000000000e+00 0.000000000000000000e+00 1.000000000000000000e+00
2.801404047568816225e-01 4.249808974175885989e-01 -9.052023181754125236e-01 0.000000000000000000e+00 9.052023181754125236e-01 4.249808974175885989e-01 -0.000000000000000000e+00 0.000000000000000000e+00 0.000000000000000000e+00 1.000000000000000000e+00
2.850369575817134349e-01 3.969347669028795988e-01 -9.178468231811648392e-01 0.000000000000000000e+00 9.178468231811648392e-01 3.969347669028795988e-01 -0.000000000000000000e+00 0.000000000000000000e+00 0.000000000000000000e+00 1.000000000000000000e+00
2.900841196938741540e-01 3.676330775741935009e-01 -9.299709244236225025e-01 0.000000000000000000e+00 9.299709244236225025e-01 3.676330775741935009e-01 -0.000000000000000000e+00 0.000000000000000000e+00 0.000000000000000000e+00 1.000000000000000000e+00
2.950930757608791755e-01 3.381876237490685222e-01 -9.410787061361863826e-01 0.000000000000000000e+00 9.410787061361863826e-01 3.381876237490685222e-01 -0.000000000000000000e+00 0.000000000000000000e+00 0.000000000000000000e+00 1.000000000000000000e+00
3.000930757608786248e-01 3.084607520596947539e-01 -9.512370705763982803e-01 0.000000000000000000e+00 9.512370705763982803e-01 3.084607520596947539e-01 -0.000000000000000000e+00 0.000000000000000000e+00 0.000000000000000000e+00 1.000000000000000000e+00
3.050930757608780741e-01 2.784294668489556424e-01 -9.604566788721949910e-01 0.000000000000000000e+00 9.604566788721949910e-01 2.784294668489556424e-01 -0.000000000000000000e+00 0.000000000000000000e+00 0.000000000000000000e+00 1.000000000000000000e+00
3.100930757608775235e-01 2.481234053696335928e-01 -9.687284323832849875e-01 0.000000000000000000e+00 9.687284323832849875e-01 2.481234053696335928e-01 -0.000000000000000000e+00 0.000000000000000000e+00 0.000000000000000000e+00 1.000000000000000000e+00
3.150930757608769728e-01 2.175724760455139406e-01 -9.760441678876138338e-01 0.000000000000000000e+00 9.760441678876138338e-01 2.175724760455139406e-01 -0.000000000000000000e+00 0.000000000000000000e+00 0.000000000000000000e+00 1.000000000000000000e+00
3.200930757608764221e-01 1.868068289553803385e-01 -9.823966656374782946e-01 0.000000000000000000e+00 9.823966656374782946e-01 1.868068289553803385e-01 -0.000000000000000000e+00 0.000000000000000000e+00 0.000000000000000000e+00 1.000000000000000000e+00
3.250930757608758714e-01 1.558568260785300474e-01 -9.877796564845455762e-01 0.000000000000000000e+00 9.877796564845455762e-01 1.558568260785300474e-01 -0.000000000000000000e+00 0.000000000000000000e+00 0.000000000000000000e+00 1.000000000000000000e+00
3.300930757608753208e-01 1.247530113311624833e-01 -9.921878280667458805e-01 0.000000000000000000e+00 9.921878280667458805e-01 1.247530113311624833e-01 -0.000000000000000000e+00 0.000000000000000000e+00 0.000000000000000000e+00 1.000000000000000000e+00
3.350930757608747701e-01 9.352608042322513304e-02 -9.956168300509329327e-01 0.000000000000000000e+00 9.956168300509329327e-01 9.352608042322513304e-02 -0.000000000000000000e+00 0.000000000000000000e+00 0.000000000000000000e+00 1.000000000000000000e+00
3.400930757608742194e-01 6.220685056545015301e-02 -9.980632784261366242e-01 0.000000000000000000e+00 9.980632784261366242e-01 6.220685056545015301e-02 -0.000000000000000000e+00 0.000000000000000000e+00 0.000000000000000000e+00 1.000000000000000000e+00
3.450930757608736688e-01 3.082623005649117245e-02 -9.995247588431738217e-01 0.000000000000000000e+00 9.995247588431738217e-01 3.082623005649117245e-02 -0.000000000000000000e+00 0.000000000000000000e+00 0.000000000000000000e+00 1.000000000000000000e+00
3.500930757608731181e-01 -5.848122198372515766e-04 -9.999998289973190957e-01 0.000000000000000000e+00 9.999998289973190957e-01 -5.848122198372515766e-04 -0.000000000000000000e+00 0.000000000000000000e+00 0.000000000000000000e+00 1.000000000000000000e+00
3.550930757608725674e-01 -3.199527735711037851e-02 -9.994880200516872426e-01 0.000000000000000000e+00 9.994880200516872426e-01 -3.199527735711037851e-02 -0.000000000000000000e+00 0.000000000000000000e+00 0.000000000000000000e+00 1.000000000000000000e+00
3.600930757608720167e-01 -6.337416701846869393e-02 -9.979898370999152890e-01 0.000000000000000000e+00 9.979898370999152890e-01 -6.337416701846869393e-02 -0.000000000000000000e+00 0.000000000000000000e+00 0.000000000000000000e+00 1.000000000000000000e+00
3.650930757608714661e-01 -9.469051402823525088e-02 -9.955067586676989988e-01 0.000000000000000000e+00 9.955067586676989988e-01 -9.469051402823525088e-02 -0.000000000000000000e+00 0.000000000000000000e+00 0.000000000000000000e+00 1.000000000000000000e+00
3.700930757608709154e-01 -1.259134129327802998e-01 -9.920412352536656098e-01 0.000000000000000000e+00 9.920412352536656098e-01 -1.259134129327802998e-01 -0.000000000000000000e+00 0.000000000000000000e+00 0.000000000000000000e+00 1.000000000000000000e+00
3.750930757608703647e-01 -1.570120505004721501e-01 -9.875966869110270885e-01 0.000000000000000000e+00 9.875966869110270885e-01 -1.570120505004721501e-01 -0.000000000000000000e+00 0.000000000000000000e+00 0.000000000000000000e+00 1.000000000000000000e+00
3.801570757608707107e-01 -1.883506779305349765e-01 -9.821018389775615365e-01 0.000000000000000000e+00 9.821018389775615365e-01 -1.883506779305349765e-01 -0.000000000000000000e+00 0.000000000000000000e+00 0.000000000000000000e+00 1.000000000000000000e+00
3.850338757608707807e-01 -2.183509580751313572e-01 -9.758703085490779694e-01 0.000000000000000000e+00 9.758703085490779694e-01 -2.183509580751313572e-01 -0.000000000000000000e+00 0.000000000000000000e+00 0.000000000000000000e+00 1.000000000000000000e+00
3.901522757608705261e-01 -2.496164911154368504e-01 -9.683447771136153293e-01 0.000000000000000000e+00 9.683447771136153293e-01 -2.496164911154368504e-01 -0.000000000000000000e+00 0.000000000000000000e+00 0.000000000000000000e+00 1.000000000000000000e+00
3.951522757608699754e-01 -2.799097649438299085e-01 -9.600263139565969883e-01 0.000000000000000000e+00 9.600263139565969883e-01 -2.799097649438299085e-01 -0.000000000000000000e+00 0.000000000000000000e+00 0.000000000000000000e+00 1.000000000000000000e+00
4.001522757608694247e-01 -3.099268016281385152e-01 -9.507604207330848656e-01 0.000000000000000000e+00 9.507604207330848656e-01 -3.099268016281385152e-01 -0.000000000000000000e+00 0.000000000000000000e+00 0.000000000000000000e+00 1.000000000000000000e+00
4.051522757608688741e-01 -3.396379779771564467e-01 -9.405562417610062731e-01 0.000000000000000000e+00 9.405562417610062731e-01 -3.396379779771564467e-01 -0.000000000000000000e+00 0.000000000000000000e+00 0.000000000000000000e+00 1.000000000000000000e+00
4.100322757608683699e-01 -3.683130987516671784e-01 -9.297018131035050814e-01 0.000000000000000000e+00 9.297018131035050814e-01 -3.683130987516671784e-01 -0.000000000000000000e+00 0.000000000000000000e+00 0.000000000000000000e+00 1.000000000000000000e+00
4.150242757608684219e-01 -3.972878703051451743e-01 -9.176940383964592440e-01 0.000000000000000000e+00 9.176940383964592440e-01 -3.972878703051451743e-01 -0.000000000000000000e+00 0.000000000000000000e+00 0.000000000000000000e+00 1.000000000000000000e+00
4.200242757608678712e-01 -4.259172990712248863e-01 -9.047620982069665141e-01 0.000000000000000000e+00 9.047620982069665141e-01 -4.259172990712248863e-01 -0.000000000000000000e+00 0.000000000000000000e+00 0.000000000000000000e+00 1.000000000000000000e+00
4.250242757608673205e-01 -4.541263988847405453e-01 -8.909372670597954791e-01 0.000000000000000000e+00 8.909372670597954791e-01 -4.541263988847405453e-01 -0.000000000000000000e+00 0.000000000000000000e+00 0.000000000000000000e+00 1.000000000000000000e+00
4.300242757608667699e-01 -4.818873307699015895e-01 -8.762331883941965049e-01 0.000000000000000000e+00 8.762331883941965049e-01 -4.818873307699015895e-01 -0.000000000000000000e+00 0.000000000000000000e+00 0.000000000000000000e+00 1.000000000000000000e+00
4.350242757608662192e-01 -5.091726980385549162e-01 -8.606643733605675584e-01 0.000000000000000000e+00 8.606643733605675584e-01 -5.091726980385549162e-01 -0.000000000000000000e+00 0.000000000000000000e+00 0.000000000000000000e+00 1.000000000000000000e+00
4.400242757608656685e-01 -5.359555733274096179e-01 -8.442461864997008458e-01 0.000000000000000000e+00 8.442461864997008458e-01 -5.359555733274096179e-01 -0.000000000000000000e+00 0.000000000000000000e+00 0.000000000000000000e+00 1.000000000000000000e+00
4.450242757608651178e-01 -5.622095251720907738e-01 -8.269948305798363597e-01 0.000000000000000000e+00 8.269948305798363597e-01 -5.622095251720907738e-01 -0.000000000000000000e+00 0.000000000000000000e+00 0.000000000000000000e+00 1.000000000000000000e+00
4.500242757608645672e-01 -5.879086440918053214e-01 -8.089273306064859170e-01 0.000000000000000000e+00 8.089273306064859170e-01 -5.879086440918053214e-01 -0.000000000000000000e+00 0.000000000000000000e+00 0.000000000000000000e+00 1.000000000000000000e+00
4.550242757608640165e-01 -6.130275681588722714e-01 -7.900615170208071802e-01 0.000000000000000000e+00 7.900615170208071802e-01 -6.130275681588722714e-01 -0.000000000000000000e+00 0.000000000000000000e+00 0.000000000000000000e+00 1.000000000000000000e+00
4.600242757608634658e-01 -6.375415080278821200e-01 -7.704160081031118379e-01 0.000000000000000000e+00 7.704160081031118379e-01 -6.375415080278821200e-01 -0.000000000000000000e+00 0.000000000000000000e+00 0.000000000000000000e+00 1.000000000000000000e+00
4.650162757608630737e-01 -6.613885709400895152e-01 -7.500434375620029792e-01 0.000000000000000000e+00 7.500434375620029792e-01 -6.613885709400895152e-01 -0.000000000000000000e+00 0.000000000000000000e+00 0.000000000000000000e+00 1.000000000000000000e+00
4.701442757608629286e-01 -6.852076428983957523e-01 -7.283477782719081084e-01 0.000000000000000000e+00 7.283477782719081084e-01 -6.852076428983957523e-01 -0.000000000000000000e+00 0.000000000000000000e+00 0.000000000000000000e+00 1.000000000000000000e+00
4.751442757608623779e-01 -7.077474908780726492e-01 -7.064654904210060371e-01 0.000000000000000000e+00 7.064654904210060371e-01 -7.077474908780726492e-01 -0.000000000000000000e+00 0.000000000000000000e+00 0.000000000000000000e+00 1.000000000000000000e+00
4.801442757608618273e-01 -7.295888775316428099e-01 -6.838860064236711445e-01 0.000000000000000000e+00 6.838860064236711445e-01 -7.295888775316428099e-01 -0.000000000000000000e+00 0.000000000000000000e+00 0.000000000000000000e+00 1.000000000000000000e+00
4.851442757608612766e-01 -7.507102480474223682e-01 -6.606316095045541292e-01 0.000000000000000000e+00 6.606316095045541292e-01 -7.507102480474223682e-01 -0.000000000000000000e+00 0.000000000000000000e+00 0.000000000000000000e+00 1.000000000000000000e+00
4.901442757608607259e-01 -7.710907581827258772e-01 -6.367252489458770093e-01 0.000000000000000000e+00 6.367252489458770093e-01 -7.710907581827258772e-01 -0.000000000000000000e+00 0.000000000000000000e+00 0.000000000000000000e+00 1.000000000000000000e+00
4.951442757608601752e-01 -7.907102948346182991e-01 -6.121905174392616722e-01 0.000000000000000000e+00 6.121905174392616722e-01 -7.907102948346182991e-01 -0.000000000000000000e+00 0.000000000000000000e+00 0.000000000000000000e+00 1.000000000000000000e+00
5.001442757608596246e-01 -8.095494958891205073e-01 -5.870516278025904588e-01 0.000000000000000000e+00 5.870516278025904588e-01 -8.095494958891205073e-01 -0.000000000000000000e+00 0.000000000000000000e+00 0.000000000000000000e+00 1.000000000000000000e+00
5.051442757608590739e-01 -8.275897693292748603e-01 -5.613333890848802854e-01 0.000000000000000000e+00 5.613333890848802854e-01 -8.275897693292748603e-01 -0.000000000000000000e+00 0.000000000000000000e+00 0.000000000000000000e+00 1.000000000000000000e+00
5.100002757608592674e-01 -8.443288539045690211e-01 -5.358253320478575388e-01 0.000000000000000000e+00 5.358253320478575388e-01 -8.443288539045690211e-01 -0.000000000000000000e+00 0.000000000000000000e+00 0.000000000000000000e+00 1.000000000000000000e+00
5.150537157608590100e-01 -8.609137825494463936e-01 -5.087508810964401773e-01 0.000000000000000000e+00 5.087508810964401773e-01 -8.609137825494463936e-01 -0.000000000000000000e+00 0.000000000000000000e+00 0.000000000000000000e+00 1.000000000000000000e+00
5.200223557608585345e-01 -8.763743411154738538e-01 -4.816305785915369619e-01 0.000000000000000000e+00 4.816305785915369619e-01 -8.763743411154738538e-01 -0.000000000000000000e+00 0.000000000000000000e+00 0.000000000000000000e+00 1.000000000000000000e+00
5.250223557608579839e-01 -8.910702853499086196e-01 -4.538653396839555931e-01 0.000000000000000000e+00 4.538653396839555931e-01 -8.910702853499086196e-01 -0.000000000000000000e+00 0.000000000000000000e+00 0.000000000000000000e+00 1.000000000000000000e+00
5.300223557608574332e-01 -9.048868507929220817e-01 -4.256521904819328128e-01 0.000000000000000000e+00 4.256521904819328128e-01 -9.048868507929220817e-01 -0.000000000000000000e+00 0.000000000000000000e+00 0.000000000000000000e+00 1.000000000000000000e+00
5.350223557608568825e-01 -9.178104021625166364e-01 -3.970189739575165633e-01 0.000000000000000000e+00 3.970189739575165633e-01 -9.178104021625166364e-01 -0.000000000000000000e+00 0.000000000000000000e+00 0.000000000000000000e+00 1.000000000000000000e+00
5.400223557608563318e-01 -9.298281854737697749e-01 -3.679939476384855856e-01 0.000000000000000000e+00 3.679939476384855856e-01 -9.298281854737697749e-01 -0.000000000000000000e+00 0.000000000000000000e+00 0.000000000000000000e+00 1.000000000000000000e+00
5.450223557608557812e-01 -9.409283406254776994e-01 -3.386057557215835789e-01 0.000000000000000000e+00 3.386057557215835789e-01 -9.409283406254776994e-01 -0.000000000000000000e+00 0.000000000000000000e+00 0.000000000000000000e+00 1.000000000000000000e+00
5.500223557608552305e-01 -9.510999131046440347e-01 -3.088834008041523305e-01 0.000000000000000000e+00 3.088834008041523305e-01 -9.510999131046440347e-01 -0.000000000000000000e+00 0.000000000000000000e+00 0.000000000000000000e+00 1.000000000000000000e+00
5.550223557608550129e-01 -9.603328647972608767e-01 -2.788562152620706613e-01 0.000000000000000000e+00 2.788562152620706613e-01 -9.603328647972608767e-01 -0.000000000000000000e+00 0.000000000000000000e+00 0.000000000000000000e+00 1.000000000000000000e+00
5.600698364019813802e-01 -9.686921917717725705e-01 -2.482648537356816898e-01 0.000000000000000000e+00 2.482648537356816898e-01 -9.686921917717725705e-01 -0.000000000000000000e+00 0.000000000000000000e+00 0.000000000000000000e+00 1.000000000000000000e+00
5.651202314081819056e-01 -9.760812767582260907e-01 -2.174059363541651912e-01 0.000000000000000000e+00 2.174059363541651912e-01 -9.760812767582260907e-01 -0.000000000000000000e+00 0.000000000000000000e+00 0.000000000000000000e+00 1.000000000000000000e+00
5.701858989029618963e-01 -9.825054489627917942e-01 -1.862338389187714049e-01 0.000000000000000000e+00 1.862338389187714049e-01 -9.825054489627917942e-01 -0.000000000000000000e+00 0.000000000000000000e+00 0.000000000000000000e+00 1.000000000000000000e+00
5.751858989029613456e-01 -9.878703880798607173e-01 -1.552807018110916315e-01 0.000000000000000000e+00 1.552807018110916315e-01 -9.878703880798607173e-01 -0.000000000000000000e+00 0.000000000000000000e+00 0.000000000000000000e+00 1.000000000000000000e+00
5.801858989029607949e-01 -9.922604183909322639e-01 -1.241743213979911303e-01 0.000000000000000000e+00 1.241743213979911303e-01 -9.922604183909322639e-01 -0.000000000000000000e+00 0.000000000000000000e+00 0.000000000000000000e+00 1.000000000000000000e+00
5.851858989029602442e-01 -9.956712074661044909e-01 -9.294539592141787265e-02 0.000000000000000000e+00 9.294539592141787265e-02 -9.956712074661044909e-01 -0.000000000000000000e+00 0.000000000000000000e+00 0.000000000000000000e+00 1.000000000000000000e+00
5.901858989029596936e-01 -9.980993892683497348e-01 -6.162474456050385380e-02 0.000000000000000000e+00 6.162474456050385380e-02 -9.980993892683497348e-01 -0.000000000000000000e+00 0.000000000000000000e+00 0.000000000000000000e+00 1.000000000000000000e+00
5.951858989029591429e-01 -9.995425674753868339e-01 -3.024327701675463484e-02 0.000000000000000000e+00 3.024327701675463484e-02 -9.995425674753868339e-01 -0.000000000000000000e+00 0.000000000000000000e+00 0.000000000000000000e+00 1.000000000000000000e+00
6.001858989029585922e-01 -9.999993178445620856e-01 1.168036990095467969e-03 0.000000000000000000e+00 -1.168036990095467969e-03 -9.999993178445620856e-01 -0.000000000000000000e+00 0.000000000000000000e+00 -0.000000000000000000e+00 1.000000000000000000e+00
6.051858989029580416e-01 -9.994691896184063618e-01 3.257819828545471808e-02 0.000000000000000000e+00 -3.257819828545471808e-02 -9.994691896184063618e-01 -0.000000000000000000e+00 0.000000000000000000e+00 -0.000000000000000000e+00 1.000000000000000000e+00
6.101858989029574909e-01 -9.979527059694747182e-01 6.395620883232021325e-02 0.000000000000000000e+00 -6.395620883232021325e-02 -9.979527059694747182e-01 -0.000000000000000000e+00 0.000000000000000000e+00 -0.000000000000000000e+00 1.000000000000000000e+00
6.151858989029569402e-01 -9.954513634840416181e-01 9.527110232259490552e-02 0.000000000000000000e+00 -9.527110232259490552e-02 -9.954513634840416181e-01 -0.000000000000000000e+00 0.000000000000000000e+00 -0.000000000000000000e+00 1.000000000000000000e+00
6.201618989029576978e-01 -9.919866939470298739e-01 1.263423881048692521e-01 0.000000000000000000e+00 -1.263423881048692521e-01 -9.919866939470298739e-01 -0.000000000000000000e+00 0.000000000000000000e+00 -0.000000000000000000e+00 1.000000000000000000e+00
6.250898989029570751e-01 -9.875998207983720523e-01 1.569923372621200575e-01 0.000000000000000000e+00 -1.569923372621200575e-01 -9.875998207983720523e-01 -0.000000000000000000e+00 0.000000000000000000e+00 -0.000000000000000000e+00 1.000000000000000000e+00
6.300898989029565245e-01 -9.821812514211417655e-01 1.879361310573351984e-01 0.000000000000000000e+00 -1.879361310573351984e-01 -9.821812514211417655e-01 -0.000000000000000000e+00 0.000000000000000000e+00 -0.000000000000000000e+00 1.000000000000000000e+00
6.350898989029559738e-01 -9.757933877289386437e-01 2.186944545810012575e-01 0.000000000000000000e+00 -2.186944545810012575e-01 -9.757933877289386437e-01 -0.000000000000000000e+00 0.000000000000000000e+00 -0.000000000000000000e+00 1.000000000000000000e+00
6.400898989029554231e-01 -9.684425337720105054e-01 2.492369530812974243e-01 0.000000000000000000e+00 -2.492369530812974243e-01 -9.684425337720105054e-01 -0.000000000000000000e+00 0.000000000000000000e+00 -0.000000000000000000e+00 1.000000000000000000e+00
6.450898989029548725e-01 -9.601359439557336506e-01 2.795334847996439609e-01 0.000000000000000000e+00 -2.795334847996439609e-01 -9.601359439557336506e-01 -0.000000000000000000e+00 0.000000000000000000e+00 -0.000000000000000000e+00 1.000000000000000000e+00
6.500898989029543218e-01 -9.508818158813897581e-01 3.095541507169803364e-01 0.000000000000000000e+00 -3.095541507169803364e-01 -9.508818158813897581e-01 -0.000000000000000000e+00 0.000000000000000000e+00 -0.000000000000000000e+00 1.000000000000000000e+00
6.550898989029537711e-01 -9.406892822561242484e-01 3.392693240604842675e-01 0.000000000000000000e+00 -3.392693240604842675e-01 -9.406892822561242484e-01 -0.000000000000000000e+00 0.000000000000000000e+00 -0.000000000000000000e+00 1.000000000000000000e+00
6.600898989029532204e-01 -9.295684018800652870e-01 3.686496795416228101e-01 0.000000000000000000e+00 -3.686496795416228101e-01 -9.295684018800652870e-01 -0.000000000000000000e+00 0.000000000000000000e+00 -0.000000000000000000e+00 1.000000000000000000e+00
6.650898989029526698e-01 -9.175301497195043066e-01 3.976662222966690918e-01 0.000000000000000000e+00 -3.976662222966690918e-01 -9.175301497195043066e-01 -0.000000000000000000e+00 0.000000000000000000e+00 -0.000000000000000000e+00 1.000000000000000000e+00
6.700658989029527612e-01 -9.046506788560079171e-01 4.261539032384473180e-01 0.000000000000000000e+00 -4.261539032384473180e-01 -9.046506788560079171e-01 -0.000000000000000000e+00 0.000000000000000000e+00 -0.000000000000000000e+00 1.000000000000000000e+00
6.751458989029520685e-01 -8.905899723050227923e-01 4.548071033193502033e-01 0.000000000000000000e+00 -4.548071033193502033e-01 -8.905899723050227923e-01 -0.000000000000000000e+00 0.000000000000000000e+00 -0.000000000000000000e+00 1.000000000000000000e+00
6.800578989029522070e-01 -8.761313651155513416e-01 4.820724334171788139e-01 0.000000000000000000e+00 -4.820724334171788139e-01 -8.761313651155513416e-01 -0.000000000000000000e+00 0.000000000000000000e+00 -0.000000000000000000e+00 1.000000000000000000e+00
6.851938989029515703e-01 -8.601212218236683471e-01 5.100896820840031820e-01 0.000000000000000000e+00 -5.100896820840031820e-01 -8.601212218236683471e-01 -0.000000000000000000e+00 0.000000000000000000e+00 -0.000000000000000000e+00 1.000000000000000000e+00
6.901938989029510196e-01 -8.436744998103675730e-01 5.368550440945173419e-01 0.000000000000000000e+00 -5.368550440945173419e-01 -8.436744998103675730e-01 -0.000000000000000000e+00 0.000000000000000000e+00 -0.000000000000000000e+00 1.000000000000000000e+00
6.951938989029504690e-01 -8.263951729238108168e-01 5.630905949918053599e-01 0.000000000000000000e+00 -5.630905949918053599e-01 -8.263951729238108168e-01 -0.000000000000000000e+00 0.000000000000000000e+00 -0.000000000000000000e+00 1.000000000000000000e+00
7.001938989029499183e-01 -8.083002937734762305e-01 5.887704434545878440e-01 0.000000000000000000e+00 -5.887704434545878440e-01 -8.083002937734762305e-01 -0.000000000000000000e+00 0.000000000000000000e+00 -0.000000000000000000e+00 1.000000000000000000e+00
7.051938989029493676e-01 -7.894077198204645374e-01 6.138692465727979553e-01 0.000000000000000000e+00 -6.138692465727979553e-01 -7.894077198204645374e-01 -0.000000000000000000e+00 0.000000000000000000e+00 -0.000000000000000000e+00 1.000000000000000000e+00
7.101938989029488170e-01 -7.697360957543397664e-01 6.383622348579728323e-01 0.000000000000000000e+00 -6.383622348579728323e-01 -7.697360957543397664e-01 -0.000000000000000000e+00 0.000000000000000000e+00 -0.000000000000000000e+00 1.000000000000000000e+00
7.151938989029482663e-01 -7.493048350930706647e-01 6.622252366877499075e-01 0.000000000000000000e+00 -6.622252366877499075e-01 -7.493048350930706647e-01 -0.000000000000000000e+00 0.000000000000000000e+00 -0.000000000000000000e+00 1.000000000000000000e+00
7.201618989029483497e-01 -7.282719011295529787e-01 6.852882882591434521e-01 0.000000000000000000e+00 -6.852882882591434521e-01 -7.282719011295529787e-01 -0.000000000000000000e+00 0.000000000000000000e+00 -0.000000000000000000e+00 1.000000000000000000e+00
7.251074989029487883e-01 -7.066290148853807684e-01 7.075842248963133407e-01 0.000000000000000000e+00 -7.075842248963133407e-01 -7.066290148853807684e-01 -0.000000000000000000e+00 0.000000000000000000e+00 -0.000000000000000000e+00 1.000000000000000000e+00
7.301455789029488441e-01 -6.838800326122234097e-01 7.295944770859388306e-01 0.000000000000000000e+00 -7.295944770859388306e-01 -6.838800326122234097e-01 -0.000000000000000000e+00 0.000000000000000000e+00 -0.000000000000000000e+00 1.000000000000000000e+00
7.351730989029486851e-01 -6.604956441878387929e-01 7.508298768755092834e-01 0.000000000000000000e+00 -7.508298768755092834e-01 -6.604956441878387929e-01 -0.000000000000000000e+00 0.000000000000000000e+00 -0.000000000000000000e+00 1.000000000000000000e+00
7.400130989029487516e-01 -6.373605721659467704e-01 7.705657019672605967e-01 0.000000000000000000e+00 -7.705657019672605967e-01 -6.373605721659467704e-01 -0.000000000000000000e+00 0.000000000000000000e+00 -0.000000000000000000e+00 1.000000000000000000e+00
7.451330989029482099e-01 -6.122460445638306936e-01 7.906673010286590086e-01 0.000000000000000000e+00 -7.906673010286590086e-01 -6.122460445638306936e-01 -0.000000000000000000e+00 0.000000000000000000e+00 -0.000000000000000000e+00 1.000000000000000000e+00
7.501330989029476592e-01 -5.871084779959558908e-01 8.095082674471412165e-01 0.000000000000000000e+00 -8.095082674471412165e-01 -5.871084779959558908e-01 -0.000000000000000000e+00 0.000000000000000000e+00 -0.000000000000000000e+00 1.000000000000000000e+00
7.550806189029478643e-01 -5.616643534643585012e-01 8.273651878387585645e-01 0.000000000000000000e+00 -8.273651878387585645e-01 -5.616643534643585012e-01 -0.000000000000000000e+00 0.000000000000000000e+00 -0.000000000000000000e+00 1.000000000000000000e+00
7.601081389029477053e-01 -5.352529870160238623e-01 8.446918017184871230e-01 0.000000000000000000e+00 -8.446918017184871230e-01 -5.352529870160238623e-01 -0.000000000000000000e+00 0.000000000000000000e+00 -0.000000000000000000e+00 1.000000000000000000e+00
7.651081389029471547e-01 -5.084564612988224930e-01 8.610876999257850439e-01 0.000000000000000000e+00 -8.610876999257850439e-01 -5.084564612988224930e-01 -0.000000000000000000e+00 0.000000000000000000e+00 -0.000000000000000000e+00 1.000000000000000000e+00
7.700281389029467460e-01 -4.815987338505428039e-01 8.763918413321485357e-01 0.000000000000000000e+00 -8.763918413321485357e-01 -4.815987338505428039e-01 -0.000000000000000000e+00 0.000000000000000000e+00 -0.000000000000000000e+00 1.000000000000000000e+00
7.751321389029467435e-01 -4.532505823221304464e-01 8.913831441219031149e-01 0.000000000000000000e+00 -8.913831441219031149e-01 -4.532505823221304464e-01 -0.000000000000000000e+00 0.000000000000000000e+00 -0.000000000000000000e+00 1.000000000000000000e+00
7.801321389029461928e-01 -4.250279093342432812e-01 9.051802451926146409e-01 0.000000000000000000e+00 -9.051802451926146409e-01 -4.250279093342432812e-01 -0.000000000000000000e+00 0.000000000000000000e+00 -0.000000000000000000e+00 1.000000000000000000e+00
7.850921389029457131e-01 -3.966165122794079179e-01 9.179843910368618021e-01 0.000000000000000000e+00 -9.179843910368618021e-01 -3.966165122794079179e-01 -0.000000000000000000e+00 0.000000000000000000e+00 -0.000000000000000000e+00 1.000000000000000000e+00
7.900034989029464105e-01 -3.681041121518207615e-01 9.297845786078190455e-01 0.000000000000000000e+00 -9.297845786078190455e-01 -3.681041121518207615e-01 -0.000000000000000000e+00 0.000000000000000000e+00 -0.000000000000000000e+00 1.000000000000000000e+00
7.951409709029472195e-01 -3.379044058108265358e-01 9.411804356942574667e-01 0.000000000000000000e+00 -9.411804356942574667e-01 -3.379044058108265358e-01 -0.000000000000000000e+00 0.000000000000000000e+00 -0.000000000000000000e+00 1.000000000000000000e+00
8.000769709029466048e-01 -3.085570059756364558e-01 9.512058526225284361e-01 0.000000000000000000e+00 -9.512058526225284361e-01 -3.085570059756364558e-01 -0.000000000000000000e+00 0.000000000000000000e+00 -0.000000000000000000e+00 1.000000000000000000e+00
8.050769709029460541e-01 -2.785266538490285826e-01 9.604284997310645888e-01 0.000000000000000000e+00 -9.604284997310645888e-01 -2.785266538490285826e-01 -0.000000000000000000e+00 0.000000000000000000e+00 -0.000000000000000000e+00 1.000000000000000000e+00
8.100129709029461056e-01 -2.486109481802005472e-01 9.686034257862925489e-01 0.000000000000000000e+00 -9.686034257862925489e-01 -2.486109481802005472e-01 -0.000000000000000000e+00 0.000000000000000000e+00 -0.000000000000000000e+00 1.000000000000000000e+00
8.151489709029454689e-01 -2.172296763764660910e-01 9.761205190453563496e-01 0.000000000000000000e+00 -9.761205190453563496e-01 -2.172296763764660910e-01 -0.000000000000000000e+00 0.000000000000000000e+00 -0.000000000000000000e+00 1.000000000000000000e+00
8.201489709029449182e-01 -1.864618001894550736e-01 9.824622115227168440e-01 0.000000000000000000e+00 -9.824622115227168440e-01 -1.864618001894550736e-01 -0.000000000000000000e+00 0.000000000000000000e+00 -0.000000000000000000e+00 1.000000000000000000e+00
8.251489709029443675e-01 -1.555099087174630357e-01 9.878343324114049473e-01 0.000000000000000000e+00 -9.878343324114049473e-01 -1.555099087174630357e-01 -0.000000000000000000e+00 0.000000000000000000e+00 -0.000000000000000000e+00 1.000000000000000000e+00
8.301489709029438169e-01 -1.244045477405048561e-01 9.922315800766876581e-01 0.000000000000000000e+00 -9.922315800766876581e-01 -1.244045477405048561e-01 -0.000000000000000000e+00 0.000000000000000000e+00 -0.000000000000000000e+00 1.000000000000000000e+00
8.350289709029444785e-01 -9.392709006226601653e-02 9.955790786032192585e-01 0.000000000000000000e+00 -9.955790786032192585e-01 -9.392709006226601653e-02 -0.000000000000000000e+00 0.000000000000000000e+00 -0.000000000000000000e+00 1.000000000000000000e+00
8.400593709029443579e-01 -6.241821289004612777e-02 9.980500822602105249e-01 0.000000000000000000e+00 -9.980500822602105249e-01 -6.241821289004612777e-02 -0.000000000000000000e+00 0.000000000000000000e+00 -0.000000000000000000e+00 1.000000000000000000e+00
8.450198435194581359e-01 -3.128613984671137216e-02 9.995104689064004955e-01 0.000000000000000000e+00 -9.995104689064004955e-01 -3.128613984671137216e-02 -0.000000000000000000e+00 0.000000000000000000e+00 -0.000000000000000000e+00 1.000000000000000000e+00
8.500312041889767078e-01 1.960617004432593346e-04 9.999999807799044849e-01 0.000000000000000000e+00 -9.999999807799044849e-01 1.960617004432593346e-04 -0.000000000000000000e+00 -0.000000000000000000e+00 0.000000000000000000e+00 1.000000000000000000e+00
8.551367920548536006e-01 3.226981309328677550e-02 9.994791939619976917e-01 0.000000000000000000e+00 -9.994791939619976917e-01 3.226981309328677550e-02 -0.000000000000000000e+00 -0.000000000000000000e+00 0.000000000000000000e+00 1.000000000000000000e+00
8.601226060107988181e-01 6.355933698525408071e-02 9.979780612227880932e-01 0.000000000000000000e+00 -9.979780612227880932e-01 6.355933698525408071e-02 -0.000000000000000000e+00 -0.000000000000000000e+00 0.000000000000000000e+00 1.000000000000000000e+00
8.650986060107989095e-01 9.472510542686661539e-02 9.955034678000216353e-01 0.000000000000000000e+00 -9.955034678000216353e-01 9.472510542686661539e-02 -0.000000000000000000e+00 -0.000000000000000000e+00 0.000000000000000000e+00 1.000000000000000000e+00
8.701690060107986069e-01 1.263866854180573374e-01 9.919810511038185119e-01 0.000000000000000000e+00 -9.919810511038185119e-01 1.263866854180573374e-01 -0.000000000000000000e+00 -0.000000000000000000e+00 0.000000000000000000e+00 1.000000000000000000e+00
8.751690060107980562e-01 1.574831990245151025e-01 9.875216666104116303e-01 0.000000000000000000e+00 -9.875216666104116303e-01 1.574831990245151025e-01 -0.000000000000000000e+00 -0.000000000000000000e+00 0.000000000000000000e+00 1.000000000000000000e+00
8.801690060107975055e-01 1.884242957267127372e-01 9.820877174569959678e-01 0.000000000000000000e+00 -9.820877174569959678e-01 1.884242957267127372e-01 -0.000000000000000000e+00 -0.000000000000000000e+00 0.000000000000000000e+00 1.000000000000000000e+00
8.851690060107969549e-01 2.191794403977699313e-01 9.756845662953373965e-01 0.000000000000000000e+00 -9.756845662953373965e-01 2.191794403977699313e-01 -0.000000000000000000e+00 -0.000000000000000000e+00 0.000000000000000000e+00 1.000000000000000000e+00
8.901690060107964042e-01 2.497182814230082259e-01 9.683185322625709190e-01 0.000000000000000000e+00 -9.683185322625709190e-01 2.497182814230082259e-01 -0.000000000000000000e+00 -0.000000000000000000e+00 0.000000000000000000e+00 1.000000000000000000e+00
8.951690060107958535e-01 2.800106806533355641e-01 9.599968847449745768e-01 0.000000000000000000e+00 -9.599968847449745768e-01 2.800106806533355641e-01 -0.000000000000000000e+00 -0.000000000000000000e+00 0.000000000000000000e+00 1.000000000000000000e+00
9.000090060107955869e-01 3.090708107776395375e-01 9.510390286025347528e-01 0.000000000000000000e+00 -9.510390286025347528e-01 3.090708107776395375e-01 -0.000000000000000000e+00 -0.000000000000000000e+00 0.000000000000000000e+00 1.000000000000000000e+00
9.051610060107954103e-01 3.396895705294996071e-01 9.405376099197118034e-01 0.000000000000000000e+00 -9.405376099197118034e-01 3.396895705294996071e-01 -0.000000000000000000e+00 -0.000000000000000000e+00 0.000000000000000000e+00 1.000000000000000000e+00
9.100657740107949145e-01 3.685087702429153400e-01 9.296242715495621756e-01 0.000000000000000000e+00 -9.296242715495621756e-01 3.685087702429153400e-01 -0.000000000000000000e+00 -0.000000000000000000e+00 0.000000000000000000e+00 1.000000000000000000e+00
9.150674380107951533e-01 3.975367310252099218e-01 9.175862616047548714e-01 0.000000000000000000e+00 -9.175862616047548714e-01 3.975367310252099218e-01 -0.000000000000000000e+00 -0.000000000000000000e+00 0.000000000000000000e+00 1.000000000000000000e+00
9.200674380107946027e-01 4.261626516427085010e-01 9.046465576924809238e-01 0.000000000000000000e+00 -9.046465576924809238e-01 4.261626516427085010e-01 -0.000000000000000000e+00 -0.000000000000000000e+00 0.000000000000000000e+00 1.000000000000000000e+00
9.250674380107940520e-01 4.543680011742771141e-01 8.908140768470667048e-01 0.000000000000000000e+00 -8.908140768470667048e-01 4.543680011742771141e-01 -0.000000000000000000e+00 -0.000000000000000000e+00 0.000000000000000000e+00 1.000000000000000000e+00
9.300674380107935013e-01 4.821249443451995909e-01 8.761024700570920754e-01 0.000000000000000000e+00 -8.761024700570920754e-01 4.821249443451995909e-01 -0.000000000000000000e+00 -0.000000000000000000e+00 0.000000000000000000e+00 1.000000000000000000e+00
9.350674380107929506e-01 5.094060884037033832e-01 8.605262559023042490e-01 0.000000000000000000e+00 -8.605262559023042490e-01 5.094060884037033832e-01 -0.000000000000000000e+00 -0.000000000000000000e+00 0.000000000000000000e+00 1.000000000000000000e+00
9.400674380107924000e-01 5.361845101542960235e-01 8.441008062255346278e-01 0.000000000000000000e+00 -8.441008062255346278e-01 5.361845101542960235e-01 -0.000000000000000000e+00 -0.000000000000000000e+00 0.000000000000000000e+00 1.000000000000000000e+00
9.450674380107918493e-01 5.624337825277061498e-01 8.268423309625463347e-01 0.000000000000000000e+00 -8.268423309625463347e-01 5.624337825277061498e-01 -0.000000000000000000e+00 -0.000000000000000000e+00 0.000000000000000000e+00 1.000000000000000000e+00
9.500674380107912986e-01 5.881280006612149558e-01 8.087678621447824678e-01 0.000000000000000000e+00 -8.087678621447824678e-01 5.881280006612149558e-01 -0.000000000000000000e+00 -0.000000000000000000e+00 0.000000000000000000e+00 1.000000000000000000e+00
9.550674380107907480e-01 6.132418074636261096e-01 7.898952370908087772e-01 0.000000000000000000e+00 -7.898952370908087772e-01 6.132418074636261096e-01 -0.000000000000000000e+00 -0.000000000000000000e+00 0.000000000000000000e+00 1.000000000000000000e+00
9.600674380107901973e-01 6.377504186396506514e-01 7.702430808030347187e-01 0.000000000000000000e+00 -7.702430808030347187e-01 6.377504186396506514e-01 -0.000000000000000000e+00 -0.000000000000000000e+00 0.000000000000000000e+00 1.000000000000000000e+00
9.650834380107905508e-01 6.617050250181238935e-01 7.497642695312735084e-01 0.000000000000000000e+00 -7.497642695312735084e-01 6.617050250181238935e-01 -0.000000000000000000e+00 -0.000000000000000000e+00 0.000000000000000000e+00 1.000000000000000000e+00
9.700274380107899441e-01 6.846727685662018503e-01 7.288506019644165335e-01 0.000000000000000000e+00 -7.288506019644165335e-01 6.846727685662018503e-01 -0.000000000000000000e+00 -0.000000000000000000e+00 0.000000000000000000e+00 1.000000000000000000e+00
9.750274380107893935e-01 7.072286745479380299e-01 7.069848668091607280e-01 0.000000000000000000e+00 -7.069848668091607280e-01 7.072286745479380299e-01 -0.000000000000000000e+00 -0.000000000000000000e+00 0.000000000000000000e+00 1.000000000000000000e+00
9.800274380107888428e-01 7.290866312126476068e-01 6.844214229456825338e-01 0.000000000000000000e+00 -6.844214229456825338e-01 7.290866312126476068e-01 -0.000000000000000000e+00 -0.000000000000000000e+00 0.000000000000000000e+00 1.000000000000000000e+00
9.850274380107882921e-01 7.502250673960462191e-01 6.611825377689568572e-01 0.000000000000000000e+00 -6.611825377689568572e-01 7.502250673960462191e-01 -0.000000000000000000e+00 -0.000000000000000000e+00 0.000000000000000000e+00 1.000000000000000000e+00
9.900274380107877414e-01 7.706231220136956495e-01 6.372911452529878007e-01 0.000000000000000000e+00 -6.372911452529878007e-01 7.706231220136956495e-01 -0.000000000000000000e+00 -0.000000000000000000e+00 0.000000000000000000e+00 1.000000000000000000e+00
9.950274380107871908e-01 7.902606646483740782e-01 6.127708233177473485e-01 0.000000000000000000e+00 -6.127708233177473485e-01 7.902606646483740782e-01 -0.000000000000000000e+00 -0.000000000000000000e+00 0.000000000000000000e+00 1.000000000000000000e+00
1.000000000000000000e+00 8.090169943749474513e-01 5.877852522924732481e-01 0.000000000000000000e+00 -5.877852522924732481e-01 8.090169943749474513e-01 -0.000000000000000000e+00 -0.000000000000000000e+00 0.000000000000000000e+00 1.000000000000000000e+00
