time R11 R12 R13 R21 R22 R23 R31 R32 R33
0.000000000000000000e+00 1.000000000000000000e+00 -0.000000000000000000e+00 0.000000000000000000e+00 0.000000000000000000e+00 1.000000000000000000e+00 -0.000000000000000000e+00 0.000000000000000000e+00 0.000000000000000000e+00 1.000000000000000000e+00
5.032305572043664979e-03 9.999999916992708959e-01 1.288466455032333366e-04 0.000000000000000000e+00 -1.288466455032333366e-04 9.999999916992708959e-01 -0.000000000000000000e+00 -0.000000000000000000e+00 0.000000000000000000e+00 1.000000000000000000e+00
1.005364966643989416e-02 9.999999914034579662e-01 1.311224010453544871e-04 0.000000000000000000e+00 -1.311224010453544871e-04 9.999999914034579662e-01 -0.000000000000000000e+00 -0.000000000000000000e+00 0.000000000000000000e+00 1.000000000000000000e+00
1.510168475688106887e-02 9.999999936219193808e-01 1.129431767180075159e-04 0.000000000000000000e+00 -1.129431767180075159e-04 9.999999936219193808e-01 -0.000000000000000000e+00 -0.000000000000000000e+00 0.000000000000000000e+00 1.000000000000000000e+00
2.010168475688104209e-02 9.999999961180667807e-01 8.811280388350120130e-05 0.000000000000000000e+00 -8.811280388350120130e-05 9.999999961180667807e-01 -0.000000000000000000e+00 -0.000000000000000000e+00 0.000000000000000000e+00 1.000000000000000000e+00
2.510168475688101183e-02 9.999999983938718806e-01 5.667676910850283454e-05 0.000000000000000000e+00 -5.667676910850283454e-05 9.999999983938718806e-01 -0.000000000000000000e+00 -0.000000000000000000e+00 0.000000000000000000e+00 1.000000000000000000e+00
3.010168475688098158e-02 9.999999998325358463e-01 1.830104428883643267e-05 0.000000000000000000e+00 -1.830104428883643267e-05 9.999999998325358463e-01 -0.000000000000000000e+00 -0.000000000000000000e+00 0.000000000000000000e+00 1.000000000000000000e+00
3.510168475688095480e-02 9.999999996325463769e-01 -2.710916513490049888e-05 0.000000000000000000e+00 2.710916513490049888e-05 9.999999996325463769e-01 -0.000000000000000000e+00 0.000000000000000000e+00 0.000000000000000000e+00 1.000000000000000000e+00
4.010168475688092454e-02 9.999999968342969670e-01 -7.957013215470123003e-05 0.000000000000000000e+00 7.957013215470123003e-05 9.999999968342969670e-01 -0.000000000000000000e+00 0.000000000000000000e+00 0.000000000000000000e+00 1.000000000000000000e+00
4.510168475688089429e-02 9.999999903646944466e-01 -1.388186256478022814e-04 0.000000000000000000e+00 1.388186256478022814e-04 9.999999903646944466e-01 -0.000000000000000000e+00 0.000000000000000000e+00 0.000000000000000000e+00 1.000000000000000000e+00
5.010168475688086404e-02 9.999999789877489498e-01 -2.049987842668654170e-04 0.000000000000000000e+00 2.049987842668654170e-04 9.999999789877489498e-01 -0.000000000000000000e+00 0.000000000000000000e+00 0.000000000000000000e+00 1.000000000000000000e+00
5.510168475688083378e-02 9.999999614580413754e-01 -2.776399024297494605e-04 0.000000000000000000e+00 2.776399024297494605e-04 9.999999614580413754e-01 -0.000000000000000000e+00 0.000000000000000000e+00 0.000000000000000000e+00 1.000000000000000000e+00
6.010168475688080353e-02 9.999999362611321496e-01 -3.570402380947771672e-04 0.000000000000000000e+00 3.570402380947771672e-04 9.999999362611321496e-01 -0.000000000000000000e+00 0.000000000000000000e+00 0.000000000000000000e+00 1.000000000000000000e+00
6.510168475688087042e-02 9.999999016859406620e-01 -4.434276815780001835e-04 0.000000000000000000e+00 4.434276815780001835e-04 9.999999016859406620e-01 -0.000000000000000000e+00 0.000000000000000000e+00 0.000000000000000000e+00 1.000000000000000000e+00
7.010168475688101364e-02 9.999998558457543485e-01 -5.369436380305450760e-04 0.000000000000000000e+00 5.369436380305450760e-04 9.999998558457543485e-01 -0.000000000000000000e+00 0.000000000000000000e+00 0.000000000000000000e+00 1.000000000000000000e+00
7.510168475688115686e-02 9.999997966586555709e-01 -6.377167454377571801e-04 0.000000000000000000e+00 6.377167454377571801e-04 9.999997966586555709e-01 -0.000000000000000000e+00 0.000000000000000000e+00 0.000000000000000000e+00 1.000000000000000000e+00
8.010168475688130008e-02 9.999997222532659436e-01 -7.453142899174180483e-04 0.000000000000000000e+00 7.453142899174180483e-04 9.999997222532659436e-01 -0.000000000000000000e+00 0.000000000000000000e+00 0.000000000000000000e+00 1.000000000000000000e+00
8.510168475688144329e-02 9.999996298158285724e-01 -8.604465152582530104e-04 0.000000000000000000e+00 8.604465152582530104e-04 9.999996298158285724e-01 -0.000000000000000000e+00 0.000000000000000000e+00 0.000000000000000000e+00 1.000000000000000000e+00
9.010168475688158651e-02 9.999995184442433960e-01 -9.813823316797540188e-04 0.000000000000000000e+00 9.813823316797540188e-04 9.999995184442433960e-01 -0.000000000000000000e+00 0.000000000000000000e+00 0.000000000000000000e+00 1.000000000000000000e+00
9.510168475688172973e-02 9.999993855846841528e-01 -1.108526162963239560e-03 0.000000000000000000e+00 1.108526162963239560e-03 9.999993855846841528e-01 -0.000000000000000000e+00 0.000000000000000000e+00 0.000000000000000000e+00 1.000000000000000000e+00
1.001016847568818730e-01 9.999992277065452573e-01 -1.242813869014395113e-03 0.000000000000000000e+00 1.242813869014395113e-03 9.999992277065452573e-01 -0.000000000000000000e+00 0.000000000000000000e+00 0.000000000000000000e+00 1.000000000000000000e+00
1.051016847568820162e-01 9.999990418750430710e-01 -1.384286457316739145e-03 0.000000000000000000e+00 1.384286457316739145e-03 9.999990418750430710e-01 -0.000000000000000000e+00 0.000000000000000000e+00 0.000000000000000000e+00 1.000000000000000000e+00
1.101016847568821594e-01 9.999988249830380482e-01 -1.532981585985441044e-03 0.000000000000000000e+00 1.532981585985441044e-03 9.999988249830380482e-01 -0.000000000000000000e+00 0.000000000000000000e+00 0.000000000000000000e+00 1.000000000000000000e+00
1.151016847568823026e-01 9.999985721293238594e-01 -1.689893284575351385e-03 0.000000000000000000e+00 1.689893284575351385e-03 9.999985721293238594e-01 -0.000000000000000000e+00 0.000000000000000000e+00 0.000000000000000000e+00 1.000000000000000000e+00
1.201016847568824458e-01 9.999982790993179327e-01 -1.855208452562725043e-03 0.000000000000000000e+00 1.855208452562725043e-03 9.999982790993179327e-01 -0.000000000000000000e+00 0.000000000000000000e+00 0.000000000000000000e+00 1.000000000000000000e+00
1.251016847568825752e-01 9.999979432686439962e-01 -2.028166285500543863e-03 0.000000000000000000e+00 2.028166285500543863e-03 9.999979432686439962e-01 -0.000000000000000000e+00 0.000000000000000000e+00 0.000000000000000000e+00 1.000000000000000000e+00
1.301016847568827184e-01 9.999975529968906374e-01 -2.212238737292557787e-03 0.000000000000000000e+00 2.212238737292557787e-03 9.999975529968906374e-01 -0.000000000000000000e+00 0.000000000000000000e+00 0.000000000000000000e+00 1.000000000000000000e+00
1.350242447568826554e-01 9.999970436736081991e-01 -2.431592902533862097e-03 0.000000000000000000e+00 2.431592902533862097e-03 9.999970436736081991e-01 -0.000000000000000000e+00 0.000000000000000000e+00 0.000000000000000000e+00 1.000000000000000000e+00
1.401420047568824878e-01 9.999963500017813312e-01 -2.701848092435300049e-03 0.000000000000000000e+00 2.701848092435300049e-03 9.999963500017813312e-01 -0.000000000000000000e+00 0.000000000000000000e+00 0.000000000000000000e+00 1.000000000000000000e+00
1.451420047568826310e-01 9.999958276519060885e-01 -2.888715766391207473e-03 0.000000000000000000e+00 2.888715766391207473e-03 9.999958276519060885e-01 -0.000000000000000000e+00 0.000000000000000000e+00 0.000000000000000000e+00 1.000000000000000000e+00
1.501740047568824732e-01 9.999948709067774111e-01 -3.202836264524970208e-03 0.000000000000000000e+00 3.202836264524970208e-03 9.999948709067774111e-01 -0.000000000000000000e+00 0.000000000000000000e+00 0.000000000000000000e+00 1.000000000000000000e+00
1.550620047568825599e-01 9.999942741384608702e-01 -3.384034617556295338e-03 0.000000000000000000e+00 3.384034617556295338e-03 9.999942741384608702e-01 -0.000000000000000000e+00 0.000000000000000000e+00 0.000000000000000000e+00 1.000000000000000000e+00
1.601820047568824068e-01 9.999935517353378822e-01 -3.591168019470079679e-03 0.000000000000000000e+00 3.591168019470079679e-03 9.999935517353378822e-01 -0.000000000000000000e+00 0.000000000000000000e+00 0.000000000000000000e+00 1.000000000000000000e+00
1.651820047568825500e-01 9.999927555480924157e-01 -3.806422379746133688e-03 0.000000000000000000e+00 3.806422379746133688e-03 9.999927555480924157e-01 -0.000000000000000000e+00 0.000000000000000000e+00 0.000000000000000000e+00 1.000000000000000000e+00
1.701820047568826932e-01 9.999919462458117803e-01 -4.013407967464852240e-03 0.000000000000000000e+00 4.013407967464852240e-03 9.999919462458117803e-01 -0.000000000000000000e+00 0.000000000000000000e+00 0.000000000000000000e+00 1.000000000000000000e+00
1.751820047568828365e-01 9.999910750049435526e-01 -4.224915437885650576e-03 0.000000000000000000e+00 4.224915437885650576e-03 9.999910750049435526e-01 -0.000000000000000000e+00 0.000000000000000000e+00 0.000000000000000000e+00 1.000000000000000000e+00
1.801820047568829797e-01 9.999900852899900050e-01 -4.453012656433555198e-03 0.000000000000000000e+00 4.453012656433555198e-03 9.999900852899900050e-01 -0.000000000000000000e+00 0.000000000000000000e+00 0.000000000000000000e+00 1.000000000000000000e+00
1.851820047568831229e-01 9.999889785008378995e-01 -4.694984222637070374e-03 0.000000000000000000e+00 4.694984222637070374e-03 9.999889785008378995e-01 -0.000000000000000000e+00 0.000000000000000000e+00 0.000000000000000000e+00 1.000000000000000000e+00
1.901820047568832661e-01 9.999877157787704363e-01 -4.956641156757917756e-03 0.000000000000000000e+00 4.956641156757917756e-03 9.999877157787704363e-01 -0.000000000000000000e+00 0.000000000000000000e+00 0.000000000000000000e+00 1.000000000000000000e+00
1.951820047568834093e-01 9.999863344233030915e-01 -5.227902700510157243e-03 0.000000000000000000e+00 5.227902700510157243e-03 9.999863344233030915e-01 -0.000000000000000000e+00 0.000000000000000000e+00 0.000000000000000000e+00 1.000000000000000000e+00
2.000924047568835018e-01 9.999848165640109476e-01 -5.510593565241976750e-03 0.000000000000000000e+00 5.510593565241976750e-03 9.999848165640109476e-01 -0.000000000000000000e+00 0.000000000000000000e+00 0.000000000000000000e+00 1.000000000000000000e+00
2.050166159568833080e-01 9.999833611752638740e-01 -5.768654316363234016e-03 0.000000000000000000e+00 5.768654316363234016e-03 9.999833611752638740e-01 -0.000000000000000000e+00 0.000000000000000000e+00 0.000000000000000000e+00 1.000000000000000000e+00
2.101244047568834317e-01 9.999817866778438757e-01 -6.035421492084992560e-03 0.000000000000000000e+00 6.035421492084992560e-03 9.999817866778438757e-01 -0.000000000000000000e+00 0.000000000000000000e+00 0.000000000000000000e+00 1.000000000000000000e+00
2.151244047568835749e-01 9.999801650104007678e-01 -6.298379614747445440e-03 0.000000000000000000e+00 6.298379614747445440e-03 9.999801650104007678e-01 -0.000000000000000000e+00 0.000000000000000000e+00 0.000000000000000000e+00 1.000000000000000000e+00
2.201244047568837181e-01 9.999784923600159026e-01 -6.558568242358502921e-03 0.000000000000000000e+00 6.558568242358502921e-03 9.999784923600159026e-01 -0.000000000000000000e+00 0.000000000000000000e+00 0.000000000000000000e+00 1.000000000000000000e+00
2.251244047568838613e-01 9.999767587047206918e-01 -6.817774592995820386e-03 0.000000000000000000e+00 6.817774592995820386e-03 9.999767587047206918e-01 -0.000000000000000000e+00 0.000000000000000000e+00 0.000000000000000000e+00 1.000000000000000000e+00
2.301244047568840045e-01 9.999749476981741880e-01 -7.078416209436215467e-03 0.000000000000000000e+00 7.078416209436215467e-03 9.999749476981741880e-01 -0.000000000000000000e+00 0.000000000000000000e+00 0.000000000000000000e+00 1.000000000000000000e+00
2.350764047568839887e-01 9.999730862592867142e-01 -7.336672070992767899e-03 0.000000000000000000e+00 7.336672070992767899e-03 9.999730862592867142e-01 -0.000000000000000000e+00 0.000000000000000000e+00 0.000000000000000000e+00 1.000000000000000000e+00
2.400204047568840759e-01 9.999711521849834472e-01 -7.595709172729990001e-03 0.000000000000000000e+00 7.595709172729990001e-03 9.999711521849834472e-01 -0.000000000000000000e+00 0.000000000000000000e+00 0.000000000000000000e+00 1.000000000000000000e+00
2.450604047568841204e-01 9.999691201965714704e-01 -7.858667399428479611e-03 0.000000000000000000e+00 7.858667399428479611e-03 9.999691201965714704e-01 -0.000000000000000000e+00 0.000000000000000000e+00 0.000000000000000000e+00 1.000000000000000000e+00
2.500124047568841323e-01 9.999670256814582325e-01 -8.120809675027519658e-03 0.000000000000000000e+00 8.120809675027519658e-03 9.999670256814582325e-01 -0.000000000000000000e+00 0.000000000000000000e+00 0.000000000000000000e+00 1.000000000000000000e+00
2.550124047568835817e-01 9.999647784349714463e-01 -8.392966668504498254e-03 0.000000000000000000e+00 8.392966668504498254e-03 9.999647784349714463e-01 -0.000000000000000000e+00 0.000000000000000000e+00 0.000000000000000000e+00 1.000000000000000000e+00
2.600124047568830310e-01 9.999622600889447321e-01 -8.687830443193395730e-03 0.000000000000000000e+00 8.687830443193395730e-03 9.999622600889447321e-01 -0.000000000000000000e+00 0.000000000000000000e+00 0.000000000000000000e+00 1.000000000000000000e+00
2.650124047568824803e-01 9.999594564227015647e-01 -9.004749347722619188e-03 0.000000000000000000e+00 9.004749347722619188e-03 9.999594564227015647e-01 -0.000000000000000000e+00 0.000000000000000000e+00 0.000000000000000000e+00 1.000000000000000000e+00
2.700124047568819297e-01 9.999570904407686367e-01 -9.263761505604057450e-03 0.000000000000000000e+00 9.263761505604057450e-03 9.999570904407686367e-01 -0.000000000000000000e+00 0.000000000000000000e+00 0.000000000000000000e+00 1.000000000000000000e+00
2.750044047568818151e-01 9.999544370169332064e-01 -9.545883413719284324e-03 0.000000000000000000e+00 9.545883413719284324e-03 9.999544370169332064e-01 -0.000000000000000000e+00 0.000000000000000000e+00 0.000000000000000000e+00 1.000000000000000000e+00
2.801404047568816225e-01 9.999517022144722711e-01 -9.828185914990713104e-03 0.000000000000000000e+00 9.828185914990713104e-03 9.999517022144722711e-01 -0.000000000000000000e+00 0.000000000000000000e+00 0.000000000000000000e+00 1.000000000000000000e+00
2.850369575817134349e-01 9.999487823390098562e-01 -1.012090404715685482e-02 0.000000000000000000e+00 1.012090404715685482e-02 9.999487823390098562e-01 -0.000000000000000000e+00 0.000000000000000000e+00 0.000000000000000000e+00 1.000000000000000000e+00
2.900841196938741540e-01 9.999460866098244249e-01 -1.038382750711634717e-02 0.000000000000000000e+00 1.038382750711634717e-02 9.999460866098244249e-01 -0.000000000000000000e+00 0.000000000000000000e+00 0.000000000000000000e+00 1.000000000000000000e+00
2.950930757608791755e-01 9.999432820282064815e-01 -1.065048011401973152e-02 0.000000000000000000e+00 1.065048011401973152e-02 9.999432820282064815e-01 -0.000000000000000000e+00 0.000000000000000000e+00 0.000000000000000000e+00 1.000000000000000000e+00
3.000930757608786248e-01 9.999404594690342041e-01 -1.091226451553341942e-02 0.000000000000000000e+00 1.091226451553341942e-02 9.999404594690342041e-01 -0.000000000000000000e+00 0.000000000000000000e+00 0.000000000000000000e+00 1.000000000000000000e+00
3.050930757608780741e-01 9.999376228686640555e-01 -1.116917059433928001e-02 0.000000000000000000e+00 1.116917059433928001e-02 9.999376228686640555e-01 -0.000000000000000000e+00 0.000000000000000000e+00 0.000000000000000000e+00 1.000000000000000000e+00
3.100930757608775235e-01 9.999347243148868358e-01 -1.142572139129263004e-02 0.000000000000000000e+00 1.142572139129263004e-02 9.999347243148868358e-01 -0.000000000000000000e+00 0.000000000000000000e+00 0.000000000000000000e+00 1.000000000000000000e+00
3.150930757608769728e-01 9.999315879792504136e-01 -1.169698086237826347e-02 0.000000000000000000e+00 1.169698086237826347e-02 9.999315879792504136e-01 -0.000000000000000000e+00 0.000000000000000000e+00 0.000000000000000000e+00 1.000000000000000000e+00
3.200930757608764221e-01 9.999284684983994476e-01 -1.196068085209498442e-02 0.000000000000000000e+00 1.196068085209498442e-02 9.999284684983994476e-01 -0.000000000000000000e+00 0.000000000000000000e+00 0.000000000000000000e+00 1.000000000000000000e+00
3.250930757608758714e-01 9.999252835983418741e-01 -1.222404273452996730e-02 0.000000000000000000e+00 1.222404273452996730e-02 9.999252835983418741e-01 -0.000000000000000000e+00 0.000000000000000000e+00 0.000000000000000000e+00 1.000000000000000000e+00
3.300930757608753208e-01 9.999220274487192750e-01 -1.248755471832212541e-02 0.000000000000000000e+00 1.248755471832212541e-02 9.999220274487192750e-01 -0.000000000000000000e+00 0.000000000000000000e+00 0.000000000000000000e+00 1.000000000000000000e+00
3.350930757608747701e-01 9.999187022023543481e-01 -1.275103862277961013e-02 0.000000000000000000e+00 1.275103862277961013e-02 9.999187022023543481e-01 -0.000000000000000000e+00 0.000000000000000000e+00 0.000000000000000000e+00 1.000000000000000000e+00
3.400930757608742194e-01 9.999152890424843898e-01 -1.301594172869945110e-02 0.000000000000000000e+00 1.301594172869945110e-02 9.999152890424843898e-01 -0.000000000000000000e+00 0.000000000000000000e+00 0.000000000000000000e+00 1.000000000000000000e+00
3.450930757608736688e-01 9.999117891630893151e-01 -1.328208916811991942e-02 0.000000000000000000e+00 1.328208916811991942e-02 9.999117891630893151e-01 -0.000000000000000000e+00 0.000000000000000000e+00 0.000000000000000000e+00 1.000000000000000000e+00
3.500930757608731181e-01 9.999081920729854245e-01 -1.355018174542092606e-02 0.000000000000000000e+00 1.355018174542092606e-02 9.999081920729854245e-01 -0.000000000000000000e+00 0.000000000000000000e+00 0.000000000000000000e+00 1.000000000000000000e+00
3.550930757608725674e-01 9.999045397299044513e-01 -1.381707014993121402e-02 0.000000000000000000e+00 1.381707014993121402e-02 9.999045397299044513e-01 -0.000000000000000000e+00 0.000000000000000000e+00 0.000000000000000000e+00 1.000000000000000000e+00
3.600930757608720167e-01 9.999008493487664406e-01 -1.408160046356957996e-02 0.000000000000000000e+00 1.408160046356957996e-02 9.999008493487664406e-01 -0.000000000000000000e+00 0.000000000000000000e+00 0.000000000000000000e+00 1.000000000000000000e+00
3.650930757608714661e-01 9.998971236179059474e-01 -1.434371571938085690e-02 0.000000000000000000e+00 1.434371571938085690e-02 9.998971236179059474e-01 -0.000000000000000000e+00 0.000000000000000000e+00 0.000000000000000000e+00 1.000000000000000000e+00
3.700930757608709154e-01 9.998933219698762365e-01 -1.460632328978571197e-02 0.000000000000000000e+00 1.460632328978571197e-02 9.998933219698762365e-01 -0.000000000000000000e+00 0.000000000000000000e+00 0.000000000000000000e+00 1.000000000000000000e+00
3.750930757608703647e-01 9.998893073451731173e-01 -1.487861071438897551e-02 0.000000000000000000e+00 1.487861071438897551e-02 9.998893073451731173e-01 -0.000000000000000000e+00 0.000000000000000000e+00 0.000000000000000000e+00 1.000000000000000000e+00
3.801570757608707107e-01 9.998844839798228801e-01 -1.519929920764557553e-02 0.000000000000000000e+00 1.519929920764557553e-02 9.998844839798228801e-01 -0.000000000000000000e+00 0.000000000000000000e+00 0.000000000000000000e+00 1.000000000000000000e+00
3.850338757608707807e-01 9.998794124922621984e-01 -1.552934235983054884e-02 0.000000000000000000e+00 1.552934235983054884e-02 9.998794124922621984e-01 -0.000000000000000000e+00 0.000000000000000000e+00 0.000000000000000000e+00 1.000000000000000000e+00
3.901522757608705261e-01 9.998751009925546107e-01 -1.580450616530139352e-02 0.000000000000000000e+00 1.580450616530139352e-02 9.998751009925546107e-01 -0.000000000000000000e+00 0.000000000000000000e+00 0.000000000000000000e+00 1.000000000000000000e+00
3.951522757608699754e-01 9.998708804100320258e-01 -1.606930328507367306e-02 0.000000000000000000e+00 1.606930328507367306e-02 9.998708804100320258e-01 -0.000000000000000000e+00 0.000000000000000000e+00 0.000000000000000000e+00 1.000000000000000000e+00
4.001522757608694247e-01 9.998667306058376392e-01 -1.632547174184301175e-02 0.000000000000000000e+00 1.632547174184301175e-02 9.998667306058376392e-01 -0.000000000000000000e+00 0.000000000000000000e+00 0.000000000000000000e+00 1.000000000000000000e+00
4.051522757608688741e-01 9.998625521070230171e-01 -1.657941175166544046e-02 0.000000000000000000e+00 1.657941175166544046e-02 9.998625521070230171e-01 -0.000000000000000000e+00 0.000000000000000000e+00 0.000000000000000000e+00 1.000000000000000000e+00
4.100322757608683699e-01 9.998584256981104534e-01 -1.682642447153991430e-02 0.000000000000000000e+00 1.682642447153991430e-02 9.998584256981104534e-01 -0.000000000000000000e+00 0.000000000000000000e+00 0.000000000000000000e+00 1.000000000000000000e+00
4.150242757608684219e-01 9.998541797675589704e-01 -1.707686157764549961e-02 0.000000000000000000e+00 1.707686157764549961e-02 9.998541797675589704e-01 -0.000000000000000000e+00 0.000000000000000000e+00 0.000000000000000000e+00 1.000000000000000000e+00
4.200242757608678712e-01 9.998492448894034101e-01 -1.736339523509147081e-02 0.000000000000000000e+00 1.736339523509147081e-02 9.998492448894034101e-01 -0.000000000000000000e+00 0.000000000000000000e+00 0.000000000000000000e+00 1.000000000000000000e+00
4.250242757608673205e-01 9.998446667183299441e-01 -1.762505134494610909e-02 0.000000000000000000e+00 1.762505134494610909e-02 9.998446667183299441e-01 -0.000000000000000000e+00 0.000000000000000000e+00 0.000000000000000000e+00 1.000000000000000000e+00
4.300242757608667699e-01 9.998399175128217520e-01 -1.789243828979466405e-02 0.000000000000000000e+00 1.789243828979466405e-02 9.998399175128217520e-01 -0.000000000000000000e+00 0.000000000000000000e+00 0.000000000000000000e+00 1.000000000000000000e+00
4.350242757608662192e-01 9.998350882221919145e-01 -1.816029624543782917e-02 0.000000000000000000e+00 1.816029624543782917e-02 9.998350882221919145e-01 -0.000000000000000000e+00 0.000000000000000000e+00 0.000000000000000000e+00 1.000000000000000000e+00
4.400242757608656685e-01 9.998302270066239394e-01 -1.842599153053002189e-02 0.000000000000000000e+00 1.842599153053002189e-02 9.998302270066239394e-01 -0.000000000000000000e+00 0.000000000000000000e+00 0.000000000000000000e+00 1.000000000000000000e+00
4.450242757608651178e-01 9.998253421174094768e-01 -1.868917493645253294e-02 0.000000000000000000e+00 1.868917493645253294e-02 9.998253421174094768e-01 -0.000000000000000000e+00 0.000000000000000000e+00 0.000000000000000000e+00 1.000000000000000000e+00
4.500242757608645672e-01 9.998203897941184692e-01 -1.895225981083799652e-02 0.000000000000000000e+00 1.895225981083799652e-02 9.998203897941184692e-01 -0.000000000000000000e+00 0.000000000000000000e+00 0.000000000000000000e+00 1.000000000000000000e+00
4.550242757608640165e-01 9.998153789215191711e-01 -1.921478784736866535e-02 0.000000000000000000e+00 1.921478784736866535e-02 9.998153789215191711e-01 -0.000000000000000000e+00 0.000000000000000000e+00 0.000000000000000000e+00 1.000000000000000000e+00
4.600242757608634658e-01 9.998102858145486715e-01 -1.947799731571084325e-02 0.000000000000000000e+00 1.947799731571084325e-02 9.998102858145486715e-01 -0.000000000000000000e+00 0.000000000000000000e+00 0.000000000000000000e+00 1.000000000000000000e+00
4.650162757608630737e-01 9.998051123797027095e-01 -1.974176434390443810e-02 0.000000000000000000e+00 1.974176434390443810e-02 9.998051123797027095e-01 -0.000000000000000000e+00 0.000000000000000000e+00 0.000000000000000000e+00 1.000000000000000000e+00
4.701442757608629286e-01 9.997997208470429387e-01 -2.001295066139302178e-02 0.000000000000000000e+00 2.001295066139302178e-02 9.997997208470429387e-01 -0.000000000000000000e+00 0.000000000000000000e+00 0.000000000000000000e+00 1.000000000000000000e+00
4.751442757608623779e-01 9.997944080039548043e-01 -2.027662999666837024e-02 0.000000000000000000e+00 2.027662999666837024e-02 9.997944080039548043e-01 -0.000000000000000000e+00 0.000000000000000000e+00 0.000000000000000000e+00 1.000000000000000000e+00
4.801442757608618273e-01 9.997890427483315801e-01 -2.053947419908917077e-02 0.000000000000000000e+00 2.053947419908917077e-02 9.997890427483315801e-01 -0.000000000000000000e+00 0.000000000000000000e+00 0.000000000000000000e+00 1.000000000000000000e+00
4.851442757608612766e-01 9.997836555828809590e-01 -2.080004878195268816e-02 0.000000000000000000e+00 2.080004878195268816e-02 9.997836555828809590e-01 -0.000000000000000000e+00 0.000000000000000000e+00 0.000000000000000000e+00 1.000000000000000000e+00
4.901442757608607259e-01 9.997774643055244992e-01 -2.109554139660687125e-02 0.000000000000000000e+00 2.109554139660687125e-02 9.997774643055244992e-01 -0.000000000000000000e+00 0.000000000000000000e+00 0.000000000000000000e+00 1.000000000000000000e+00
4.951442757608601752e-01 9.997710021772545641e-01 -2.139960760127083972e-02 0.000000000000000000e+00 2.139960760127083972e-02 9.997710021772545641e-01 -0.000000000000000000e+00 0.000000000000000000e+00 0.000000000000000000e+00 1.000000000000000000e+00
5.001442757608596246e-01 9.997654006340265243e-01 -2.165972518488162857e-02 0.000000000000000000e+00 2.165972518488162857e-02 9.997654006340265243e-01 -0.000000000000000000e+00 0.000000000000000000e+00 0.000000000000000000e+00 1.000000000000000000e+00
5.051442757608590739e-01 9.997597444108169418e-01 -2.191924851856303855e-02 0.000000000000000000e+00 2.191924851856303855e-02 9.997597444108169418e-01 -0.000000000000000000e+00 0.000000000000000000e+00 0.000000000000000000e+00 1.000000000000000000e+00
5.100002757608592674e-01 9.997529991382788639e-01 -2.222477702962906768e-02 0.000000000000000000e+00 2.222477702962906768e-02 9.997529991382788639e-01 -0.000000000000000000e+00 0.000000000000000000e+00 0.000000000000000000e+00 1.000000000000000000e+00
5.150537157608590100e-01 9.997464862822011966e-01 -2.251584256457964117e-02 0.000000000000000000e+00 2.251584256457964117e-02 9.997464862822011966e-01 -0.000000000000000000e+00 0.000000000000000000e+00 0.000000000000000000e+00 1.000000000000000000e+00
5.200223557608585345e-01 9.997405054881713937e-01 -2.277985263903245516e-02 0.000000000000000000e+00 2.277985263903245516e-02 9.997405054881713937e-01 -0.000000000000000000e+00 0.000000000000000000e+00 0.000000000000000000e+00 1.000000000000000000e+00
5.250223557608579839e-01 9.997346269333486912e-01 -2.303639968481427727e-02 0.000000000000000000e+00 2.303639968481427727e-02 9.997346269333486912e-01 -0.000000000000000000e+00 0.000000000000000000e+00 0.000000000000000000e+00 1.000000000000000000e+00
5.300223557608574332e-01 9.997287639824696814e-01 -2.328944967326996782e-02 0.000000000000000000e+00 2.328944967326996782e-02 9.997287639824696814e-01 -0.000000000000000000e+00 0.000000000000000000e+00 0.000000000000000000e+00 1.000000000000000000e+00
5.350223557608568825e-01 9.997228147812913246e-01 -2.354344082270880961e-02 0.000000000000000000e+00 2.354344082270880961e-02 9.997228147812913246e-01 -0.000000000000000000e+00 0.000000000000000000e+00 0.000000000000000000e+00 1.000000000000000000e+00
5.400223557608563318e-01 9.997167714519565873e-01 -2.379867386382442107e-02 0.000000000000000000e+00 2.379867386382442107e-02 9.997167714519565873e-01 -0.000000000000000000e+00 0.000000000000000000e+00 0.000000000000000000e+00 1.000000000000000000e+00
5.450223557608557812e-01 9.997103713393157287e-01 -2.406602245091656392e-02 0.000000000000000000e+00 2.406602245091656392e-02 9.997103713393157287e-01 -0.000000000000000000e+00 0.000000000000000000e+00 0.000000000000000000e+00 1.000000000000000000e+00
5.500223557608552305e-01 9.997040862847778042e-01 -2.432570380313510416e-02 0.000000000000000000e+00 2.432570380313510416e-02 9.997040862847778042e-01 -0.000000000000000000e+00 0.000000000000000000e+00 0.000000000000000000e+00 1.000000000000000000e+00
5.550223557608550129e-01 9.996976397842413098e-01 -2.458920514815101516e-02 0.000000000000000000e+00 2.458920514815101516e-02 9.996976397842413098e-01 -0.000000000000000000e+00 0.000000000000000000e+00 0.000000000000000000e+00 1.000000000000000000e+00
5.600698364019813802e-01 9.996910871076414296e-01 -2.485418189243895210e-02 0.000000000000000000e+00 2.485418189243895210e-02 9.996910871076414296e-01 -0.000000000000000000e+00 0.000000000000000000e+00 0.000000000000000000e+00 1.000000000000000000e+00
5.651202314081819056e-01 9.996845031254009140e-01 -2.511760758752570183e-02 0.000000000000000000e+00 2.511760758752570183e-02 9.996845031254009140e-01 -0.000000000000000000e+00 0.000000000000000000e+00 0.000000000000000000e+00 1.000000000000000000e+00
5.701858989029618963e-01 9.996777888059994455e-01 -2.538343097274376944e-02 0.000000000000000000e+00 2.538343097274376944e-02 9.996777888059994455e-01 -0.000000000000000000e+00 0.000000000000000000e+00 0.000000000000000000e+00 1.000000000000000000e+00
5.751858989029613456e-01 9.996710211622666931e-01 -2.564857595250115418e-02 0.000000000000000000e+00 2.564857595250115418e-02 9.996710211622666931e-01 -0.000000000000000000e+00 0.000000000000000000e+00 0.000000000000000000e+00 1.000000000000000000e+00
5.801858989029607949e-01 9.996641728180661879e-01 -2.591411939410888030e-02 0.000000000000000000e+00 2.591411939410888030e-02 9.996641728180661879e-01 -0.000000000000000000e+00 0.000000000000000000e+00 0.000000000000000000e+00 1.000000000000000000e+00
5.851858989029602442e-01 9.996572156470384662e-01 -2.618112306244713833e-02 0.000000000000000000e+00 2.618112306244713833e-02 9.996572156470384662e-01 -0.000000000000000000e+00 0.000000000000000000e+00 0.000000000000000000e+00 1.000000000000000000e+00
5.901858989029596936e-01 9.996502644236109347e-01 -2.644520443871050883e-02 0.000000000000000000e+00 2.644520443871050883e-02 9.996502644236109347e-01 -0.000000000000000000e+00 0.000000000000000000e+00 0.000000000000000000e+00 1.000000000000000000e+00
5.951858989029591429e-01 9.996432979338505387e-01 -2.670724425947593184e-02 0.000000000000000000e+00 2.670724425947593184e-02 9.996432979338505387e-01 -0.000000000000000000e+00 0.000000000000000000e+00 0.000000000000000000e+00 1.000000000000000000e+00
6.001858989029585922e-01 9.996362320844965899e-01 -2.697041905330618827e-02 0.000000000000000000e+00 2.697041905330618827e-02 9.996362320844965899e-01 -0.000000000000000000e+00 0.000000000000000000e+00 0.000000000000000000e+00 1.000000000000000000e+00
6.051858989029580416e-01 9.996291174706776195e-01 -2.723283872082782678e-02 0.000000000000000000e+00 2.723283872082782678e-02 9.996291174706776195e-01 -0.000000000000000000e+00 0.000000000000000000e+00 0.000000000000000000e+00 1.000000000000000000e+00
6.101858989029574909e-01 9.996211102265728510e-01 -2.752518827173649693e-02 0.000000000000000000e+00 2.752518827173649693e-02 9.996211102265728510e-01 -0.000000000000000000e+00 0.000000000000000000e+00 0.000000000000000000e+00 1.000000000000000000e+00
6.151858989029569402e-01 9.996132336123713102e-01 -2.780976783468960128e-02 0.000000000000000000e+00 2.780976783468960128e-02 9.996132336123713102e-01 -0.000000000000000000e+00 0.000000000000000000e+00 0.000000000000000000e+00 1.000000000000000000e+00
6.201618989029576978e-01 9.996034879970434606e-01 -2.815789026445229479e-02 0.000000000000000000e+00 2.815789026445229479e-02 9.996034879970434606e-01 -0.000000000000000000e+00 0.000000000000000000e+00 0.000000000000000000e+00 1.000000000000000000e+00
6.250898989029570751e-01 9.995963657631241617e-01 -2.840960318545358854e-02 0.000000000000000000e+00 2.840960318545358854e-02 9.995963657631241617e-01 -0.000000000000000000e+00 0.000000000000000000e+00 0.000000000000000000e+00 1.000000000000000000e+00
6.300898989029565245e-01 9.995891517890566069e-01 -2.866230321580637286e-02 0.000000000000000000e+00 2.866230321580637286e-02 9.995891517890566069e-01 -0.000000000000000000e+00 0.000000000000000000e+00 0.000000000000000000e+00 1.000000000000000000e+00
6.350898989029559738e-01 9.995818697949799825e-01 -2.891514442592611409e-02 0.000000000000000000e+00 2.891514442592611409e-02 9.995818697949799825e-01 -0.000000000000000000e+00 0.000000000000000000e+00 0.000000000000000000e+00 1.000000000000000000e+00
6.400898989029554231e-01 9.995744805743758121e-01 -2.916946664694301458e-02 0.000000000000000000e+00 2.916946664694301458e-02 9.995744805743758121e-01 -0.000000000000000000e+00 0.000000000000000000e+00 0.000000000000000000e+00 1.000000000000000000e+00
6.450898989029548725e-01 9.995668228998236815e-01 -2.943070773788689781e-02 0.000000000000000000e+00 2.943070773788689781e-02 9.995668228998236815e-01 -0.000000000000000000e+00 0.000000000000000000e+00 0.000000000000000000e+00 1.000000000000000000e+00
6.500898989029543218e-01 9.995588542114884900e-01 -2.970011729634530750e-02 0.000000000000000000e+00 2.970011729634530750e-02 9.995588542114884900e-01 -0.000000000000000000e+00 0.000000000000000000e+00 0.000000000000000000e+00 1.000000000000000000e+00
6.550898989029537711e-01 9.995509089498028077e-01 -2.996632138957633362e-02 0.000000000000000000e+00 2.996632138957633362e-02 9.995509089498028077e-01 -0.000000000000000000e+00 0.000000000000000000e+00 0.000000000000000000e+00 1.000000000000000000e+00
6.600898989029532204e-01 9.995430835954292048e-01 -3.022621439315843414e-02 0.000000000000000000e+00 3.022621439315843414e-02 9.995430835954292048e-01 -0.000000000000000000e+00 0.000000000000000000e+00 0.000000000000000000e+00 1.000000000000000000e+00
6.650898989029526698e-01 9.995346688406834268e-01 -3.050320943025154954e-02 0.000000000000000000e+00 3.050320943025154954e-02 9.995346688406834268e-01 -0.000000000000000000e+00 0.000000000000000000e+00 0.000000000000000000e+00 1.000000000000000000e+00
6.700658989029527612e-01 9.995266768346052766e-01 -3.076397724565189604e-02 0.000000000000000000e+00 3.076397724565189604e-02 9.995266768346052766e-01 -0.000000000000000000e+00 0.000000000000000000e+00 0.000000000000000000e+00 1.000000000000000000e+00
6.751458989029520685e-01 9.995184138762909232e-01 -3.103127973874254819e-02 0.000000000000000000e+00 3.103127973874254819e-02 9.995184138762909232e-01 -0.000000000000000000e+00 0.000000000000000000e+00 0.000000000000000000e+00 1.000000000000000000e+00
6.800578989029522070e-01 9.995104355936689222e-01 -3.128720408337425096e-02 0.000000000000000000e+00 3.128720408337425096e-02 9.995104355936689222e-01 -0.000000000000000000e+00 0.000000000000000000e+00 0.000000000000000000e+00 1.000000000000000000e+00
6.851938989029515703e-01 9.995019668263068757e-01 -3.155658901631655522e-02 0.000000000000000000e+00 3.155658901631655522e-02 9.995019668263068757e-01 -0.000000000000000000e+00 0.000000000000000000e+00 0.000000000000000000e+00 1.000000000000000000e+00
6.901938989029510196e-01 9.994936179187116077e-01 -3.181992677183360929e-02 0.000000000000000000e+00 3.181992677183360929e-02 9.994936179187116077e-01 -0.000000000000000000e+00 0.000000000000000000e+00 0.000000000000000000e+00 1.000000000000000000e+00
6.951938989029504690e-01 9.994853302370432235e-01 -3.207919327148060079e-02 0.000000000000000000e+00 3.207919327148060079e-02 9.994853302370432235e-01 -0.000000000000000000e+00 0.000000000000000000e+00 0.000000000000000000e+00 1.000000000000000000e+00
7.001938989029499183e-01 9.994770671470899481e-01 -3.233561885988287671e-02 0.000000000000000000e+00 3.233561885988287671e-02 9.994770671470899481e-01 -0.000000000000000000e+00 0.000000000000000000e+00 0.000000000000000000e+00 1.000000000000000000e+00
7.051938989029493676e-01 9.994686331876219132e-01 -3.259526459575600582e-02 0.000000000000000000e+00 3.259526459575600582e-02 9.994686331876219132e-01 -0.000000000000000000e+00 0.000000000000000000e+00 0.000000000000000000e+00 1.000000000000000000e+00
7.101938989029488170e-01 9.994600453912239058e-01 -3.285753591754725367e-02 0.000000000000000000e+00 3.285753591754725367e-02 9.994600453912239058e-01 -0.000000000000000000e+00 0.000000000000000000e+00 0.000000000000000000e+00 1.000000000000000000e+00
7.151938989029482663e-01 9.994512775558926920e-01 -3.312316095867659516e-02 0.000000000000000000e+00 3.312316095867659516e-02 9.994512775558926920e-01 -0.000000000000000000e+00 0.000000000000000000e+00 0.000000000000000000e+00 1.000000000000000000e+00
7.201618989029483497e-01 9.994423772457616817e-01 -3.339063589302850715e-02 0.000000000000000000e+00 3.339063589302850715e-02 9.994423772457616817e-01 -0.000000000000000000e+00 0.000000000000000000e+00 0.000000000000000000e+00 1.000000000000000000e+00
7.251074989029487883e-01 9.994328897805008216e-01 -3.367341421652250005e-02 0.000000000000000000e+00 3.367341421652250005e-02 9.994328897805008216e-01 -0.000000000000000000e+00 0.000000000000000000e+00 0.000000000000000000e+00 1.000000000000000000e+00
7.301455789029488441e-01 9.994225141596247974e-01 -3.397996749343458467e-02 0.000000000000000000e+00 3.397996749343458467e-02 9.994225141596247974e-01 -0.000000000000000000e+00 0.000000000000000000e+00 0.000000000000000000e+00 1.000000000000000000e+00
7.351730989029486851e-01 9.994138074411458295e-01 -3.423509158732752911e-02 0.000000000000000000e+00 3.423509158732752911e-02 9.994138074411458295e-01 -0.000000000000000000e+00 0.000000000000000000e+00 0.000000000000000000e+00 1.000000000000000000e+00
7.400130989029487516e-01 9.994053689152437858e-01 -3.448055369894805627e-02 0.000000000000000000e+00 3.448055369894805627e-02 9.994053689152437858e-01 -0.000000000000000000e+00 0.000000000000000000e+00 0.000000000000000000e+00 1.000000000000000000e+00
7.451330989029482099e-01 9.993937222010430554e-01 -3.481649070691472669e-02 0.000000000000000000e+00 3.481649070691472669e-02 9.993937222010430554e-01 -0.000000000000000000e+00 0.000000000000000000e+00 0.000000000000000000e+00 1.000000000000000000e+00
7.501330989029476592e-01 9.993844441777450793e-01 -3.508180063138089527e-02 0.000000000000000000e+00 3.508180063138089527e-02 9.993844441777450793e-01 -0.000000000000000000e+00 0.000000000000000000e+00 0.000000000000000000e+00 1.000000000000000000e+00
7.550806189029478643e-01 9.993750553392732883e-01 -3.534824982407169108e-02 0.000000000000000000e+00 3.534824982407169108e-02 9.993750553392732883e-01 -0.000000000000000000e+00 0.000000000000000000e+00 0.000000000000000000e+00 1.000000000000000000e+00
7.601081389029477053e-01 9.993659831711804165e-01 -3.560381553008110100e-02 0.000000000000000000e+00 3.560381553008110100e-02 9.993659831711804165e-01 -0.000000000000000000e+00 0.000000000000000000e+00 0.000000000000000000e+00 1.000000000000000000e+00
7.651081389029471547e-01 9.993568530711901543e-01 -3.585917204353800819e-02 0.000000000000000000e+00 3.585917204353800819e-02 9.993568530711901543e-01 -0.000000000000000000e+00 0.000000000000000000e+00 0.000000000000000000e+00 1.000000000000000000e+00
7.700281389029467460e-01 9.993477718993126757e-01 -3.611136662990751395e-02 0.000000000000000000e+00 3.611136662990751395e-02 9.993477718993126757e-01 -0.000000000000000000e+00 0.000000000000000000e+00 0.000000000000000000e+00 1.000000000000000000e+00
7.751321389029467435e-01 9.993381212765931609e-01 -3.637745680183671060e-02 0.000000000000000000e+00 3.637745680183671060e-02 9.993381212765931609e-01 -0.000000000000000000e+00 0.000000000000000000e+00 0.000000000000000000e+00 1.000000000000000000e+00
7.801321389029461928e-01 9.993281604411798913e-01 -3.665007161313034445e-02 0.000000000000000000e+00 3.665007161313034445e-02 9.993281604411798913e-01 -0.000000000000000000e+00 0.000000000000000000e+00 0.000000000000000000e+00 1.000000000000000000e+00
7.850921389029457131e-01 9.993182799865593102e-01 -3.691849515764606543e-02 0.000000000000000000e+00 3.691849515764606543e-02 9.993182799865593102e-01 -0.000000000000000000e+00 0.000000000000000000e+00 0.000000000000000000e+00 1.000000000000000000e+00
7.900034989029464105e-01 9.993089755917825556e-01 -3.716949423522634272e-02 0.000000000000000000e+00 3.716949423522634272e-02 9.993089755917825556e-01 -0.000000000000000000e+00 0.000000000000000000e+00 0.000000000000000000e+00 1.000000000000000000e+00
7.951409709029472195e-01 9.992990829897439031e-01 -3.743451263015679098e-02 0.000000000000000000e+00 3.743451263015679098e-02 9.992990829897439031e-01 -0.000000000000000000e+00 0.000000000000000000e+00 0.000000000000000000e+00 1.000000000000000000e+00
8.000769709029466048e-01 9.992895210476115953e-01 -3.768889922026566475e-02 0.000000000000000000e+00 3.768889922026566475e-02 9.992895210476115953e-01 -0.000000000000000000e+00 0.000000000000000000e+00 0.000000000000000000e+00 1.000000000000000000e+00
8.050769709029460541e-01 9.992797682875627086e-01 -3.794660315700663922e-02 0.000000000000000000e+00 3.794660315700663922e-02 9.992797682875627086e-01 -0.000000000000000000e+00 0.000000000000000000e+00 0.000000000000000000e+00 1.000000000000000000e+00
8.100129709029461056e-01 9.992699855501515627e-01 -3.820335035831491644e-02 0.000000000000000000e+00 3.820335035831491644e-02 9.992699855501515627e-01 -0.000000000000000000e+00 0.000000000000000000e+00 0.000000000000000000e+00 1.000000000000000000e+00
8.151489709029454689e-01 9.992596851697017613e-01 -3.847182858337876848e-02 0.000000000000000000e+00 3.847182858337876848e-02 9.992596851697017613e-01 -0.000000000000000000e+00 0.000000000000000000e+00 0.000000000000000000e+00 1.000000000000000000e+00
8.201489709029449182e-01 9.992497328461309447e-01 -3.872946432545065765e-02 0.000000000000000000e+00 3.872946432545065765e-02 9.992497328461309447e-01 -0.000000000000000000e+00 0.000000000000000000e+00 0.000000000000000000e+00 1.000000000000000000e+00
8.251489709029443675e-01 9.992401122459255713e-01 -3.897689159938699799e-02 0.000000000000000000e+00 3.897689159938699799e-02 9.992401122459255713e-01 -0.000000000000000000e+00 0.000000000000000000e+00 0.000000000000000000e+00 1.000000000000000000e+00
8.301489709029438169e-01 9.992315334615694544e-01 -3.919620563320886514e-02 0.000000000000000000e+00 3.919620563320886514e-02 9.992315334615694544e-01 -0.000000000000000000e+00 0.000000000000000000e+00 0.000000000000000000e+00 1.000000000000000000e+00
8.350289709029444785e-01 9.992225401570542509e-01 -3.942480490864064963e-02 0.000000000000000000e+00 3.942480490864064963e-02 9.992225401570542509e-01 -0.000000000000000000e+00 0.000000000000000000e+00 0.000000000000000000e+00 1.000000000000000000e+00
8.400593709029443579e-01 9.992126986165740243e-01 -3.967345363569671490e-02 0.000000000000000000e+00 3.967345363569671490e-02 9.992126986165740243e-01 -0.000000000000000000e+00 0.000000000000000000e+00 0.000000000000000000e+00 1.000000000000000000e+00
8.450198435194581359e-01 9.992028461431947672e-01 -3.992082488300480875e-02 0.000000000000000000e+00 3.992082488300480875e-02 9.992028461431947672e-01 -0.000000000000000000e+00 0.000000000000000000e+00 0.000000000000000000e+00 1.000000000000000000e+00
8.500312041889767078e-01 9.991916159907627826e-01 -4.020092702623260378e-02 0.000000000000000000e+00 4.020092702623260378e-02 9.991916159907627826e-01 -0.000000000000000000e+00 0.000000000000000000e+00 0.000000000000000000e+00 1.000000000000000000e+00
8.551367920548536006e-01 9.991708839992602398e-01 -4.071295332123597843e-02 0.000000000000000000e+00 4.071295332123597843e-02 9.991708839992602398e-01 -0.000000000000000000e+00 0.000000000000000000e+00 0.000000000000000000e+00 1.000000000000000000e+00
8.601226060107988181e-01 9.991615796957870055e-01 -4.094066022696642854e-02 0.000000000000000000e+00 4.094066022696642854e-02 9.991615796957870055e-01 -0.000000000000000000e+00 0.000000000000000000e+00 0.000000000000000000e+00 1.000000000000000000e+00
8.650986060107989095e-01 9.991505330416684538e-01 -4.120937178058111522e-02 0.000000000000000000e+00 4.120937178058111522e-02 9.991505330416684538e-01 -0.000000000000000000e+00 0.000000000000000000e+00 0.000000000000000000e+00 1.000000000000000000e+00
8.701690060107986069e-01 9.991399594468552969e-01 -4.146494225893390673e-02 0.000000000000000000e+00 4.146494225893390673e-02 9.991399594468552969e-01 -0.000000000000000000e+00 0.000000000000000000e+00 0.000000000000000000e+00 1.000000000000000000e+00
8.751690060107980562e-01 9.991302138978601644e-01 -4.169910882041305555e-02 0.000000000000000000e+00 4.169910882041305555e-02 9.991302138978601644e-01 -0.000000000000000000e+00 0.000000000000000000e+00 0.000000000000000000e+00 1.000000000000000000e+00
8.801690060107975055e-01 9.991189231085371159e-01 -4.196876798808162057e-02 0.000000000000000000e+00 4.196876798808162057e-02 9.991189231085371159e-01 -0.000000000000000000e+00 0.000000000000000000e+00 0.000000000000000000e+00 1.000000000000000000e+00
8.851690060107969549e-01 9.991100544315291154e-01 -4.217936858023222518e-02 0.000000000000000000e+00 4.217936858023222518e-02 9.991100544315291154e-01 -0.000000000000000000e+00 0.000000000000000000e+00 0.000000000000000000e+00 1.000000000000000000e+00
8.901690060107964042e-01 9.991021273503700728e-01 -4.236672189307553321e-02 0.000000000000000000e+00 4.236672189307553321e-02 9.991021273503700728e-01 -0.000000000000000000e+00 0.000000000000000000e+00 0.000000000000000000e+00 1.000000000000000000e+00
8.951690060107958535e-01 9.990910679666021865e-01 -4.262672764070275788e-02 0.000000000000000000e+00 4.262672764070275788e-02 9.990910679666021865e-01 -0.000000000000000000e+00 0.000000000000000000e+00 0.000000000000000000e+00 1.000000000000000000e+00
9.000090060107955869e-01 9.990800643751007737e-01 -4.288385440051960956e-02 0.000000000000000000e+00 4.288385440051960956e-02 9.990800643751007737e-01 -0.000000000000000000e+00 0.000000000000000000e+00 0.000000000000000000e+00 1.000000000000000000e+00
9.051610060107954103e-01 9.990695186476742373e-01 -4.312884080409461196e-02 0.000000000000000000e+00 4.312884080409461196e-02 9.990695186476742373e-01 -0.000000000000000000e+00 0.000000000000000000e+00 0.000000000000000000e+00 1.000000000000000000e+00
9.100657740107949145e-01 9.990595681931592198e-01 -4.335872693816718304e-02 0.000000000000000000e+00 4.335872693816718304e-02 9.990595681931592198e-01 -0.000000000000000000e+00 0.000000000000000000e+00 0.000000000000000000e+00 1.000000000000000000e+00
9.150674380107951533e-01 9.990478625165190030e-01 -4.362761053707725489e-02 0.000000000000000000e+00 4.362761053707725489e-02 9.990478625165190030e-01 -0.000000000000000000e+00 0.000000000000000000e+00 0.000000000000000000e+00 1.000000000000000000e+00
9.200674380107946027e-01 9.990360952412324913e-01 -4.389624591182340191e-02 0.000000000000000000e+00 4.389624591182340191e-02 9.990360952412324913e-01 -0.000000000000000000e+00 0.000000000000000000e+00 0.000000000000000000e+00 1.000000000000000000e+00
9.250674380107940520e-01 9.990242566526054135e-01 -4.416485729298334079e-02 0.000000000000000000e+00 4.416485729298334079e-02 9.990242566526054135e-01 -0.000000000000000000e+00 0.000000000000000000e+00 0.000000000000000000e+00 1.000000000000000000e+00
9.300674380107935013e-01 9.990121920533548971e-01 -4.443692303424128659e-02 0.000000000000000000e+00 4.443692303424128659e-02 9.990121920533548971e-01 -0.000000000000000000e+00 0.000000000000000000e+00 0.000000000000000000e+00 1.000000000000000000e+00
9.350674380107929506e-01 9.989999656680524920e-01 -4.471094491542420418e-02 0.000000000000000000e+00 4.471094491542420418e-02 9.989999656680524920e-01 -0.000000000000000000e+00 0.000000000000000000e+00 0.000000000000000000e+00 1.000000000000000000e+00
9.400674380107924000e-01 9.989876866117315402e-01 -4.498446396414093607e-02 0.000000000000000000e+00 4.498446396414093607e-02 9.989876866117315402e-01 -0.000000000000000000e+00 0.000000000000000000e+00 0.000000000000000000e+00 1.000000000000000000e+00
9.450674380107918493e-01 9.989753012443320923e-01 -4.525867324387577995e-02 0.000000000000000000e+00 4.525867324387577995e-02 9.989753012443320923e-01 -0.000000000000000000e+00 0.000000000000000000e+00 0.000000000000000000e+00 1.000000000000000000e+00
9.500674380107912986e-01 9.989627964112506309e-01 -4.553384879641277083e-02 0.000000000000000000e+00 4.553384879641277083e-02 9.989627964112506309e-01 -0.000000000000000000e+00 0.000000000000000000e+00 0.000000000000000000e+00 1.000000000000000000e+00
9.550674380107907480e-01 9.989502081184891136e-01 -4.580918794333303790e-02 0.000000000000000000e+00 4.580918794333303790e-02 9.989502081184891136e-01 -0.000000000000000000e+00 0.000000000000000000e+00 0.000000000000000000e+00 1.000000000000000000e+00
9.600674380107901973e-01 9.989375217657651129e-01 -4.608500416048359055e-02 0.000000000000000000e+00 4.608500416048359055e-02 9.989375217657651129e-01 -0.000000000000000000e+00 0.000000000000000000e+00 0.000000000000000000e+00 1.000000000000000000e+00
9.650834380107905508e-01 9.989248930369500901e-01 -4.635793428441451619e-02 0.000000000000000000e+00 4.635793428441451619e-02 9.989248930369500901e-01 -0.000000000000000000e+00 0.000000000000000000e+00 0.000000000000000000e+00 1.000000000000000000e+00
9.700274380107899441e-01 9.989124610183627295e-01 -4.662504930011642651e-02 0.000000000000000000e+00 4.662504930011642651e-02 9.989124610183627295e-01 -0.000000000000000000e+00 0.000000000000000000e+00 0.000000000000000000e+00 1.000000000000000000e+00
9.750274380107893935e-01 9.988998666498148937e-01 -4.689409778407352403e-02 0.000000000000000000e+00 4.689409778407352403e-02 9.988998666498148937e-01 -0.000000000000000000e+00 0.000000000000000000e+00 0.000000000000000000e+00 1.000000000000000000e+00
9.800274380107888428e-01 9.988873137396706570e-01 -4.716072995559916770e-02 0.000000000000000000e+00 4.716072995559916770e-02 9.988873137396706570e-01 -0.000000000000000000e+00 0.000000000000000000e+00 0.000000000000000000e+00 1.000000000000000000e+00
9.850274380107882921e-01 9.988745342237120850e-01 -4.743063228929733643e-02 0.000000000000000000e+00 4.743063228929733643e-02 9.988745342237120850e-01 -0.000000000000000000e+00 0.000000000000000000e+00 0.000000000000000000e+00 1.000000000000000000e+00
9.900274380107877414e-01 9.988617243683810543e-01 -4.769963932593970779e-02 0.000000000000000000e+00 4.769963932593970779e-02 9.988617243683810543e-01 -0.000000000000000000e+00 0.000000000000000000e+00 0.000000000000000000e+00 1.000000000000000000e+00
9.950274380107871908e-01 9.988487842399011996e-01 -4.796984701321752725e-02 0.000000000000000000e+00 4.796984701321752725e-02 9.988487842399011996e-01 -0.000000000000000000e+00 0.000000000000000000e+00 0.000000000000000000e+00 1.000000000000000000e+00
1.000000000000000000e+00 9.988359803334979636e-01 -4.823571696596111458e-02 0.000000000000000000e+00 4.823571696596111458e-02 9.988359803334979636e-01 -0.000000000000000000e+00 0.000000000000000000e+00 0.000000000000000000e+00 1.000000000000000000e+00
