time R11 R12 R13 R21 R22 R23 R31 R32 R33
0.000000000000000000e+00 1.000000000000000000e+00 -0.000000000000000000e+00 0.000000000000000000e+00 0.000000000000000000e+00 1.000000000000000000e+00 -0.000000000000000000e+00 0.000000000000000000e+00 0.000000000000000000e+00 1.000000000000000000e+00
5.040000000000002811e-03 9.999999203965483918e-01 -3.990073891596773530e-04 0.000000000000000000e+00 3.990073891596773530e-04 9.999999203965483918e-01 -0.000000000000000000e+00 0.000000000000000000e+00 0.000000000000000000e+00 1.000000000000000000e+00
1.013600000000001305e-02 9.999986978048553965e-01 -1.613811820872654941e-03 0.000000000000000000e+00 1.613811820872654941e-03 9.999986978048553965e-01 -0.000000000000000000e+00 0.000000000000000000e+00 0.000000000000000000e+00 1.000000000000000000e+00
1.513600000000002617e-02 9.999935247913689373e-01 -3.598662992525689976e-03 0.000000000000000000e+00 3.598662992525689976e-03 9.999935247913689373e-01 -0.000000000000000000e+00 0.000000000000000000e+00 0.000000000000000000e+00 1.000000000000000000e+00
2.013600000000000112e-02 9.999797184519607640e-01 -6.368884104553549849e-03 0.000000000000000000e+00 6.368884104553549849e-03 9.999797184519607640e-01 -0.000000000000000000e+00 0.000000000000000000e+00 0.000000000000000000e+00 1.000000000000000000e+00
2.513599999999997087e-02 9.999507517430075154e-01 -9.924418803860003691e-03 0.000000000000000000e+00 9.924418803860003691e-03 9.999507517430075154e-01 -0.000000000000000000e+00 0.000000000000000000e+00 0.000000000000000000e+00 1.000000000000000000e+00
3.013599999999994061e-02 9.998982475624252908e-01 -1.426515059826695929e-02 0.000000000000000000e+00 1.426515059826695929e-02 9.998982475624252908e-01 -0.000000000000000000e+00 0.000000000000000000e+00 0.000000000000000000e+00 1.000000000000000000e+00
3.513599999999991036e-02 9.998119794051801845e-01 -1.939086996232788560e-02 0.000000000000000000e+00 1.939086996232788560e-02 9.998119794051801845e-01 -0.000000000000000000e+00 0.000000000000000000e+00 0.000000000000000000e+00 1.000000000000000000e+00
4.013599999999988011e-02 9.996798725335743763e-01 -2.530123418446088637e-02 0.000000000000000000e+00 2.530123418446088637e-02 9.996798725335743763e-01 -0.000000000000000000e+00 0.000000000000000000e+00 0.000000000000000000e+00 1.000000000000000000e+00
4.513599999999984985e-02 9.994880058830112324e-01 -3.199571996380342481e-02 0.000000000000000000e+00 3.199571996380342481e-02 9.994880058830112324e-01 -0.000000000000000000e+00 0.000000000000000000e+00 0.000000000000000000e+00 1.000000000000000000e+00
5.013599999999981960e-02 9.992206149637465895e-01 -3.947356877041211659e-02 0.000000000000000000e+00 3.947356877041211659e-02 9.992206149637465895e-01 -0.000000000000000000e+00 0.000000000000000000e+00 0.000000000000000000e+00 1.000000000000000000e+00
5.513599999999978934e-02 9.988600960588162048e-01 -4.773372498949323556e-02 0.000000000000000000e+00 4.773372498949323556e-02 9.988600960588162048e-01 -0.000000000000000000e+00 0.000000000000000000e+00 0.000000000000000000e+00 1.000000000000000000e+00
6.013599999999975909e-02 9.983870120578367535e-01 -5.677476687953151441e-02 0.000000000000000000e+00 5.677476687953151441e-02 9.983870120578367535e-01 -0.000000000000000000e+00 0.000000000000000000e+00 0.000000000000000000e+00 1.000000000000000000e+00
6.513599999999981904e-02 9.977801003056190332e-01 -6.659483038576506642e-02 0.000000000000000000e+00 6.659483038576506642e-02 9.977801003056190332e-01 -0.000000000000000000e+00 0.000000000000000000e+00 0.000000000000000000e+00 1.000000000000000000e+00
7.013599999999996226e-02 9.970162828834232549e-01 -7.719152586470608146e-02 0.000000000000000000e+00 7.719152586470608146e-02 9.970162828834232549e-01 -0.000000000000000000e+00 0.000000000000000000e+00 0.000000000000000000e+00 1.000000000000000000e+00
7.513600000000010548e-02 9.960706797790803702e-01 -8.856184779260607709e-02 0.000000000000000000e+00 8.856184779260607709e-02 9.960706797790803702e-01 -0.000000000000000000e+00 0.000000000000000000e+00 0.000000000000000000e+00 1.000000000000000000e+00
8.013600000000024870e-02 9.949166254399801623e-01 -1.007020775511711513e-01 0.000000000000000000e+00 1.007020775511711513e-01 9.949166254399801623e-01 -0.000000000000000000e+00 0.000000000000000000e+00 0.000000000000000000e+00 1.000000000000000000e+00
8.513600000000039192e-02 9.935256892398880435e-01 -1.136076794077109930e-01 0.000000000000000000e+00 1.136076794077109930e-01 9.935256892398880435e-01 -0.000000000000000000e+00 0.000000000000000000e+00 0.000000000000000000e+00 1.000000000000000000e+00
9.007200000000036011e-02 9.918907415767082014e-01 -1.270934961924007345e-01 0.000000000000000000e+00 1.270934961924007345e-01 9.918907415767082014e-01 -0.000000000000000000e+00 0.000000000000000000e+00 0.000000000000000000e+00 1.000000000000000000e+00
9.505600000000048733e-02 9.899446146182535600e-01 -1.414555053305354415e-01 0.000000000000000000e+00 1.414555053305354415e-01 9.899446146182535600e-01 -0.000000000000000000e+00 0.000000000000000000e+00 0.000000000000000000e+00 1.000000000000000000e+00
1.000560000000006305e-01 9.876607962072161406e-01 -1.566082744791219561e-01 0.000000000000000000e+00 1.566082744791219561e-01 9.876607962072161406e-01 -0.000000000000000000e+00 0.000000000000000000e+00 0.000000000000000000e+00 1.000000000000000000e+00
1.050560000000007738e-01 9.850098773215157921e-01 -1.724979465937276912e-01 0.000000000000000000e+00 1.724979465937276912e-01 9.850098773215157921e-01 -0.000000000000000000e+00 0.000000000000000000e+00 0.000000000000000000e+00 1.000000000000000000e+00
1.100560000000009170e-01 9.819551124357759342e-01 -1.891141379200479977e-01 0.000000000000000000e+00 1.891141379200479977e-01 9.819551124357759342e-01 -0.000000000000000000e+00 0.000000000000000000e+00 0.000000000000000000e+00 1.000000000000000000e+00
1.150560000000010602e-01 9.784582290464631793e-01 -2.064448934007791780e-01 0.000000000000000000e+00 2.064448934007791780e-01 9.784582290464631793e-01 -0.000000000000000000e+00 0.000000000000000000e+00 0.000000000000000000e+00 1.000000000000000000e+00
1.200560000000012034e-01 9.744794930844610237e-01 -2.244765412194609788e-01 0.000000000000000000e+00 2.244765412194609788e-01 9.744794930844610237e-01 -0.000000000000000000e+00 0.000000000000000000e+00 0.000000000000000000e+00 1.000000000000000000e+00
1.250560000000013328e-01 9.699777836269776188e-01 -2.431935428215485917e-01 0.000000000000000000e+00 2.431935428215485917e-01 9.699777836269776188e-01 -0.000000000000000000e+00 0.000000000000000000e+00 0.000000000000000000e+00 1.000000000000000000e+00
1.300560000000014760e-01 9.649106776905389538e-01 -2.625783389367552512e-01 0.000000000000000000e+00 2.625783389367552512e-01 9.649106776905389538e-01 -0.000000000000000000e+00 0.000000000000000000e+00 0.000000000000000000e+00 1.000000000000000000e+00
1.351465600000013312e-01 9.591258487136009592e-01 -2.829798691239626129e-01 0.000000000000000000e+00 2.829798691239626129e-01 9.591258487136009592e-01 -0.000000000000000000e+00 0.000000000000000000e+00 0.000000000000000000e+00 1.000000000000000000e+00
1.401152000000014386e-01 9.528256152099334741e-01 -3.035182811624568266e-01 0.000000000000000000e+00 3.035182811624568266e-01 9.528256152099334741e-01 -0.000000000000000000e+00 0.000000000000000000e+00 0.000000000000000000e+00 1.000000000000000000e+00
1.451152000000015818e-01 9.457877082328807195e-01 -3.247854845210841335e-01 0.000000000000000000e+00 3.247854845210841335e-01 9.457877082328807195e-01 -0.000000000000000000e+00 0.000000000000000000e+00 0.000000000000000000e+00 1.000000000000000000e+00
1.500992000000015425e-01 9.380293808588520132e-01 -3.465557395940208618e-01 0.000000000000000000e+00 3.465557395940208618e-01 9.380293808588520132e-01 -0.000000000000000000e+00 0.000000000000000000e+00 0.000000000000000000e+00 1.000000000000000000e+00
1.551392000000015314e-01 9.293817527876742091e-01 -3.691199772232741649e-01 0.000000000000000000e+00 3.691199772232741649e-01 9.293817527876742091e-01 -0.000000000000000000e+00 0.000000000000000000e+00 0.000000000000000000e+00 1.000000000000000000e+00
1.600192000000015269e-01 9.201940694480769123e-01 -3.914624816666187335e-01 0.000000000000000000e+00 3.914624816666187335e-01 9.201940694480769123e-01 -0.000000000000000000e+00 0.000000000000000000e+00 0.000000000000000000e+00 1.000000000000000000e+00
1.651792000000014971e-01 9.095573254813721364e-01 -4.155784783445518604e-01 0.000000000000000000e+00 4.155784783445518604e-01 9.095573254813721364e-01 -0.000000000000000000e+00 0.000000000000000000e+00 0.000000000000000000e+00 1.000000000000000000e+00
1.701792000000016403e-01 8.982971939157073926e-01 -4.393883833275132877e-01 0.000000000000000000e+00 4.393883833275132877e-01 8.982971939157073926e-01 -0.000000000000000000e+00 0.000000000000000000e+00 0.000000000000000000e+00 1.000000000000000000e+00
1.751792000000017835e-01 8.860500826190589319e-01 -4.635895286681512850e-01 0.000000000000000000e+00 4.635895286681512850e-01 8.860500826190589319e-01 -0.000000000000000000e+00 0.000000000000000000e+00 0.000000000000000000e+00 1.000000000000000000e+00
1.801792000000019267e-01 8.727680043474126403e-01 -4.881352380103638477e-01 0.000000000000000000e+00 4.881352380103638477e-01 8.727680043474126403e-01 -0.000000000000000000e+00 0.000000000000000000e+00 0.000000000000000000e+00 1.000000000000000000e+00
1.851792000000020699e-01 8.584034974270093876e-01 -5.129750828306171018e-01 0.000000000000000000e+00 5.129750828306171018e-01 8.584034974270093876e-01 -0.000000000000000000e+00 0.000000000000000000e+00 0.000000000000000000e+00 1.000000000000000000e+00
1.901792000000022131e-01 8.429098908254506473e-01 -5.380547518130727180e-01 0.000000000000000000e+00 5.380547518130727180e-01 8.429098908254506473e-01 -0.000000000000000000e+00 0.000000000000000000e+00 0.000000000000000000e+00 1.000000000000000000e+00
1.951792000000023564e-01 8.262415880099256427e-01 -5.633159311104528610e-01 0.000000000000000000e+00 5.633159311104528610e-01 8.262415880099256427e-01 -0.000000000000000000e+00 0.000000000000000000e+00 0.000000000000000000e+00 1.000000000000000000e+00
2.001792000000024996e-01 8.083546667686212217e-01 -5.886957896175167848e-01 0.000000000000000000e+00 5.886957896175167848e-01 8.083546667686212217e-01 -0.000000000000000000e+00 0.000000000000000000e+00 0.000000000000000000e+00 1.000000000000000000e+00
2.050432000000024235e-01 7.899886196986454223e-01 -6.131215056957542986e-01 0.000000000000000000e+00 6.131215056957542986e-01 7.899886196986454223e-01 -0.000000000000000000e+00 0.000000000000000000e+00 0.000000000000000000e+00 1.000000000000000000e+00
2.100432000000025667e-01 7.703401961020360789e-01 -6.376331094520397702e-01 0.000000000000000000e+00 6.376331094520397702e-01 7.703401961020360789e-01 -0.000000000000000000e+00 0.000000000000000000e+00 0.000000000000000000e+00 1.000000000000000000e+00
2.150432000000027100e-01 7.499315397361729918e-01 -6.615154463116740269e-01 0.000000000000000000e+00 6.615154463116740269e-01 7.499315397361729918e-01 -0.000000000000000000e+00 0.000000000000000000e+00 0.000000000000000000e+00 1.000000000000000000e+00
2.200432000000028532e-01 7.287827914809218433e-01 -6.847449472915265734e-01 0.000000000000000000e+00 6.847449472915265734e-01 7.287827914809218433e-01 -0.000000000000000000e+00 0.000000000000000000e+00 0.000000000000000000e+00 1.000000000000000000e+00
2.250432000000029964e-01 7.069148225974917210e-01 -7.072986876786615529e-01 0.000000000000000000e+00 7.072986876786615529e-01 7.069148225974917210e-01 -0.000000000000000000e+00 0.000000000000000000e+00 0.000000000000000000e+00 1.000000000000000000e+00
2.300432000000031396e-01 6.843492141310189014e-01 -7.291544096542631470e-01 0.000000000000000000e+00 7.291544096542631470e-01 6.843492141310189014e-01 -0.000000000000000000e+00 0.000000000000000000e+00 0.000000000000000000e+00 1.000000000000000000e+00
2.350903759667229698e-01 6.608858089452891438e-01 -7.504864739185717060e-01 0.000000000000000000e+00 7.504864739185717060e-01 6.608858089452891438e-01 -0.000000000000000000e+00 0.000000000000000000e+00 0.000000000000000000e+00 1.000000000000000000e+00
2.401313361323652862e-01 6.367879381267397276e-01 -7.710389885448696301e-01 0.000000000000000000e+00 7.710389885448696301e-01 6.367879381267397276e-01 -0.000000000000000000e+00 0.000000000000000000e+00 0.000000000000000000e+00 1.000000000000000000e+00
2.450827836104735868e-01 6.124959757671046834e-01 -7.904737058682613782e-01 0.000000000000000000e+00 7.904737058682613782e-01 6.124959757671046834e-01 -0.000000000000000000e+00 0.000000000000000000e+00 0.000000000000000000e+00 1.000000000000000000e+00
2.500827836104737023e-01 5.873643668442074528e-01 -8.093226183430829446e-01 0.000000000000000000e+00 8.093226183430829446e-01 5.873643668442074528e-01 -0.000000000000000000e+00 0.000000000000000000e+00 0.000000000000000000e+00 1.000000000000000000e+00
2.550827836104731516e-01 5.616531002045976884e-01 -8.273728271043013782e-01 0.000000000000000000e+00 8.273728271043013782e-01 5.616531002045976884e-01 -0.000000000000000000e+00 0.000000000000000000e+00 0.000000000000000000e+00 1.000000000000000000e+00
2.600827836104726010e-01 5.353875497642867076e-01 -8.446065187750999570e-01 0.000000000000000000e+00 8.446065187750999570e-01 5.353875497642867076e-01 -0.000000000000000000e+00 0.000000000000000000e+00 0.000000000000000000e+00 1.000000000000000000e+00
2.650827836104723279e-01 5.085936364504795026e-01 -8.610066857824493214e-01 0.000000000000000000e+00 8.610066857824493214e-01 5.085936364504795026e-01 -0.000000000000000000e+00 0.000000000000000000e+00 0.000000000000000000e+00 1.000000000000000000e+00
2.700089651801966251e-01 4.817043110798577832e-01 -8.763338157843045817e-01 0.000000000000000000e+00 8.763338157843045817e-01 4.817043110798577832e-01 -0.000000000000000000e+00 0.000000000000000000e+00 0.000000000000000000e+00 1.000000000000000000e+00
2.750116334745916213e-01 4.539253701584270440e-01 -8.910397063692139241e-01 0.000000000000000000e+00 8.910397063692139241e-01 4.539253701584270440e-01 -0.000000000000000000e+00 0.000000000000000000e+00 0.000000000000000000e+00 1.000000000000000000e+00
2.800709821774495234e-01 4.253757016381418121e-01 -9.050168575534150994e-01 0.000000000000000000e+00 9.050168575534150994e-01 4.253757016381418121e-01 -0.000000000000000000e+00 0.000000000000000000e+00 0.000000000000000000e+00 1.000000000000000000e+00
2.851061741037201891e-01 3.965355575794393683e-01 -9.180193633988136259e-01 0.000000000000000000e+00 9.180193633988136259e-01 3.965355575794393683e-01 -0.000000000000000000e+00 0.000000000000000000e+00 0.000000000000000000e+00 1.000000000000000000e+00
2.901213182968438997e-01 3.674157094148724489e-01 -9.300568243258935386e-01 0.000000000000000000e+00 9.300568243258935386e-01 3.674157094148724489e-01 -0.000000000000000000e+00 0.000000000000000000e+00 0.000000000000000000e+00 1.000000000000000000e+00
2.951213182968433490e-01 3.380206211037280473e-01 -9.411387037565982494e-01 0.000000000000000000e+00 9.411387037565982494e-01 3.380206211037280473e-01 -0.000000000000000000e+00 0.000000000000000000e+00 0.000000000000000000e+00 1.000000000000000000e+00
3.001213182968427984e-01 3.082919472492781088e-01 -9.512917929117481464e-01 0.000000000000000000e+00 9.512917929117481464e-01 3.082919472492781088e-01 -0.000000000000000000e+00 0.000000000000000000e+00 0.000000000000000000e+00 1.000000000000000000e+00
3.051213182968422477e-01 2.782590264634314803e-01 -9.605060719181445217e-01 0.000000000000000000e+00 9.605060719181445217e-01 2.782590264634314803e-01 -0.000000000000000000e+00 0.000000000000000000e+00 0.000000000000000000e+00 1.000000000000000000e+00
3.101213182968416970e-01 2.479514976130844373e-01 -9.687724473948611248e-01 0.000000000000000000e+00 9.687724473948611248e-01 2.479514976130844373e-01 -0.000000000000000000e+00 0.000000000000000000e+00 0.000000000000000000e+00 1.000000000000000000e+00
3.151213182968411464e-01 2.173992705701404404e-01 -9.760827614273142050e-01 0.000000000000000000e+00 9.760827614273142050e-01 2.173992705701404404e-01 -0.000000000000000000e+00 0.000000000000000000e+00 0.000000000000000000e+00 1.000000000000000000e+00
3.201213182968405957e-01 1.866324966940761942e-01 -9.824297996181385884e-01 0.000000000000000000e+00 9.824297996181385884e-01 1.866324966940761942e-01 -0.000000000000000000e+00 0.000000000000000000e+00 0.000000000000000000e+00 1.000000000000000000e+00
3.251213182968400450e-01 1.556815390761889240e-01 -9.878072982069270314e-01 0.000000000000000000e+00 9.878072982069270314e-01 1.556815390761889240e-01 -0.000000000000000000e+00 0.000000000000000000e+00 0.000000000000000000e+00 1.000000000000000000e+00
3.301213182968394944e-01 1.245769425748934622e-01 -9.922099502518060277e-01 0.000000000000000000e+00 9.922099502518060277e-01 1.245769425748934622e-01 -0.000000000000000000e+00 0.000000000000000000e+00 0.000000000000000000e+00 1.000000000000000000e+00
3.351213182968389437e-01 9.334940367163359343e-02 -9.956334108667457272e-01 0.000000000000000000e+00 9.956334108667457272e-01 9.334940367163359343e-02 -0.000000000000000000e+00 0.000000000000000000e+00 0.000000000000000000e+00 1.000000000000000000e+00
3.401213182968383930e-01 6.202974017715948835e-02 -9.980743015094387660e-01 0.000000000000000000e+00 9.980743015094387660e-01 6.202974017715948835e-02 -0.000000000000000000e+00 0.000000000000000000e+00 0.000000000000000000e+00 1.000000000000000000e+00
3.451213182968378423e-01 3.064886081807226617e-02 -9.995302133155129498e-01 0.000000000000000000e+00 9.995302133155129498e-01 3.064886081807226617e-02 -0.000000000000000000e+00 0.000000000000000000e+00 0.000000000000000000e+00 1.000000000000000000e+00
3.501213182968372917e-01 -7.622652663610102143e-04 -9.999997094757895333e-01 0.000000000000000000e+00 9.999997094757895333e-01 -7.622652663610102143e-04 -0.000000000000000000e+00 0.000000000000000000e+00 0.000000000000000000e+00 1.000000000000000000e+00
3.551213182968367410e-01 -3.217263908700534331e-02 -9.994823266542423035e-01 0.000000000000000000e+00 9.994823266542423035e-01 -3.217263908700534331e-02 -0.000000000000000000e+00 0.000000000000000000e+00 0.000000000000000000e+00 1.000000000000000000e+00
3.601213182968361903e-01 -6.355126239712105551e-02 -9.979785754452509261e-01 0.000000000000000000e+00 9.979785754452509261e-01 -6.355126239712105551e-02 -0.000000000000000000e+00 0.000000000000000000e+00 0.000000000000000000e+00 1.000000000000000000e+00
3.651085182968360487e-01 -9.478710592579486782e-02 -9.954975663205871683e-01 0.000000000000000000e+00 9.954975663205871683e-01 -9.478710592579486782e-02 -0.000000000000000000e+00 0.000000000000000000e+00 0.000000000000000000e+00 1.000000000000000000e+00
3.701491582968358673e-01 -1.262629775888320094e-01 -9.919968046775159420e-01 0.000000000000000000e+00 9.919968046775159420e-01 -1.262629775888320094e-01 -0.000000000000000000e+00 0.000000000000000000e+00 0.000000000000000000e+00 1.000000000000000000e+00
3.751491582968353167e-01 -1.573600470693442555e-01 -9.875412981674911439e-01 0.000000000000000000e+00 9.875412981674911439e-01 -1.573600470693442555e-01 -0.000000000000000000e+00 0.000000000000000000e+00 0.000000000000000000e+00 1.000000000000000000e+00
3.801491582968347660e-01 -1.883018211817077958e-01 -9.821112076234811417e-01 0.000000000000000000e+00 9.821112076234811417e-01 -1.883018211817077958e-01 -0.000000000000000000e+00 0.000000000000000000e+00 0.000000000000000000e+00 1.000000000000000000e+00
3.850691582968343019e-01 -2.185672901875474750e-01 -9.758218790640393880e-01 0.000000000000000000e+00 9.758218790640393880e-01 -2.185672901875474750e-01 -0.000000000000000000e+00 0.000000000000000000e+00 0.000000000000000000e+00 1.000000000000000000e+00
3.900291582968342663e-01 -2.488673341882586543e-01 -9.685375831499931643e-01 0.000000000000000000e+00 9.685375831499931643e-01 -2.488673341882586543e-01 -0.000000000000000000e+00 0.000000000000000000e+00 0.000000000000000000e+00 1.000000000000000000e+00
3.950291582968337156e-01 -2.791670338643293947e-01 -9.602425564425858262e-01 0.000000000000000000e+00 9.602425564425858262e-01 -2.791670338643293947e-01 -0.000000000000000000e+00 0.000000000000000000e+00 0.000000000000000000e+00 1.000000000000000000e+00
4.001091582968332450e-01 -3.096692149826742457e-01 -9.508443496661347361e-01 0.000000000000000000e+00 9.508443496661347361e-01 -3.096692149826742457e-01 -0.000000000000000000e+00 0.000000000000000000e+00 0.000000000000000000e+00 1.000000000000000000e+00
4.051411582968332259e-01 -3.395722763919013509e-01 -9.405799642274027539e-01 0.000000000000000000e+00 9.405799642274027539e-01 -3.395722763919013509e-01 -0.000000000000000000e+00 0.000000000000000000e+00 0.000000000000000000e+00 1.000000000000000000e+00
4.101411582968326752e-01 -3.689490486220892151e-01 -9.294496218304977297e-01 0.000000000000000000e+00 9.294496218304977297e-01 -3.689490486220892151e-01 -0.000000000000000000e+00 0.000000000000000000e+00 0.000000000000000000e+00 1.000000000000000000e+00
4.151411582968321246e-01 -3.979617126850452102e-01 -9.174020248706590275e-01 0.000000000000000000e+00 9.174020248706590275e-01 -3.979617126850452102e-01 -0.000000000000000000e+00 0.000000000000000000e+00 0.000000000000000000e+00 1.000000000000000000e+00
4.201011582968317004e-01 -4.263543102713435728e-01 -9.045562459643108344e-01 0.000000000000000000e+00 9.045562459643108344e-01 -4.263543102713435728e-01 -0.000000000000000000e+00 0.000000000000000000e+00 0.000000000000000000e+00 1.000000000000000000e+00
4.250611582968323310e-01 -4.543328523201090041e-01 -8.908320039730689421e-01 0.000000000000000000e+00 8.908320039730689421e-01 -4.543328523201090041e-01 -0.000000000000000000e+00 0.000000000000000000e+00 0.000000000000000000e+00 1.000000000000000000e+00
4.300915582968317108e-01 -4.822577140882279290e-01 -8.760293928872460167e-01 0.000000000000000000e+00 8.760293928872460167e-01 -4.822577140882279290e-01 -0.000000000000000000e+00 0.000000000000000000e+00 0.000000000000000000e+00 1.000000000000000000e+00
4.350386087928317380e-01 -5.092502049076526038e-01 -8.606185152560417162e-01 0.000000000000000000e+00 8.606185152560417162e-01 -5.092502049076526038e-01 -0.000000000000000000e+00 0.000000000000000000e+00 0.000000000000000000e+00 1.000000000000000000e+00
4.400984493662720709e-01 -5.363489730953990842e-01 -8.439963146006687067e-01 0.000000000000000000e+00 8.439963146006687067e-01 -5.363489730953990842e-01 -0.000000000000000000e+00 0.000000000000000000e+00 0.000000000000000000e+00 1.000000000000000000e+00
4.450984493662715202e-01 -5.625948821550216250e-01 -8.267327249921689880e-01 0.000000000000000000e+00 8.267327249921689880e-01 -5.625948821550216250e-01 -0.000000000000000000e+00 0.000000000000000000e+00 0.000000000000000000e+00 1.000000000000000000e+00
4.500984493662709696e-01 -5.882855779888602754e-01 -8.086532499967539200e-01 0.000000000000000000e+00 8.086532499967539200e-01 -5.882855779888602754e-01 -0.000000000000000000e+00 0.000000000000000000e+00 0.000000000000000000e+00 1.000000000000000000e+00
4.550984493662704189e-01 -6.133957069818025687e-01 -7.897757318734822674e-01 0.000000000000000000e+00 7.897757318734822674e-01 -6.133957069818025687e-01 -0.000000000000000000e+00 0.000000000000000000e+00 0.000000000000000000e+00 1.000000000000000000e+00
4.600504493662702643e-01 -6.376681971021489481e-01 -7.703111516812507498e-01 0.000000000000000000e+00 7.703111516812507498e-01 -6.376681971021489481e-01 -0.000000000000000000e+00 0.000000000000000000e+00 0.000000000000000000e+00 1.000000000000000000e+00
4.650184493662699037e-01 -6.613988143458096047e-01 -7.500344047988448670e-01 0.000000000000000000e+00 7.500344047988448670e-01 -6.613988143458096047e-01 -0.000000000000000000e+00 0.000000000000000000e+00 0.000000000000000000e+00 1.000000000000000000e+00
4.700184493662693530e-01 -6.846316039461943781e-01 -7.288892692844787247e-01 0.000000000000000000e+00 7.288892692844787247e-01 -6.846316039461943781e-01 -0.000000000000000000e+00 0.000000000000000000e+00 0.000000000000000000e+00 1.000000000000000000e+00
4.750184493662688023e-01 -7.071887448100599993e-01 -7.070248080611966079e-01 0.000000000000000000e+00 7.070248080611966079e-01 -7.071887448100599993e-01 -0.000000000000000000e+00 0.000000000000000000e+00 0.000000000000000000e+00 1.000000000000000000e+00
4.800984493662682762e-01 -7.293919320744139956e-01 -6.840960527767672161e-01 0.000000000000000000e+00 6.840960527767672161e-01 -7.293919320744139956e-01 -0.000000000000000000e+00 0.000000000000000000e+00 0.000000000000000000e+00 1.000000000000000000e+00
4.850584493662683516e-01 -7.503538846325454870e-01 -6.610363437942339271e-01 0.000000000000000000e+00 6.610363437942339271e-01 -7.503538846325454870e-01 -0.000000000000000000e+00 0.000000000000000000e+00 0.000000000000000000e+00 1.000000000000000000e+00
4.901384493662678254e-01 -7.710674482263437657e-01 -6.367534768540452639e-01 0.000000000000000000e+00 6.367534768540452639e-01 -7.710674482263437657e-01 -0.000000000000000000e+00 0.000000000000000000e+00 0.000000000000000000e+00 1.000000000000000000e+00
4.951224493662679249e-01 -7.906263320314721454e-01 -6.122989491240862225e-01 0.000000000000000000e+00 6.122989491240862225e-01 -7.906263320314721454e-01 -0.000000000000000000e+00 0.000000000000000000e+00 0.000000000000000000e+00 1.000000000000000000e+00
5.001224493662673742e-01 -8.094689804380771347e-01 -5.871626433183056992e-01 0.000000000000000000e+00 5.871626433183056992e-01 -8.094689804380771347e-01 -0.000000000000000000e+00 0.000000000000000000e+00 0.000000000000000000e+00 1.000000000000000000e+00
5.051224493662668236e-01 -8.275127806893642912e-01 -5.614468788725747173e-01 0.000000000000000000e+00 5.614468788725747173e-01 -8.275127806893642912e-01 -0.000000000000000000e+00 0.000000000000000000e+00 0.000000000000000000e+00 1.000000000000000000e+00
5.101224493662662729e-01 -8.447399257329404332e-01 -5.351770341416998145e-01 0.000000000000000000e+00 5.351770341416998145e-01 -8.447399257329404332e-01 -0.000000000000000000e+00 0.000000000000000000e+00 0.000000000000000000e+00 1.000000000000000000e+00
5.151224493662660553e-01 -8.611334144565063742e-01 -5.083790342908319770e-01 0.000000000000000000e+00 5.083790342908319770e-01 -8.611334144565063742e-01 -0.000000000000000000e+00 0.000000000000000000e+00 0.000000000000000000e+00 1.000000000000000000e+00
5.200761005662670744e-01 -8.765369322864975388e-01 -4.813346095366258237e-01 0.000000000000000000e+00 4.813346095366258237e-01 -8.765369322864975388e-01 -0.000000000000000000e+00 0.000000000000000000e+00 0.000000000000000000e+00 1.000000000000000000e+00
5.250923036008919853e-01 -8.912696709424143826e-01 -4.534736747135382773e-01 0.000000000000000000e+00 4.534736747135382773e-01 -8.912696709424143826e-01 -0.000000000000000000e+00 0.000000000000000000e+00 0.000000000000000000e+00 1.000000000000000000e+00
5.300535086277075036e-01 -9.049701502917966156e-01 -4.254750604686982629e-01 0.000000000000000000e+00 4.254750604686982629e-01 -9.049701502917966156e-01 -0.000000000000000000e+00 0.000000000000000000e+00 0.000000000000000000e+00 1.000000000000000000e+00
5.350535086277069530e-01 -9.178880967699456495e-01 -3.968393148467604936e-01 0.000000000000000000e+00 3.968393148467604936e-01 -9.178880967699456495e-01 -0.000000000000000000e+00 0.000000000000000000e+00 0.000000000000000000e+00 1.000000000000000000e+00
5.400535086277064023e-01 -9.299001985145562976e-01 -3.678119367320597521e-01 0.000000000000000000e+00 3.678119367320597521e-01 -9.299001985145562976e-01 -0.000000000000000000e+00 0.000000000000000000e+00 0.000000000000000000e+00 1.000000000000000000e+00
5.450535086277058516e-01 -9.409946010314447218e-01 -3.384215726422777903e-01 0.000000000000000000e+00 3.384215726422777903e-01 -9.409946010314447218e-01 -0.000000000000000000e+00 0.000000000000000000e+00 0.000000000000000000e+00 1.000000000000000000e+00
5.500535086277053010e-01 -9.511603554847698483e-01 -3.086972273184300231e-01 0.000000000000000000e+00 3.086972273184300231e-01 -9.511603554847698483e-01 -0.000000000000000000e+00 0.000000000000000000e+00 0.000000000000000000e+00 1.000000000000000000e+00
5.550535086277047503e-01 -9.603874295022132301e-01 -2.786682351006865566e-01 0.000000000000000000e+00 2.786682351006865566e-01 -9.603874295022132301e-01 -0.000000000000000000e+00 0.000000000000000000e+00 0.000000000000000000e+00 1.000000000000000000e+00
5.600535086277041996e-01 -9.686667170757177203e-01 -2.483642309789228786e-01 0.000000000000000000e+00 2.483642309789228786e-01 -9.686667170757177203e-01 -0.000000000000000000e+00 0.000000000000000000e+00 0.000000000000000000e+00 1.000000000000000000e+00
5.650535086277036489e-01 -9.759900475480185467e-01 -2.178151213465596703e-01 0.000000000000000000e+00 2.178151213465596703e-01 -9.759900475480185467e-01 -0.000000000000000000e+00 0.000000000000000000e+00 0.000000000000000000e+00 1.000000000000000000e+00
5.700535086277030983e-01 -9.823501936760963282e-01 -1.870510544865656988e-01 0.000000000000000000e+00 1.870510544865656988e-01 -9.823501936760963282e-01 -0.000000000000000000e+00 0.000000000000000000e+00 0.000000000000000000e+00 1.000000000000000000e+00
5.750535086277025476e-01 -9.877408787635919563e-01 -1.561023908187414710e-01 0.000000000000000000e+00 1.561023908187414710e-01 -9.877408787635919563e-01 -0.000000000000000000e+00 0.000000000000000000e+00 0.000000000000000000e+00 1.000000000000000000e+00
5.800535086277019969e-01 -9.921567828551496326e-01 -1.249996729376487981e-01 0.000000000000000000e+00 1.249996729376487981e-01 -9.921567828551496326e-01 -0.000000000000000000e+00 0.000000000000000000e+00 0.000000000000000000e+00 1.000000000000000000e+00
5.850535086277014463e-01 -9.955935479865696269e-01 -9.377359547076052904e-02 0.000000000000000000e+00 9.377359547076052904e-02 -9.955935479865696269e-01 -0.000000000000000000e+00 0.000000000000000000e+00 0.000000000000000000e+00 1.000000000000000000e+00
5.900535086277008956e-01 -9.980477824855930047e-01 -6.245497478656557994e-02 0.000000000000000000e+00 6.245497478656557994e-02 -9.980477824855930047e-01 -0.000000000000000000e+00 0.000000000000000000e+00 0.000000000000000000e+00 1.000000000000000000e+00
5.950535086277003449e-01 -9.995170643190722792e-01 -3.107471858253678040e-02 0.000000000000000000e+00 3.107471858253678040e-02 -9.995170643190722792e-01 -0.000000000000000000e+00 0.000000000000000000e+00 0.000000000000000000e+00 1.000000000000000000e+00
6.000535086276997943e-01 -9.999999434832259615e-01 3.362046170362838790e-04 0.000000000000000000e+00 -3.362046170362838790e-04 -9.999999434832259615e-01 -0.000000000000000000e+00 0.000000000000000000e+00 -0.000000000000000000e+00 1.000000000000000000e+00
6.050535086276992436e-01 -9.994959434346190053e-01 3.174679602324325528e-02 0.000000000000000000e+00 -3.174679602324325528e-02 -9.994959434346190053e-01 -0.000000000000000000e+00 0.000000000000000000e+00 -0.000000000000000000e+00 1.000000000000000000e+00
6.100535086276990260e-01 -9.980055615604491726e-01 6.312605717461419741e-02 0.000000000000000000e+00 -6.312605717461419741e-02 -9.980055615604491726e-01 -0.000000000000000000e+00 0.000000000000000000e+00 -0.000000000000000000e+00 1.000000000000000000e+00
6.150935086276991814e-01 -9.955065011264149222e-01 9.469322158973758619e-02 0.000000000000000000e+00 -9.469322158973758619e-02 -9.955065011264149222e-01 -0.000000000000000000e+00 0.000000000000000000e+00 -0.000000000000000000e+00 1.000000000000000000e+00
6.200444720652659170e-01 -9.920796411906839252e-01 1.256104515355460916e-01 0.000000000000000000e+00 -1.256104515355460916e-01 -9.920796411906839252e-01 -0.000000000000000000e+00 0.000000000000000000e+00 -0.000000000000000000e+00 1.000000000000000000e+00
6.250806545092880695e-01 -9.876089379127515056e-01 1.569349730138145105e-01 0.000000000000000000e+00 -1.569349730138145105e-01 -9.876089379127515056e-01 -0.000000000000000000e+00 0.000000000000000000e+00 -0.000000000000000000e+00 1.000000000000000000e+00
6.301333790778324007e-01 -9.821298717466278028e-01 1.882044500615018823e-01 0.000000000000000000e+00 -1.882044500615018823e-01 -9.821298717466278028e-01 -0.000000000000000000e+00 0.000000000000000000e+00 -0.000000000000000000e+00 1.000000000000000000e+00
6.351333790778318500e-01 -9.757336053035965406e-01 2.189610273113585803e-01 0.000000000000000000e+00 -2.189610273113585803e-01 -9.757336053035965406e-01 -0.000000000000000000e+00 0.000000000000000000e+00 -0.000000000000000000e+00 1.000000000000000000e+00
6.401333790778312993e-01 -9.683744075938764961e-01 2.495015164627446269e-01 0.000000000000000000e+00 -2.495015164627446269e-01 -9.683744075938764961e-01 -0.000000000000000000e+00 0.000000000000000000e+00 -0.000000000000000000e+00 1.000000000000000000e+00
6.451333790778307486e-01 -9.600595412571204523e-01 2.797957777400651436e-01 0.000000000000000000e+00 -2.797957777400651436e-01 -9.600595412571204523e-01 -0.000000000000000000e+00 0.000000000000000000e+00 -0.000000000000000000e+00 1.000000000000000000e+00
6.501333790778301980e-01 -9.507972120625370893e-01 3.098139143649094596e-01 0.000000000000000000e+00 -3.098139143649094596e-01 -9.507972120625370893e-01 -0.000000000000000000e+00 0.000000000000000000e+00 -0.000000000000000000e+00 1.000000000000000000e+00
6.551333790778296473e-01 -9.405965608107863529e-01 3.395263020605632787e-01 0.000000000000000000e+00 -3.395263020605632787e-01 -9.405965608107863529e-01 -0.000000000000000000e+00 0.000000000000000000e+00 -0.000000000000000000e+00 1.000000000000000000e+00
6.600899010618295204e-01 -9.295683968794723473e-01 3.686496921508646274e-01 0.000000000000000000e+00 -3.686496921508646274e-01 -9.295683968794723473e-01 -0.000000000000000000e+00 0.000000000000000000e+00 -0.000000000000000000e+00 1.000000000000000000e+00
6.650647616807860985e-01 -9.175929464039466188e-01 3.975213009509350748e-01 0.000000000000000000e+00 -3.975213009509350748e-01 -9.175929464039466188e-01 -0.000000000000000000e+00 0.000000000000000000e+00 -0.000000000000000000e+00 1.000000000000000000e+00
6.701644825279818862e-01 -9.043865374215149799e-01 4.267141794348092154e-01 0.000000000000000000e+00 -4.267141794348092154e-01 -9.043865374215149799e-01 -0.000000000000000000e+00 0.000000000000000000e+00 -0.000000000000000000e+00 1.000000000000000000e+00
6.751644825279813356e-01 -8.905368609738061325e-01 4.549110893866182836e-01 0.000000000000000000e+00 -4.549110893866182836e-01 -8.905368609738061325e-01 -0.000000000000000000e+00 0.000000000000000000e+00 -0.000000000000000000e+00 1.000000000000000000e+00
6.801644825279807849e-01 -8.758083321601340954e-01 4.826590570152846094e-01 0.000000000000000000e+00 -4.826590570152846094e-01 -8.758083321601340954e-01 -0.000000000000000000e+00 0.000000000000000000e+00 -0.000000000000000000e+00 1.000000000000000000e+00
6.851644825279802342e-01 -8.602154862602419128e-01 5.099306984268108245e-01 0.000000000000000000e+00 -5.099306984268108245e-01 -8.602154862602419128e-01 -0.000000000000000000e+00 0.000000000000000000e+00 -0.000000000000000000e+00 1.000000000000000000e+00
6.900844825279801587e-01 -8.440433793162638310e-01 5.362749050928837802e-01 0.000000000000000000e+00 -5.362749050928837802e-01 -8.440433793162638310e-01 -0.000000000000000000e+00 0.000000000000000000e+00 -0.000000000000000000e+00 1.000000000000000000e+00
6.950764825279797110e-01 -8.268103674281188642e-01 5.624807697276228424e-01 0.000000000000000000e+00 -5.624807697276228424e-01 -8.268103674281188642e-01 -0.000000000000000000e+00 0.000000000000000000e+00 -0.000000000000000000e+00 1.000000000000000000e+00
7.000764825279791603e-01 -8.087344384788135443e-01 5.881739606769057493e-01 0.000000000000000000e+00 -5.881739606769057493e-01 -8.087344384788135443e-01 -0.000000000000000000e+00 0.000000000000000000e+00 -0.000000000000000000e+00 1.000000000000000000e+00
7.050764825279786097e-01 -7.898603862784218110e-01 6.132866949381035049e-01 0.000000000000000000e+00 -6.132866949381035049e-01 -7.898603862784218110e-01 -0.000000000000000000e+00 0.000000000000000000e+00 -0.000000000000000000e+00 1.000000000000000000e+00
7.100764825279780590e-01 -7.702068372377735006e-01 6.377941892743979047e-01 0.000000000000000000e+00 -6.377941892743979047e-01 -7.702068372377735006e-01 -0.000000000000000000e+00 0.000000000000000000e+00 -0.000000000000000000e+00 1.000000000000000000e+00
7.150764825279775083e-01 -7.497931870369699547e-01 6.616722577477038847e-01 0.000000000000000000e+00 -6.616722577477038847e-01 -7.497931870369699547e-01 -0.000000000000000000e+00 0.000000000000000000e+00 -0.000000000000000000e+00 1.000000000000000000e+00
7.200764825279769576e-01 -7.286395814841890584e-01 6.848973355872731705e-01 0.000000000000000000e+00 -6.848973355872731705e-01 -7.286395814841890584e-01 -0.000000000000000000e+00 0.000000000000000000e+00 -0.000000000000000000e+00 1.000000000000000000e+00
7.250604825279773902e-01 -7.068380133421379163e-01 7.073754469124160504e-01 0.000000000000000000e+00 -7.073754469124160504e-01 -7.068380133421379163e-01 -0.000000000000000000e+00 0.000000000000000000e+00 -0.000000000000000000e+00 1.000000000000000000e+00
7.301884825279767455e-01 -6.836833299423685784e-01 7.297788050902236368e-01 0.000000000000000000e+00 -7.297788050902236368e-01 -6.836833299423685784e-01 -0.000000000000000000e+00 0.000000000000000000e+00 -0.000000000000000000e+00 1.000000000000000000e+00
7.350604825279770660e-01 -6.610267581706835704e-01 7.503623291333040290e-01 0.000000000000000000e+00 -7.503623291333040290e-01 -6.610267581706835704e-01 -0.000000000000000000e+00 0.000000000000000000e+00 -0.000000000000000000e+00 1.000000000000000000e+00
7.400519387076200939e-01 -6.371725061150664837e-01 7.707212190221868209e-01 0.000000000000000000e+00 -7.707212190221868209e-01 -6.371725061150664837e-01 -0.000000000000000000e+00 0.000000000000000000e+00 -0.000000000000000000e+00 1.000000000000000000e+00
7.450782073871803357e-01 -6.125187042090759482e-01 7.904560942860993089e-01 0.000000000000000000e+00 -7.904560942860993089e-01 -6.125187042090759482e-01 -0.000000000000000000e+00 0.000000000000000000e+00 -0.000000000000000000e+00 1.000000000000000000e+00
7.501691132892971403e-01 -5.869252833366678246e-01 8.096411005996251298e-01 0.000000000000000000e+00 -8.096411005996251298e-01 -5.869252833366678246e-01 -0.000000000000000000e+00 0.000000000000000000e+00 -0.000000000000000000e+00 1.000000000000000000e+00
7.551691132892965896e-01 -5.612042295888328702e-01 8.276773602628046955e-01 0.000000000000000000e+00 -8.276773602628046955e-01 -5.612042295888328702e-01 -0.000000000000000000e+00 0.000000000000000000e+00 -0.000000000000000000e+00 1.000000000000000000e+00
7.601691132892960390e-01 -5.349293350214017195e-01 8.448968022981035997e-01 0.000000000000000000e+00 -8.448968022981035997e-01 -5.349293350214017195e-01 -0.000000000000000000e+00 0.000000000000000000e+00 -0.000000000000000000e+00 1.000000000000000000e+00
7.651691132892954883e-01 -5.081265297831057959e-01 8.612824331951618451e-01 0.000000000000000000e+00 -8.612824331951618451e-01 -5.081265297831057959e-01 -0.000000000000000000e+00 0.000000000000000000e+00 -0.000000000000000000e+00 1.000000000000000000e+00
7.701691132892949376e-01 -4.808222650067733861e-01 8.768180823145448333e-01 0.000000000000000000e+00 -8.768180823145448333e-01 -4.808222650067733861e-01 -0.000000000000000000e+00 0.000000000000000000e+00 -0.000000000000000000e+00 1.000000000000000000e+00
7.751691132892943870e-01 -4.530434867052542947e-01 8.914884178462140207e-01 0.000000000000000000e+00 -8.914884178462140207e-01 -4.530434867052542947e-01 -0.000000000000000000e+00 0.000000000000000000e+00 -0.000000000000000000e+00 1.000000000000000000e+00
7.801691132892938363e-01 -4.248176091789609421e-01 9.052789619401697685e-01 0.000000000000000000e+00 -9.052789619401697685e-01 -4.248176091789609421e-01 -0.000000000000000000e+00 0.000000000000000000e+00 -0.000000000000000000e+00 1.000000000000000000e+00
7.850731132892935227e-01 -3.967262466361263229e-01 9.179369723624880573e-01 0.000000000000000000e+00 -9.179369723624880573e-01 -3.967262466361263229e-01 -0.000000000000000000e+00 0.000000000000000000e+00 -0.000000000000000000e+00 1.000000000000000000e+00
7.900451543660301779e-01 -3.678607479646178735e-01 9.298808902794548636e-01 0.000000000000000000e+00 -9.298808902794548636e-01 -3.678607479646178735e-01 -0.000000000000000000e+00 0.000000000000000000e+00 -0.000000000000000000e+00 1.000000000000000000e+00
7.950340976673542226e-01 -3.385363363304164652e-01 9.409533192374525123e-01 0.000000000000000000e+00 -9.409533192374525123e-01 -3.385363363304164652e-01 -0.000000000000000000e+00 0.000000000000000000e+00 -0.000000000000000000e+00 1.000000000000000000e+00
8.000082118148823529e-01 -3.089679229143669770e-01 9.510724591796262395e-01 0.000000000000000000e+00 -9.510724591796262395e-01 -3.089679229143669770e-01 -0.000000000000000000e+00 0.000000000000000000e+00 -0.000000000000000000e+00 1.000000000000000000e+00
8.050082118148818022e-01 -2.789415580143518869e-01 9.603080793227380951e-01 0.000000000000000000e+00 -9.603080793227380951e-01 -2.789415580143518869e-01 -0.000000000000000000e+00 0.000000000000000000e+00 -0.000000000000000000e+00 1.000000000000000000e+00
8.100082118148812516e-01 -2.486399114736000115e-01 9.685959913309576397e-01 0.000000000000000000e+00 -9.685959913309576397e-01 -2.486399114736000115e-01 -0.000000000000000000e+00 0.000000000000000000e+00 -0.000000000000000000e+00 1.000000000000000000e+00
8.150082118148807009e-01 -2.180928873588840466e-01 9.759280160357450828e-01 0.000000000000000000e+00 -9.759280160357450828e-01 -2.180928873588840466e-01 -0.000000000000000000e+00 0.000000000000000000e+00 -0.000000000000000000e+00 1.000000000000000000e+00
8.200082118148801502e-01 -1.873306318950182792e-01 9.822969176139224601e-01 0.000000000000000000e+00 -9.822969176139224601e-01 -1.873306318950182792e-01 -0.000000000000000000e+00 0.000000000000000000e+00 -0.000000000000000000e+00 1.000000000000000000e+00
8.250082118148795995e-01 -1.563835037141734496e-01 9.876964107285594041e-01 0.000000000000000000e+00 -9.876964107285594041e-01 -1.563835037141734496e-01 -0.000000000000000000e+00 0.000000000000000000e+00 -0.000000000000000000e+00 1.000000000000000000e+00
8.300082118148790489e-01 -1.252820438955710991e-01 9.921211667318403649e-01 0.000000000000000000e+00 -9.921211667318403649e-01 -1.252820438955710991e-01 -0.000000000000000000e+00 0.000000000000000000e+00 -0.000000000000000000e+00 1.000000000000000000e+00
8.350082118148784982e-01 -9.405694582512919011e-02 9.955668189237969479e-01 0.000000000000000000e+00 -9.955668189237969479e-01 -9.405694582512919011e-02 -0.000000000000000000e+00 0.000000000000000000e+00 -0.000000000000000000e+00 1.000000000000000000e+00
8.401413958148787886e-01 -6.190383184590752402e-02 9.980821186669930345e-01 0.000000000000000000e+00 -9.980821186669930345e-01 -6.190383184590752402e-02 -0.000000000000000000e+00 0.000000000000000000e+00 -0.000000000000000000e+00 1.000000000000000000e+00
8.450471110148795040e-01 -3.111489653154527954e-02 9.995158143890628955e-01 0.000000000000000000e+00 -9.995158143890628955e-01 -3.111489653154527954e-02 -0.000000000000000000e+00 0.000000000000000000e+00 -0.000000000000000000e+00 1.000000000000000000e+00
8.500375852548796018e-01 2.361551190309345142e-04 9.999999721153793875e-01 0.000000000000000000e+00 -9.999999721153793875e-01 2.361551190309345142e-04 -0.000000000000000000e+00 -0.000000000000000000e+00 0.000000000000000000e+00 1.000000000000000000e+00
8.551132299657909774e-01 3.212184487110259640e-02 9.994839603926003457e-01 0.000000000000000000e+00 -9.994839603926003457e-01 3.212184487110259640e-02 -0.000000000000000000e+00 -0.000000000000000000e+00 0.000000000000000000e+00 1.000000000000000000e+00
8.600256091185121132e-01 6.295110804004284966e-02 9.980166120844536914e-01 0.000000000000000000e+00 -9.980166120844536914e-01 6.295110804004284966e-02 -0.000000000000000000e+00 -0.000000000000000000e+00 0.000000000000000000e+00 1.000000000000000000e+00
8.651349710432622020e-01 9.495256378518746043e-02 9.954817982417456523e-01 0.000000000000000000e+00 -9.954817982417456523e-01 9.495256378518746043e-02 -0.000000000000000000e+00 -0.000000000000000000e+00 0.000000000000000000e+00 1.000000000000000000e+00
8.701677540977180714e-01 1.263788824893405938e-01 9.919820452310339487e-01 0.000000000000000000e+00 -9.919820452310339487e-01 1.263788824893405938e-01 -0.000000000000000000e+00 -0.000000000000000000e+00 0.000000000000000000e+00 1.000000000000000000e+00
8.751592258968831084e-01 1.574225152560932706e-01 9.875313421306914918e-01 0.000000000000000000e+00 -9.875313421306914918e-01 1.574225152560932706e-01 -0.000000000000000000e+00 -0.000000000000000000e+00 0.000000000000000000e+00 1.000000000000000000e+00
8.801032258968835009e-01 1.880183743005531261e-01 9.821655109630846869e-01 0.000000000000000000e+00 -9.821655109630846869e-01 1.880183743005531261e-01 -0.000000000000000000e+00 -0.000000000000000000e+00 0.000000000000000000e+00 1.000000000000000000e+00
8.851592258968834503e-01 2.191194839058578092e-01 9.756980330885323127e-01 0.000000000000000000e+00 -9.756980330885323127e-01 2.191194839058578092e-01 -0.000000000000000000e+00 -0.000000000000000000e+00 0.000000000000000000e+00 1.000000000000000000e+00
8.900516418968844601e-01 2.490041556776078913e-01 9.685024163394131413e-01 0.000000000000000000e+00 -9.685024163394131413e-01 2.490041556776078913e-01 -0.000000000000000000e+00 -0.000000000000000000e+00 0.000000000000000000e+00 1.000000000000000000e+00
8.951777090968847661e-01 2.800631758428436813e-01 9.599815714568800118e-01 0.000000000000000000e+00 -9.599815714568800118e-01 2.800631758428436813e-01 -0.000000000000000000e+00 -0.000000000000000000e+00 0.000000000000000000e+00 1.000000000000000000e+00
9.001777090968842154e-01 3.100787314322552279e-01 9.507108815583018568e-01 0.000000000000000000e+00 -9.507108815583018568e-01 3.100787314322552279e-01 -0.000000000000000000e+00 -0.000000000000000000e+00 0.000000000000000000e+00 1.000000000000000000e+00
9.051777090968836648e-01 3.397882767500021162e-01 9.405019548003417107e-01 0.000000000000000000e+00 -9.405019548003417107e-01 3.397882767500021162e-01 -0.000000000000000000e+00 -0.000000000000000000e+00 0.000000000000000000e+00 1.000000000000000000e+00
9.100685506968826388e-01 3.685249888146129860e-01 9.296178422444296707e-01 0.000000000000000000e+00 -9.296178422444296707e-01 3.685249888146129860e-01 -0.000000000000000000e+00 -0.000000000000000000e+00 0.000000000000000000e+00 1.000000000000000000e+00
9.151265398168832998e-01 3.978774470631233906e-01 9.174385740301806980e-01 0.000000000000000000e+00 -9.174385740301806980e-01 3.978774470631233906e-01 -0.000000000000000000e+00 -0.000000000000000000e+00 0.000000000000000000e+00 1.000000000000000000e+00
9.201265398168827492e-01 4.264985605790010958e-01 9.044882408434284926e-01 0.000000000000000000e+00 -9.044882408434284926e-01 4.264985605790010958e-01 -0.000000000000000000e+00 -0.000000000000000000e+00 0.000000000000000000e+00 1.000000000000000000e+00
9.251265398168821985e-01 4.546987715073826375e-01 8.906452869631528158e-01 0.000000000000000000e+00 -8.906452869631528158e-01 4.546987715073826375e-01 -0.000000000000000000e+00 -0.000000000000000000e+00 0.000000000000000000e+00 1.000000000000000000e+00
9.301265398168816478e-01 4.824502496447352629e-01 8.759233737135528886e-01 0.000000000000000000e+00 -8.759233737135528886e-01 4.824502496447352629e-01 -0.000000000000000000e+00 -0.000000000000000000e+00 0.000000000000000000e+00 1.000000000000000000e+00
9.351265398168810972e-01 5.097256076326123209e-01 8.603370298456087806e-01 0.000000000000000000e+00 -8.603370298456087806e-01 5.097256076326123209e-01 -0.000000000000000000e+00 -0.000000000000000000e+00 0.000000000000000000e+00 1.000000000000000000e+00
9.401265398168805465e-01 5.364979279856745276e-01 8.439016371989556120e-01 0.000000000000000000e+00 -8.439016371989556120e-01 5.364979279856745276e-01 -0.000000000000000000e+00 -0.000000000000000000e+00 0.000000000000000000e+00 1.000000000000000000e+00
9.451265398168799958e-01 5.627407896559956102e-01 8.266334155218663104e-01 0.000000000000000000e+00 -8.266334155218663104e-01 5.627407896559956102e-01 -0.000000000000000000e+00 -0.000000000000000000e+00 0.000000000000000000e+00 1.000000000000000000e+00
9.501265398168794452e-01 5.884282941074444606e-01 8.085494064643191647e-01 0.000000000000000000e+00 -8.085494064643191647e-01 5.884282941074444606e-01 -0.000000000000000000e+00 -0.000000000000000000e+00 0.000000000000000000e+00 1.000000000000000000e+00
9.551265398168788945e-01 6.135350908744182652e-01 7.896674567599448746e-01 0.000000000000000000e+00 -7.896674567599448746e-01 6.135350908744182652e-01 -0.000000000000000000e+00 -0.000000000000000000e+00 0.000000000000000000e+00 1.000000000000000000e+00
9.601265398168783438e-01 6.380364025796884109e-01 7.700062006134559267e-01 0.000000000000000000e+00 -7.700062006134559267e-01 6.380364025796884109e-01 -0.000000000000000000e+00 -0.000000000000000000e+00 0.000000000000000000e+00 1.000000000000000000e+00
9.651265398168777931e-01 6.619080493866816850e-01 7.495850413109363952e-01 0.000000000000000000e+00 -7.495850413109363952e-01 6.619080493866816850e-01 -0.000000000000000000e+00 -0.000000000000000000e+00 0.000000000000000000e+00 1.000000000000000000e+00
9.701265398168772425e-01 6.851264728620569677e-01 7.284241320711425383e-01 0.000000000000000000e+00 -7.284241320711425383e-01 6.851264728620569677e-01 -0.000000000000000000e+00 -0.000000000000000000e+00 0.000000000000000000e+00 1.000000000000000000e+00
9.751265398168766918e-01 7.076687592250390235e-01 7.065443561567057440e-01 0.000000000000000000e+00 -7.065443561567057440e-01 7.076687592250390235e-01 -0.000000000000000000e+00 -0.000000000000000000e+00 0.000000000000000000e+00 1.000000000000000000e+00
9.801265398168761411e-01 7.295126619605514229e-01 6.839673062648756741e-01 0.000000000000000000e+00 -6.839673062648756741e-01 7.295126619605514229e-01 -0.000000000000000000e+00 -0.000000000000000000e+00 0.000000000000000000e+00 1.000000000000000000e+00
9.850705398168762006e-01 7.504040991123035464e-01 6.609793400972925337e-01 0.000000000000000000e+00 -6.609793400972925337e-01 7.504040991123035464e-01 -0.000000000000000000e+00 -0.000000000000000000e+00 0.000000000000000000e+00 1.000000000000000000e+00
9.900385398168756179e-01 7.706675741946110714e-01 6.372373891141304147e-01 0.000000000000000000e+00 -6.372373891141304147e-01 7.706675741946110714e-01 -0.000000000000000000e+00 -0.000000000000000000e+00 0.000000000000000000e+00 1.000000000000000000e+00
9.950385398168750672e-01 7.903034063736951165e-01 6.127156974275541623e-01 0.000000000000000000e+00 -6.127156974275541623e-01 7.903034063736951165e-01 -0.000000000000000000e+00 -0.000000000000000000e+00 0.000000000000000000e+00 1.000000000000000000e+00
1.000000000000000000e+00 8.090169943749474513e-01 5.877852522924732481e-01 0.000000000000000000e+00 -5.877852522924732481e-01 8.090169943749474513e-01 -0.000000000000000000e+00 -0.000000000000000000e+00 0.000000000000000000e+00 1.000000000000000000e+00
