time R11 R12 R13 R21 R22 R23 R31 R32 R33
0.000000000000000000e+00 1.000000000000000000e+00 -0.000000000000000000e+00 0.000000000000000000e+00 0.000000000000000000e+00 1.000000000000000000e+00 -0.000000000000000000e+00 0.000000000000000000e+00 0.000000000000000000e+00 1.000000000000000000e+00
5.040000000000002811e-03 9.999999908184982189e-01 1.355101583487440650e-04 0.000000000000000000e+00 -1.355101583487440650e-04 9.999999908184982189e-01 -0.000000000000000000e+00 -0.000000000000000000e+00 0.000000000000000000e+00 1.000000000000000000e+00
1.013600000000001305e-02 9.999999914309888327e-01 1.309122678380964921e-04 0.000000000000000000e+00 -1.309122678380964921e-04 9.999999914309888327e-01 -0.000000000000000000e+00 -0.000000000000000000e+00 0.000000000000000000e+00 1.000000000000000000e+00
1.513600000000002617e-02 9.999999936329737604e-01 1.128452573305110880e-04 0.000000000000000000e+00 -1.128452573305110880e-04 9.999999936329737604e-01 -0.000000000000000000e+00 -0.000000000000000000e+00 0.000000000000000000e+00 1.000000000000000000e+00
2.013600000000000112e-02 9.999999961316953234e-01 8.795799606279513605e-05 0.000000000000000000e+00 -8.795799606279513605e-05 9.999999961316953234e-01 -0.000000000000000000e+00 -0.000000000000000000e+00 0.000000000000000000e+00 1.000000000000000000e+00
2.513599999999997087e-02 9.999999984086302973e-01 5.641577089816174730e-05 0.000000000000000000e+00 -5.641577089816174730e-05 9.999999984086302973e-01 -0.000000000000000000e+00 -0.000000000000000000e+00 0.000000000000000000e+00 1.000000000000000000e+00
3.013599999999994061e-02 9.999999998376153387e-01 1.802135376768829945e-05 0.000000000000000000e+00 -1.802135376768829945e-05 9.999999998376153387e-01 -0.000000000000000000e+00 -0.000000000000000000e+00 0.000000000000000000e+00 1.000000000000000000e+00
3.513599999999991036e-02 9.999999996234389954e-01 -2.744306600936918580e-05 0.000000000000000000e+00 2.744306600936918580e-05 9.999999996234389954e-01 -0.000000000000000000e+00 0.000000000000000000e+00 0.000000000000000000e+00 1.000000000000000000e+00
4.013599999999988011e-02 9.999999968036399345e-01 -7.995448668287294424e-05 0.000000000000000000e+00 7.995448668287294424e-05 9.999999968036399345e-01 -0.000000000000000000e+00 0.000000000000000000e+00 0.000000000000000000e+00 1.000000000000000000e+00
4.513599999999984985e-02 9.999999903047972483e-01 -1.392494350764052224e-04 0.000000000000000000e+00 1.392494350764052224e-04 9.999999903047972483e-01 -0.000000000000000000e+00 0.000000000000000000e+00 0.000000000000000000e+00 1.000000000000000000e+00
5.013599999999981960e-02 9.999999788902870224e-01 -2.054736604196379926e-04 0.000000000000000000e+00 2.054736604196379926e-04 9.999999788902870224e-01 -0.000000000000000000e+00 0.000000000000000000e+00 0.000000000000000000e+00 1.000000000000000000e+00
5.513599999999978934e-02 9.999999613138280674e-01 -2.781588433221323167e-04 0.000000000000000000e+00 2.781588433221323167e-04 9.999999613138280674e-01 -0.000000000000000000e+00 0.000000000000000000e+00 0.000000000000000000e+00 1.000000000000000000e+00
6.013599999999975909e-02 9.999999360588396335e-01 -3.576063711024745468e-04 0.000000000000000000e+00 3.576063711024745468e-04 9.999999360588396335e-01 -0.000000000000000000e+00 0.000000000000000000e+00 0.000000000000000000e+00 1.000000000000000000e+00
6.513599999999981904e-02 9.999999014130740438e-01 -4.440426125901275113e-04 0.000000000000000000e+00 4.440426125901275113e-04 9.999999014130740438e-01 -0.000000000000000000e+00 0.000000000000000000e+00 0.000000000000000000e+00 1.000000000000000000e+00
7.013599999999996226e-02 9.999998554845834775e-01 -5.376158590789554019e-04 0.000000000000000000e+00 5.376158590789554019e-04 9.999998554845834775e-01 -0.000000000000000000e+00 0.000000000000000000e+00 0.000000000000000000e+00 1.000000000000000000e+00
7.513600000000010548e-02 9.999997962001588858e-01 -6.384353065143857269e-04 0.000000000000000000e+00 6.384353065143857269e-04 9.999997962001588858e-01 -0.000000000000000000e+00 0.000000000000000000e+00 0.000000000000000000e+00 1.000000000000000000e+00
8.013600000000024870e-02 9.999997216982343673e-01 -7.460586127266998543e-04 0.000000000000000000e+00 7.460586127266998543e-04 9.999997216982343673e-01 -0.000000000000000000e+00 0.000000000000000000e+00 0.000000000000000000e+00 1.000000000000000000e+00
8.513600000000039192e-02 9.999996291124888526e-01 -8.612635395299390872e-04 0.000000000000000000e+00 8.612635395299390872e-04 9.999996291124888526e-01 -0.000000000000000000e+00 0.000000000000000000e+00 0.000000000000000000e+00 1.000000000000000000e+00
9.007200000000036011e-02 9.999995191632757852e-01 -9.806493853388136960e-04 0.000000000000000000e+00 9.806493853388136960e-04 9.999995191632757852e-01 -0.000000000000000000e+00 0.000000000000000000e+00 0.000000000000000000e+00 1.000000000000000000e+00
9.505600000000048733e-02 9.999993869064136565e-01 -1.107333191386617984e-03 0.000000000000000000e+00 1.107333191386617984e-03 9.999993869064136565e-01 -0.000000000000000000e+00 0.000000000000000000e+00 0.000000000000000000e+00 1.000000000000000000e+00
1.000560000000006305e-01 9.999992292713485442e-01 -1.241554150513172203e-03 0.000000000000000000e+00 1.241554150513172203e-03 9.999992292713485442e-01 -0.000000000000000000e+00 0.000000000000000000e+00 0.000000000000000000e+00 1.000000000000000000e+00
1.050560000000007738e-01 9.999990437102176388e-01 -1.382960104280812419e-03 0.000000000000000000e+00 1.382960104280812419e-03 9.999990437102176388e-01 -0.000000000000000000e+00 0.000000000000000000e+00 0.000000000000000000e+00 1.000000000000000000e+00
1.100560000000009170e-01 9.999988271185398236e-01 -1.531587916028569890e-03 0.000000000000000000e+00 1.531587916028569890e-03 9.999988271185398236e-01 -0.000000000000000000e+00 0.000000000000000000e+00 0.000000000000000000e+00 1.000000000000000000e+00
1.150560000000010602e-01 9.999985746216285554e-01 -1.688417812920509119e-03 0.000000000000000000e+00 1.688417812920509119e-03 9.999985746216285554e-01 -0.000000000000000000e+00 0.000000000000000000e+00 0.000000000000000000e+00 1.000000000000000000e+00
1.200560000000012034e-01 9.999982819989334804e-01 -1.853644836904361779e-03 0.000000000000000000e+00 1.853644836904361779e-03 9.999982819989334804e-01 -0.000000000000000000e+00 0.000000000000000000e+00 0.000000000000000000e+00 1.000000000000000000e+00
1.250560000000013328e-01 9.999979465543037405e-01 -2.026545626369636102e-03 0.000000000000000000e+00 2.026545626369636102e-03 9.999979465543037405e-01 -0.000000000000000000e+00 0.000000000000000000e+00 0.000000000000000000e+00 1.000000000000000000e+00
1.300560000000014760e-01 9.999975559123688296e-01 -2.210920461871797218e-03 0.000000000000000000e+00 2.210920461871797218e-03 9.999975559123688296e-01 -0.000000000000000000e+00 0.000000000000000000e+00 0.000000000000000000e+00 1.000000000000000000e+00
1.351465600000013312e-01 9.999970296184373941e-01 -2.437366263403862796e-03 0.000000000000000000e+00 2.437366263403862796e-03 9.999970296184373941e-01 -0.000000000000000000e+00 0.000000000000000000e+00 0.000000000000000000e+00 1.000000000000000000e+00
1.401152000000014386e-01 9.999963525411179610e-01 -2.700908080638332945e-03 0.000000000000000000e+00 2.700908080638332945e-03 9.999963525411179610e-01 -0.000000000000000000e+00 0.000000000000000000e+00 0.000000000000000000e+00 1.000000000000000000e+00
1.451152000000015818e-01 9.999958301026617979e-01 -2.887867256031592753e-03 0.000000000000000000e+00 2.887867256031592753e-03 9.999958301026617979e-01 -0.000000000000000000e+00 0.000000000000000000e+00 0.000000000000000000e+00 1.000000000000000000e+00
1.500992000000015425e-01 9.999948805470271207e-01 -3.199824954125571937e-03 0.000000000000000000e+00 3.199824954125571937e-03 9.999948805470271207e-01 -0.000000000000000000e+00 0.000000000000000000e+00 0.000000000000000000e+00 1.000000000000000000e+00
1.551392000000015314e-01 9.999942643479284854e-01 -3.386926519054713012e-03 0.000000000000000000e+00 3.386926519054713012e-03 9.999942643479284854e-01 -0.000000000000000000e+00 0.000000000000000000e+00 0.000000000000000000e+00 1.000000000000000000e+00
1.600192000000015269e-01 9.999935745509305196e-01 -3.584809179363221323e-03 0.000000000000000000e+00 3.584809179363221323e-03 9.999935745509305196e-01 -0.000000000000000000e+00 0.000000000000000000e+00 0.000000000000000000e+00 1.000000000000000000e+00
1.651792000000014971e-01 9.999927568528228505e-01 -3.806079596009172977e-03 0.000000000000000000e+00 3.806079596009172977e-03 9.999927568528228505e-01 -0.000000000000000000e+00 0.000000000000000000e+00 0.000000000000000000e+00 1.000000000000000000e+00
1.701792000000016403e-01 9.999919485792920781e-01 -4.012826508895427254e-03 0.000000000000000000e+00 4.012826508895427254e-03 9.999919485792920781e-01 -0.000000000000000000e+00 0.000000000000000000e+00 0.000000000000000000e+00 1.000000000000000000e+00
1.751792000000017835e-01 9.999910728243974756e-01 -4.225431517688071209e-03 0.000000000000000000e+00 4.225431517688071209e-03 9.999910728243974756e-01 -0.000000000000000000e+00 0.000000000000000000e+00 0.000000000000000000e+00 1.000000000000000000e+00
1.801792000000019267e-01 9.999900890844245493e-01 -4.452160478331696446e-03 0.000000000000000000e+00 4.452160478331696446e-03 9.999900890844245493e-01 -0.000000000000000000e+00 0.000000000000000000e+00 0.000000000000000000e+00 1.000000000000000000e+00
1.851792000000020699e-01 9.999889787409574904e-01 -4.694933079075806759e-03 0.000000000000000000e+00 4.694933079075806759e-03 9.999889787409574904e-01 -0.000000000000000000e+00 0.000000000000000000e+00 0.000000000000000000e+00 1.000000000000000000e+00
1.901792000000022131e-01 9.999877136928831955e-01 -4.957061960524037497e-03 0.000000000000000000e+00 4.957061960524037497e-03 9.999877136928831955e-01 -0.000000000000000000e+00 0.000000000000000000e+00 0.000000000000000000e+00 1.000000000000000000e+00
1.951792000000023564e-01 9.999863347500098643e-01 -5.227840208082314491e-03 0.000000000000000000e+00 5.227840208082314491e-03 9.999863347500098643e-01 -0.000000000000000000e+00 0.000000000000000000e+00 0.000000000000000000e+00 1.000000000000000000e+00
2.001792000000024996e-01 9.999848017916070919e-01 -5.513273601097772210e-03 0.000000000000000000e+00 5.513273601097772210e-03 9.999848017916070919e-01 -0.000000000000000000e+00 0.000000000000000000e+00 0.000000000000000000e+00 1.000000000000000000e+00
2.050432000000024235e-01 9.999833559462271149e-01 -5.769560687031235688e-03 0.000000000000000000e+00 5.769560687031235688e-03 9.999833559462271149e-01 -0.000000000000000000e+00 0.000000000000000000e+00 0.000000000000000000e+00 1.000000000000000000e+00
2.100432000000025667e-01 9.999818129417304968e-01 -6.031068377165649079e-03 0.000000000000000000e+00 6.031068377165649079e-03 9.999818129417304968e-01 -0.000000000000000000e+00 0.000000000000000000e+00 0.000000000000000000e+00 1.000000000000000000e+00
2.150432000000027100e-01 9.999801944439675738e-01 -6.293704775802419493e-03 0.000000000000000000e+00 6.293704775802419493e-03 9.999801944439675738e-01 -0.000000000000000000e+00 0.000000000000000000e+00 0.000000000000000000e+00 1.000000000000000000e+00
2.200432000000028532e-01 9.999785307586753769e-01 -6.552711020695439412e-03 0.000000000000000000e+00 6.552711020695439412e-03 9.999785307586753769e-01 -0.000000000000000000e+00 0.000000000000000000e+00 0.000000000000000000e+00 1.000000000000000000e+00
2.250432000000029964e-01 9.999767910516128566e-01 -6.813028557049133002e-03 0.000000000000000000e+00 6.813028557049133002e-03 9.999767910516128566e-01 -0.000000000000000000e+00 0.000000000000000000e+00 0.000000000000000000e+00 1.000000000000000000e+00
2.300432000000031396e-01 9.999749935452295624e-01 -7.071936383917003244e-03 0.000000000000000000e+00 7.071936383917003244e-03 9.999749935452295624e-01 -0.000000000000000000e+00 0.000000000000000000e+00 0.000000000000000000e+00 1.000000000000000000e+00
2.350903759667229698e-01 9.999730813790691508e-01 -7.337337204298141971e-03 0.000000000000000000e+00 7.337337204298141971e-03 9.999730813790691508e-01 -0.000000000000000000e+00 0.000000000000000000e+00 0.000000000000000000e+00 1.000000000000000000e+00
2.401313361323652862e-01 9.999711075583875841e-01 -7.601581970349792321e-03 0.000000000000000000e+00 7.601581970349792321e-03 9.999711075583875841e-01 -0.000000000000000000e+00 0.000000000000000000e+00 0.000000000000000000e+00 1.000000000000000000e+00
2.450827836104735868e-01 9.999691203359992731e-01 -7.858649658061491253e-03 0.000000000000000000e+00 7.858649658061491253e-03 9.999691203359992731e-01 -0.000000000000000000e+00 0.000000000000000000e+00 0.000000000000000000e+00 1.000000000000000000e+00
2.500827836104737023e-01 9.999669947202176612e-01 -8.124621235253958948e-03 0.000000000000000000e+00 8.124621235253958948e-03 9.999669947202176612e-01 -0.000000000000000000e+00 0.000000000000000000e+00 0.000000000000000000e+00 1.000000000000000000e+00
2.550827836104731516e-01 9.999647443429334759e-01 -8.397027520005531306e-03 0.000000000000000000e+00 8.397027520005531306e-03 9.999647443429334759e-01 -0.000000000000000000e+00 0.000000000000000000e+00 0.000000000000000000e+00 1.000000000000000000e+00
2.600827836104726010e-01 9.999622319567318396e-01 -8.691067834914557866e-03 0.000000000000000000e+00 8.691067834914557866e-03 9.999622319567318396e-01 -0.000000000000000000e+00 0.000000000000000000e+00 0.000000000000000000e+00 1.000000000000000000e+00
2.650827836104723279e-01 9.999594294213056678e-01 -9.007747299795370796e-03 0.000000000000000000e+00 9.007747299795370796e-03 9.999594294213056678e-01 -0.000000000000000000e+00 0.000000000000000000e+00 0.000000000000000000e+00 1.000000000000000000e+00
2.700089651801966251e-01 9.999572012137939447e-01 -9.251796618820754686e-03 0.000000000000000000e+00 9.251796618820754686e-03 9.999572012137939447e-01 -0.000000000000000000e+00 0.000000000000000000e+00 0.000000000000000000e+00 1.000000000000000000e+00
2.750116334745916213e-01 9.999544315886070844e-01 -9.546452027121017647e-03 0.000000000000000000e+00 9.546452027121017647e-03 9.999544315886070844e-01 -0.000000000000000000e+00 0.000000000000000000e+00 0.000000000000000000e+00 1.000000000000000000e+00
2.800709821774495234e-01 9.999517356894817022e-01 -9.824779467921446879e-03 0.000000000000000000e+00 9.824779467921446879e-03 9.999517356894817022e-01 -0.000000000000000000e+00 0.000000000000000000e+00 0.000000000000000000e+00 1.000000000000000000e+00
2.851061741037201891e-01 9.999487483024182000e-01 -1.012426631550422500e-02 0.000000000000000000e+00 1.012426631550422500e-02 9.999487483024182000e-01 -0.000000000000000000e+00 0.000000000000000000e+00 0.000000000000000000e+00 1.000000000000000000e+00
2.901213182968438997e-01 9.999460680741238949e-01 -1.038561231222349425e-02 0.000000000000000000e+00 1.038561231222349425e-02 9.999460680741238949e-01 -0.000000000000000000e+00 0.000000000000000000e+00 0.000000000000000000e+00 1.000000000000000000e+00
2.951213182968433490e-01 9.999432696983374669e-01 -1.065163766742766721e-02 0.000000000000000000e+00 1.065163766742766721e-02 9.999432696983374669e-01 -0.000000000000000000e+00 0.000000000000000000e+00 0.000000000000000000e+00 1.000000000000000000e+00
3.001213182968427984e-01 9.999404433044855045e-01 -1.091374564616056329e-02 0.000000000000000000e+00 1.091374564616056329e-02 9.999404433044855045e-01 -0.000000000000000000e+00 0.000000000000000000e+00 0.000000000000000000e+00 1.000000000000000000e+00
3.051213182968422477e-01 9.999376100417946001e-01 -1.117031888104491610e-02 0.000000000000000000e+00 1.117031888104491610e-02 9.999376100417946001e-01 -0.000000000000000000e+00 0.000000000000000000e+00 0.000000000000000000e+00 1.000000000000000000e+00
3.101213182968416970e-01 9.999347105429389204e-01 -1.142692659507113691e-02 0.000000000000000000e+00 1.142692659507113691e-02 9.999347105429389204e-01 -0.000000000000000000e+00 0.000000000000000000e+00 0.000000000000000000e+00 1.000000000000000000e+00
3.151213182968411464e-01 9.999315718949173259e-01 -1.169835577164460988e-02 0.000000000000000000e+00 1.169835577164460988e-02 9.999315718949173259e-01 -0.000000000000000000e+00 0.000000000000000000e+00 0.000000000000000000e+00 1.000000000000000000e+00
3.201213182968405957e-01 9.999284536416523927e-01 -1.196192283096089194e-02 0.000000000000000000e+00 1.196192283096089194e-02 9.999284536416523927e-01 -0.000000000000000000e+00 0.000000000000000000e+00 0.000000000000000000e+00 1.000000000000000000e+00
3.251213182968400450e-01 9.999252652431817046e-01 -1.222554409230633410e-02 0.000000000000000000e+00 1.222554409230633410e-02 9.999252652431817046e-01 -0.000000000000000000e+00 0.000000000000000000e+00 0.000000000000000000e+00 1.000000000000000000e+00
3.301213182968394944e-01 9.999220089527340871e-01 -1.248903566848559750e-02 0.000000000000000000e+00 1.248903566848559750e-02 9.999220089527340871e-01 -0.000000000000000000e+00 0.000000000000000000e+00 0.000000000000000000e+00 1.000000000000000000e+00
3.351213182968389437e-01 9.999186835840648824e-01 -1.275249855953030156e-02 0.000000000000000000e+00 1.275249855953030156e-02 9.999186835840648824e-01 -0.000000000000000000e+00 0.000000000000000000e+00 0.000000000000000000e+00 1.000000000000000000e+00
3.401213182968383930e-01 9.999152694218954585e-01 -1.301744894126415780e-02 0.000000000000000000e+00 1.301744894126415780e-02 9.999152694218954585e-01 -0.000000000000000000e+00 0.000000000000000000e+00 0.000000000000000000e+00 1.000000000000000000e+00
3.451213182968378423e-01 9.999117694309735960e-01 -1.328357457236727796e-02 0.000000000000000000e+00 1.328357457236727796e-02 9.999117694309735960e-01 -0.000000000000000000e+00 0.000000000000000000e+00 0.000000000000000000e+00 1.000000000000000000e+00
3.501213182968372917e-01 9.999081701899498187e-01 -1.355179646344635037e-02 0.000000000000000000e+00 1.355179646344635037e-02 9.999081701899498187e-01 -0.000000000000000000e+00 0.000000000000000000e+00 0.000000000000000000e+00 1.000000000000000000e+00
3.551213182968367410e-01 9.999045178530787670e-01 -1.381865322679276357e-02 0.000000000000000000e+00 1.381865322679276357e-02 9.999045178530787670e-01 -0.000000000000000000e+00 0.000000000000000000e+00 0.000000000000000000e+00 1.000000000000000000e+00
3.601213182968361903e-01 9.999008270801252873e-01 -1.408318161786374298e-02 0.000000000000000000e+00 1.408318161786374298e-02 9.999008270801252873e-01 -0.000000000000000000e+00 0.000000000000000000e+00 0.000000000000000000e+00 1.000000000000000000e+00
3.651085182968360487e-01 9.998971115479049487e-01 -1.434455709168914149e-02 0.000000000000000000e+00 1.434455709168914149e-02 9.998971115479049487e-01 -0.000000000000000000e+00 0.000000000000000000e+00 0.000000000000000000e+00 1.000000000000000000e+00
3.701491582968358673e-01 9.998932800080588823e-01 -1.460919555368488283e-02 0.000000000000000000e+00 1.460919555368488283e-02 9.998932800080588823e-01 -0.000000000000000000e+00 0.000000000000000000e+00 0.000000000000000000e+00 1.000000000000000000e+00
3.751491582968353167e-01 9.998892612274230540e-01 -1.488170964904281593e-02 0.000000000000000000e+00 1.488170964904281593e-02 9.998892612274230540e-01 -0.000000000000000000e+00 0.000000000000000000e+00 0.000000000000000000e+00 1.000000000000000000e+00
3.801491582968347660e-01 9.998844921569316480e-01 -1.519876126778264835e-02 0.000000000000000000e+00 1.519876126778264835e-02 9.998844921569316480e-01 -0.000000000000000000e+00 0.000000000000000000e+00 0.000000000000000000e+00 1.000000000000000000e+00
3.850691582968343019e-01 9.998793624704591654e-01 -1.553256275275580363e-02 0.000000000000000000e+00 1.553256275275580363e-02 9.998793624704591654e-01 -0.000000000000000000e+00 0.000000000000000000e+00 0.000000000000000000e+00 1.000000000000000000e+00
3.900291582968342663e-01 9.998752025118976539e-01 -1.579808221880344213e-02 0.000000000000000000e+00 1.579808221880344213e-02 9.998752025118976539e-01 -0.000000000000000000e+00 0.000000000000000000e+00 0.000000000000000000e+00 1.000000000000000000e+00
3.950291582968337156e-01 9.998709845730465728e-01 -1.606282070268931494e-02 0.000000000000000000e+00 1.606282070268931494e-02 9.998709845730465728e-01 -0.000000000000000000e+00 0.000000000000000000e+00 0.000000000000000000e+00 1.000000000000000000e+00
4.001091582968332450e-01 9.998667666042628799e-01 -1.632326684021141727e-02 0.000000000000000000e+00 1.632326684021141727e-02 9.998667666042628799e-01 -0.000000000000000000e+00 0.000000000000000000e+00 0.000000000000000000e+00 1.000000000000000000e+00
4.051411582968332259e-01 9.998625613335191398e-01 -1.657885531558001696e-02 0.000000000000000000e+00 1.657885531558001696e-02 9.998625613335191398e-01 -0.000000000000000000e+00 0.000000000000000000e+00 0.000000000000000000e+00 1.000000000000000000e+00
4.101411582968326752e-01 9.998583333230675052e-01 -1.683191267853665143e-02 0.000000000000000000e+00 1.683191267853665143e-02 9.998583333230675052e-01 -0.000000000000000000e+00 0.000000000000000000e+00 0.000000000000000000e+00 1.000000000000000000e+00
4.151411582968321246e-01 9.998540806688362981e-01 -1.708266284501508067e-02 0.000000000000000000e+00 1.708266284501508067e-02 9.998540806688362981e-01 -0.000000000000000000e+00 0.000000000000000000e+00 0.000000000000000000e+00 1.000000000000000000e+00
4.201011582968317004e-01 9.998491793188345467e-01 -1.736717062314105040e-02 0.000000000000000000e+00 1.736717062314105040e-02 9.998491793188345467e-01 -0.000000000000000000e+00 0.000000000000000000e+00 0.000000000000000000e+00 1.000000000000000000e+00
4.250611582968323310e-01 9.998446417806683417e-01 -1.762646596704096555e-02 0.000000000000000000e+00 1.762646596704096555e-02 9.998446417806683417e-01 -0.000000000000000000e+00 0.000000000000000000e+00 0.000000000000000000e+00 1.000000000000000000e+00
4.300915582968317108e-01 9.998398708993320172e-01 -1.789504288922685871e-02 0.000000000000000000e+00 1.789504288922685871e-02 9.998398708993320172e-01 -0.000000000000000000e+00 0.000000000000000000e+00 0.000000000000000000e+00 1.000000000000000000e+00
4.350386087928317380e-01 9.998350747035923414e-01 -1.816104051155378180e-02 0.000000000000000000e+00 1.816104051155378180e-02 9.998350747035923414e-01 -0.000000000000000000e+00 0.000000000000000000e+00 0.000000000000000000e+00 1.000000000000000000e+00
4.400984493662720709e-01 9.998301570570431451e-01 -1.842978674018650592e-02 0.000000000000000000e+00 1.842978674018650592e-02 9.998301570570431451e-01 -0.000000000000000000e+00 0.000000000000000000e+00 0.000000000000000000e+00 1.000000000000000000e+00
4.450984493662715202e-01 9.998252694706292187e-01 -1.869306095811911969e-02 0.000000000000000000e+00 1.869306095811911969e-02 9.998252694706292187e-01 -0.000000000000000000e+00 0.000000000000000000e+00 0.000000000000000000e+00 1.000000000000000000e+00
4.500984493662709696e-01 9.998203178164084548e-01 -1.895605659140118734e-02 0.000000000000000000e+00 1.895605659140118734e-02 9.998203178164084548e-01 -0.000000000000000000e+00 0.000000000000000000e+00 0.000000000000000000e+00 1.000000000000000000e+00
4.550984493662704189e-01 9.998153041582680256e-01 -1.921867765769888839e-02 0.000000000000000000e+00 1.921867765769888839e-02 9.998153041582680256e-01 -0.000000000000000000e+00 0.000000000000000000e+00 0.000000000000000000e+00 1.000000000000000000e+00
4.600504493662702643e-01 9.998102593174793551e-01 -1.947935736914846797e-02 0.000000000000000000e+00 1.947935736914846797e-02 9.998102593174793551e-01 -0.000000000000000000e+00 0.000000000000000000e+00 0.000000000000000000e+00 1.000000000000000000e+00
4.650184493662699037e-01 9.998051106620381434e-01 -1.974185133339639853e-02 0.000000000000000000e+00 1.974185133339639853e-02 9.998051106620381434e-01 -0.000000000000000000e+00 0.000000000000000000e+00 0.000000000000000000e+00 1.000000000000000000e+00
4.700184493662693530e-01 9.997998540923840327e-01 -2.000629293117503829e-02 0.000000000000000000e+00 2.000629293117503829e-02 9.997998540923840327e-01 -0.000000000000000000e+00 0.000000000000000000e+00 0.000000000000000000e+00 1.000000000000000000e+00
4.750184493662688023e-01 9.997945426551819725e-01 -2.026998956378094768e-02 0.000000000000000000e+00 2.026998956378094768e-02 9.997945426551819725e-01 -0.000000000000000000e+00 0.000000000000000000e+00 0.000000000000000000e+00 1.000000000000000000e+00
4.800984493662682762e-01 9.997890917099032659e-01 -2.053709078440620062e-02 0.000000000000000000e+00 2.053709078440620062e-02 9.997890917099032659e-01 -0.000000000000000000e+00 0.000000000000000000e+00 0.000000000000000000e+00 1.000000000000000000e+00
4.850584493662683516e-01 9.997837493036353385e-01 -2.079554347368716902e-02 0.000000000000000000e+00 2.079554347368716902e-02 9.997837493036353385e-01 -0.000000000000000000e+00 0.000000000000000000e+00 0.000000000000000000e+00 1.000000000000000000e+00
4.901384493662678254e-01 9.997774732782140905e-01 -2.109511615114125285e-02 0.000000000000000000e+00 2.109511615114125285e-02 9.997774732782140905e-01 -0.000000000000000000e+00 0.000000000000000000e+00 0.000000000000000000e+00 1.000000000000000000e+00
4.951224493662679249e-01 9.997710260139859306e-01 -2.139849394097624591e-02 0.000000000000000000e+00 2.139849394097624591e-02 9.997710260139859306e-01 -0.000000000000000000e+00 0.000000000000000000e+00 0.000000000000000000e+00 1.000000000000000000e+00
5.001224493662673742e-01 9.997654242888786014e-01 -2.165863330126908265e-02 0.000000000000000000e+00 2.165863330126908265e-02 9.997654242888786014e-01 -0.000000000000000000e+00 0.000000000000000000e+00 0.000000000000000000e+00 1.000000000000000000e+00
5.051224493662668236e-01 9.997597698538919220e-01 -2.191808800268487886e-02 0.000000000000000000e+00 2.191808800268487886e-02 9.997597698538919220e-01 -0.000000000000000000e+00 0.000000000000000000e+00 0.000000000000000000e+00 1.000000000000000000e+00
5.101224493662662729e-01 9.997528221329331499e-01 -2.223273796085962345e-02 0.000000000000000000e+00 2.223273796085962345e-02 9.997528221329331499e-01 -0.000000000000000000e+00 0.000000000000000000e+00 0.000000000000000000e+00 1.000000000000000000e+00
5.151224493662660553e-01 9.997464098218277195e-01 -2.251923729540213082e-02 0.000000000000000000e+00 2.251923729540213082e-02 9.997464098218277195e-01 -0.000000000000000000e+00 0.000000000000000000e+00 0.000000000000000000e+00 1.000000000000000000e+00
5.200761005662670744e-01 9.997404383306508491e-01 -2.278279979366953575e-02 0.000000000000000000e+00 2.278279979366953575e-02 9.997404383306508491e-01 -0.000000000000000000e+00 0.000000000000000000e+00 0.000000000000000000e+00 1.000000000000000000e+00
5.250923036008919853e-01 9.997345471056801047e-01 -2.303986378868082968e-02 0.000000000000000000e+00 2.303986378868082968e-02 9.997345471056801047e-01 -0.000000000000000000e+00 0.000000000000000000e+00 0.000000000000000000e+00 1.000000000000000000e+00
5.300535086277075036e-01 9.997287277664467231e-01 -2.329100423945374906e-02 0.000000000000000000e+00 2.329100423945374906e-02 9.997287277664467231e-01 -0.000000000000000000e+00 0.000000000000000000e+00 0.000000000000000000e+00 1.000000000000000000e+00
5.350535086277069530e-01 9.997227766742502464e-01 -2.354505890261606241e-02 0.000000000000000000e+00 2.354505890261606241e-02 9.997227766742502464e-01 -0.000000000000000000e+00 0.000000000000000000e+00 0.000000000000000000e+00 1.000000000000000000e+00
5.400535086277064023e-01 9.997167328115150742e-01 -2.380029698701834409e-02 0.000000000000000000e+00 2.380029698701834409e-02 9.997167328115150742e-01 -0.000000000000000000e+00 0.000000000000000000e+00 0.000000000000000000e+00 1.000000000000000000e+00
5.450535086277058516e-01 9.997103310084407557e-01 -2.406769775018073598e-02 0.000000000000000000e+00 2.406769775018073598e-02 9.997103310084407557e-01 -0.000000000000000000e+00 0.000000000000000000e+00 0.000000000000000000e+00 1.000000000000000000e+00
5.500535086277053010e-01 9.997040484948289674e-01 -2.432725679251286979e-02 0.000000000000000000e+00 2.432725679251286979e-02 9.997040484948289674e-01 -0.000000000000000000e+00 0.000000000000000000e+00 0.000000000000000000e+00 1.000000000000000000e+00
5.550535086277047503e-01 9.996975824439696678e-01 -2.459153626113987773e-02 0.000000000000000000e+00 2.459153626113987773e-02 9.996975824439696678e-01 -0.000000000000000000e+00 0.000000000000000000e+00 0.000000000000000000e+00 1.000000000000000000e+00
5.600535086277041996e-01 9.996911065636475691e-01 -2.485339931579296294e-02 0.000000000000000000e+00 2.485339931579296294e-02 9.996911065636475691e-01 -0.000000000000000000e+00 0.000000000000000000e+00 0.000000000000000000e+00 1.000000000000000000e+00
5.650535086277036489e-01 9.996845910119576128e-01 -2.511410944579188509e-02 0.000000000000000000e+00 2.511410944579188509e-02 9.996845910119576128e-01 -0.000000000000000000e+00 0.000000000000000000e+00 0.000000000000000000e+00 1.000000000000000000e+00
5.700535086277030983e-01 9.996779668479276459e-01 -2.537641816321309016e-02 0.000000000000000000e+00 2.537641816321309016e-02 9.996779668479276459e-01 -0.000000000000000000e+00 0.000000000000000000e+00 0.000000000000000000e+00 1.000000000000000000e+00
5.750535086277025476e-01 9.996712017368519776e-01 -2.564153696638310845e-02 0.000000000000000000e+00 2.564153696638310845e-02 9.996712017368519776e-01 -0.000000000000000000e+00 0.000000000000000000e+00 0.000000000000000000e+00 1.000000000000000000e+00
5.800535086277019969e-01 9.996643550347503737e-01 -2.590708924130679519e-02 0.000000000000000000e+00 2.590708924130679519e-02 9.996643550347503737e-01 -0.000000000000000000e+00 0.000000000000000000e+00 0.000000000000000000e+00 1.000000000000000000e+00
5.850535086277014463e-01 9.996574022727118258e-01 -2.617399628207145099e-02 0.000000000000000000e+00 2.617399628207145099e-02 9.996574022727118258e-01 -0.000000000000000000e+00 0.000000000000000000e+00 0.000000000000000000e+00 1.000000000000000000e+00
5.900535086277008956e-01 9.996504482493326904e-01 -2.643825476291122509e-02 0.000000000000000000e+00 2.643825476291122509e-02 9.996504482493326904e-01 -0.000000000000000000e+00 0.000000000000000000e+00 0.000000000000000000e+00 1.000000000000000000e+00
5.950535086277003449e-01 9.996434844324861846e-01 -2.670026276421476677e-02 0.000000000000000000e+00 2.670026276421476677e-02 9.996434844324861846e-01 -0.000000000000000000e+00 0.000000000000000000e+00 0.000000000000000000e+00 1.000000000000000000e+00
6.000535086276997943e-01 9.996364199330013411e-01 -2.696345570457475346e-02 0.000000000000000000e+00 2.696345570457475346e-02 9.996364199330013411e-01 -0.000000000000000000e+00 0.000000000000000000e+00 0.000000000000000000e+00 1.000000000000000000e+00
6.050535086276992436e-01 9.996293067654954401e-01 -2.722588943515396112e-02 0.000000000000000000e+00 2.722588943515396112e-02 9.996293067654954401e-01 -0.000000000000000000e+00 0.000000000000000000e+00 0.000000000000000000e+00 1.000000000000000000e+00
6.100535086276990260e-01 9.996213065889947291e-01 -2.751805613249901430e-02 0.000000000000000000e+00 2.751805613249901430e-02 9.996213065889947291e-01 -0.000000000000000000e+00 0.000000000000000000e+00 0.000000000000000000e+00 1.000000000000000000e+00
6.150935086276991814e-01 9.996133687228034859e-01 -2.780491090884444627e-02 0.000000000000000000e+00 2.780491090884444627e-02 9.996133687228034859e-01 -0.000000000000000000e+00 0.000000000000000000e+00 0.000000000000000000e+00 1.000000000000000000e+00
6.200444720652659170e-01 9.996036586323135964e-01 -2.815183206992807191e-02 0.000000000000000000e+00 2.815183206992807191e-02 9.996036586323135964e-01 -0.000000000000000000e+00 0.000000000000000000e+00 0.000000000000000000e+00 1.000000000000000000e+00
6.250806545092880695e-01 9.995963809121534149e-01 -2.840907015946725345e-02 0.000000000000000000e+00 2.840907015946725345e-02 9.995963809121534149e-01 -0.000000000000000000e+00 0.000000000000000000e+00 0.000000000000000000e+00 1.000000000000000000e+00
6.301333790778324007e-01 9.995890886655932617e-01 -2.866450454288687819e-02 0.000000000000000000e+00 2.866450454288687819e-02 9.995890886655932617e-01 -0.000000000000000000e+00 0.000000000000000000e+00 0.000000000000000000e+00 1.000000000000000000e+00
6.351333790778318500e-01 9.995817998080488431e-01 -2.891756373732487159e-02 0.000000000000000000e+00 2.891756373732487159e-02 9.995817998080488431e-01 -0.000000000000000000e+00 0.000000000000000000e+00 0.000000000000000000e+00 1.000000000000000000e+00
6.401333790778312993e-01 9.995744165389114366e-01 -2.917166092108929368e-02 0.000000000000000000e+00 2.917166092108929368e-02 9.995744165389114366e-01 -0.000000000000000000e+00 0.000000000000000000e+00 0.000000000000000000e+00 1.000000000000000000e+00
6.451333790778307486e-01 9.995667575576415720e-01 -2.943292689664765704e-02 0.000000000000000000e+00 2.943292689664765704e-02 9.995667575576415720e-01 -0.000000000000000000e+00 0.000000000000000000e+00 0.000000000000000000e+00 1.000000000000000000e+00
6.501333790778301980e-01 9.995587876696178098e-01 -2.970235668165643189e-02 0.000000000000000000e+00 2.970235668165643189e-02 9.995587876696178098e-01 -0.000000000000000000e+00 0.000000000000000000e+00 0.000000000000000000e+00 1.000000000000000000e+00
6.551333790778296473e-01 9.995508201388302316e-01 -2.996928360491910026e-02 0.000000000000000000e+00 2.996928360491910026e-02 9.995508201388302316e-01 -0.000000000000000000e+00 0.000000000000000000e+00 0.000000000000000000e+00 1.000000000000000000e+00
6.600899010618295204e-01 9.995430976034573867e-01 -3.022575116164260764e-02 0.000000000000000000e+00 3.022575116164260764e-02 9.995430976034573867e-01 -0.000000000000000000e+00 0.000000000000000000e+00 0.000000000000000000e+00 1.000000000000000000e+00
6.650647616807860985e-01 9.995346694409074084e-01 -3.050318976199722920e-02 0.000000000000000000e+00 3.050318976199722920e-02 9.995346694409074084e-01 -0.000000000000000000e+00 0.000000000000000000e+00 0.000000000000000000e+00 1.000000000000000000e+00
6.701644825279818862e-01 9.995265140328002396e-01 -3.076926624797443263e-02 0.000000000000000000e+00 3.076926624797443263e-02 9.995265140328002396e-01 -0.000000000000000000e+00 0.000000000000000000e+00 0.000000000000000000e+00 1.000000000000000000e+00
6.751644825279813356e-01 9.995183858276239786e-01 -3.103218317395071632e-02 0.000000000000000000e+00 3.103218317395071632e-02 9.995183858276239786e-01 -0.000000000000000000e+00 0.000000000000000000e+00 0.000000000000000000e+00 1.000000000000000000e+00
6.801644825279807849e-01 9.995102628458496508e-01 -3.129272225008206121e-02 0.000000000000000000e+00 3.129272225008206121e-02 9.995102628458496508e-01 -0.000000000000000000e+00 0.000000000000000000e+00 0.000000000000000000e+00 1.000000000000000000e+00
6.851644825279802342e-01 9.995020156911988973e-01 -3.155504126491788519e-02 0.000000000000000000e+00 3.155504126491788519e-02 9.995020156911988973e-01 -0.000000000000000000e+00 0.000000000000000000e+00 0.000000000000000000e+00 1.000000000000000000e+00
6.900844825279801587e-01 9.994937997877031410e-01 -3.181421358353787865e-02 0.000000000000000000e+00 3.181421358353787865e-02 9.994937997877031410e-01 -0.000000000000000000e+00 0.000000000000000000e+00 0.000000000000000000e+00 1.000000000000000000e+00
6.950764825279797110e-01 9.994855249632172978e-01 -3.207312565064861232e-02 0.000000000000000000e+00 3.207312565064861232e-02 9.994855249632172978e-01 -0.000000000000000000e+00 0.000000000000000000e+00 0.000000000000000000e+00 1.000000000000000000e+00
7.000764825279791603e-01 9.994772618469908165e-01 -3.232960022707236786e-02 0.000000000000000000e+00 3.232960022707236786e-02 9.994772618469908165e-01 -0.000000000000000000e+00 0.000000000000000000e+00 0.000000000000000000e+00 1.000000000000000000e+00
7.050764825279786097e-01 9.994688281095216453e-01 -3.258928715666957465e-02 0.000000000000000000e+00 3.258928715666957465e-02 9.994688281095216453e-01 -0.000000000000000000e+00 0.000000000000000000e+00 0.000000000000000000e+00 1.000000000000000000e+00
7.100764825279780590e-01 9.994602518245205847e-01 -3.285125603178984388e-02 0.000000000000000000e+00 3.285125603178984388e-02 9.994602518245205847e-01 -0.000000000000000000e+00 0.000000000000000000e+00 0.000000000000000000e+00 1.000000000000000000e+00
7.150764825279775083e-01 9.994514766665878458e-01 -3.311715248896537900e-02 0.000000000000000000e+00 3.311715248896537900e-02 9.994514766665878458e-01 -0.000000000000000000e+00 0.000000000000000000e+00 0.000000000000000000e+00 1.000000000000000000e+00
7.200764825279769576e-01 9.994425260935695388e-01 -3.338618031019380261e-02 0.000000000000000000e+00 3.338618031019380261e-02 9.994425260935695388e-01 -0.000000000000000000e+00 0.000000000000000000e+00 0.000000000000000000e+00 1.000000000000000000e+00
7.250604825279773902e-01 9.994329669454456999e-01 -3.367112386933342888e-02 0.000000000000000000e+00 3.367112386933342888e-02 9.994329669454456999e-01 -0.000000000000000000e+00 0.000000000000000000e+00 0.000000000000000000e+00 1.000000000000000000e+00
7.301884825279767455e-01 9.994224495355842341e-01 -3.398186816955489631e-02 0.000000000000000000e+00 3.398186816955489631e-02 9.994224495355842341e-01 -0.000000000000000000e+00 0.000000000000000000e+00 0.000000000000000000e+00 1.000000000000000000e+00
7.350604825279770660e-01 9.994140990995312723e-01 -3.422657623942031158e-02 0.000000000000000000e+00 3.422657623942031158e-02 9.994140990995312723e-01 -0.000000000000000000e+00 0.000000000000000000e+00 0.000000000000000000e+00 1.000000000000000000e+00
7.400519387076200939e-01 9.994052965612315598e-01 -3.448265078785488214e-02 0.000000000000000000e+00 3.448265078785488214e-02 9.994052965612315598e-01 -0.000000000000000000e+00 0.000000000000000000e+00 0.000000000000000000e+00 1.000000000000000000e+00
7.450782073871803357e-01 9.993938361793510694e-01 -3.481321885032560848e-02 0.000000000000000000e+00 3.481321885032560848e-02 9.993938361793510694e-01 -0.000000000000000000e+00 0.000000000000000000e+00 0.000000000000000000e+00 1.000000000000000000e+00
7.501691132892971403e-01 9.993843982185325325e-01 -3.508310985904979085e-02 0.000000000000000000e+00 3.508310985904979085e-02 9.993843982185325325e-01 -0.000000000000000000e+00 0.000000000000000000e+00 0.000000000000000000e+00 1.000000000000000000e+00
7.551691132892965896e-01 9.993748860532221112e-01 -3.535303559964095982e-02 0.000000000000000000e+00 3.535303559964095982e-02 9.993748860532221112e-01 -0.000000000000000000e+00 0.000000000000000000e+00 0.000000000000000000e+00 1.000000000000000000e+00
7.601691132892960390e-01 9.993658766321386056e-01 -3.560680585614829641e-02 0.000000000000000000e+00 3.560680585614829641e-02 9.993658766321386056e-01 -0.000000000000000000e+00 0.000000000000000000e+00 0.000000000000000000e+00 1.000000000000000000e+00
7.651691132892954883e-01 9.993567255459662180e-01 -3.586272585909397459e-02 0.000000000000000000e+00 3.586272585909397459e-02 9.993567255459662180e-01 -0.000000000000000000e+00 0.000000000000000000e+00 0.000000000000000000e+00 1.000000000000000000e+00
7.701691132892949376e-01 9.993474997290713313e-01 -3.611889789644728843e-02 0.000000000000000000e+00 3.611889789644728843e-02 9.993474997290713313e-01 -0.000000000000000000e+00 0.000000000000000000e+00 0.000000000000000000e+00 1.000000000000000000e+00
7.751691132892943870e-01 9.993380461474833387e-01 -3.637952064184930140e-02 0.000000000000000000e+00 3.637952064184930140e-02 9.993380461474833387e-01 -0.000000000000000000e+00 0.000000000000000000e+00 0.000000000000000000e+00 1.000000000000000000e+00
7.801691132892938363e-01 9.993281002387991441e-01 -3.665171309929222271e-02 0.000000000000000000e+00 3.665171309929222271e-02 9.993281002387991441e-01 -0.000000000000000000e+00 0.000000000000000000e+00 0.000000000000000000e+00 1.000000000000000000e+00
7.850731132892935227e-01 9.993184241470024487e-01 -3.691459278323297455e-02 0.000000000000000000e+00 3.691459278323297455e-02 9.993184241470024487e-01 -0.000000000000000000e+00 0.000000000000000000e+00 0.000000000000000000e+00 1.000000000000000000e+00
7.900451543660301779e-01 9.993089349385776421e-01 -3.717058718833860659e-02 0.000000000000000000e+00 3.717058718833860659e-02 9.993089349385776421e-01 -0.000000000000000000e+00 0.000000000000000000e+00 0.000000000000000000e+00 1.000000000000000000e+00
7.950340976673542226e-01 9.992992950281968101e-01 -3.742885192133327266e-02 0.000000000000000000e+00 3.742885192133327266e-02 9.992992950281968101e-01 -0.000000000000000000e+00 0.000000000000000000e+00 0.000000000000000000e+00 1.000000000000000000e+00
8.000082118148823529e-01 9.992896694389542533e-01 -3.768496454271560991e-02 0.000000000000000000e+00 3.768496454271560991e-02 9.992896694389542533e-01 -0.000000000000000000e+00 0.000000000000000000e+00 0.000000000000000000e+00 1.000000000000000000e+00
8.050082118148818022e-01 9.992798888771120547e-01 -3.794342743805242946e-02 0.000000000000000000e+00 3.794342743805242946e-02 9.992798888771120547e-01 -0.000000000000000000e+00 0.000000000000000000e+00 0.000000000000000000e+00 1.000000000000000000e+00
8.100082118148812516e-01 9.992699811282492739e-01 -3.820346602009710990e-02 0.000000000000000000e+00 3.820346602009710990e-02 9.992699811282492739e-01 -0.000000000000000000e+00 0.000000000000000000e+00 0.000000000000000000e+00 1.000000000000000000e+00
8.150082118148807009e-01 9.992599699585363870e-01 -3.846443082206554148e-02 0.000000000000000000e+00 3.846443082206554148e-02 9.992599699585363870e-01 -0.000000000000000000e+00 0.000000000000000000e+00 0.000000000000000000e+00 1.000000000000000000e+00
8.200082118148801502e-01 9.992500486835781404e-01 -3.872131461956334481e-02 0.000000000000000000e+00 3.872131461956334481e-02 9.992500486835781404e-01 -0.000000000000000000e+00 0.000000000000000000e+00 0.000000000000000000e+00 1.000000000000000000e+00
8.250082118148795995e-01 9.992403893396557546e-01 -3.896978717331431308e-02 0.000000000000000000e+00 3.896978717331431308e-02 9.992403893396557546e-01 -0.000000000000000000e+00 0.000000000000000000e+00 0.000000000000000000e+00 1.000000000000000000e+00
8.300082118148790489e-01 9.992318092793833761e-01 -3.918917355916518713e-02 0.000000000000000000e+00 3.918917355916518713e-02 9.992318092793833761e-01 -0.000000000000000000e+00 0.000000000000000000e+00 0.000000000000000000e+00 1.000000000000000000e+00
8.350082118148784982e-01 9.992231449522562814e-01 -3.940947337535172235e-02 0.000000000000000000e+00 3.940947337535172235e-02 9.992231449522562814e-01 -0.000000000000000000e+00 0.000000000000000000e+00 0.000000000000000000e+00 1.000000000000000000e+00
8.401413958148787886e-01 9.992129726790186517e-01 -3.966655051752199929e-02 0.000000000000000000e+00 3.966655051752199929e-02 9.992129726790186517e-01 -0.000000000000000000e+00 0.000000000000000000e+00 0.000000000000000000e+00 1.000000000000000000e+00
8.450471110148795040e-01 9.992021446776255811e-01 -3.993837843020252992e-02 0.000000000000000000e+00 3.993837843020252992e-02 9.992021446776255811e-01 -0.000000000000000000e+00 0.000000000000000000e+00 0.000000000000000000e+00 1.000000000000000000e+00
8.500375852548796018e-01 9.991901198558984509e-01 -4.023809615719572269e-02 0.000000000000000000e+00 4.023809615719572269e-02 9.991901198558984509e-01 -0.000000000000000000e+00 0.000000000000000000e+00 0.000000000000000000e+00 1.000000000000000000e+00
8.551132299657909774e-01 9.991710476307690270e-01 -4.070893730413276124e-02 0.000000000000000000e+00 4.070893730413276124e-02 9.991710476307690270e-01 -0.000000000000000000e+00 0.000000000000000000e+00 0.000000000000000000e+00 1.000000000000000000e+00
8.600256091185121132e-01 9.991615203098000997e-01 -4.094210952319408264e-02 0.000000000000000000e+00 4.094210952319408264e-02 9.991615203098000997e-01 -0.000000000000000000e+00 0.000000000000000000e+00 0.000000000000000000e+00 1.000000000000000000e+00
8.651349710432622020e-01 9.991504553694012802e-01 -4.121125495684777734e-02 0.000000000000000000e+00 4.121125495684777734e-02 9.991504553694012802e-01 -0.000000000000000000e+00 0.000000000000000000e+00 0.000000000000000000e+00 1.000000000000000000e+00
8.701677540977180714e-01 9.991399678994776767e-01 -4.146473858389704975e-02 0.000000000000000000e+00 4.146473858389704975e-02 9.991399678994776767e-01 -0.000000000000000000e+00 0.000000000000000000e+00 0.000000000000000000e+00 1.000000000000000000e+00
8.751592258968831084e-01 9.991302212935335714e-01 -4.169893161622881261e-02 0.000000000000000000e+00 4.169893161622881261e-02 9.991302212935335714e-01 -0.000000000000000000e+00 0.000000000000000000e+00 0.000000000000000000e+00 1.000000000000000000e+00
8.801032258968835009e-01 9.991189777628983748e-01 -4.196746685256630416e-02 0.000000000000000000e+00 4.196746685256630416e-02 9.991189777628983748e-01 -0.000000000000000000e+00 0.000000000000000000e+00 0.000000000000000000e+00 1.000000000000000000e+00
8.851592258968834503e-01 9.991098565779391594e-01 -4.218405491189827772e-02 0.000000000000000000e+00 4.218405491189827772e-02 9.991098565779391594e-01 -0.000000000000000000e+00 0.000000000000000000e+00 0.000000000000000000e+00 1.000000000000000000e+00
8.900516418968844601e-01 9.991024843197909844e-01 -4.235830291716207591e-02 0.000000000000000000e+00 4.235830291716207591e-02 9.991024843197909844e-01 -0.000000000000000000e+00 0.000000000000000000e+00 0.000000000000000000e+00 1.000000000000000000e+00
8.951777090968847661e-01 9.990910466646741872e-01 -4.262722691526987101e-02 0.000000000000000000e+00 4.262722691526987101e-02 9.990910466646741872e-01 -0.000000000000000000e+00 0.000000000000000000e+00 0.000000000000000000e+00 1.000000000000000000e+00
9.001777090968842154e-01 9.990796801023296148e-01 -4.289280600085511319e-02 0.000000000000000000e+00 4.289280600085511319e-02 9.990796801023296148e-01 -0.000000000000000000e+00 0.000000000000000000e+00 0.000000000000000000e+00 1.000000000000000000e+00
9.051777090968836648e-01 9.990694804933478723e-01 -4.312972463107540844e-02 0.000000000000000000e+00 4.312972463107540844e-02 9.990694804933478723e-01 -0.000000000000000000e+00 0.000000000000000000e+00 0.000000000000000000e+00 1.000000000000000000e+00
9.100685506968826388e-01 9.990595555643813075e-01 -4.335901792593009618e-02 0.000000000000000000e+00 4.335901792593009618e-02 9.990595555643813075e-01 -0.000000000000000000e+00 0.000000000000000000e+00 0.000000000000000000e+00 1.000000000000000000e+00
9.151265398168832998e-01 9.990477216491001622e-01 -4.363083620264945200e-02 0.000000000000000000e+00 4.363083620264945200e-02 9.990477216491001622e-01 -0.000000000000000000e+00 0.000000000000000000e+00 0.000000000000000000e+00 1.000000000000000000e+00
9.201265398168827492e-01 9.990359570287477009e-01 -4.389939138136794011e-02 0.000000000000000000e+00 4.389939138136794011e-02 9.990359570287477009e-01 -0.000000000000000000e+00 0.000000000000000000e+00 0.000000000000000000e+00 1.000000000000000000e+00
9.251265398168821985e-01 9.990241173904956806e-01 -4.416800733722779648e-02 0.000000000000000000e+00 4.416800733722779648e-02 9.990241173904956806e-01 -0.000000000000000000e+00 0.000000000000000000e+00 0.000000000000000000e+00 1.000000000000000000e+00
9.301265398168816478e-01 9.990120522307881501e-01 -4.444006635491600660e-02 0.000000000000000000e+00 4.444006635491600660e-02 9.990120522307881501e-01 -0.000000000000000000e+00 0.000000000000000000e+00 0.000000000000000000e+00 1.000000000000000000e+00
9.351265398168810972e-01 9.989998192985453107e-01 -4.471421520583890308e-02 0.000000000000000000e+00 4.471421520583890308e-02 9.989998192985453107e-01 -0.000000000000000000e+00 0.000000000000000000e+00 0.000000000000000000e+00 1.000000000000000000e+00
9.401265398168805465e-01 9.989875349683209338e-01 -4.498783144271289308e-02 0.000000000000000000e+00 4.498783144271289308e-02 9.989875349683209338e-01 -0.000000000000000000e+00 0.000000000000000000e+00 0.000000000000000000e+00 1.000000000000000000e+00
9.451265398168799958e-01 9.989751489252003402e-01 -4.526203519368014738e-02 0.000000000000000000e+00 4.526203519368014738e-02 9.989751489252003402e-01 -0.000000000000000000e+00 0.000000000000000000e+00 0.000000000000000000e+00 1.000000000000000000e+00
9.501265398168794452e-01 9.989626479431241712e-01 -4.553710590783927037e-02 0.000000000000000000e+00 4.553710590783927037e-02 9.989626479431241712e-01 -0.000000000000000000e+00 0.000000000000000000e+00 0.000000000000000000e+00 1.000000000000000000e+00
9.551265398168788945e-01 9.989500626215401802e-01 -4.581236065104420802e-02 0.000000000000000000e+00 4.581236065104420802e-02 9.989500626215401802e-01 -0.000000000000000000e+00 0.000000000000000000e+00 0.000000000000000000e+00 1.000000000000000000e+00
9.601265398168783438e-01 9.989373561137587787e-01 -4.608859468951002208e-02 0.000000000000000000e+00 4.608859468951002208e-02 9.989373561137587787e-01 -0.000000000000000000e+00 0.000000000000000000e+00 0.000000000000000000e+00 1.000000000000000000e+00
9.651265398168777931e-01 9.989247884520929821e-01 -4.636018783333018672e-02 0.000000000000000000e+00 4.636018783333018672e-02 9.989247884520929821e-01 -0.000000000000000000e+00 0.000000000000000000e+00 0.000000000000000000e+00 1.000000000000000000e+00
9.701265398168772425e-01 9.989122190877379737e-01 -4.663023222343390395e-02 0.000000000000000000e+00 4.663023222343390395e-02 9.989122190877379737e-01 -0.000000000000000000e+00 0.000000000000000000e+00 0.000000000000000000e+00 1.000000000000000000e+00
9.751265398168766918e-01 9.988996727971245493e-01 -4.689822689396261346e-02 0.000000000000000000e+00 4.689822689396261346e-02 9.988996727971245493e-01 -0.000000000000000000e+00 0.000000000000000000e+00 0.000000000000000000e+00 1.000000000000000000e+00
9.801265398168761411e-01 9.988870577043305055e-01 -4.716615259681028460e-02 0.000000000000000000e+00 4.716615259681028460e-02 9.988870577043305055e-01 -0.000000000000000000e+00 0.000000000000000000e+00 0.000000000000000000e+00 1.000000000000000000e+00
9.850705398168762006e-01 9.988744224851894282e-01 -4.743298540972740868e-02 0.000000000000000000e+00 4.743298540972740868e-02 9.988744224851894282e-01 -0.000000000000000000e+00 0.000000000000000000e+00 0.000000000000000000e+00 1.000000000000000000e+00
9.900385398168756179e-01 9.988616930811446970e-01 -4.770029449667395616e-02 0.000000000000000000e+00 4.770029449667395616e-02 9.988616930811446970e-01 -0.000000000000000000e+00 0.000000000000000000e+00 0.000000000000000000e+00 1.000000000000000000e+00
9.950385398168750672e-01 9.988487549217988093e-01 -4.797045748346090432e-02 0.000000000000000000e+00 4.797045748346090432e-02 9.988487549217988093e-01 -0.000000000000000000e+00 0.000000000000000000e+00 0.000000000000000000e+00 1.000000000000000000e+00
1.000000000000000000e+00 9.988359810620449641e-01 -4.823570187964887346e-02 0.000000000000000000e+00 4.823570187964887346e-02 9.988359810620449641e-01 -0.000000000000000000e+00 0.000000000000000000e+00 0.000000000000000000e+00 1.000000000000000000e+00
