time R11 R12 R13 R21 R22 R23 R31 R32 R33
0.000000000000000000e+00 1.000000000000000000e+00 -0.000000000000000000e+00 0.000000000000000000e+00 0.000000000000000000e+00 1.000000000000000000e+00 -0.000000000000000000e+00 0.000000000000000000e+00 0.000000000000000000e+00 1.000000000000000000e+00
5.040000000000002811e-03 9.999999203965483918e-01 -3.990073891596773530e-04 0.000000000000000000e+00 3.990073891596773530e-04 9.999999203965483918e-01 -0.000000000000000000e+00 0.000000000000000000e+00 0.000000000000000000e+00 1.000000000000000000e+00
1.013600000000001305e-02 9.999986978048553965e-01 -1.613811820872654941e-03 0.000000000000000000e+00 1.613811820872654941e-03 9.999986978048553965e-01 -0.000000000000000000e+00 0.000000000000000000e+00 0.000000000000000000e+00 1.000000000000000000e+00
1.513600000000002617e-02 9.999935247913689373e-01 -3.598662992525689976e-03 0.000000000000000000e+00 3.598662992525689976e-03 9.999935247913689373e-01 -0.000000000000000000e+00 0.000000000000000000e+00 0.000000000000000000e+00 1.000000000000000000e+00
2.013600000000000112e-02 9.999797184519607640e-01 -6.368884104553549849e-03 0.000000000000000000e+00 6.368884104553549849e-03 9.999797184519607640e-01 -0.000000000000000000e+00 0.000000000000000000e+00 0.000000000000000000e+00 1.000000000000000000e+00
2.513599999999997087e-02 9.999507517430075154e-01 -9.924418803860003691e-03 0.000000000000000000e+00 9.924418803860003691e-03 9.999507517430075154e-01 -0.000000000000000000e+00 0.000000000000000000e+00 0.000000000000000000e+00 1.000000000000000000e+00
3.013599999999994061e-02 9.998982475624252908e-01 -1.426515059826695929e-02 0.000000000000000000e+00 1.426515059826695929e-02 9.998982475624252908e-01 -0.000000000000000000e+00 0.000000000000000000e+00 0.000000000000000000e+00 1.000000000000000000e+00
3.513599999999991036e-02 9.998119794051801845e-01 -1.939086996232788560e-02 0.000000000000000000e+00 1.939086996232788560e-02 9.998119794051801845e-01 -0.000000000000000000e+00 0.000000000000000000e+00 0.000000000000000000e+00 1.000000000000000000e+00
4.013599999999988011e-02 9.996798725335743763e-01 -2.530123418446088637e-02 0.000000000000000000e+00 2.530123418446088637e-02 9.996798725335743763e-01 -0.000000000000000000e+00 0.000000000000000000e+00 0.000000000000000000e+00 1.000000000000000000e+00
4.513599999999984985e-02 9.994880058830112324e-01 -3.199571996380342481e-02 0.000000000000000000e+00 3.199571996380342481e-02 9.994880058830112324e-01 -0.000000000000000000e+00 0.000000000000000000e+00 0.000000000000000000e+00 1.000000000000000000e+00
5.013599999999981960e-02 9.992206149637465895e-01 -3.947356877041211659e-02 0.000000000000000000e+00 3.947356877041211659e-02 9.992206149637465895e-01 -0.000000000000000000e+00 0.000000000000000000e+00 0.000000000000000000e+00 1.000000000000000000e+00
5.513599999999978934e-02 9.988600960588162048e-01 -4.773372498949323556e-02 0.000000000000000000e+00 4.773372498949323556e-02 9.988600960588162048e-01 -0.000000000000000000e+00 0.000000000000000000e+00 0.000000000000000000e+00 1.000000000000000000e+00
6.013599999999975909e-02 9.983870120578367535e-01 -5.677476687953151441e-02 0.000000000000000000e+00 5.677476687953151441e-02 9.983870120578367535e-01 -0.000000000000000000e+00 0.000000000000000000e+00 0.000000000000000000e+00 1.000000000000000000e+00
6.513599999999981904e-02 9.977801003056190332e-01 -6.659483038576506642e-02 0.000000000000000000e+00 6.659483038576506642e-02 9.977801003056190332e-01 -0.000000000000000000e+00 0.000000000000000000e+00 0.000000000000000000e+00 1.000000000000000000e+00
7.013599999999996226e-02 9.970162828834232549e-01 -7.719152586470608146e-02 0.000000000000000000e+00 7.719152586470608146e-02 9.970162828834232549e-01 -0.000000000000000000e+00 0.000000000000000000e+00 0.000000000000000000e+00 1.000000000000000000e+00
7.513600000000010548e-02 9.960706797790803702e-01 -8.856184779260607709e-02 0.000000000000000000e+00 8.856184779260607709e-02 9.960706797790803702e-01 -0.000000000000000000e+00 0.000000000000000000e+00 0.000000000000000000e+00 1.000000000000000000e+00
8.013600000000024870e-02 9.949166254399801623e-01 -1.007020775511711513e-01 0.000000000000000000e+00 1.007020775511711513e-01 9.949166254399801623e-01 -0.000000000000000000e+00 0.000000000000000000e+00 0.000000000000000000e+00 1.000000000000000000e+00
8.513600000000039192e-02 9.935256892398880435e-01 -1.136076794077109930e-01 0.000000000000000000e+00 1.136076794077109930e-01 9.935256892398880435e-01 -0.000000000000000000e+00 0.000000000000000000e+00 0.000000000000000000e+00 1.000000000000000000e+00
9.007200000000036011e-02 9.918907415767082014e-01 -1.270934961924007345e-01 0.000000000000000000e+00 1.270934961924007345e-01 9.918907415767082014e-01 -0.000000000000000000e+00 0.000000000000000000e+00 0.000000000000000000e+00 1.000000000000000000e+00
9.505600000000048733e-02 9.899446146182535600e-01 -1.414555053305354415e-01 0.000000000000000000e+00 1.414555053305354415e-01 9.899446146182535600e-01 -0.000000000000000000e+00 0.000000000000000000e+00 0.000000000000000000e+00 1.000000000000000000e+00
1.000560000000006305e-01 9.876607962072161406e-01 -1.566082744791219561e-01 0.000000000000000000e+00 1.566082744791219561e-01 9.876607962072161406e-01 -0.000000000000000000e+00 0.000000000000000000e+00 0.000000000000000000e+00 1.000000000000000000e+00
1.050560000000007738e-01 9.850098773215157921e-01 -1.724979465937276912e-01 0.000000000000000000e+00 1.724979465937276912e-01 9.850098773215157921e-01 -0.000000000000000000e+00 0.000000000000000000e+00 0.000000000000000000e+00 1.000000000000000000e+00
1.100560000000009170e-01 9.819551124357759342e-01 -1.891141379200479977e-01 0.000000000000000000e+00 1.891141379200479977e-01 9.819551124357759342e-01 -0.000000000000000000e+00 0.000000000000000000e+00 0.000000000000000000e+00 1.000000000000000000e+00
1.150560000000010602e-01 9.784582290464631793e-01 -2.064448934007791780e-01 0.000000000000000000e+00 2.064448934007791780e-01 9.784582290464631793e-01 -0.000000000000000000e+00 0.000000000000000000e+00 0.000000000000000000e+00 1.000000000000000000e+00
1.200560000000012034e-01 9.744794930844610237e-01 -2.244765412194609788e-01 0.000000000000000000e+00 2.244765412194609788e-01 9.744794930844610237e-01 -0.000000000000000000e+00 0.000000000000000000e+00 0.000000000000000000e+00 1.000000000000000000e+00
1.250560000000013328e-01 9.699777836269776188e-01 -2.431935428215485917e-01 0.000000000000000000e+00 2.431935428215485917e-01 9.699777836269776188e-01 -0.000000000000000000e+00 0.000000000000000000e+00 0.000000000000000000e+00 1.000000000000000000e+00
1.300560000000014760e-01 9.649106776905389538e-01 -2.625783389367552512e-01 0.000000000000000000e+00 2.625783389367552512e-01 9.649106776905389538e-01 -0.000000000000000000e+00 0.000000000000000000e+00 0.000000000000000000e+00 1.000000000000000000e+00
1.351619200000013232e-01 9.591073911530425544e-01 -2.830424212650907712e-01 0.000000000000000000e+00 2.830424212650907712e-01 9.591073911530425544e-01 -0.000000000000000000e+00 0.000000000000000000e+00 0.000000000000000000e+00 1.000000000000000000e+00
1.400992000000013948e-01 9.528469882919553546e-01 -3.034511771322538909e-01 0.000000000000000000e+00 3.034511771322538909e-01 9.528469882919553546e-01 -0.000000000000000000e+00 0.000000000000000000e+00 0.000000000000000000e+00 1.000000000000000000e+00
1.450992000000015381e-01 9.458113951916229389e-01 -3.247164990044019706e-01 0.000000000000000000e+00 3.247164990044019706e-01 9.458113951916229389e-01 -0.000000000000000000e+00 0.000000000000000000e+00 0.000000000000000000e+00 1.000000000000000000e+00
1.500192000000014902e-01 9.381600141441319707e-01 -3.462019466454257510e-01 0.000000000000000000e+00 3.462019466454257510e-01 9.381600141441319707e-01 -0.000000000000000000e+00 0.000000000000000000e+00 0.000000000000000000e+00 1.000000000000000000e+00
1.551232000000015432e-01 9.294105329952369043e-01 -3.690475052855791693e-01 0.000000000000000000e+00 3.690475052855791693e-01 9.294105329952369043e-01 -0.000000000000000000e+00 0.000000000000000000e+00 0.000000000000000000e+00 1.000000000000000000e+00
1.601232000000016864e-01 9.199892112199472560e-01 -3.919436837594135747e-01 0.000000000000000000e+00 3.919436837594135747e-01 9.199892112199472560e-01 -0.000000000000000000e+00 0.000000000000000000e+00 0.000000000000000000e+00 1.000000000000000000e+00
1.650752000000016706e-01 9.097814030438668986e-01 -4.150876999810197976e-01 0.000000000000000000e+00 4.150876999810197976e-01 9.097814030438668986e-01 -0.000000000000000000e+00 0.000000000000000000e+00 0.000000000000000000e+00 1.000000000000000000e+00
1.700352000000017738e-01 8.986350578387238830e-01 -4.386969715227052036e-01 0.000000000000000000e+00 4.386969715227052036e-01 8.986350578387238830e-01 -0.000000000000000000e+00 0.000000000000000000e+00 0.000000000000000000e+00 1.000000000000000000e+00
1.750352000000019170e-01 8.864170445766006434e-01 -4.628874842594954409e-01 0.000000000000000000e+00 4.628874842594954409e-01 8.864170445766006434e-01 -0.000000000000000000e+00 0.000000000000000000e+00 0.000000000000000000e+00 1.000000000000000000e+00
1.800352000000020602e-01 8.731654402478893351e-01 -4.874239571017302541e-01 0.000000000000000000e+00 4.874239571017302541e-01 8.731654402478893351e-01 -0.000000000000000000e+00 0.000000000000000000e+00 0.000000000000000000e+00 1.000000000000000000e+00
1.850352000000022035e-01 8.588327644247021331e-01 -5.122560714629199596e-01 0.000000000000000000e+00 5.122560714629199596e-01 8.588327644247021331e-01 -0.000000000000000000e+00 0.000000000000000000e+00 0.000000000000000000e+00 1.000000000000000000e+00
1.901552000000023279e-01 8.429870298987947042e-01 -5.379338875943854292e-01 0.000000000000000000e+00 5.379338875943854292e-01 8.429870298987947042e-01 -0.000000000000000000e+00 0.000000000000000000e+00 0.000000000000000000e+00 1.000000000000000000e+00
1.951552000000023046e-01 8.263244724689762233e-01 -5.631943414123301572e-01 0.000000000000000000e+00 5.631943414123301572e-01 8.263244724689762233e-01 -0.000000000000000000e+00 0.000000000000000000e+00 0.000000000000000000e+00 1.000000000000000000e+00
2.001552000000024478e-01 8.084434308111241307e-01 -5.885738859126687927e-01 0.000000000000000000e+00 5.885738859126687927e-01 8.084434308111241307e-01 -0.000000000000000000e+00 0.000000000000000000e+00 0.000000000000000000e+00 1.000000000000000000e+00
2.051552000000025355e-01 7.895569602502169326e-01 -6.136772820631681835e-01 0.000000000000000000e+00 6.136772820631681835e-01 7.895569602502169326e-01 -0.000000000000000000e+00 0.000000000000000000e+00 0.000000000000000000e+00 1.000000000000000000e+00
2.101779200000024606e-01 7.698001824270696014e-01 -6.382849513620469928e-01 0.000000000000000000e+00 6.382849513620469928e-01 7.698001824270696014e-01 -0.000000000000000000e+00 0.000000000000000000e+00 0.000000000000000000e+00 1.000000000000000000e+00
2.150213147651634238e-01 7.500224969639996964e-01 -6.614123177322052127e-01 0.000000000000000000e+00 6.614123177322052127e-01 7.500224969639996964e-01 -0.000000000000000000e+00 0.000000000000000000e+00 0.000000000000000000e+00 1.000000000000000000e+00
2.200895772603428946e-01 7.285832279733392980e-01 -6.849572832782706566e-01 0.000000000000000000e+00 6.849572832782706566e-01 7.285832279733392980e-01 -0.000000000000000000e+00 0.000000000000000000e+00 0.000000000000000000e+00 1.000000000000000000e+00
2.251400153660469416e-01 7.064844357543843545e-01 -7.077285793556803428e-01 0.000000000000000000e+00 7.077285793556803428e-01 7.064844357543843545e-01 -0.000000000000000000e+00 0.000000000000000000e+00 0.000000000000000000e+00 1.000000000000000000e+00
2.300167781614627371e-01 6.844702540353625464e-01 -7.290407885302210289e-01 0.000000000000000000e+00 7.290407885302210289e-01 6.844702540353625464e-01 -0.000000000000000000e+00 0.000000000000000000e+00 0.000000000000000000e+00 1.000000000000000000e+00
2.350167781614628804e-01 6.612327847168917305e-01 -7.501807811558125483e-01 0.000000000000000000e+00 7.501807811558125483e-01 6.612327847168917305e-01 -0.000000000000000000e+00 0.000000000000000000e+00 0.000000000000000000e+00 1.000000000000000000e+00
2.400167781614630236e-01 6.373427584715064542e-01 -7.705804359208264787e-01 0.000000000000000000e+00 7.705804359208264787e-01 6.373427584715064542e-01 -0.000000000000000000e+00 0.000000000000000000e+00 0.000000000000000000e+00 1.000000000000000000e+00
2.450167781614631668e-01 6.128237518708339326e-01 -7.902196208288900792e-01 0.000000000000000000e+00 7.902196208288900792e-01 6.128237518708339326e-01 -0.000000000000000000e+00 0.000000000000000000e+00 0.000000000000000000e+00 1.000000000000000000e+00
2.501687781614631567e-01 5.869269881725719396e-01 -8.096398647267029069e-01 0.000000000000000000e+00 8.096398647267029069e-01 5.869269881725719396e-01 -0.000000000000000000e+00 0.000000000000000000e+00 0.000000000000000000e+00 1.000000000000000000e+00
2.551127781614629386e-01 5.614971624543715345e-01 -8.274786622963090643e-01 0.000000000000000000e+00 8.274786622963090643e-01 5.614971624543715345e-01 -0.000000000000000000e+00 0.000000000000000000e+00 0.000000000000000000e+00 1.000000000000000000e+00
2.601127781614623879e-01 5.352283645962088166e-01 -8.447074036207258274e-01 0.000000000000000000e+00 8.447074036207258274e-01 5.352283645962088166e-01 -0.000000000000000000e+00 0.000000000000000000e+00 0.000000000000000000e+00 1.000000000000000000e+00
2.651127781614618373e-01 5.084313609610936480e-01 -8.611025207205295073e-01 0.000000000000000000e+00 8.611025207205295073e-01 5.084313609610936480e-01 -0.000000000000000000e+00 0.000000000000000000e+00 0.000000000000000000e+00 1.000000000000000000e+00
2.700327781614614842e-01 4.815731874188936557e-01 -8.764058792358748740e-01 0.000000000000000000e+00 8.764058792358748740e-01 4.815731874188936557e-01 -0.000000000000000000e+00 0.000000000000000000e+00 0.000000000000000000e+00 1.000000000000000000e+00
2.750797582001259234e-01 4.535439277057828900e-01 -8.912339230758731246e-01 0.000000000000000000e+00 8.912339230758731246e-01 4.535439277057828900e-01 -0.000000000000000000e+00 0.000000000000000000e+00 0.000000000000000000e+00 1.000000000000000000e+00
2.801358391176113072e-01 4.250068645621838392e-01 -9.051901264789742330e-01 0.000000000000000000e+00 9.051901264789742330e-01 4.250068645621838392e-01 -0.000000000000000000e+00 0.000000000000000000e+00 0.000000000000000000e+00 1.000000000000000000e+00
2.850298244490538924e-01 3.969759032921852948e-01 -9.178290321216436842e-01 0.000000000000000000e+00 9.178290321216436842e-01 3.969759032921852948e-01 -0.000000000000000000e+00 0.000000000000000000e+00 0.000000000000000000e+00 1.000000000000000000e+00
2.900298244490533417e-01 3.679503130447702164e-01 -9.298454533578446313e-01 0.000000000000000000e+00 9.298454533578446313e-01 3.679503130447702164e-01 -0.000000000000000000e+00 0.000000000000000000e+00 0.000000000000000000e+00 1.000000000000000000e+00
2.950298244490527910e-01 3.385616002615593478e-01 -9.409442293931836732e-01 0.000000000000000000e+00 9.409442293931836732e-01 3.385616002615593478e-01 -0.000000000000000000e+00 0.000000000000000000e+00 0.000000000000000000e+00 1.000000000000000000e+00
3.000298244490522404e-01 3.088387680539281255e-01 -9.511144070756851754e-01 0.000000000000000000e+00 9.511144070756851754e-01 3.088387680539281255e-01 -0.000000000000000000e+00 0.000000000000000000e+00 0.000000000000000000e+00 1.000000000000000000e+00
3.050298244490516897e-01 2.788111492687836424e-01 -9.603459496678373730e-01 0.000000000000000000e+00 9.603459496678373730e-01 2.788111492687836424e-01 -0.000000000000000000e+00 0.000000000000000000e+00 0.000000000000000000e+00 1.000000000000000000e+00
3.100298244490511390e-01 2.485083775405893258e-01 -9.686297467516389315e-01 0.000000000000000000e+00 9.686297467516389315e-01 2.485083775405893258e-01 -0.000000000000000000e+00 0.000000000000000000e+00 0.000000000000000000e+00 1.000000000000000000e+00
3.150618244490510089e-01 2.177641257190832125e-01 -9.760014270224217636e-01 0.000000000000000000e+00 9.760014270224217636e-01 2.177641257190832125e-01 -0.000000000000000000e+00 0.000000000000000000e+00 0.000000000000000000e+00 1.000000000000000000e+00
3.200891524490511175e-01 1.868310458558851139e-01 -9.823920603834277454e-01 0.000000000000000000e+00 9.823920603834277454e-01 1.868310458558851139e-01 -0.000000000000000000e+00 0.000000000000000000e+00 0.000000000000000000e+00 1.000000000000000000e+00
3.251331844490508161e-01 1.556078904644453142e-01 -9.878189026462316225e-01 0.000000000000000000e+00 9.878189026462316225e-01 1.556078904644453142e-01 -0.000000000000000000e+00 0.000000000000000000e+00 0.000000000000000000e+00 1.000000000000000000e+00
3.301331844490502654e-01 1.245029658000466749e-01 -9.922192356062202734e-01 0.000000000000000000e+00 9.922192356062202734e-01 1.245029658000466749e-01 -0.000000000000000000e+00 0.000000000000000000e+00 0.000000000000000000e+00 1.000000000000000000e+00
3.351331844490497147e-01 9.327517173982861898e-02 -9.956403679727461320e-01 0.000000000000000000e+00 9.956403679727461320e-01 9.327517173982861898e-02 -0.000000000000000000e+00 0.000000000000000000e+00 0.000000000000000000e+00 1.000000000000000000e+00
3.401331844490491640e-01 6.195532634635178559e-02 -9.980789235012014204e-01 0.000000000000000000e+00 9.980789235012014204e-01 6.195532634635178559e-02 -0.000000000000000000e+00 0.000000000000000000e+00 0.000000000000000000e+00 1.000000000000000000e+00
3.451331844490486134e-01 3.057433852572786354e-02 -9.995324956316901099e-01 0.000000000000000000e+00 9.995324956316901099e-01 3.057433852572786354e-02 -0.000000000000000000e+00 0.000000000000000000e+00 0.000000000000000000e+00 1.000000000000000000e+00
3.501331844490480627e-01 -8.368224757358705976e-04 -9.999996498640106868e-01 0.000000000000000000e+00 9.999996498640106868e-01 -8.368224757358705976e-04 -0.000000000000000000e+00 0.000000000000000000e+00 0.000000000000000000e+00 1.000000000000000000e+00
3.551331844490475120e-01 -3.224715763444729877e-02 -9.994799251733370582e-01 0.000000000000000000e+00 9.994799251733370582e-01 -3.224715763444729877e-02 -0.000000000000000000e+00 0.000000000000000000e+00 0.000000000000000000e+00 1.000000000000000000e+00
3.601331844490469614e-01 -6.362566874181961596e-02 -9.979738344651909454e-01 0.000000000000000000e+00 9.979738344651909454e-01 -6.362566874181961596e-02 -0.000000000000000000e+00 0.000000000000000000e+00 0.000000000000000000e+00 1.000000000000000000e+00
3.651331844490464107e-01 -9.494138899576429202e-02 -9.954828640692690023e-01 0.000000000000000000e+00 9.954828640692690023e-01 -9.494138899576429202e-02 -0.000000000000000000e+00 0.000000000000000000e+00 0.000000000000000000e+00 1.000000000000000000e+00
3.701331844490458600e-01 -1.261634135611829910e-01 -9.920094722726137126e-01 0.000000000000000000e+00 9.920094722726137126e-01 -1.261634135611829910e-01 -0.000000000000000000e+00 0.000000000000000000e+00 0.000000000000000000e+00 1.000000000000000000e+00
3.751331844490453093e-01 -1.572609300693098844e-01 -9.875570868935807933e-01 0.000000000000000000e+00 9.875570868935807933e-01 -1.572609300693098844e-01 -0.000000000000000000e+00 0.000000000000000000e+00 0.000000000000000000e+00 1.000000000000000000e+00
3.800131844490455268e-01 -1.874626869490927661e-01 -9.822717246270640246e-01 0.000000000000000000e+00 9.822717246270640246e-01 -1.874626869490927661e-01 -0.000000000000000000e+00 0.000000000000000000e+00 0.000000000000000000e+00 1.000000000000000000e+00
3.850541055445817484e-01 -2.184749967264362769e-01 -9.758425466259319503e-01 0.000000000000000000e+00 9.758425466259319503e-01 -2.184749967264362769e-01 -0.000000000000000000e+00 0.000000000000000000e+00 0.000000000000000000e+00 1.000000000000000000e+00
3.900334124166099925e-01 -2.488932225499776996e-01 -9.685309307237882637e-01 0.000000000000000000e+00 9.685309307237882637e-01 -2.488932225499776996e-01 -0.000000000000000000e+00 0.000000000000000000e+00 0.000000000000000000e+00 1.000000000000000000e+00
3.950803185682745799e-01 -2.794756888927168448e-01 -9.601527687394030286e-01 0.000000000000000000e+00 9.601527687394030286e-01 -2.794756888927168448e-01 -0.000000000000000000e+00 0.000000000000000000e+00 0.000000000000000000e+00 1.000000000000000000e+00
4.000803185682740293e-01 -3.094969118080708181e-01 -9.509004477763525198e-01 0.000000000000000000e+00 9.509004477763525198e-01 -3.094969118080708181e-01 -0.000000000000000000e+00 0.000000000000000000e+00 0.000000000000000000e+00 1.000000000000000000e+00
4.050803185682734786e-01 -3.392126986374848219e-01 -9.407097028749491496e-01 0.000000000000000000e+00 9.407097028749491496e-01 -3.392126986374848219e-01 -0.000000000000000000e+00 0.000000000000000000e+00 0.000000000000000000e+00 1.000000000000000000e+00
4.100403185682729990e-01 -3.683600802505119787e-01 -9.296831994167886748e-01 0.000000000000000000e+00 9.296831994167886748e-01 -3.683600802505119787e-01 -0.000000000000000000e+00 0.000000000000000000e+00 0.000000000000000000e+00 1.000000000000000000e+00
4.151923185682729889e-01 -3.982565905101675408e-01 -9.172740528954345107e-01 0.000000000000000000e+00 9.172740528954345107e-01 -3.982565905101675408e-01 -0.000000000000000000e+00 0.000000000000000000e+00 0.000000000000000000e+00 1.000000000000000000e+00
4.201923185682724382e-01 -4.268723492079150583e-01 -9.043118917064596474e-01 0.000000000000000000e+00 9.043118917064596474e-01 -4.268723492079150583e-01 -0.000000000000000000e+00 0.000000000000000000e+00 0.000000000000000000e+00 1.000000000000000000e+00
4.251123185682720851e-01 -4.546191863139393829e-01 -8.906859128981727824e-01 0.000000000000000000e+00 8.906859128981727824e-01 -4.546191863139393829e-01 -0.000000000000000000e+00 0.000000000000000000e+00 0.000000000000000000e+00 1.000000000000000000e+00
4.301043185682723036e-01 -4.823279483261698752e-01 -8.759907249871241586e-01 0.000000000000000000e+00 8.759907249871241586e-01 -4.823279483261698752e-01 -0.000000000000000000e+00 0.000000000000000000e+00 0.000000000000000000e+00 1.000000000000000000e+00
4.350023722924979963e-01 -5.090542455300413049e-01 -8.607344393643374669e-01 0.000000000000000000e+00 8.607344393643374669e-01 -5.090542455300413049e-01 -0.000000000000000000e+00 0.000000000000000000e+00 0.000000000000000000e+00 1.000000000000000000e+00
4.400676582758242250e-01 -5.361856783606091525e-01 -8.441000641635879598e-01 0.000000000000000000e+00 8.441000641635879598e-01 -5.361856783606091525e-01 -0.000000000000000000e+00 0.000000000000000000e+00 0.000000000000000000e+00 1.000000000000000000e+00
4.451290062256625935e-01 -5.627535998466304257e-01 -8.266246946829368669e-01 0.000000000000000000e+00 8.266246946829368669e-01 -5.627535998466304257e-01 -0.000000000000000000e+00 0.000000000000000000e+00 0.000000000000000000e+00 1.000000000000000000e+00
4.501290062256620428e-01 -5.884408240488532282e-01 -8.085402875507852194e-01 0.000000000000000000e+00 8.085402875507852194e-01 -5.884408240488532282e-01 -0.000000000000000000e+00 0.000000000000000000e+00 0.000000000000000000e+00 1.000000000000000000e+00
4.551290062256614921e-01 -6.135473282010612817e-01 -7.896579487710734258e-01 0.000000000000000000e+00 7.896579487710734258e-01 -6.135473282010612817e-01 -0.000000000000000000e+00 0.000000000000000000e+00 0.000000000000000000e+00 1.000000000000000000e+00
4.601290062256609414e-01 -6.380483352148020870e-01 -7.699963129324838285e-01 0.000000000000000000e+00 7.699963129324838285e-01 -6.380483352148020870e-01 -0.000000000000000000e+00 0.000000000000000000e+00 0.000000000000000000e+00 1.000000000000000000e+00
4.651290062256603908e-01 -6.619196655541950136e-01 -7.495747836958115418e-01 0.000000000000000000e+00 7.495747836958115418e-01 -6.619196655541950136e-01 -0.000000000000000000e+00 0.000000000000000000e+00 0.000000000000000000e+00 1.000000000000000000e+00
4.701290062256598401e-01 -6.851377610982154476e-01 -7.284135146448923459e-01 0.000000000000000000e+00 7.284135146448923459e-01 -6.851377610982154476e-01 -0.000000000000000000e+00 0.000000000000000000e+00 0.000000000000000000e+00 1.000000000000000000e+00
4.751290062256592894e-01 -7.076797083897163887e-01 -7.065333893974481416e-01 0.000000000000000000e+00 7.065333893974481416e-01 -7.076797083897163887e-01 -0.000000000000000000e+00 0.000000000000000000e+00 0.000000000000000000e+00 1.000000000000000000e+00
4.801290062256587388e-01 -7.295232612482438483e-01 -6.839560009954782638e-01 0.000000000000000000e+00 6.839560009954782638e-01 -7.295232612482438483e-01 -0.000000000000000000e+00 0.000000000000000000e+00 0.000000000000000000e+00 1.000000000000000000e+00
4.851290062256581881e-01 -7.506468627243300107e-01 -6.607036305955348299e-01 0.000000000000000000e+00 6.607036305955348299e-01 -7.506468627243300107e-01 -0.000000000000000000e+00 0.000000000000000000e+00 0.000000000000000000e+00 1.000000000000000000e+00
4.901290062256576374e-01 -7.710296663736012635e-01 -6.367992254799099694e-01 0.000000000000000000e+00 6.367992254799099694e-01 -7.710296663736012635e-01 -0.000000000000000000e+00 0.000000000000000000e+00 0.000000000000000000e+00 1.000000000000000000e+00
4.951290062256570867e-01 -7.906515568297021179e-01 -6.122663764104384621e-01 0.000000000000000000e+00 6.122663764104384621e-01 -7.906515568297021179e-01 -0.000000000000000000e+00 0.000000000000000000e+00 0.000000000000000000e+00 1.000000000000000000e+00
5.001290062256565916e-01 -8.094931696557310374e-01 -5.871292943472654624e-01 0.000000000000000000e+00 5.871292943472654624e-01 -8.094931696557310374e-01 -0.000000000000000000e+00 0.000000000000000000e+00 0.000000000000000000e+00 1.000000000000000000e+00
5.051290062256560409e-01 -8.275359104546046174e-01 -5.614127865555506025e-01 0.000000000000000000e+00 5.614127865555506025e-01 -8.275359104546046174e-01 -0.000000000000000000e+00 0.000000000000000000e+00 0.000000000000000000e+00 1.000000000000000000e+00
5.101290062256554902e-01 -8.447619732194813214e-01 -5.351422321236926072e-01 0.000000000000000000e+00 5.351422321236926072e-01 -8.447619732194813214e-01 -0.000000000000000000e+00 0.000000000000000000e+00 0.000000000000000000e+00 1.000000000000000000e+00
5.151290062256549396e-01 -8.611543579061391451e-01 -5.083435569172337631e-01 0.000000000000000000e+00 5.083435569172337631e-01 -8.611543579061391451e-01 -0.000000000000000000e+00 0.000000000000000000e+00 0.000000000000000000e+00 1.000000000000000000e+00
5.201290062256543889e-01 -8.766968872099699661e-01 -4.810432079931586946e-01 0.000000000000000000e+00 4.810432079931586946e-01 -8.766968872099699661e-01 -0.000000000000000000e+00 0.000000000000000000e+00 0.000000000000000000e+00 1.000000000000000000e+00
5.251290062256538382e-01 -8.913742225310220535e-01 -4.532681274998451859e-01 0.000000000000000000e+00 4.532681274998451859e-01 -8.913742225310220535e-01 -0.000000000000000000e+00 0.000000000000000000e+00 0.000000000000000000e+00 1.000000000000000000e+00
5.301290062256532876e-01 -9.051718791113504414e-01 -4.250457260884132893e-01 0.000000000000000000e+00 4.250457260884132893e-01 -9.051718791113504414e-01 -0.000000000000000000e+00 0.000000000000000000e+00 0.000000000000000000e+00 1.000000000000000000e+00
5.351290062256527369e-01 -9.180762403297214602e-01 -3.964038558617245522e-01 0.000000000000000000e+00 3.964038558617245522e-01 -9.180762403297214602e-01 -0.000000000000000000e+00 0.000000000000000000e+00 0.000000000000000000e+00 1.000000000000000000e+00
5.401290062256521862e-01 -9.300745711395750348e-01 -3.673707828877183501e-01 0.000000000000000000e+00 3.673707828877183501e-01 -9.300745711395750348e-01 -0.000000000000000000e+00 0.000000000000000000e+00 0.000000000000000000e+00 1.000000000000000000e+00
5.451290062256516356e-01 -9.411550306369782515e-01 -3.379751593042137348e-01 0.000000000000000000e+00 3.379751593042137348e-01 -9.411550306369782515e-01 -0.000000000000000000e+00 0.000000000000000000e+00 0.000000000000000000e+00 1.000000000000000000e+00
5.501290062256510849e-01 -9.513066837461663372e-01 -3.082459950427118289e-01 0.000000000000000000e+00 3.082459950427118289e-01 -9.513066837461663372e-01 -0.000000000000000000e+00 0.000000000000000000e+00 0.000000000000000000e+00 1.000000000000000000e+00
5.551290062256505342e-01 -9.605195120111453821e-01 -2.782126291990923428e-01 0.000000000000000000e+00 2.782126291990923428e-01 -9.605195120111453821e-01 -0.000000000000000000e+00 0.000000000000000000e+00 0.000000000000000000e+00 1.000000000000000000e+00
5.601290062256499835e-01 -9.687844234826952228e-01 -2.479047010794712402e-01 0.000000000000000000e+00 2.479047010794712402e-01 -9.687844234826952228e-01 -0.000000000000000000e+00 0.000000000000000000e+00 0.000000000000000000e+00 1.000000000000000000e+00
5.651290062256494329e-01 -9.760932616910288351e-01 -2.173521209497824569e-01 0.000000000000000000e+00 2.173521209497824569e-01 -9.760932616910288351e-01 -0.000000000000000000e+00 0.000000000000000000e+00 0.000000000000000000e+00 1.000000000000000000e+00
5.701290062256488822e-01 -9.824388136952411088e-01 -1.865850405179554083e-01 0.000000000000000000e+00 1.865850405179554083e-01 -9.824388136952411088e-01 -0.000000000000000000e+00 0.000000000000000000e+00 0.000000000000000000e+00 1.000000000000000000e+00
5.751290062256483315e-01 -9.878148172016120165e-01 -1.556338231778225389e-01 0.000000000000000000e+00 1.556338231778225389e-01 -9.878148172016120165e-01 -0.000000000000000000e+00 0.000000000000000000e+00 0.000000000000000000e+00 1.000000000000000000e+00
5.801290062256477809e-01 -9.922159667437333574e-01 -1.245290140441119714e-01 0.000000000000000000e+00 1.245290140441119714e-01 -9.922159667437333574e-01 -0.000000000000000000e+00 0.000000000000000000e+00 0.000000000000000000e+00 1.000000000000000000e+00
5.851290062256472302e-01 -9.956379189183641731e-01 -9.330130980810995289e-02 0.000000000000000000e+00 9.330130980810995289e-02 -9.956379189183641731e-01 -0.000000000000000000e+00 0.000000000000000000e+00 0.000000000000000000e+00 1.000000000000000000e+00
5.900490062256472656e-01 -9.980460152708141575e-01 -6.248320896088726401e-02 0.000000000000000000e+00 6.248320896088726401e-02 -9.980460152708141575e-01 -0.000000000000000000e+00 0.000000000000000000e+00 0.000000000000000000e+00 1.000000000000000000e+00
5.950490062256467150e-01 -9.995161848331546306e-01 -3.110299433455591261e-02 0.000000000000000000e+00 3.110299433455591261e-02 -9.995161848331546306e-01 -0.000000000000000000e+00 0.000000000000000000e+00 0.000000000000000000e+00 1.000000000000000000e+00
6.000490062256461643e-01 -9.999999525941160039e-01 3.079151920740587746e-04 0.000000000000000000e+00 -3.079151920740587746e-04 -9.999999525941160039e-01 -0.000000000000000000e+00 0.000000000000000000e+00 -0.000000000000000000e+00 1.000000000000000000e+00
6.051690062256461777e-01 -9.994726418327222195e-01 3.247211462038087498e-02 0.000000000000000000e+00 -3.247211462038087498e-02 -9.994726418327222195e-01 -0.000000000000000000e+00 0.000000000000000000e+00 -0.000000000000000000e+00 1.000000000000000000e+00
6.101690062256456271e-01 -9.979594886487770378e-01 6.385028594980343697e-02 0.000000000000000000e+00 -6.385028594980343697e-02 -9.979594886487770378e-01 -0.000000000000000000e+00 0.000000000000000000e+00 -0.000000000000000000e+00 1.000000000000000000e+00
6.151690062256450764e-01 -9.954614699346446827e-01 9.516544475573200657e-02 0.000000000000000000e+00 -9.516544475573200657e-02 -9.954614699346446827e-01 -0.000000000000000000e+00 0.000000000000000000e+00 -0.000000000000000000e+00 1.000000000000000000e+00
6.200490062256451829e-01 -9.920760622757178737e-01 1.256387148115802876e-01 0.000000000000000000e+00 -1.256387148115802876e-01 -9.920760622757178737e-01 -0.000000000000000000e+00 0.000000000000000000e+00 -0.000000000000000000e+00 1.000000000000000000e+00
6.250720637701232540e-01 -9.876174073854113722e-01 1.568816644140362815e-01 0.000000000000000000e+00 -1.568816644140362815e-01 -9.876174073854113722e-01 -0.000000000000000000e+00 0.000000000000000000e+00 -0.000000000000000000e+00 1.000000000000000000e+00
6.301224587763237794e-01 -9.821427829471790494e-01 1.881370614864876778e-01 0.000000000000000000e+00 -1.881370614864876778e-01 -9.821427829471790494e-01 -0.000000000000000000e+00 0.000000000000000000e+00 -0.000000000000000000e+00 1.000000000000000000e+00
6.350716955049234835e-01 -9.758183945952525473e-01 2.185828464668356785e-01 0.000000000000000000e+00 -2.185828464668356785e-01 -9.758183945952525473e-01 -0.000000000000000000e+00 0.000000000000000000e+00 -0.000000000000000000e+00 1.000000000000000000e+00
6.400716955049229329e-01 -9.684710339945306057e-01 2.491261855236515388e-01 0.000000000000000000e+00 -2.491261855236515388e-01 -9.684710339945306057e-01 -0.000000000000000000e+00 0.000000000000000000e+00 -0.000000000000000000e+00 1.000000000000000000e+00
6.450716955049223822e-01 -9.601679094081813082e-01 2.794236671127248717e-01 0.000000000000000000e+00 -2.794236671127248717e-01 -9.601679094081813082e-01 -0.000000000000000000e+00 0.000000000000000000e+00 -0.000000000000000000e+00 1.000000000000000000e+00
6.500716955049218315e-01 -9.509172150177227500e-01 3.094453912775858018e-01 0.000000000000000000e+00 -3.094453912775858018e-01 -9.509172150177227500e-01 -0.000000000000000000e+00 0.000000000000000000e+00 -0.000000000000000000e+00 1.000000000000000000e+00
6.550268955049218800e-01 -9.408235123880214212e-01 3.388969143233183656e-01 0.000000000000000000e+00 -3.388969143233183656e-01 -9.408235123880214212e-01 -0.000000000000000000e+00 0.000000000000000000e+00 -0.000000000000000000e+00 1.000000000000000000e+00
6.600995355049217306e-01 -9.295460789703917648e-01 3.687059628901739328e-01 0.000000000000000000e+00 -3.687059628901739328e-01 -9.295460789703917648e-01 -0.000000000000000000e+00 0.000000000000000000e+00 -0.000000000000000000e+00 1.000000000000000000e+00
6.650995355049211799e-01 -9.175060699221379013e-01 3.977217766932471532e-01 0.000000000000000000e+00 -3.977217766932471532e-01 -9.175060699221379013e-01 -0.000000000000000000e+00 0.000000000000000000e+00 -0.000000000000000000e+00 1.000000000000000000e+00
6.700995355049206292e-01 -9.045605931547209266e-01 4.263450871202566494e-01 0.000000000000000000e+00 -4.263450871202566494e-01 -9.045605931547209266e-01 -0.000000000000000000e+00 0.000000000000000000e+00 -0.000000000000000000e+00 1.000000000000000000e+00
6.750995355049200786e-01 -8.907224242907842982e-01 4.545476464195447042e-01 0.000000000000000000e+00 -4.545476464195447042e-01 -8.907224242907842982e-01 -0.000000000000000000e+00 0.000000000000000000e+00 -0.000000000000000000e+00 1.000000000000000000e+00
6.800995355049195279e-01 -8.760052199322947430e-01 4.823016220700188095e-01 0.000000000000000000e+00 -4.823016220700188095e-01 -8.760052199322947430e-01 -0.000000000000000000e+00 0.000000000000000000e+00 -0.000000000000000000e+00 1.000000000000000000e+00
6.851315355049196754e-01 -8.603210297294618947e-01 5.097526123574432910e-01 0.000000000000000000e+00 -5.097526123574432910e-01 -8.603210297294618947e-01 -0.000000000000000000e+00 0.000000000000000000e+00 -0.000000000000000000e+00 1.000000000000000000e+00
6.901155355049191087e-01 -8.439387297918755637e-01 5.364395775455752524e-01 0.000000000000000000e+00 -5.364395775455752524e-01 -8.439387297918755637e-01 -0.000000000000000000e+00 0.000000000000000000e+00 -0.000000000000000000e+00 1.000000000000000000e+00
6.951155355049185580e-01 -8.266723226434472549e-01 5.626836331148155068e-01 0.000000000000000000e+00 -5.626836331148155068e-01 -8.266723226434472549e-01 -0.000000000000000000e+00 0.000000000000000000e+00 -0.000000000000000000e+00 1.000000000000000000e+00
7.001155355049180073e-01 -8.085900897179290059e-01 5.883723878717899147e-01 0.000000000000000000e+00 -5.883723878717899147e-01 -8.085900897179290059e-01 -0.000000000000000000e+00 0.000000000000000000e+00 -0.000000000000000000e+00 1.000000000000000000e+00
7.051155355049174567e-01 -7.897098759961240777e-01 6.134804901169939040e-01 0.000000000000000000e+00 -6.134804901169939040e-01 -7.897098759961240777e-01 -0.000000000000000000e+00 0.000000000000000000e+00 -0.000000000000000000e+00 1.000000000000000000e+00
7.101155355049169060e-01 -7.700503139695391575e-01 6.379831611848499895e-01 0.000000000000000000e+00 -6.379831611848499895e-01 -7.700503139695391575e-01 -0.000000000000000000e+00 0.000000000000000000e+00 -0.000000000000000000e+00 1.000000000000000000e+00
7.151555355049166174e-01 -7.494644389676751173e-01 6.620446017625011281e-01 0.000000000000000000e+00 -6.620446017625011281e-01 -7.494644389676751173e-01 -0.000000000000000000e+00 0.000000000000000000e+00 -0.000000000000000000e+00 1.000000000000000000e+00
7.201395355049164948e-01 -7.283681861092328180e-01 6.851859495523432431e-01 0.000000000000000000e+00 -6.851859495523432431e-01 -7.283681861092328180e-01 -0.000000000000000000e+00 0.000000000000000000e+00 -0.000000000000000000e+00 1.000000000000000000e+00
7.251395355049166103e-01 -7.064865695927584621e-01 7.077264492620412017e-01 0.000000000000000000e+00 -7.077264492620412017e-01 -7.064865695927584621e-01 -0.000000000000000000e+00 0.000000000000000000e+00 -0.000000000000000000e+00 1.000000000000000000e+00
7.300582580649175313e-01 -6.842802238647180957e-01 7.292191544574593287e-01 0.000000000000000000e+00 -7.292191544574593287e-01 -6.842802238647180957e-01 -0.000000000000000000e+00 0.000000000000000000e+00 -0.000000000000000000e+00 1.000000000000000000e+00
7.350024516107486194e-01 -6.613003105908102919e-01 7.501212563395984745e-01 0.000000000000000000e+00 -7.501212563395984745e-01 -6.613003105908102919e-01 -0.000000000000000000e+00 0.000000000000000000e+00 -0.000000000000000000e+00 1.000000000000000000e+00
7.400952736132683230e-01 -6.369626295675036021e-01 7.708946805721592632e-01 0.000000000000000000e+00 -7.708946805721592632e-01 -6.369626295675036021e-01 -0.000000000000000000e+00 0.000000000000000000e+00 -0.000000000000000000e+00 1.000000000000000000e+00
7.450502819291840995e-01 -6.126573888600199691e-01 7.903486090803364394e-01 0.000000000000000000e+00 -7.903486090803364394e-01 -6.126573888600199691e-01 -0.000000000000000000e+00 0.000000000000000000e+00 -0.000000000000000000e+00 1.000000000000000000e+00
7.501890859165966097e-01 -5.868236754624387430e-01 8.097147484866225042e-01 0.000000000000000000e+00 -8.097147484866225042e-01 -5.868236754624387430e-01 -0.000000000000000000e+00 0.000000000000000000e+00 -0.000000000000000000e+00 1.000000000000000000e+00
7.551090859165967561e-01 -5.615163590293260620e-01 8.274656358680093637e-01 0.000000000000000000e+00 -8.274656358680093637e-01 -5.615163590293260620e-01 -0.000000000000000000e+00 0.000000000000000000e+00 -0.000000000000000000e+00 1.000000000000000000e+00
7.600514859165968806e-01 -5.355536306161932103e-01 8.445012189060558949e-01 0.000000000000000000e+00 -8.445012189060558949e-01 -5.355536306161932103e-01 -0.000000000000000000e+00 0.000000000000000000e+00 -0.000000000000000000e+00 1.000000000000000000e+00
7.650162859165966500e-01 -5.089533355643348633e-01 8.607941113982701120e-01 0.000000000000000000e+00 -8.607941113982701120e-01 -5.089533355643348633e-01 -0.000000000000000000e+00 0.000000000000000000e+00 -0.000000000000000000e+00 1.000000000000000000e+00
7.700162859165960993e-01 -4.816640013675749232e-01 8.763559720721805224e-01 0.000000000000000000e+00 -8.763559720721805224e-01 -4.816640013675749232e-01 -0.000000000000000000e+00 0.000000000000000000e+00 -0.000000000000000000e+00 1.000000000000000000e+00
7.750162859165955487e-01 -4.538993229534650231e-01 8.910529752053947261e-01 0.000000000000000000e+00 -8.910529752053947261e-01 -4.538993229534650231e-01 -0.000000000000000000e+00 0.000000000000000000e+00 -0.000000000000000000e+00 1.000000000000000000e+00
7.800226476591352043e-01 -4.256505308726107883e-01 9.048876314592129155e-01 0.000000000000000000e+00 -9.048876314592129155e-01 -4.256505308726107883e-01 -0.000000000000000000e+00 0.000000000000000000e+00 -0.000000000000000000e+00 1.000000000000000000e+00
7.850934286004754847e-01 -3.966090734638054727e-01 9.179876049523661985e-01 0.000000000000000000e+00 -9.179876049523661985e-01 -3.966090734638054727e-01 -0.000000000000000000e+00 0.000000000000000000e+00 -0.000000000000000000e+00 1.000000000000000000e+00
7.901514752950987708e-01 -3.672394737852385238e-01 9.301264262958777174e-01 0.000000000000000000e+00 -9.301264262958777174e-01 -3.672394737852385238e-01 -0.000000000000000000e+00 0.000000000000000000e+00 -0.000000000000000000e+00 1.000000000000000000e+00
7.951173624917605709e-01 -3.380440130548535982e-01 9.411303019443004736e-01 0.000000000000000000e+00 -9.411303019443004736e-01 -3.380440130548535982e-01 -0.000000000000000000e+00 0.000000000000000000e+00 -0.000000000000000000e+00 1.000000000000000000e+00
8.001173624917600202e-01 -3.083155915651901724e-01 9.512841300041785519e-01 0.000000000000000000e+00 -9.512841300041785519e-01 -3.083155915651901724e-01 -0.000000000000000000e+00 0.000000000000000000e+00 -0.000000000000000000e+00 1.000000000000000000e+00
8.051173624917594696e-01 -2.782828998100444484e-01 9.604991554776678431e-01 0.000000000000000000e+00 -9.604991554776678431e-01 -2.782828998100444484e-01 -0.000000000000000000e+00 0.000000000000000000e+00 -0.000000000000000000e+00 1.000000000000000000e+00
8.101173624917589189e-01 -2.479755764302879195e-01 9.687662842471691516e-01 0.000000000000000000e+00 -9.687662842471691516e-01 -2.479755764302879195e-01 -0.000000000000000000e+00 0.000000000000000000e+00 -0.000000000000000000e+00 1.000000000000000000e+00
8.151173624917583682e-01 -2.174235310950489442e-01 9.760773576546895036e-01 0.000000000000000000e+00 -9.760773576546895036e-01 -2.174235310950489442e-01 -0.000000000000000000e+00 0.000000000000000000e+00 -0.000000000000000000e+00 1.000000000000000000e+00
8.201173624917578175e-01 -1.866569149844793385e-01 9.824251605534524145e-01 0.000000000000000000e+00 -9.824251605534524145e-01 -1.866569149844793385e-01 -0.000000000000000000e+00 0.000000000000000000e+00 -0.000000000000000000e+00 1.000000000000000000e+00
8.250133624917578290e-01 -1.563515391518456032e-01 9.877014711970660832e-01 0.000000000000000000e+00 -9.877014711970660832e-01 -1.563515391518456032e-01 -0.000000000000000000e+00 0.000000000000000000e+00 -0.000000000000000000e+00 1.000000000000000000e+00
8.300053624917572703e-01 -1.252998056472936494e-01 9.921189236703180647e-01 0.000000000000000000e+00 -9.921189236703180647e-01 -1.252998056472936494e-01 -0.000000000000000000e+00 0.000000000000000000e+00 -0.000000000000000000e+00 1.000000000000000000e+00
8.350053624917567197e-01 -9.407476926876452705e-02 9.955651348791944022e-01 0.000000000000000000e+00 -9.955651348791944022e-01 -9.407476926876452705e-02 -0.000000000000000000e+00 0.000000000000000000e+00 -0.000000000000000000e+00 1.000000000000000000e+00
8.400053624917561690e-01 -6.275689245075082023e-02 9.980288434959807553e-01 0.000000000000000000e+00 -9.980288434959807553e-01 -6.275689245075082023e-02 -0.000000000000000000e+00 0.000000000000000000e+00 -0.000000000000000000e+00 1.000000000000000000e+00
8.450739704917556994e-01 -3.094621473143832277e-02 9.995210512009220505e-01 0.000000000000000000e+00 -9.995210512009220505e-01 -3.094621473143832277e-02 -0.000000000000000000e+00 0.000000000000000000e+00 -0.000000000000000000e+00 1.000000000000000000e+00
8.501181453397564924e-01 7.423289946910247494e-04 9.999997244737938162e-01 0.000000000000000000e+00 -9.999997244737938162e-01 7.423289946910247494e-04 -0.000000000000000000e+00 -0.000000000000000000e+00 0.000000000000000000e+00 1.000000000000000000e+00
8.550375606152772479e-01 3.164664205534244157e-02 9.994991195827145347e-01 0.000000000000000000e+00 -9.994991195827145347e-01 3.164664205534244157e-02 -0.000000000000000000e+00 -0.000000000000000000e+00 0.000000000000000000e+00 1.000000000000000000e+00
8.600237277356411747e-01 6.293931040421339718e-02 9.980173561646320524e-01 0.000000000000000000e+00 -9.980173561646320524e-01 6.293931040421339718e-02 -0.000000000000000000e+00 -0.000000000000000000e+00 0.000000000000000000e+00 1.000000000000000000e+00
8.651878964725919774e-01 9.528359632487831687e-02 9.954501676484852624e-01 0.000000000000000000e+00 -9.954501676484852624e-01 9.528359632487831687e-02 -0.000000000000000000e+00 -0.000000000000000000e+00 0.000000000000000000e+00 1.000000000000000000e+00
8.701341364725921901e-01 1.261693475020207733e-01 9.920087175780836208e-01 0.000000000000000000e+00 -9.920087175780836208e-01 1.261693475020207733e-01 -0.000000000000000000e+00 -0.000000000000000000e+00 0.000000000000000000e+00 1.000000000000000000e+00
8.750070964725922273e-01 1.564785043791957486e-01 9.876813644426272187e-01 0.000000000000000000e+00 -9.876813644426272187e-01 1.564785043791957486e-01 -0.000000000000000000e+00 -0.000000000000000000e+00 0.000000000000000000e+00 1.000000000000000000e+00
8.801670964725918367e-01 1.884125126420056195e-01 9.820899780976924953e-01 0.000000000000000000e+00 -9.820899780976924953e-01 1.884125126420056195e-01 -0.000000000000000000e+00 -0.000000000000000000e+00 0.000000000000000000e+00 1.000000000000000000e+00
8.851670964725912860e-01 2.191677341357432252e-01 9.756871959361792523e-01 0.000000000000000000e+00 -9.756871959361792523e-01 2.191677341357432252e-01 -0.000000000000000000e+00 -0.000000000000000000e+00 0.000000000000000000e+00 1.000000000000000000e+00
8.900070964725916856e-01 2.487330745417252187e-01 9.685720714686238964e-01 0.000000000000000000e+00 -9.685720714686238964e-01 2.487330745417252187e-01 -0.000000000000000000e+00 -0.000000000000000000e+00 0.000000000000000000e+00 1.000000000000000000e+00
8.951990964725915489e-01 2.801921764483004118e-01 9.599439276630509221e-01 0.000000000000000000e+00 -9.599439276630509221e-01 2.801921764483004118e-01 -0.000000000000000000e+00 -0.000000000000000000e+00 0.000000000000000000e+00 1.000000000000000000e+00
9.001990964725909983e-01 3.102064859635624838e-01 9.506692043324735941e-01 0.000000000000000000e+00 -9.506692043324735941e-01 3.102064859635624838e-01 -0.000000000000000000e+00 -0.000000000000000000e+00 0.000000000000000000e+00 1.000000000000000000e+00
9.050390964725923970e-01 3.389690377430022439e-01 9.407975294671978572e-01 0.000000000000000000e+00 -9.407975294671978572e-01 3.389690377430022439e-01 -0.000000000000000000e+00 -0.000000000000000000e+00 0.000000000000000000e+00 1.000000000000000000e+00
9.100080564725930854e-01 3.681716177871674489e-01 9.297578501179647459e-01 0.000000000000000000e+00 -9.297578501179647459e-01 3.681716177871674489e-01 -0.000000000000000000e+00 -0.000000000000000000e+00 0.000000000000000000e+00 1.000000000000000000e+00
9.151775284725932602e-01 3.981713475110421063e-01 9.173110584862915751e-01 0.000000000000000000e+00 -9.173110584862915751e-01 3.981713475110421063e-01 -0.000000000000000000e+00 -0.000000000000000000e+00 0.000000000000000000e+00 1.000000000000000000e+00
9.201775284725927095e-01 4.267883106447624142e-01 9.043515565846003135e-01 0.000000000000000000e+00 -9.043515565846003135e-01 4.267883106447624142e-01 -0.000000000000000000e+00 -0.000000000000000000e+00 0.000000000000000000e+00 1.000000000000000000e+00
9.251775284725921589e-01 4.549840852426536575e-01 8.904995688802468390e-01 0.000000000000000000e+00 -8.904995688802468390e-01 4.549840852426536575e-01 -0.000000000000000000e+00 -0.000000000000000000e+00 0.000000000000000000e+00 1.000000000000000000e+00
9.301775284725916082e-01 4.827308454793048376e-01 8.757687656127245424e-01 0.000000000000000000e+00 -8.757687656127245424e-01 4.827308454793048376e-01 -0.000000000000000000e+00 -0.000000000000000000e+00 0.000000000000000000e+00 1.000000000000000000e+00
9.351775284725910575e-01 5.100012086522700550e-01 8.601736843063867433e-01 0.000000000000000000e+00 -8.601736843063867433e-01 5.100012086522700550e-01 -0.000000000000000000e+00 -0.000000000000000000e+00 0.000000000000000000e+00 1.000000000000000000e+00
9.401775284725905069e-01 5.367682622054870123e-01 8.437297154236667041e-01 0.000000000000000000e+00 -8.437297154236667041e-01 5.367682622054870123e-01 -0.000000000000000000e+00 -0.000000000000000000e+00 0.000000000000000000e+00 1.000000000000000000e+00
9.451775284725899562e-01 5.630055902887248775e-01 8.264530871765465303e-01 0.000000000000000000e+00 -8.264530871765465303e-01 5.630055902887248775e-01 -0.000000000000000000e+00 -0.000000000000000000e+00 0.000000000000000000e+00 1.000000000000000000e+00
9.501775284725894055e-01 5.886872998268372070e-01 8.083608495112732939e-01 0.000000000000000000e+00 -8.083608495112732939e-01 5.886872998268372070e-01 -0.000000000000000000e+00 -0.000000000000000000e+00 0.000000000000000000e+00 1.000000000000000000e+00
9.551775284725888548e-01 6.137880460730990029e-01 7.894708572821211856e-01 0.000000000000000000e+00 -7.894708572821211856e-01 6.137880460730990029e-01 -0.000000000000000000e+00 -0.000000000000000000e+00 0.000000000000000000e+00 1.000000000000000000e+00
9.601775284725883042e-01 6.382830576214155727e-01 7.698017526308034153e-01 0.000000000000000000e+00 -7.698017526308034153e-01 6.382830576214155727e-01 -0.000000000000000000e+00 -0.000000000000000000e+00 0.000000000000000000e+00 1.000000000000000000e+00
9.651775284725877535e-01 6.621481608527081120e-01 7.493729465889306107e-01 0.000000000000000000e+00 -7.493729465889306107e-01 6.621481608527081120e-01 -0.000000000000000000e+00 -0.000000000000000000e+00 0.000000000000000000e+00 1.000000000000000000e+00
9.701775284725872028e-01 6.853598037913547492e-01 7.282045999216675281e-01 0.000000000000000000e+00 -7.282045999216675281e-01 6.853598037913547492e-01 -0.000000000000000000e+00 -0.000000000000000000e+00 0.000000000000000000e+00 1.000000000000000000e+00
9.751775284725866522e-01 7.078950793481513237e-01 7.063176032314886221e-01 0.000000000000000000e+00 -7.063176032314886221e-01 7.078950793481513237e-01 -0.000000000000000000e+00 -0.000000000000000000e+00 0.000000000000000000e+00 1.000000000000000000e+00
9.801775284725861015e-01 7.297317479268401463e-01 6.837335563416780948e-01 0.000000000000000000e+00 -6.837335563416780948e-01 7.297317479268401463e-01 -0.000000000000000000e+00 -0.000000000000000000e+00 0.000000000000000000e+00 1.000000000000000000e+00
9.851775284725855508e-01 7.508482593719075782e-01 6.604747469799104875e-01 0.000000000000000000e+00 -6.604747469799104875e-01 7.508482593719075782e-01 -0.000000000000000000e+00 -0.000000000000000000e+00 0.000000000000000000e+00 1.000000000000000000e+00
9.901775284725850002e-01 7.712237742359833170e-01 6.365641287829569839e-01 0.000000000000000000e+00 -6.365641287829569839e-01 7.712237742359833170e-01 -0.000000000000000000e+00 -0.000000000000000000e+00 0.000000000000000000e+00 1.000000000000000000e+00
9.951775284725844495e-01 7.908381843458629490e-01 6.120252986442136223e-01 0.000000000000000000e+00 -6.120252986442136223e-01 7.908381843458629490e-01 -0.000000000000000000e+00 -0.000000000000000000e+00 0.000000000000000000e+00 1.000000000000000000e+00
1.000000000000000000e+00 8.090169943749474513e-01 5.877852522924732481e-01 0.000000000000000000e+00 -5.877852522924732481e-01 8.090169943749474513e-01 -0.000000000000000000e+00 -0.000000000000000000e+00 0.000000000000000000e+00 1.000000000000000000e+00
