time R11 R12 R13 R21 R22 R23 R31 R32 R33
0.000000000000000000e+00 1.000000000000000000e+00 -0.000000000000000000e+00 0.000000000000000000e+00 0.000000000000000000e+00 1.000000000000000000e+00 -0.000000000000000000e+00 0.000000000000000000e+00 0.000000000000000000e+00 1.000000000000000000e+00
5.040000000000002811e-03 9.999999908184983299e-01 1.355101583490517616e-04 0.000000000000000000e+00 -1.355101583490517616e-04 9.999999908184983299e-01 -0.000000000000000000e+00 -0.000000000000000000e+00 0.000000000000000000e+00 1.000000000000000000e+00
1.013600000000001305e-02 9.999999914309888327e-01 1.309122683823691811e-04 0.000000000000000000e+00 -1.309122683823691811e-04 9.999999914309888327e-01 -0.000000000000000000e+00 -0.000000000000000000e+00 0.000000000000000000e+00 1.000000000000000000e+00
1.513600000000002617e-02 9.999999936337206075e-01 1.128386402049359998e-04 0.000000000000000000e+00 -1.128386402049359998e-04 9.999999936337206075e-01 -0.000000000000000000e+00 -0.000000000000000000e+00 0.000000000000000000e+00 1.000000000000000000e+00
2.013600000000000112e-02 9.999999961349983479e-01 8.792043552520033452e-05 0.000000000000000000e+00 -8.792043552520033452e-05 9.999999961349983479e-01 -0.000000000000000000e+00 -0.000000000000000000e+00 0.000000000000000000e+00 1.000000000000000000e+00
2.513599999999997087e-02 9.999999984083115523e-01 5.642142089495560107e-05 0.000000000000000000e+00 -5.642142089495560107e-05 9.999999984083115523e-01 -0.000000000000000000e+00 -0.000000000000000000e+00 0.000000000000000000e+00 1.000000000000000000e+00
3.013599999999994061e-02 9.999999998378766852e-01 1.800684340996950918e-05 0.000000000000000000e+00 -1.800684340996950918e-05 9.999999998378766852e-01 -0.000000000000000000e+00 -0.000000000000000000e+00 0.000000000000000000e+00 1.000000000000000000e+00
3.513599999999991036e-02 9.999999996234332222e-01 -2.744327515326362913e-05 0.000000000000000000e+00 2.744327515326362913e-05 9.999999996234332222e-01 -0.000000000000000000e+00 0.000000000000000000e+00 0.000000000000000000e+00 1.000000000000000000e+00
4.013599999999988011e-02 9.999999968036380471e-01 -7.995450913007653179e-05 0.000000000000000000e+00 7.995450913007653179e-05 9.999999968036380471e-01 -0.000000000000000000e+00 0.000000000000000000e+00 0.000000000000000000e+00 1.000000000000000000e+00
4.513599999999984985e-02 9.999999903047953609e-01 -1.392494490818737467e-04 0.000000000000000000e+00 1.392494490818737467e-04 9.999999903047953609e-01 -0.000000000000000000e+00 0.000000000000000000e+00 0.000000000000000000e+00 1.000000000000000000e+00
5.013599999999981960e-02 9.999999788902860232e-01 -2.054736660646058028e-04 0.000000000000000000e+00 2.054736660646058028e-04 9.999999788902860232e-01 -0.000000000000000000e+00 0.000000000000000000e+00 0.000000000000000000e+00 1.000000000000000000e+00
5.513599999999978934e-02 9.999999613138280674e-01 -2.781588435259816782e-04 0.000000000000000000e+00 2.781588435259816782e-04 9.999999613138280674e-01 -0.000000000000000000e+00 0.000000000000000000e+00 0.000000000000000000e+00 1.000000000000000000e+00
6.013599999999975909e-02 9.999999360588430752e-01 -3.576063614190764205e-04 0.000000000000000000e+00 3.576063614190764205e-04 9.999999360588430752e-01 -0.000000000000000000e+00 0.000000000000000000e+00 0.000000000000000000e+00 1.000000000000000000e+00
6.513599999999981904e-02 9.999999014130808161e-01 -4.440425974524258180e-04 0.000000000000000000e+00 4.440425974524258180e-04 9.999999014130808161e-01 -0.000000000000000000e+00 0.000000000000000000e+00 0.000000000000000000e+00 1.000000000000000000e+00
7.013599999999996226e-02 9.999998554845994647e-01 -5.376158292514279097e-04 0.000000000000000000e+00 5.376158292514279097e-04 9.999998554845994647e-01 -0.000000000000000000e+00 0.000000000000000000e+00 0.000000000000000000e+00 1.000000000000000000e+00
7.513600000000010548e-02 9.999997962001848650e-01 -6.384352656357418325e-04 0.000000000000000000e+00 6.384352656357418325e-04 9.999997962001848650e-01 -0.000000000000000000e+00 0.000000000000000000e+00 0.000000000000000000e+00 1.000000000000000000e+00
8.013600000000024870e-02 9.999997216981958426e-01 -7.460586643200026180e-04 0.000000000000000000e+00 7.460586643200026180e-04 9.999997216981958426e-01 -0.000000000000000000e+00 0.000000000000000000e+00 0.000000000000000000e+00 1.000000000000000000e+00
8.513600000000039192e-02 9.999996291124554348e-01 -8.612635784262859511e-04 0.000000000000000000e+00 8.612635784262859511e-04 9.999996291124554348e-01 -0.000000000000000000e+00 0.000000000000000000e+00 0.000000000000000000e+00 1.000000000000000000e+00
9.007200000000036011e-02 9.999995191632518043e-01 -9.806494098598904884e-04 0.000000000000000000e+00 9.806494098598904884e-04 9.999995191632518043e-01 -0.000000000000000000e+00 0.000000000000000000e+00 0.000000000000000000e+00 1.000000000000000000e+00
9.505600000000048733e-02 9.999993869063976693e-01 -1.107333205743747401e-03 0.000000000000000000e+00 1.107333205743747401e-03 9.999993869063976693e-01 -0.000000000000000000e+00 0.000000000000000000e+00 0.000000000000000000e+00 1.000000000000000000e+00
1.000560000000006305e-01 9.999992292713478781e-01 -1.241554151057628393e-03 0.000000000000000000e+00 1.241554151057628393e-03 9.999992292713478781e-01 -0.000000000000000000e+00 0.000000000000000000e+00 0.000000000000000000e+00 1.000000000000000000e+00
1.050560000000007738e-01 9.999990437102411756e-01 -1.382960087192988859e-03 0.000000000000000000e+00 1.382960087192988859e-03 9.999990437102411756e-01 -0.000000000000000000e+00 0.000000000000000000e+00 0.000000000000000000e+00 1.000000000000000000e+00
1.100560000000009170e-01 9.999988271185975552e-01 -1.531587878340892042e-03 0.000000000000000000e+00 1.531587878340892042e-03 9.999988271185975552e-01 -0.000000000000000000e+00 0.000000000000000000e+00 0.000000000000000000e+00 1.000000000000000000e+00
1.150560000000010602e-01 9.999985746216937255e-01 -1.688417774361063769e-03 0.000000000000000000e+00 1.688417774361063769e-03 9.999985746216937255e-01 -0.000000000000000000e+00 0.000000000000000000e+00 0.000000000000000000e+00 1.000000000000000000e+00
1.200560000000012034e-01 9.999982819990013150e-01 -1.853644800240388923e-03 0.000000000000000000e+00 1.853644800240388923e-03 9.999982819990013150e-01 -0.000000000000000000e+00 0.000000000000000000e+00 0.000000000000000000e+00 1.000000000000000000e+00
1.250560000000013328e-01 9.999979465541048995e-01 -2.026545724484703822e-03 0.000000000000000000e+00 2.026545724484703822e-03 9.999979465541048995e-01 -0.000000000000000000e+00 0.000000000000000000e+00 0.000000000000000000e+00 1.000000000000000000e+00
1.300560000000014760e-01 9.999975559123209790e-01 -2.210920483506946619e-03 0.000000000000000000e+00 2.210920483506946619e-03 9.999975559123209790e-01 -0.000000000000000000e+00 0.000000000000000000e+00 0.000000000000000000e+00 1.000000000000000000e+00
1.351619200000013232e-01 9.999970276352045939e-01 -2.438179803789267738e-03 0.000000000000000000e+00 2.438179803789267738e-03 9.999970276352045939e-01 -0.000000000000000000e+00 0.000000000000000000e+00 0.000000000000000000e+00 1.000000000000000000e+00
1.400992000000013948e-01 9.999963539512318755e-01 -2.700385943240513065e-03 0.000000000000000000e+00 2.700385943240513065e-03 9.999963539512318755e-01 -0.000000000000000000e+00 0.000000000000000000e+00 0.000000000000000000e+00 1.000000000000000000e+00
1.450992000000015381e-01 9.999958309587496652e-01 -2.887570799102002345e-03 0.000000000000000000e+00 2.887570799102002345e-03 9.999958309587496652e-01 -0.000000000000000000e+00 0.000000000000000000e+00 0.000000000000000000e+00 1.000000000000000000e+00
1.500192000000014902e-01 9.999948894047234749e-01 -3.197055588303398914e-03 0.000000000000000000e+00 3.197055588303398914e-03 9.999948894047234749e-01 -0.000000000000000000e+00 0.000000000000000000e+00 0.000000000000000000e+00 1.000000000000000000e+00
1.551232000000015432e-01 9.999942663452355829e-01 -3.386336760269401027e-03 0.000000000000000000e+00 3.386336760269401027e-03 9.999942663452355829e-01 -0.000000000000000000e+00 0.000000000000000000e+00 0.000000000000000000e+00 1.000000000000000000e+00
1.601232000000016864e-01 9.999935588798998243e-01 -3.589177999499084878e-03 0.000000000000000000e+00 3.589177999499084878e-03 9.999935588798998243e-01 -0.000000000000000000e+00 0.000000000000000000e+00 0.000000000000000000e+00 1.000000000000000000e+00
1.650752000000016706e-01 9.999927677487018274e-01 -3.803215782824417683e-03 0.000000000000000000e+00 3.803215782824417683e-03 9.999927677487018274e-01 -0.000000000000000000e+00 0.000000000000000000e+00 0.000000000000000000e+00 1.000000000000000000e+00
1.700352000000017738e-01 9.999919713338603078e-01 -4.007152083445738970e-03 0.000000000000000000e+00 4.007152083445738970e-03 9.999919713338603078e-01 -0.000000000000000000e+00 0.000000000000000000e+00 0.000000000000000000e+00 1.000000000000000000e+00
1.750352000000019170e-01 9.999911002736942001e-01 -4.218930362814855492e-03 0.000000000000000000e+00 4.218930362814855492e-03 9.999911002736942001e-01 -0.000000000000000000e+00 0.000000000000000000e+00 0.000000000000000000e+00 1.000000000000000000e+00
1.800352000000020602e-01 9.999901154826543737e-01 -4.446227275722862589e-03 0.000000000000000000e+00 4.446227275722862589e-03 9.999901154826543737e-01 -0.000000000000000000e+00 0.000000000000000000e+00 0.000000000000000000e+00 1.000000000000000000e+00
1.850352000000022035e-01 9.999890123613028869e-01 -4.687766703453969883e-03 0.000000000000000000e+00 4.687766703453969883e-03 9.999890123613028869e-01 -0.000000000000000000e+00 0.000000000000000000e+00 0.000000000000000000e+00 1.000000000000000000e+00
1.901552000000023279e-01 9.999877233083792616e-01 -4.955121847580063257e-03 0.000000000000000000e+00 4.955121847580063257e-03 9.999877233083792616e-01 -0.000000000000000000e+00 0.000000000000000000e+00 0.000000000000000000e+00 1.000000000000000000e+00
1.951552000000023046e-01 9.999863417296603885e-01 -5.226504963245771213e-03 0.000000000000000000e+00 5.226504963245771213e-03 9.999863417296603885e-01 -0.000000000000000000e+00 0.000000000000000000e+00 0.000000000000000000e+00 1.000000000000000000e+00
2.001552000000024478e-01 9.999848057151169423e-01 -5.512561918026175935e-03 0.000000000000000000e+00 5.512561918026175935e-03 9.999848057151169423e-01 -0.000000000000000000e+00 0.000000000000000000e+00 0.000000000000000000e+00 1.000000000000000000e+00
2.051552000000025355e-01 9.999833278350106491e-01 -5.774430882565989576e-03 0.000000000000000000e+00 5.774430882565989576e-03 9.999833278350106491e-01 -0.000000000000000000e+00 0.000000000000000000e+00 0.000000000000000000e+00 1.000000000000000000e+00
2.101779200000024606e-01 9.999817883926223061e-01 -6.035137371503140197e-03 0.000000000000000000e+00 6.035137371503140197e-03 9.999817883926223061e-01 -0.000000000000000000e+00 0.000000000000000000e+00 0.000000000000000000e+00 1.000000000000000000e+00
2.150213147651634238e-01 9.999801898982122461e-01 -6.294426990236115863e-03 0.000000000000000000e+00 6.294426990236115863e-03 9.999801898982122461e-01 -0.000000000000000000e+00 0.000000000000000000e+00 0.000000000000000000e+00 1.000000000000000000e+00
2.200895772603428946e-01 9.999785144404107484e-01 -6.555200801614236537e-03 0.000000000000000000e+00 6.555200801614236537e-03 9.999785144404107484e-01 -0.000000000000000000e+00 0.000000000000000000e+00 0.000000000000000000e+00 1.000000000000000000e+00
2.251400153660469416e-01 9.999767573723113978e-01 -6.817970017351189516e-03 0.000000000000000000e+00 6.817970017351189516e-03 9.999767573723113978e-01 -0.000000000000000000e+00 0.000000000000000000e+00 0.000000000000000000e+00 1.000000000000000000e+00
2.300167781614627371e-01 9.999749900063386043e-01 -7.072436766980929809e-03 0.000000000000000000e+00 7.072436766980929809e-03 9.999749900063386043e-01 -0.000000000000000000e+00 0.000000000000000000e+00 0.000000000000000000e+00 1.000000000000000000e+00
2.350167781614628804e-01 9.999731063292762734e-01 -7.333936063133745728e-03 0.000000000000000000e+00 7.333936063133745728e-03 9.999731063292762734e-01 -0.000000000000000000e+00 0.000000000000000000e+00 0.000000000000000000e+00 1.000000000000000000e+00
2.400167781614630236e-01 9.999711533659456641e-01 -7.595553698080220045e-03 0.000000000000000000e+00 7.595553698080220045e-03 9.999711533659456641e-01 -0.000000000000000000e+00 0.000000000000000000e+00 0.000000000000000000e+00 1.000000000000000000e+00
2.450167781614631668e-01 9.999691333216783606e-01 -7.856997129408085923e-03 0.000000000000000000e+00 7.856997129408085923e-03 9.999691333216783606e-01 -0.000000000000000000e+00 0.000000000000000000e+00 0.000000000000000000e+00 1.000000000000000000e+00
2.501687781614631567e-01 9.999669589576541950e-01 -8.129021649689918347e-03 0.000000000000000000e+00 8.129021649689918347e-03 9.999669589576541950e-01 -0.000000000000000000e+00 0.000000000000000000e+00 0.000000000000000000e+00 1.000000000000000000e+00
2.551127781614629386e-01 9.999647268019159485e-01 -8.399116142166655058e-03 0.000000000000000000e+00 8.399116142166655058e-03 9.999647268019159485e-01 -0.000000000000000000e+00 0.000000000000000000e+00 0.000000000000000000e+00 1.000000000000000000e+00
2.601127781614623879e-01 9.999622196317321521e-01 -8.692485788277911490e-03 0.000000000000000000e+00 8.692485788277911490e-03 9.999622196317321521e-01 -0.000000000000000000e+00 0.000000000000000000e+00 0.000000000000000000e+00 1.000000000000000000e+00
2.651127781614618373e-01 9.999594157510810488e-01 -9.009264717876606585e-03 0.000000000000000000e+00 9.009264717876606585e-03 9.999594157510810488e-01 -0.000000000000000000e+00 0.000000000000000000e+00 0.000000000000000000e+00 1.000000000000000000e+00
2.700327781614614842e-01 9.999571290197062368e-01 -9.259596247511808070e-03 0.000000000000000000e+00 9.259596247511808070e-03 9.999571290197062368e-01 -0.000000000000000000e+00 0.000000000000000000e+00 0.000000000000000000e+00 1.000000000000000000e+00
2.750797582001259234e-01 9.999543994540258662e-01 -9.549817408660416646e-03 0.000000000000000000e+00 9.549817408660416646e-03 9.999543994540258662e-01 -0.000000000000000000e+00 0.000000000000000000e+00 0.000000000000000000e+00 1.000000000000000000e+00
2.801358391176113072e-01 9.999516581141959515e-01 -9.832671797146965917e-03 0.000000000000000000e+00 9.832671797146965917e-03 9.999516581141959515e-01 -0.000000000000000000e+00 0.000000000000000000e+00 0.000000000000000000e+00 1.000000000000000000e+00
2.850298244490538924e-01 9.999487880194588563e-01 -1.012034280128660396e-02 0.000000000000000000e+00 1.012034280128660396e-02 9.999487880194588563e-01 -0.000000000000000000e+00 0.000000000000000000e+00 0.000000000000000000e+00 1.000000000000000000e+00
2.900298244490533417e-01 9.999461169339008970e-01 -1.038090693598967690e-02 0.000000000000000000e+00 1.038090693598967690e-02 9.999461169339008970e-01 -0.000000000000000000e+00 0.000000000000000000e+00 0.000000000000000000e+00 1.000000000000000000e+00
2.950298244490527910e-01 9.999433172960987548e-01 -1.064716839697933855e-02 0.000000000000000000e+00 1.064716839697933855e-02 9.999433172960987548e-01 -0.000000000000000000e+00 0.000000000000000000e+00 0.000000000000000000e+00 1.000000000000000000e+00
3.000298244490522404e-01 9.999404966369472847e-01 -1.090885811875945063e-02 0.000000000000000000e+00 1.090885811875945063e-02 9.999404966369472847e-01 -0.000000000000000000e+00 0.000000000000000000e+00 0.000000000000000000e+00 1.000000000000000000e+00
3.050298244490516897e-01 9.999376599311865510e-01 -1.116585202046328079e-02 0.000000000000000000e+00 1.116585202046328079e-02 9.999376599311865510e-01 -0.000000000000000000e+00 0.000000000000000000e+00 0.000000000000000000e+00 1.000000000000000000e+00
3.100298244490511390e-01 9.999347628026725721e-01 -1.142235259319013090e-02 0.000000000000000000e+00 1.142235259319013090e-02 9.999347628026725721e-01 -0.000000000000000000e+00 0.000000000000000000e+00 0.000000000000000000e+00 1.000000000000000000e+00
3.150618244490510089e-01 9.999316102221895708e-01 -1.169507924125851896e-02 0.000000000000000000e+00 1.169507924125851896e-02 9.999316102221895708e-01 -0.000000000000000000e+00 0.000000000000000000e+00 0.000000000000000000e+00 1.000000000000000000e+00
3.200891524490511175e-01 9.999284711008326054e-01 -1.196046328331526812e-02 0.000000000000000000e+00 1.196046328331526812e-02 9.999284711008326054e-01 -0.000000000000000000e+00 0.000000000000000000e+00 0.000000000000000000e+00 1.000000000000000000e+00
3.251331844490508161e-01 9.999252570662862105e-01 -1.222621286096766888e-02 0.000000000000000000e+00 1.222621286096766888e-02 9.999252570662862105e-01 -0.000000000000000000e+00 0.000000000000000000e+00 0.000000000000000000e+00 1.000000000000000000e+00
3.301331844490502654e-01 9.999220009929357111e-01 -1.248967294542034472e-02 0.000000000000000000e+00 1.248967294542034472e-02 9.999220009929357111e-01 -0.000000000000000000e+00 0.000000000000000000e+00 0.000000000000000000e+00 1.000000000000000000e+00
3.351331844490497147e-01 9.999186747173384182e-01 -1.275319377732171341e-02 0.000000000000000000e+00 1.275319377732171341e-02 9.999186747173384182e-01 -0.000000000000000000e+00 0.000000000000000000e+00 0.000000000000000000e+00 1.000000000000000000e+00
3.401331844490491640e-01 9.999152626737082272e-01 -1.301796728254238193e-02 0.000000000000000000e+00 1.301796728254238193e-02 9.999152626737082272e-01 -0.000000000000000000e+00 0.000000000000000000e+00 0.000000000000000000e+00 1.000000000000000000e+00
3.451331844490486134e-01 9.999117606974021744e-01 -1.328423196957104549e-02 0.000000000000000000e+00 1.328423196957104549e-02 9.999117606974021744e-01 -0.000000000000000000e+00 0.000000000000000000e+00 0.000000000000000000e+00 1.000000000000000000e+00
3.501331844490480627e-01 9.999081619099532414e-01 -1.355240738241902596e-02 0.000000000000000000e+00 1.355240738241902596e-02 9.999081619099532414e-01 -0.000000000000000000e+00 0.000000000000000000e+00 0.000000000000000000e+00 1.000000000000000000e+00
3.551331844490475120e-01 9.999045110651845203e-01 -1.381914438359226061e-02 0.000000000000000000e+00 1.381914438359226061e-02 9.999045110651845203e-01 -0.000000000000000000e+00 0.000000000000000000e+00 0.000000000000000000e+00 1.000000000000000000e+00
3.601331844490469614e-01 9.999008211102181631e-01 -1.408360547274152726e-02 0.000000000000000000e+00 1.408360547274152726e-02 9.999008211102181631e-01 -0.000000000000000000e+00 0.000000000000000000e+00 0.000000000000000000e+00 1.000000000000000000e+00
3.651331844490464107e-01 9.998970929066182123e-01 -1.434585643641259067e-02 0.000000000000000000e+00 1.434585643641259067e-02 9.998970929066182123e-01 -0.000000000000000000e+00 0.000000000000000000e+00 0.000000000000000000e+00 1.000000000000000000e+00
3.701331844490458600e-01 9.998932897449356316e-01 -1.460852912001910607e-02 0.000000000000000000e+00 1.460852912001910607e-02 9.998932897449356316e-01 -0.000000000000000000e+00 0.000000000000000000e+00 0.000000000000000000e+00 1.000000000000000000e+00
3.751331844490453093e-01 9.998892821118582352e-01 -1.488030637564231526e-02 0.000000000000000000e+00 1.488030637564231526e-02 9.998892821118582352e-01 -0.000000000000000000e+00 0.000000000000000000e+00 0.000000000000000000e+00 1.000000000000000000e+00
3.800131844490455268e-01 9.998846792652729132e-01 -1.518644693740635668e-02 0.000000000000000000e+00 1.518644693740635668e-02 9.998846792652729132e-01 -0.000000000000000000e+00 0.000000000000000000e+00 0.000000000000000000e+00 1.000000000000000000e+00
3.850541055445817484e-01 9.998793706011840365e-01 -1.553203934389798049e-02 0.000000000000000000e+00 1.553203934389798049e-02 9.998793706011840365e-01 -0.000000000000000000e+00 0.000000000000000000e+00 0.000000000000000000e+00 1.000000000000000000e+00
3.900334124166099925e-01 9.998751923654465301e-01 -1.579872438400137247e-02 0.000000000000000000e+00 1.579872438400137247e-02 9.998751923654465301e-01 -0.000000000000000000e+00 0.000000000000000000e+00 0.000000000000000000e+00 1.000000000000000000e+00
3.950803185682745799e-01 9.998709397058250792e-01 -1.606561333377846956e-02 0.000000000000000000e+00 1.606561333377846956e-02 9.998709397058250792e-01 -0.000000000000000000e+00 0.000000000000000000e+00 0.000000000000000000e+00 1.000000000000000000e+00
4.000803185682740293e-01 9.998667903137761215e-01 -1.632181447105982702e-02 0.000000000000000000e+00 1.632181447105982702e-02 9.998667903137761215e-01 -0.000000000000000000e+00 0.000000000000000000e+00 0.000000000000000000e+00 1.000000000000000000e+00
4.050803185682734786e-01 9.998626126923053636e-01 -1.657575760311548810e-02 0.000000000000000000e+00 1.657575760311548810e-02 9.998626126923053636e-01 -0.000000000000000000e+00 0.000000000000000000e+00 0.000000000000000000e+00 1.000000000000000000e+00
4.100403185682729990e-01 9.998584186954240227e-01 -1.682684057945251291e-02 0.000000000000000000e+00 1.682684057945251291e-02 9.998584186954240227e-01 -0.000000000000000000e+00 0.000000000000000000e+00 0.000000000000000000e+00 1.000000000000000000e+00
4.151923185682729889e-01 9.998540363761176941e-01 -1.708525511619372536e-02 0.000000000000000000e+00 1.708525511619372536e-02 9.998540363761176941e-01 -0.000000000000000000e+00 0.000000000000000000e+00 0.000000000000000000e+00 1.000000000000000000e+00
4.201923185682724382e-01 9.998490879901958950e-01 -1.737242772826894793e-02 0.000000000000000000e+00 1.737242772826894793e-02 9.998490879901958950e-01 -0.000000000000000000e+00 0.000000000000000000e+00 0.000000000000000000e+00 1.000000000000000000e+00
4.251123185682720851e-01 9.998445947276286550e-01 -1.762913480418486917e-02 0.000000000000000000e+00 1.762913480418486917e-02 9.998445947276286550e-01 -0.000000000000000000e+00 0.000000000000000000e+00 0.000000000000000000e+00 1.000000000000000000e+00
4.301043185682723036e-01 9.998398818857525683e-01 -1.789442904047905403e-02 0.000000000000000000e+00 1.789442904047905403e-02 9.998398818857525683e-01 -0.000000000000000000e+00 0.000000000000000000e+00 0.000000000000000000e+00 1.000000000000000000e+00
4.350023722924979963e-01 9.998351092408571672e-01 -1.815913900281221696e-02 0.000000000000000000e+00 1.815913900281221696e-02 9.998351092408571672e-01 -0.000000000000000000e+00 0.000000000000000000e+00 0.000000000000000000e+00 1.000000000000000000e+00
4.400676582758242250e-01 9.998301845686692335e-01 -1.842829415277025956e-02 0.000000000000000000e+00 1.842829415277025956e-02 9.998301845686692335e-01 -0.000000000000000000e+00 0.000000000000000000e+00 0.000000000000000000e+00 1.000000000000000000e+00
4.451290062256625935e-01 9.998252402110363590e-01 -1.869462588402581033e-02 0.000000000000000000e+00 1.869462588402581033e-02 9.998252402110363590e-01 -0.000000000000000000e+00 0.000000000000000000e+00 0.000000000000000000e+00 1.000000000000000000e+00
4.501290062256620428e-01 9.998202855402791300e-01 -1.895775889062384714e-02 0.000000000000000000e+00 1.895775889062384714e-02 9.998202855402791300e-01 -0.000000000000000000e+00 0.000000000000000000e+00 0.000000000000000000e+00 1.000000000000000000e+00
4.551290062256614921e-01 9.998152727660463146e-01 -1.922031070916683376e-02 0.000000000000000000e+00 1.922031070916683376e-02 9.998152727660463146e-01 -0.000000000000000000e+00 0.000000000000000000e+00 0.000000000000000000e+00 1.000000000000000000e+00
4.601290062256609414e-01 9.998101761390452147e-01 -1.948362617203786007e-02 0.000000000000000000e+00 1.948362617203786007e-02 9.998101761390452147e-01 -0.000000000000000000e+00 0.000000000000000000e+00 0.000000000000000000e+00 1.000000000000000000e+00
4.651290062256603908e-01 9.998049937102031492e-01 -1.974777334640850229e-02 0.000000000000000000e+00 1.974777334640850229e-02 9.998049937102031492e-01 -0.000000000000000000e+00 0.000000000000000000e+00 0.000000000000000000e+00 1.000000000000000000e+00
4.701290062256598401e-01 9.997997370051737720e-01 -2.001214342307694807e-02 0.000000000000000000e+00 2.001214342307694807e-02 9.997997370051737720e-01 -0.000000000000000000e+00 0.000000000000000000e+00 0.000000000000000000e+00 1.000000000000000000e+00
4.751290062256592894e-01 9.997944247617359670e-01 -2.027580369183774184e-02 0.000000000000000000e+00 2.027580369183774184e-02 9.997944247617359670e-01 -0.000000000000000000e+00 0.000000000000000000e+00 0.000000000000000000e+00 1.000000000000000000e+00
4.801290062256587388e-01 9.997890591454136056e-01 -2.053867603154752378e-02 0.000000000000000000e+00 2.053867603154752378e-02 9.997890591454136056e-01 -0.000000000000000000e+00 0.000000000000000000e+00 0.000000000000000000e+00 1.000000000000000000e+00
4.851290062256581881e-01 9.997836734581169171e-01 -2.079918956579095146e-02 0.000000000000000000e+00 2.079918956579095146e-02 9.997836734581169171e-01 -0.000000000000000000e+00 0.000000000000000000e+00 0.000000000000000000e+00 1.000000000000000000e+00
4.901290062256576374e-01 9.997774850050158424e-01 -2.109456036625593708e-02 0.000000000000000000e+00 2.109456036625593708e-02 9.997774850050158424e-01 -0.000000000000000000e+00 0.000000000000000000e+00 0.000000000000000000e+00 1.000000000000000000e+00
4.951290062256570867e-01 9.997710192712668809e-01 -2.139880896901572016e-02 0.000000000000000000e+00 2.139880896901572016e-02 9.997710192712668809e-01 -0.000000000000000000e+00 0.000000000000000000e+00 0.000000000000000000e+00 1.000000000000000000e+00
5.001290062256565916e-01 9.997654148838307497e-01 -2.165906743519281988e-02 0.000000000000000000e+00 2.165906743519281988e-02 9.997654148838307497e-01 -0.000000000000000000e+00 0.000000000000000000e+00 0.000000000000000000e+00 1.000000000000000000e+00
5.051290062256560409e-01 9.997597624673952854e-01 -2.191842492373690179e-02 0.000000000000000000e+00 2.191842492373690179e-02 9.997597624673952854e-01 -0.000000000000000000e+00 0.000000000000000000e+00 0.000000000000000000e+00 1.000000000000000000e+00
5.101290062256554902e-01 9.997528240121769105e-01 -2.223265345561840564e-02 0.000000000000000000e+00 2.223265345561840564e-02 9.997528240121769105e-01 -0.000000000000000000e+00 0.000000000000000000e+00 0.000000000000000000e+00 1.000000000000000000e+00
5.151290062256549396e-01 9.997464059989430440e-01 -2.251940701255140259e-02 0.000000000000000000e+00 2.251940701255140259e-02 9.997464059989430440e-01 -0.000000000000000000e+00 0.000000000000000000e+00 0.000000000000000000e+00 1.000000000000000000e+00
5.201290062256543889e-01 9.997403741961533585e-01 -2.278561392931282778e-02 0.000000000000000000e+00 2.278561392931282778e-02 9.997403741961533585e-01 -0.000000000000000000e+00 0.000000000000000000e+00 0.000000000000000000e+00 1.000000000000000000e+00
5.251290062256538382e-01 9.997345034132754105e-01 -2.304175959018749109e-02 0.000000000000000000e+00 2.304175959018749109e-02 9.997345034132754105e-01 -0.000000000000000000e+00 0.000000000000000000e+00 0.000000000000000000e+00 1.000000000000000000e+00
5.301290062256532876e-01 9.997286378555786390e-01 -2.329486319834220623e-02 0.000000000000000000e+00 2.329486319834220623e-02 9.997286378555786390e-01 -0.000000000000000000e+00 0.000000000000000000e+00 0.000000000000000000e+00 1.000000000000000000e+00
5.351290062256527369e-01 9.997226842056690099e-01 -2.354898478942498222e-02 0.000000000000000000e+00 2.354898478942498222e-02 9.997226842056690099e-01 -0.000000000000000000e+00 0.000000000000000000e+00 0.000000000000000000e+00 1.000000000000000000e+00
5.401290062256521862e-01 9.997166404852323440e-01 -2.380417477924980443e-02 0.000000000000000000e+00 2.380417477924980443e-02 9.997166404852323440e-01 -0.000000000000000000e+00 0.000000000000000000e+00 0.000000000000000000e+00 1.000000000000000000e+00
5.451290062256516356e-01 9.997102433333758809e-01 -2.407133927148108823e-02 0.000000000000000000e+00 2.407133927148108823e-02 9.997102433333758809e-01 -0.000000000000000000e+00 0.000000000000000000e+00 0.000000000000000000e+00 1.000000000000000000e+00
5.501290062256510849e-01 9.997039476448392747e-01 -2.433140076783741126e-02 0.000000000000000000e+00 2.433140076783741126e-02 9.997039476448392747e-01 -0.000000000000000000e+00 0.000000000000000000e+00 0.000000000000000000e+00 1.000000000000000000e+00
5.551290062256505342e-01 9.996974852734770156e-01 -2.459548612828163158e-02 0.000000000000000000e+00 2.459548612828163158e-02 9.996974852734770156e-01 -0.000000000000000000e+00 0.000000000000000000e+00 0.000000000000000000e+00 1.000000000000000000e+00
5.601290062256499835e-01 9.996910073710213451e-01 -2.485738887157916757e-02 0.000000000000000000e+00 2.485738887157916757e-02 9.996910073710213451e-01 -0.000000000000000000e+00 0.000000000000000000e+00 0.000000000000000000e+00 1.000000000000000000e+00
5.651290062256494329e-01 9.996844904363377804e-01 -2.511811260903311360e-02 0.000000000000000000e+00 2.511811260903311360e-02 9.996844904363377804e-01 -0.000000000000000000e+00 0.000000000000000000e+00 0.000000000000000000e+00 1.000000000000000000e+00
5.701290062256488822e-01 9.996778654912475970e-01 -2.538041069138906314e-02 0.000000000000000000e+00 2.538041069138906314e-02 9.996778654912475970e-01 -0.000000000000000000e+00 0.000000000000000000e+00 0.000000000000000000e+00 1.000000000000000000e+00
5.751290062256483315e-01 9.996710979915066630e-01 -2.564558130470112607e-02 0.000000000000000000e+00 2.564558130470112607e-02 9.996710979915066630e-01 -0.000000000000000000e+00 0.000000000000000000e+00 0.000000000000000000e+00 1.000000000000000000e+00
5.801290062256477809e-01 9.996642510845105134e-01 -2.591110000839329242e-02 0.000000000000000000e+00 2.591110000839329242e-02 9.996642510845105134e-01 -0.000000000000000000e+00 0.000000000000000000e+00 0.000000000000000000e+00 1.000000000000000000e+00
5.851290062256472302e-01 9.996572965182125570e-01 -2.617803502745773281e-02 0.000000000000000000e+00 2.617803502745773281e-02 9.996572965182125570e-01 -0.000000000000000000e+00 0.000000000000000000e+00 0.000000000000000000e+00 1.000000000000000000e+00
5.900490062256472656e-01 9.996504515708326544e-01 -2.643812917418290193e-02 0.000000000000000000e+00 2.643812917418290193e-02 9.996504515708326544e-01 -0.000000000000000000e+00 0.000000000000000000e+00 0.000000000000000000e+00 1.000000000000000000e+00
5.950490062256467150e-01 9.996434888692287135e-01 -2.670009665444623981e-02 0.000000000000000000e+00 2.670009665444623981e-02 9.996434888692287135e-01 -0.000000000000000000e+00 0.000000000000000000e+00 0.000000000000000000e+00 1.000000000000000000e+00
6.000490062256461643e-01 9.996364223687365103e-01 -2.696336540258800415e-02 0.000000000000000000e+00 2.696336540258800415e-02 9.996364223687365103e-01 -0.000000000000000000e+00 0.000000000000000000e+00 0.000000000000000000e+00 1.000000000000000000e+00
6.051690062256461777e-01 9.996291421909128116e-01 -2.723193130610150267e-02 0.000000000000000000e+00 2.723193130610150267e-02 9.996291421909128116e-01 -0.000000000000000000e+00 0.000000000000000000e+00 0.000000000000000000e+00 1.000000000000000000e+00
6.101690062256456271e-01 9.996211322142872779e-01 -2.752438974122494927e-02 0.000000000000000000e+00 2.752438974122494927e-02 9.996211322142872779e-01 -0.000000000000000000e+00 0.000000000000000000e+00 0.000000000000000000e+00 1.000000000000000000e+00
6.151690062256450764e-01 9.996132573940040844e-01 -2.780891299833298386e-02 0.000000000000000000e+00 2.780891299833298386e-02 9.996132573940040844e-01 -0.000000000000000000e+00 0.000000000000000000e+00 0.000000000000000000e+00 1.000000000000000000e+00
6.200490062256451829e-01 9.996036751231996975e-01 -2.815124651224396382e-02 0.000000000000000000e+00 2.815124651224396382e-02 9.996036751231996975e-01 -0.000000000000000000e+00 0.000000000000000000e+00 0.000000000000000000e+00 1.000000000000000000e+00
6.250720637701232540e-01 9.995963952655023688e-01 -2.840856512064775588e-02 0.000000000000000000e+00 2.840856512064775588e-02 9.995963952655023688e-01 -0.000000000000000000e+00 0.000000000000000000e+00 0.000000000000000000e+00 1.000000000000000000e+00
6.301224587763237794e-01 9.995891043713778235e-01 -2.866395684526007459e-02 0.000000000000000000e+00 2.866395684526007459e-02 9.995891043713778235e-01 -0.000000000000000000e+00 0.000000000000000000e+00 0.000000000000000000e+00 1.000000000000000000e+00
6.350716955049234835e-01 9.995818906078804966e-01 -2.891442492555678506e-02 0.000000000000000000e+00 2.891442492555678506e-02 9.995818906078804966e-01 -0.000000000000000000e+00 0.000000000000000000e+00 0.000000000000000000e+00 1.000000000000000000e+00
6.400716955049229329e-01 9.995745090235237384e-01 -2.916849173992201727e-02 0.000000000000000000e+00 2.916849173992201727e-02 9.995745090235237384e-01 -0.000000000000000000e+00 0.000000000000000000e+00 0.000000000000000000e+00 1.000000000000000000e+00
6.450716955049223822e-01 9.995668492062144139e-01 -2.942981426990828875e-02 0.000000000000000000e+00 2.942981426990828875e-02 9.995668492062144139e-01 -0.000000000000000000e+00 0.000000000000000000e+00 0.000000000000000000e+00 1.000000000000000000e+00
6.500716955049218315e-01 9.995588768539164226e-01 -2.969935525457649203e-02 0.000000000000000000e+00 2.969935525457649203e-02 9.995588768539164226e-01 -0.000000000000000000e+00 0.000000000000000000e+00 0.000000000000000000e+00 1.000000000000000000e+00
6.550268955049218800e-01 9.995509919650242825e-01 -2.996355222159734211e-02 0.000000000000000000e+00 2.996355222159734211e-02 9.995509919650242825e-01 -0.000000000000000000e+00 0.000000000000000000e+00 0.000000000000000000e+00 1.000000000000000000e+00
6.600995355049217306e-01 9.995430707295253070e-01 -3.022663984950111488e-02 0.000000000000000000e+00 3.022663984950111488e-02 9.995430707295253070e-01 -0.000000000000000000e+00 0.000000000000000000e+00 0.000000000000000000e+00 1.000000000000000000e+00
6.650995355049211799e-01 9.995346469321139127e-01 -3.050392732575160984e-02 0.000000000000000000e+00 3.050392732575160984e-02 9.995346469321139127e-01 -0.000000000000000000e+00 0.000000000000000000e+00 0.000000000000000000e+00 1.000000000000000000e+00
6.700995355049206292e-01 9.995266249697615235e-01 -3.076566229675899503e-02 0.000000000000000000e+00 3.076566229675899503e-02 9.995266249697615235e-01 -0.000000000000000000e+00 0.000000000000000000e+00 0.000000000000000000e+00 1.000000000000000000e+00
6.750995355049200786e-01 9.995184886813143210e-01 -3.102887017314372511e-02 0.000000000000000000e+00 3.102887017314372511e-02 9.995184886813143210e-01 -0.000000000000000000e+00 0.000000000000000000e+00 0.000000000000000000e+00 1.000000000000000000e+00
6.800995355049195279e-01 9.995103696333913490e-01 -3.128931119922426923e-02 0.000000000000000000e+00 3.128931119922426923e-02 9.995103696333913490e-01 -0.000000000000000000e+00 0.000000000000000000e+00 0.000000000000000000e+00 1.000000000000000000e+00
6.851315355049196754e-01 9.995020703911792204e-01 -3.155330860221645939e-02 0.000000000000000000e+00 3.155330860221645939e-02 9.995020703911792204e-01 -0.000000000000000000e+00 0.000000000000000000e+00 0.000000000000000000e+00 1.000000000000000000e+00
6.901155355049191087e-01 9.994937483836694447e-01 -3.181582848147070791e-02 0.000000000000000000e+00 3.181582848147070791e-02 9.994937483836694447e-01 -0.000000000000000000e+00 0.000000000000000000e+00 0.000000000000000000e+00 1.000000000000000000e+00
6.951155355049185580e-01 9.994854603696973205e-01 -3.207513849657653987e-02 0.000000000000000000e+00 3.207513849657653987e-02 9.994854603696973205e-01 -0.000000000000000000e+00 0.000000000000000000e+00 0.000000000000000000e+00 1.000000000000000000e+00
7.001155355049180073e-01 9.994771956696101300e-01 -3.233164605170045502e-02 0.000000000000000000e+00 3.233164605170045502e-02 9.994771956696101300e-01 -0.000000000000000000e+00 0.000000000000000000e+00 0.000000000000000000e+00 1.000000000000000000e+00
7.051155355049174567e-01 9.994687592054428693e-01 -3.259140028186441329e-02 0.000000000000000000e+00 3.259140028186441329e-02 9.994687592054428693e-01 -0.000000000000000000e+00 0.000000000000000000e+00 0.000000000000000000e+00 1.000000000000000000e+00
7.101155355049169060e-01 9.994601829751554867e-01 -3.285335062469383477e-02 0.000000000000000000e+00 3.285335062469383477e-02 9.994601829751554867e-01 -0.000000000000000000e+00 0.000000000000000000e+00 0.000000000000000000e+00 1.000000000000000000e+00
7.151555355049166174e-01 9.994513382959876457e-01 -3.312132814908623490e-02 0.000000000000000000e+00 3.312132814908623490e-02 9.994513382959876457e-01 -0.000000000000000000e+00 0.000000000000000000e+00 0.000000000000000000e+00 1.000000000000000000e+00
7.201395355049164948e-01 9.994424109314240523e-01 -3.338962760473368485e-02 0.000000000000000000e+00 3.338962760473368485e-02 9.994424109314240523e-01 -0.000000000000000000e+00 0.000000000000000000e+00 0.000000000000000000e+00 1.000000000000000000e+00
7.251395355049166103e-01 9.994328273925208173e-01 -3.367526585184073967e-02 0.000000000000000000e+00 3.367526585184073967e-02 9.994328273925208173e-01 -0.000000000000000000e+00 0.000000000000000000e+00 0.000000000000000000e+00 1.000000000000000000e+00
7.300582580649175313e-01 9.994226749968131429e-01 -3.397523660278214258e-02 0.000000000000000000e+00 3.397523660278214258e-02 9.994226749968131429e-01 -0.000000000000000000e+00 0.000000000000000000e+00 0.000000000000000000e+00 1.000000000000000000e+00
7.350024516107486194e-01 9.994143927914999059e-01 -3.421799937456609930e-02 0.000000000000000000e+00 3.421799937456609930e-02 9.994143927914999059e-01 -0.000000000000000000e+00 0.000000000000000000e+00 0.000000000000000000e+00 1.000000000000000000e+00
7.400952736132683230e-01 9.994052491847286168e-01 -3.448402386629095817e-02 0.000000000000000000e+00 3.448402386629095817e-02 9.994052491847286168e-01 -0.000000000000000000e+00 0.000000000000000000e+00 0.000000000000000000e+00 1.000000000000000000e+00
7.450502819291840995e-01 9.993938701774015554e-01 -3.481224284408300507e-02 0.000000000000000000e+00 3.481224284408300507e-02 9.993938701774015554e-01 -0.000000000000000000e+00 0.000000000000000000e+00 0.000000000000000000e+00 1.000000000000000000e+00
7.501890859165966097e-01 9.993843383373460787e-01 -3.508481560483667910e-02 0.000000000000000000e+00 3.508481560483667910e-02 9.993843383373460787e-01 -0.000000000000000000e+00 0.000000000000000000e+00 0.000000000000000000e+00 1.000000000000000000e+00
7.551090859165967561e-01 9.993750036680099091e-01 -3.534971065745153018e-02 0.000000000000000000e+00 3.534971065745153018e-02 9.993750036680099091e-01 -0.000000000000000000e+00 0.000000000000000000e+00 0.000000000000000000e+00 1.000000000000000000e+00
7.600514859165968806e-01 9.993660941166735423e-01 -3.560070125691762455e-02 0.000000000000000000e+00 3.560070125691762455e-02 9.993660941166735423e-01 -0.000000000000000000e+00 0.000000000000000000e+00 0.000000000000000000e+00 1.000000000000000000e+00
7.650162859165966500e-01 9.993570268102213161e-01 -3.585432979480793203e-02 0.000000000000000000e+00 3.585432979480793203e-02 9.993570268102213161e-01 -0.000000000000000000e+00 0.000000000000000000e+00 0.000000000000000000e+00 1.000000000000000000e+00
7.700162859165960993e-01 9.993477965735197976e-01 -3.611068378820172370e-02 0.000000000000000000e+00 3.611068378820172370e-02 9.993477965735197976e-01 -0.000000000000000000e+00 0.000000000000000000e+00 0.000000000000000000e+00 1.000000000000000000e+00
7.750162859165955487e-01 9.993383558219941509e-01 -3.637101294979121213e-02 0.000000000000000000e+00 3.637101294979121213e-02 9.993383558219941509e-01 -0.000000000000000000e+00 0.000000000000000000e+00 0.000000000000000000e+00 1.000000000000000000e+00
7.800226476591352043e-01 9.993284087720334385e-01 -3.664329981259702163e-02 0.000000000000000000e+00 3.664329981259702163e-02 9.993284087720334385e-01 -0.000000000000000000e+00 0.000000000000000000e+00 0.000000000000000000e+00 1.000000000000000000e+00
7.850934286004754847e-01 9.993182642130202797e-01 -3.691892211693877102e-02 0.000000000000000000e+00 3.691892211693877102e-02 9.993182642130202797e-01 -0.000000000000000000e+00 0.000000000000000000e+00 0.000000000000000000e+00 1.000000000000000000e+00
7.901514752950987708e-01 9.993087014401935697e-01 -3.717686412157725218e-02 0.000000000000000000e+00 3.717686412157725218e-02 9.993087014401935697e-01 -0.000000000000000000e+00 0.000000000000000000e+00 0.000000000000000000e+00 1.000000000000000000e+00
7.951173624917605709e-01 9.992991267611459616e-01 -3.743334415212642291e-02 0.000000000000000000e+00 3.743334415212642291e-02 9.992991267611459616e-01 -0.000000000000000000e+00 0.000000000000000000e+00 0.000000000000000000e+00 1.000000000000000000e+00
8.001173624917600202e-01 9.992894793360483918e-01 -3.769000515109874327e-02 0.000000000000000000e+00 3.769000515109874327e-02 9.992894793360483918e-01 -0.000000000000000000e+00 0.000000000000000000e+00 0.000000000000000000e+00 1.000000000000000000e+00
8.051173624917594696e-01 9.992796874730688339e-01 -3.794873125318225932e-02 0.000000000000000000e+00 3.794873125318225932e-02 9.992796874730688339e-01 -0.000000000000000000e+00 0.000000000000000000e+00 0.000000000000000000e+00 1.000000000000000000e+00
8.101173624917589189e-01 9.992697990283593290e-01 -3.820822882341864263e-02 0.000000000000000000e+00 3.820822882341864263e-02 9.992697990283593290e-01 -0.000000000000000000e+00 0.000000000000000000e+00 0.000000000000000000e+00 1.000000000000000000e+00
8.151173624917583682e-01 9.992597213136462653e-01 -3.847088977622528660e-02 0.000000000000000000e+00 3.847088977622528660e-02 9.992597213136462653e-01 -0.000000000000000000e+00 0.000000000000000000e+00 0.000000000000000000e+00 1.000000000000000000e+00
8.201173624917578175e-01 9.992498152301010350e-01 -3.872733869773767323e-02 0.000000000000000000e+00 3.872733869773767323e-02 9.992498152301010350e-01 -0.000000000000000000e+00 0.000000000000000000e+00 0.000000000000000000e+00 1.000000000000000000e+00
8.250133624917578290e-01 9.992403864170058547e-01 -3.896986211411479495e-02 0.000000000000000000e+00 3.896986211411479495e-02 9.992403864170058547e-01 -0.000000000000000000e+00 0.000000000000000000e+00 0.000000000000000000e+00 1.000000000000000000e+00
8.300053624917572703e-01 9.992318661418737591e-01 -3.918772367245757643e-02 0.000000000000000000e+00 3.918772367245757643e-02 9.992318661418737591e-01 -0.000000000000000000e+00 0.000000000000000000e+00 0.000000000000000000e+00 1.000000000000000000e+00
8.350053624917567197e-01 9.992230978934213415e-01 -3.941066652918297913e-02 0.000000000000000000e+00 3.941066652918297913e-02 9.992230978934213415e-01 -0.000000000000000000e+00 0.000000000000000000e+00 0.000000000000000000e+00 1.000000000000000000e+00
8.400053624917561690e-01 9.992130808673432840e-01 -3.966382512557674322e-02 0.000000000000000000e+00 3.966382512557674322e-02 9.992130808673432840e-01 -0.000000000000000000e+00 0.000000000000000000e+00 0.000000000000000000e+00 1.000000000000000000e+00
8.450739704917556994e-01 9.992023868265205166e-01 -3.993231974459997974e-02 0.000000000000000000e+00 3.993231974459997974e-02 9.992023868265205166e-01 -0.000000000000000000e+00 0.000000000000000000e+00 0.000000000000000000e+00 1.000000000000000000e+00
8.501181453397564924e-01 9.991912608902668858e-01 -4.020975205741651043e-02 0.000000000000000000e+00 4.020975205741651043e-02 9.991912608902668858e-01 -0.000000000000000000e+00 0.000000000000000000e+00 0.000000000000000000e+00 1.000000000000000000e+00
8.550375606152772479e-01 9.991710866568129790e-01 -4.070797942718189233e-02 0.000000000000000000e+00 4.070797942718189233e-02 9.991710866568129790e-01 -0.000000000000000000e+00 0.000000000000000000e+00 0.000000000000000000e+00 1.000000000000000000e+00
8.600237277356411747e-01 9.991618375098065830e-01 -4.093436776142179989e-02 0.000000000000000000e+00 4.093436776142179989e-02 9.991618375098065830e-01 -0.000000000000000000e+00 0.000000000000000000e+00 0.000000000000000000e+00 1.000000000000000000e+00
8.651878964725919774e-01 9.991503243059445261e-01 -4.121443241543057412e-02 0.000000000000000000e+00 4.121443241543057412e-02 9.991503243059445261e-01 -0.000000000000000000e+00 0.000000000000000000e+00 0.000000000000000000e+00 1.000000000000000000e+00
8.701341364725921901e-01 9.991400340201419539e-01 -4.146314530073572785e-02 0.000000000000000000e+00 4.146314530073572785e-02 9.991400340201419539e-01 -0.000000000000000000e+00 0.000000000000000000e+00 0.000000000000000000e+00 1.000000000000000000e+00
8.750070964725922273e-01 9.991306058841178395e-01 -4.168971558593120158e-02 0.000000000000000000e+00 4.168971558593120158e-02 9.991306058841178395e-01 -0.000000000000000000e+00 0.000000000000000000e+00 0.000000000000000000e+00 1.000000000000000000e+00
8.801670964725918367e-01 9.991189447494701614e-01 -4.196825279547988091e-02 0.000000000000000000e+00 4.196825279547988091e-02 9.991189447494701614e-01 -0.000000000000000000e+00 0.000000000000000000e+00 0.000000000000000000e+00 1.000000000000000000e+00
8.851670964725912860e-01 9.991100060637813085e-01 -4.218051425992001835e-02 0.000000000000000000e+00 4.218051425992001835e-02 9.991100060637813085e-01 -0.000000000000000000e+00 0.000000000000000000e+00 0.000000000000000000e+00 1.000000000000000000e+00
8.900070964725916856e-01 9.991026031737014756e-01 -4.235549942490889064e-02 0.000000000000000000e+00 4.235549942490889064e-02 9.991026031737014756e-01 -0.000000000000000000e+00 0.000000000000000000e+00 0.000000000000000000e+00 1.000000000000000000e+00
8.951990964725915489e-01 9.990909974135128158e-01 -4.262838124151936692e-02 0.000000000000000000e+00 4.262838124151936692e-02 9.990909974135128158e-01 -0.000000000000000000e+00 0.000000000000000000e+00 0.000000000000000000e+00 1.000000000000000000e+00
9.001990964725909983e-01 9.990796322174441135e-01 -4.289392134390409422e-02 0.000000000000000000e+00 4.289392134390409422e-02 9.990796322174441135e-01 -0.000000000000000000e+00 0.000000000000000000e+00 0.000000000000000000e+00 1.000000000000000000e+00
9.050390964725923970e-01 9.990697956346559216e-01 -4.312242398714374175e-02 0.000000000000000000e+00 4.312242398714374175e-02 9.990697956346559216e-01 -0.000000000000000000e+00 0.000000000000000000e+00 0.000000000000000000e+00 1.000000000000000000e+00
9.100080564725930854e-01 9.990596968609932738e-01 -4.335576210863569674e-02 0.000000000000000000e+00 4.335576210863569674e-02 9.990596968609932738e-01 -0.000000000000000000e+00 0.000000000000000000e+00 0.000000000000000000e+00 1.000000000000000000e+00
9.151775284725932602e-01 9.990476026616107452e-01 -4.363356066250771020e-02 0.000000000000000000e+00 4.363356066250771020e-02 9.990476026616107452e-01 -0.000000000000000000e+00 0.000000000000000000e+00 0.000000000000000000e+00 1.000000000000000000e+00
9.201775284725927095e-01 9.990358369810560246e-01 -4.390212326939562509e-02 0.000000000000000000e+00 4.390212326939562509e-02 9.990358369810560246e-01 -0.000000000000000000e+00 0.000000000000000000e+00 0.000000000000000000e+00 1.000000000000000000e+00
9.251775284725921589e-01 9.990239933974294217e-01 -4.417081181338208123e-02 0.000000000000000000e+00 4.417081181338208123e-02 9.990239933974294217e-01 -0.000000000000000000e+00 0.000000000000000000e+00 0.000000000000000000e+00 1.000000000000000000e+00
9.301775284725916082e-01 9.990119295174653136e-01 -4.444282486286425110e-02 0.000000000000000000e+00 4.444282486286425110e-02 9.990119295174653136e-01 -0.000000000000000000e+00 0.000000000000000000e+00 0.000000000000000000e+00 1.000000000000000000e+00
9.351775284725910575e-01 9.989996905306638419e-01 -4.471709203020966805e-02 0.000000000000000000e+00 4.471709203020966805e-02 9.989996905306638419e-01 -0.000000000000000000e+00 0.000000000000000000e+00 0.000000000000000000e+00 1.000000000000000000e+00
9.401775284725905069e-01 9.989874093314716763e-01 -4.499062121370375755e-02 0.000000000000000000e+00 4.499062121370375755e-02 9.989874093314716763e-01 -0.000000000000000000e+00 0.000000000000000000e+00 0.000000000000000000e+00 1.000000000000000000e+00
9.451775284725899562e-01 9.989750249159924378e-01 -4.526477210914084393e-02 0.000000000000000000e+00 4.526477210914084393e-02 9.989750249159924378e-01 -0.000000000000000000e+00 0.000000000000000000e+00 0.000000000000000000e+00 1.000000000000000000e+00
9.501775284725894055e-01 9.989625218604979429e-01 -4.553987174020553141e-02 0.000000000000000000e+00 4.553987174020553141e-02 9.989625218604979429e-01 -0.000000000000000000e+00 0.000000000000000000e+00 0.000000000000000000e+00 1.000000000000000000e+00
9.551775284725888548e-01 9.989499345418330067e-01 -4.581515337601682614e-02 0.000000000000000000e+00 4.581515337601682614e-02 9.989499345418330067e-01 -0.000000000000000000e+00 0.000000000000000000e+00 0.000000000000000000e+00 1.000000000000000000e+00
9.601775284725883042e-01 9.989372270566814205e-01 -4.609139182437760329e-02 0.000000000000000000e+00 4.609139182437760329e-02 9.989372270566814205e-01 -0.000000000000000000e+00 0.000000000000000000e+00 0.000000000000000000e+00 1.000000000000000000e+00
9.651775284725877535e-01 9.989246559195263941e-01 -4.636304342961154734e-02 0.000000000000000000e+00 4.636304342961154734e-02 9.989246559195263941e-01 -0.000000000000000000e+00 0.000000000000000000e+00 0.000000000000000000e+00 1.000000000000000000e+00
9.701775284725872028e-01 9.989120886472681038e-01 -4.663302643355807242e-02 0.000000000000000000e+00 4.663302643355807242e-02 9.989120886472681038e-01 -0.000000000000000000e+00 0.000000000000000000e+00 0.000000000000000000e+00 1.000000000000000000e+00
9.751775284725866522e-01 9.988995442804839975e-01 -4.690096412912688612e-02 0.000000000000000000e+00 4.690096412912688612e-02 9.988995442804839975e-01 -0.000000000000000000e+00 0.000000000000000000e+00 0.000000000000000000e+00 1.000000000000000000e+00
9.801775284725861015e-01 9.988869345162427749e-01 -4.716876140777541415e-02 0.000000000000000000e+00 4.716876140777541415e-02 9.988869345162427749e-01 -0.000000000000000000e+00 0.000000000000000000e+00 0.000000000000000000e+00 1.000000000000000000e+00
9.851775284725855508e-01 9.988741527094429085e-01 -4.743866618058245610e-02 0.000000000000000000e+00 4.743866618058245610e-02 9.988741527094429085e-01 -0.000000000000000000e+00 0.000000000000000000e+00 0.000000000000000000e+00 1.000000000000000000e+00
9.901775284725850002e-01 9.988613343189035598e-01 -4.770780651696205493e-02 0.000000000000000000e+00 4.770780651696205493e-02 9.988613343189035598e-01 -0.000000000000000000e+00 0.000000000000000000e+00 0.000000000000000000e+00 1.000000000000000000e+00
9.951775284725844495e-01 9.988483972047150772e-01 -4.797790534790021683e-02 0.000000000000000000e+00 4.797790534790021683e-02 9.988483972047150772e-01 -0.000000000000000000e+00 0.000000000000000000e+00 0.000000000000000000e+00 1.000000000000000000e+00
1.000000000000000000e+00 9.988359799836231678e-01 -4.823572421095397716e-02 0.000000000000000000e+00 4.823572421095397716e-02 9.988359799836231678e-01 -0.000000000000000000e+00 0.000000000000000000e+00 0.000000000000000000e+00 1.000000000000000000e+00
