time error_arcsec
0.000000000000000000e+00 0.000000000000000000e+00
5.000000000000000104e-03 -2.842698964781884996e+01
1.000000000000000021e-02 -2.981581470416309898e+01
1.499999999999999944e-02 -2.962512844514554899e+01
2.000000000000000042e-02 -2.936993443562819905e+01
2.500000000000000139e-02 -2.914048649339729735e+01
2.999999999999999889e-02 -2.887109481321740034e+01
3.500000000000000333e-02 -2.853580713168740601e+01
4.000000000000000083e-02 -2.812881869904515142e+01
4.499999999999999833e-02 -2.770564941654293634e+01
5.000000000000000278e-02 -2.723864611848972928e+01
5.500000000000000028e-02 -2.682096176593644898e+01
5.999999999999999778e-02 -2.639475043555599854e+01
6.500000000000000222e-02 -2.591289736716638714e+01
7.000000000000000666e-02 -2.534437964542909327e+01
7.499999999999999722e-02 -2.466645176710883547e+01
8.000000000000000167e-02 -2.396723843734040926e+01
8.500000000000000611e-02 -2.309320072861651596e+01
8.999999999999999667e-02 -2.240309670904457562e+01
9.500000000000000111e-02 -2.182040355944441856e+01
1.000000000000000056e-01 -2.115182457687350137e+01
1.049999999999999961e-01 -2.038594539263480954e+01
1.100000000000000006e-01 -1.951514480358670767e+01
1.150000000000000050e-01 -1.833940920989029166e+01
1.199999999999999956e-01 -1.681669567360099649e+01
1.250000000000000000e-01 -1.509405792589401862e+01
1.300000000000000044e-01 -1.239814753934559377e+01
1.350000000000000089e-01 -3.289825994384814045e+00
1.400000000000000133e-01 1.312607982757047864e+01
1.449999999999999900e-01 1.259480858923503632e+01
1.499999999999999944e-01 3.611252951805509781e+01
1.549999999999999989e-01 3.221634615560201809e+01
1.600000000000000033e-01 3.035205964044681437e+01
1.650000000000000078e-01 2.986779148814582641e+01
1.700000000000000122e-01 2.592563999759157767e+01
1.750000000000000167e-01 2.183014607953593611e+01
1.799999999999999933e-01 1.953755859343034729e+01
1.849999999999999978e-01 1.880001784063698622e+01
1.900000000000000022e-01 2.068615348191674741e+01
1.950000000000000067e-01 2.329057753617615134e+01
2.000000000000000111e-01 2.750929677887284797e+01
2.050000000000000155e-01 2.631493117339073962e+01
2.099999999999999922e-01 2.447756706850543651e+01
2.149999999999999967e-01 2.424581410845495100e+01
2.200000000000000011e-01 2.193545246757867773e+01
2.250000000000000056e-01 2.020013197572201591e+01
2.300000000000000100e-01 1.862637699076881503e+01
2.350000000000000144e-01 1.718084570032903713e+01
2.399999999999999911e-01 1.576016251870746743e+01
2.449999999999999956e-01 1.430385586840299084e+01
2.500000000000000000e-01 1.337290368448089950e+01
2.550000000000000044e-01 1.426848340625894451e+01
2.600000000000000089e-01 1.930385193836966806e+01
2.650000000000000133e-01 2.915322281433715901e+01
2.700000000000000178e-01 2.653518109313931461e+01
2.750000000000000222e-01 3.041358404213820776e+01
2.800000000000000266e-01 3.275312882604104203e+01
2.850000000000000311e-01 3.791379292591836503e+01
2.899999999999999800e-01 3.631823135297957350e+01
2.949999999999999845e-01 3.585000967841033770e+01
2.999999999999999889e-01 3.445153386833115405e+01
3.049999999999999933e-01 3.208472204562645658e+01
3.099999999999999978e-01 2.961112848762414629e+01
3.150000000000000022e-01 3.010858934145443300e+01
3.200000000000000067e-01 2.918759523774153308e+01
3.250000000000000111e-01 2.814511101051194686e+01
3.300000000000000155e-01 2.710701751532967307e+01
3.350000000000000200e-01 2.608146698379439954e+01
3.400000000000000244e-01 2.530795408251696799e+01
3.450000000000000289e-01 2.484092422389572263e+01
3.500000000000000333e-01 2.476593488055075554e+01
3.549999999999999822e-01 2.441282713592796583e+01
3.599999999999999867e-01 2.359503700568411944e+01
3.649999999999999911e-01 2.232117063093587817e+01
3.699999999999999956e-01 2.112004156224365659e+01
3.750000000000000000e-01 2.174956987435085054e+01
3.800000000000000044e-01 3.084086762577347685e+01
3.850000000000000089e-01 4.615364030171499365e+01
3.900000000000000133e-01 4.617954833139780391e+01
3.950000000000000178e-01 4.534468329843821977e+01
4.000000000000000222e-01 4.283947023675645482e+01
4.050000000000000266e-01 3.984895243614215588e+01
4.100000000000000311e-01 3.668162376989019435e+01
4.150000000000000355e-01 3.303755448727869037e+01
4.199999999999999845e-01 3.660663846377583752e+01
4.249999999999999889e-01 3.524948040051866371e+01
4.299999999999999933e-01 3.465964385736269548e+01
4.349999999999999978e-01 3.500149288248429968e+01
4.400000000000000022e-01 3.442817210749792878e+01
4.450000000000000067e-01 3.332911794475339917e+01
4.500000000000000111e-01 3.222903845368529119e+01
4.550000000000000155e-01 3.101257934466894639e+01
4.600000000000000200e-01 2.994677806850929258e+01
4.650000000000000244e-01 2.905247938803992369e+01
4.700000000000000289e-01 2.820769168648054048e+01
4.750000000000000333e-01 2.722171884444055578e+01
4.799999999999999822e-01 2.607389639175942975e+01
4.849999999999999867e-01 2.444808483892081341e+01
4.899999999999999911e-01 2.981588576486915798e+01
4.949999999999999956e-01 3.715395188266100490e+01
5.000000000000000000e-01 3.569809889894661126e+01
5.050000000000000044e-01 3.382729722818504570e+01
5.100000000000000089e-01 4.298067062204482625e+01
5.150000000000000133e-01 4.690427917096868526e+01
5.200000000000000178e-01 4.655224090426433747e+01
5.250000000000000222e-01 4.406888661120569139e+01
5.300000000000000266e-01 4.092084093814155210e+01
5.350000000000000311e-01 3.796152276700396300e+01
5.400000000000000355e-01 3.522268548382811559e+01
5.450000000000000400e-01 3.489674408615091039e+01
5.500000000000000444e-01 3.320718240843321212e+01
5.550000000000000488e-01 3.228895991845614333e+01
5.600000000000000533e-01 3.095379519457812023e+01
5.650000000000000577e-01 2.937037565641870174e+01
5.700000000000000622e-01 2.809748749990226813e+01
5.750000000000000666e-01 2.741074548780125042e+01
5.799999999999999600e-01 2.680963759992027917e+01
5.849999999999999645e-01 2.649545598272362312e+01
5.899999999999999689e-01 2.566421034899698128e+01
5.949999999999999734e-01 2.433810947736229480e+01
5.999999999999999778e-01 2.327349428914155638e+01
6.049999999999999822e-01 2.200812208917526647e+01
6.099999999999999867e-01 2.675945318116344041e+01
6.149999999999999911e-01 3.013977534086777155e+01
6.199999999999999956e-01 4.666925532150029454e+01
6.250000000000000000e-01 4.432926350275342742e+01
6.300000000000000044e-01 4.112836468420800173e+01
6.350000000000000089e-01 3.795704738215362539e+01
6.400000000000000133e-01 3.499653538616395565e+01
6.450000000000000178e-01 3.351523699554562086e+01
6.500000000000000222e-01 3.372743030154677513e+01
6.550000000000000266e-01 3.336325877625485958e+01
6.600000000000000311e-01 3.149958079280986212e+01
6.650000000000000355e-01 3.326218088130180917e+01
6.700000000000000400e-01 3.195351088358853886e+01
6.750000000000000444e-01 3.087929030366396432e+01
6.800000000000000488e-01 2.925194763312670787e+01
6.850000000000000533e-01 2.799342792610069708e+01
6.900000000000000577e-01 2.695286449003751272e+01
6.950000000000000622e-01 2.510140703361608416e+01
7.000000000000000666e-01 2.266608262992158984e+01
7.049999999999999600e-01 2.087238206429987741e+01
7.099999999999999645e-01 1.953737059737596837e+01
7.149999999999999689e-01 1.899965091524641281e+01
7.199999999999999734e-01 1.914288971001053241e+01
7.249999999999999778e-01 2.261362787493809634e+01
7.299999999999999822e-01 3.004972199077155892e+01
7.349999999999999867e-01 2.547606895021782591e+01
7.399999999999999911e-01 2.399307952743410155e+01
7.449999999999999956e-01 3.668886024327678541e+01
7.500000000000000000e-01 3.617819238105148827e+01
7.550000000000000044e-01 3.632382335468767565e+01
7.600000000000000089e-01 3.341489331960254106e+01
7.650000000000000133e-01 3.074626689941146296e+01
7.700000000000000178e-01 2.827209765162527333e+01
7.750000000000000222e-01 2.661684984459284209e+01
7.800000000000000266e-01 2.735367137616283628e+01
7.850000000000000311e-01 2.806478496270676359e+01
7.900000000000000355e-01 2.537483771148749057e+01
7.950000000000000400e-01 2.327314053788345660e+01
8.000000000000000444e-01 2.087368955000746951e+01
8.050000000000000488e-01 1.888335195004120592e+01
8.100000000000000533e-01 1.705904985296590937e+01
8.150000000000000577e-01 1.587666810955401075e+01
8.200000000000000622e-01 1.345797457382647799e+01
8.250000000000000666e-01 9.241100277630634352e+00
8.300000000000000711e-01 -1.083667654831959704e+00
8.349999999999999645e-01 -1.044851424460878420e+01
8.399999999999999689e-01 -1.358124952272276609e+01
8.449999999999999734e-01 -1.429377872121046700e+01
8.499999999999999778e-01 -1.294040915713960160e+01
8.549999999999999822e-01 3.508207443503743406e+01
8.599999999999999867e-01 2.699524778069932296e+01
8.649999999999999911e-01 2.754567894585607490e+01
8.699999999999999956e-01 2.421688569574578764e+01
8.750000000000000000e-01 1.693048190509039941e+01
8.800000000000000044e-01 1.725462048038635388e+01
8.850000000000000089e-01 6.088530262951726613e+00
8.900000000000000133e-01 -1.175902389834202033e+01
8.950000000000000178e-01 -1.291420813611007823e+01
9.000000000000000222e-01 -1.349972905215418528e+01
9.050000000000000266e-01 -1.990675301823740284e+01
9.100000000000000311e-01 -2.681390389219525616e+01
9.150000000000000355e-01 -2.673571503919349013e+01
9.200000000000000400e-01 -2.667126106863809198e+01
9.250000000000000444e-01 -2.658201752305871679e+01
9.300000000000000488e-01 -2.582915595060580571e+01
9.350000000000000533e-01 -2.460235749007065564e+01
9.400000000000000577e-01 -2.350530318065925428e+01
9.450000000000000622e-01 -2.228915158237138883e+01
9.500000000000000666e-01 -2.087879989006656345e+01
9.550000000000000711e-01 -1.942453376486107786e+01
9.599999999999999645e-01 -1.777766313946607823e+01
9.649999999999999689e-01 -1.703654496299119003e+01
9.699999999999999734e-01 -1.666066149242304917e+01
9.749999999999999778e-01 -1.670365233447656905e+01
9.799999999999999822e-01 -1.678890745542939911e+01
9.849999999999999867e-01 -1.645475209542201256e+01
9.899999999999999911e-01 -1.625668154496826290e+01
9.949999999999999956e-01 -1.587259660843477604e+01
1.000000000000000000e+00 -1.603625501735507441e+01
