time R11 R12 R13 R21 R22 R23 R31 R32 R33
0.000000000000000000e+00 1.000000000000000000e+00 -0.000000000000000000e+00 0.000000000000000000e+00 0.000000000000000000e+00 1.000000000000000000e+00 -0.000000000000000000e+00 0.000000000000000000e+00 0.000000000000000000e+00 1.000000000000000000e+00
5.054987628527174252e-03 9.999999194454377571e-01 -4.013840026268368087e-04 0.000000000000000000e+00 4.013840026268368087e-04 9.999999194454377571e-01 -0.000000000000000000e+00 0.000000000000000000e+00 0.000000000000000000e+00 1.000000000000000000e+00
1.010019985435288946e-02 9.999987161049194162e-01 -1.602432061763294337e-03 0.000000000000000000e+00 1.602432061763294337e-03 9.999987161049194162e-01 -0.000000000000000000e+00 0.000000000000000000e+00 0.000000000000000000e+00 1.000000000000000000e+00
1.519406175713868337e-02 9.999934248626158872e-01 -3.626324797347869801e-03 0.000000000000000000e+00 3.626324797347869801e-03 9.999934248626158872e-01 -0.000000000000000000e+00 0.000000000000000000e+00 0.000000000000000000e+00 1.000000000000000000e+00
2.019406175713865659e-02 9.999794835132692628e-01 -6.405665659038542112e-03 0.000000000000000000e+00 6.405665659038542112e-03 9.999794835132692628e-01 -0.000000000000000000e+00 0.000000000000000000e+00 0.000000000000000000e+00 1.000000000000000000e+00
2.519406175713862633e-02 9.999502951326663114e-01 -9.970319157051803910e-03 0.000000000000000000e+00 9.970319157051803910e-03 9.999502951326663114e-01 -0.000000000000000000e+00 0.000000000000000000e+00 0.000000000000000000e+00 1.000000000000000000e+00
3.019406175713859608e-02 9.998974611382381861e-01 -1.432016792169835302e-02 0.000000000000000000e+00 1.432016792169835302e-02 9.998974611382381861e-01 -0.000000000000000000e+00 0.000000000000000000e+00 0.000000000000000000e+00 1.000000000000000000e+00
3.519406175713856583e-02 9.998107335547119501e-01 -1.945500112539482254e-02 0.000000000000000000e+00 1.945500112539482254e-02 9.998107335547119501e-01 -0.000000000000000000e+00 0.000000000000000000e+00 0.000000000000000000e+00 1.000000000000000000e+00
4.019406175713853557e-02 9.996780161915947982e-01 -2.537447424554737513e-02 0.000000000000000000e+00 2.537447424554737513e-02 9.996780161915947982e-01 -0.000000000000000000e+00 0.000000000000000000e+00 0.000000000000000000e+00 1.000000000000000000e+00
4.519406175713850532e-02 9.994853665589329417e-01 -3.207806157728186613e-02 0.000000000000000000e+00 3.207806157728186613e-02 9.994853665589329417e-01 -0.000000000000000000e+00 0.000000000000000000e+00 0.000000000000000000e+00 1.000000000000000000e+00
5.019406175713847507e-02 9.992169987823149579e-01 -3.956500150971494628e-02 0.000000000000000000e+00 3.956500150971494628e-02 9.992169987823149579e-01 -0.000000000000000000e+00 0.000000000000000000e+00 0.000000000000000000e+00 1.000000000000000000e+00
5.519406175713844481e-02 9.988552878177697769e-01 -4.783423458654561394e-02 0.000000000000000000e+00 4.783423458654561394e-02 9.988552878177697769e-01 -0.000000000000000000e+00 0.000000000000000000e+00 0.000000000000000000e+00 1.000000000000000000e+00
6.019406175713841456e-02 9.983807753067142077e-01 -5.688433438095505390e-02 0.000000000000000000e+00 5.688433438095505390e-02 9.983807753067142077e-01 -0.000000000000000000e+00 0.000000000000000000e+00 0.000000000000000000e+00 1.000000000000000000e+00
6.519406175713847451e-02 9.977721774503429675e-01 -6.671343122641210099e-02 0.000000000000000000e+00 6.671343122641210099e-02 9.977721774503429675e-01 -0.000000000000000000e+00 0.000000000000000000e+00 0.000000000000000000e+00 1.000000000000000000e+00
7.019406175713861773e-02 9.970063953217371822e-01 -7.731912885926640888e-02 0.000000000000000000e+00 7.731912885926640888e-02 9.970063953217371822e-01 -0.000000000000000000e+00 0.000000000000000000e+00 0.000000000000000000e+00 1.000000000000000000e+00
7.519406175713876095e-02 9.960585280723621704e-01 -8.869841404624609349e-02 0.000000000000000000e+00 8.869841404624609349e-02 9.960585280723621704e-01 -0.000000000000000000e+00 0.000000000000000000e+00 0.000000000000000000e+00 1.000000000000000000e+00
8.019406175713890417e-02 9.949018895273867846e-01 -1.008475592904220508e-01 0.000000000000000000e+00 1.008475592904220508e-01 9.949018895273867846e-01 -0.000000000000000000e+00 0.000000000000000000e+00 0.000000000000000000e+00 1.000000000000000000e+00
8.519406175713904739e-02 9.935080287012101330e-01 -1.137620187331216948e-01 0.000000000000000000e+00 1.137620187331216948e-01 9.935080287012101330e-01 -0.000000000000000000e+00 0.000000000000000000e+00 0.000000000000000000e+00 1.000000000000000000e+00
9.019406175713919060e-02 9.918467548005138745e-01 -1.274363173969217389e-01 0.000000000000000000e+00 1.274363173969217389e-01 9.918467548005138745e-01 -0.000000000000000000e+00 0.000000000000000000e+00 0.000000000000000000e+00 1.000000000000000000e+00
9.519406175713933382e-02 9.898861673168455333e-01 -1.418639339464616567e-01 0.000000000000000000e+00 1.418639339464616567e-01 9.898861673168455333e-01 -0.000000000000000000e+00 0.000000000000000000e+00 0.000000000000000000e+00 1.000000000000000000e+00
1.001940617571394770e-01 9.875926918438866497e-01 -1.570371771796272020e-01 0.000000000000000000e+00 1.570371771796272020e-01 9.875926918438866497e-01 -0.000000000000000000e+00 0.000000000000000000e+00 0.000000000000000000e+00 1.000000000000000000e+00
1.051940617571396203e-01 9.849311222858883053e-01 -1.729470565018687289e-01 0.000000000000000000e+00 1.729470565018687289e-01 9.849311222858883053e-01 -0.000000000000000000e+00 0.000000000000000000e+00 0.000000000000000000e+00 1.000000000000000000e+00
1.101940617571397635e-01 9.818646701528885856e-01 -1.895831466812372690e-01 0.000000000000000000e+00 1.895831466812372690e-01 9.818646701528885856e-01 -0.000000000000000000e+00 0.000000000000000000e+00 0.000000000000000000e+00 1.000000000000000000e+00
1.151940617571399067e-01 9.783550216649201658e-01 -2.069334472313113793e-01 0.000000000000000000e+00 2.069334472313113793e-01 9.783550216649201658e-01 -0.000000000000000000e+00 0.000000000000000000e+00 0.000000000000000000e+00 1.000000000000000000e+00
1.201940617571400499e-01 9.743624034109983345e-01 -2.249842368237015000e-01 0.000000000000000000e+00 2.249842368237015000e-01 9.743624034109983345e-01 -0.000000000000000000e+00 0.000000000000000000e+00 0.000000000000000000e+00 1.000000000000000000e+00
1.251940617571401793e-01 9.698456573288329885e-01 -2.437199231913635411e-01 0.000000000000000000e+00 2.437199231913635411e-01 9.698456573288329885e-01 -0.000000000000000000e+00 0.000000000000000000e+00 0.000000000000000000e+00 1.000000000000000000e+00
1.300492297571401445e-01 9.649179405900046858e-01 -2.625516481143179703e-01 0.000000000000000000e+00 2.625516481143179703e-01 9.649179405900046858e-01 -0.000000000000000000e+00 0.000000000000000000e+00 0.000000000000000000e+00 1.000000000000000000e+00
1.350508937571401336e-01 9.592406684212846368e-01 -2.825904103940672374e-01 0.000000000000000000e+00 2.825904103940672374e-01 9.592406684212846368e-01 -0.000000000000000000e+00 0.000000000000000000e+00 0.000000000000000000e+00 1.000000000000000000e+00
1.400508937571402768e-01 9.529114731523450343e-01 -3.032486180259160724e-01 0.000000000000000000e+00 3.032486180259160724e-01 9.529114731523450343e-01 -0.000000000000000000e+00 0.000000000000000000e+00 0.000000000000000000e+00 1.000000000000000000e+00
1.450508937571404200e-01 9.458828630768257861e-01 -3.245082577340476226e-01 0.000000000000000000e+00 3.245082577340476226e-01 9.458828630768257861e-01 -0.000000000000000000e+00 0.000000000000000000e+00 0.000000000000000000e+00 1.000000000000000000e+00
1.500108937571402734e-01 9.381735659068677347e-01 -3.461652210052192924e-01 0.000000000000000000e+00 3.461652210052192924e-01 9.381735659068677347e-01 -0.000000000000000000e+00 0.000000000000000000e+00 0.000000000000000000e+00 1.000000000000000000e+00
1.550428937571403099e-01 9.295548547332701528e-01 -3.686838375109614541e-01 0.000000000000000000e+00 3.686838375109614541e-01 9.295548547332701528e-01 -0.000000000000000000e+00 0.000000000000000000e+00 0.000000000000000000e+00 1.000000000000000000e+00
1.600428937571404531e-01 9.201474315471818155e-01 -3.915720932563048207e-01 0.000000000000000000e+00 3.915720932563048207e-01 9.201474315471818155e-01 -0.000000000000000000e+00 0.000000000000000000e+00 0.000000000000000000e+00 1.000000000000000000e+00
1.650428937571405963e-01 9.098509272091361844e-01 -4.149352844199623025e-01 0.000000000000000000e+00 4.149352844199623025e-01 9.098509272091361844e-01 -0.000000000000000000e+00 0.000000000000000000e+00 0.000000000000000000e+00 1.000000000000000000e+00
1.700428937571407395e-01 8.986170268340838430e-01 -4.387339046436591894e-01 0.000000000000000000e+00 4.387339046436591894e-01 8.986170268340838430e-01 -0.000000000000000000e+00 0.000000000000000000e+00 0.000000000000000000e+00 1.000000000000000000e+00
1.750428937571408827e-01 8.863974599039622371e-01 -4.629249864457561925e-01 0.000000000000000000e+00 4.629249864457561925e-01 8.863974599039622371e-01 -0.000000000000000000e+00 0.000000000000000000e+00 0.000000000000000000e+00 1.000000000000000000e+00
1.800428937571410259e-01 8.731442283831314377e-01 -4.874619538397081397e-01 0.000000000000000000e+00 4.874619538397081397e-01 8.731442283831314377e-01 -0.000000000000000000e+00 0.000000000000000000e+00 0.000000000000000000e+00 1.000000000000000000e+00
1.850428937571411692e-01 8.588098528401636456e-01 -5.122944823679602688e-01 0.000000000000000000e+00 5.122944823679602688e-01 8.588098528401636456e-01 -0.000000000000000000e+00 0.000000000000000000e+00 0.000000000000000000e+00 1.000000000000000000e+00
1.900428937571413124e-01 8.433476370110083442e-01 -5.373683682055994115e-01 0.000000000000000000e+00 5.373683682055994115e-01 8.433476370110083442e-01 -0.000000000000000000e+00 0.000000000000000000e+00 0.000000000000000000e+00 1.000000000000000000e+00
1.950428937571414556e-01 8.267119511415548239e-01 -5.626254081000283680e-01 0.000000000000000000e+00 5.626254081000283680e-01 8.267119511415548239e-01 -0.000000000000000000e+00 0.000000000000000000e+00 0.000000000000000000e+00 1.000000000000000000e+00
2.000428937571415988e-01 8.088585513300989849e-01 -5.880032686475251680e-01 0.000000000000000000e+00 5.880032686475251680e-01 8.088585513300989849e-01 -0.000000000000000000e+00 0.000000000000000000e+00 0.000000000000000000e+00 1.000000000000000000e+00
2.050828937571415322e-01 7.898356806458955992e-01 -6.133185123397427718e-01 0.000000000000000000e+00 6.133185123397427718e-01 7.898356806458955992e-01 -0.000000000000000000e+00 0.000000000000000000e+00 0.000000000000000000e+00 1.000000000000000000e+00
2.100668937571416595e-01 7.702452616795352203e-01 -6.377477846768457859e-01 0.000000000000000000e+00 6.377477846768457859e-01 7.702452616795352203e-01 -0.000000000000000000e+00 0.000000000000000000e+00 0.000000000000000000e+00 1.000000000000000000e+00
2.150668937571418027e-01 7.498330501222201239e-01 -6.616270829889057126e-01 0.000000000000000000e+00 6.616270829889057126e-01 7.498330501222201239e-01 -0.000000000000000000e+00 0.000000000000000000e+00 0.000000000000000000e+00 1.000000000000000000e+00
2.200668937571419459e-01 7.286808438728755721e-01 -6.848534352492614552e-01 0.000000000000000000e+00 6.848534352492614552e-01 7.286808438728755721e-01 -0.000000000000000000e+00 0.000000000000000000e+00 0.000000000000000000e+00 1.000000000000000000e+00
2.251228937571418953e-01 7.065605678621690311e-01 -7.076525729072771220e-01 0.000000000000000000e+00 7.076525729072771220e-01 7.065605678621690311e-01 -0.000000000000000000e+00 0.000000000000000000e+00 0.000000000000000000e+00 1.000000000000000000e+00
2.300988937571420145e-01 6.840940161730894031e-01 -7.293938421978712894e-01 0.000000000000000000e+00 7.293938421978712894e-01 6.840940161730894031e-01 -0.000000000000000000e+00 0.000000000000000000e+00 0.000000000000000000e+00 1.000000000000000000e+00
2.350988937571421578e-01 6.608456428215955247e-01 -7.505218426959422429e-01 0.000000000000000000e+00 7.505218426959422429e-01 6.608456428215955247e-01 -0.000000000000000000e+00 0.000000000000000000e+00 0.000000000000000000e+00 1.000000000000000000e+00
2.400988937571423010e-01 6.369450946054976415e-01 -7.709091687468724308e-01 0.000000000000000000e+00 7.709091687468724308e-01 6.369450946054976415e-01 -0.000000000000000000e+00 0.000000000000000000e+00 0.000000000000000000e+00 1.000000000000000000e+00
2.450988937571424442e-01 6.124159584803373635e-01 -7.905357005212412247e-01 0.000000000000000000e+00 7.905357005212412247e-01 6.124159584803373635e-01 -0.000000000000000000e+00 0.000000000000000000e+00 0.000000000000000000e+00 1.000000000000000000e+00
2.500988937571425597e-01 5.872824417420319243e-01 -8.093820690017272668e-01 0.000000000000000000e+00 8.093820690017272668e-01 5.872824417420319243e-01 -0.000000000000000000e+00 0.000000000000000000e+00 0.000000000000000000e+00 1.000000000000000000e+00
2.550988937571420090e-01 5.615693481371993867e-01 -8.274296750979874826e-01 0.000000000000000000e+00 8.274296750979874826e-01 5.615693481371993867e-01 -0.000000000000000000e+00 0.000000000000000000e+00 0.000000000000000000e+00 1.000000000000000000e+00
2.601238537571418652e-01 5.351695800951148385e-01 -8.447446481279524688e-01 0.000000000000000000e+00 8.447446481279524688e-01 5.351695800951148385e-01 -0.000000000000000000e+00 0.000000000000000000e+00 0.000000000000000000e+00 1.000000000000000000e+00
2.651660937571417298e-01 5.081428701831908201e-01 -8.612727927213239543e-01 0.000000000000000000e+00 8.612727927213239543e-01 5.081428701831908201e-01 -0.000000000000000000e+00 0.000000000000000000e+00 0.000000000000000000e+00 1.000000000000000000e+00
2.700093588417627477e-01 4.817021435117623818e-01 -8.763350072524623835e-01 0.000000000000000000e+00 8.763350072524623835e-01 4.817021435117623818e-01 -0.000000000000000000e+00 0.000000000000000000e+00 0.000000000000000000e+00 1.000000000000000000e+00
2.750854774722504281e-01 4.535119007021629067e-01 -8.912502207133029541e-01 0.000000000000000000e+00 8.912502207133029541e-01 4.535119007021629067e-01 -0.000000000000000000e+00 0.000000000000000000e+00 0.000000000000000000e+00 1.000000000000000000e+00
2.800707988635252610e-01 4.253767440320728177e-01 -9.050163676070572816e-01 0.000000000000000000e+00 9.050163676070572816e-01 4.253767440320728177e-01 -0.000000000000000000e+00 0.000000000000000000e+00 0.000000000000000000e+00 1.000000000000000000e+00
2.850614453070816623e-01 3.967935414519000448e-01 -9.179078850636698261e-01 0.000000000000000000e+00 9.179078850636698261e-01 3.967935414519000448e-01 -0.000000000000000000e+00 0.000000000000000000e+00 0.000000000000000000e+00 1.000000000000000000e+00
2.900614453070811116e-01 3.677655643582798395e-01 -9.299185392668736228e-01 0.000000000000000000e+00 9.299185392668736228e-01 3.677655643582798395e-01 -0.000000000000000000e+00 0.000000000000000000e+00 0.000000000000000000e+00 1.000000000000000000e+00
2.950614453070805610e-01 3.383746470535127226e-01 -9.410114761422470053e-01 0.000000000000000000e+00 9.410114761422470053e-01 3.383746470535127226e-01 -0.000000000000000000e+00 0.000000000000000000e+00 0.000000000000000000e+00 1.000000000000000000e+00
3.001734453070806219e-01 3.079803601449995765e-01 -9.513927147949770013e-01 0.000000000000000000e+00 9.513927147949770013e-01 3.079803601449995765e-01 -0.000000000000000000e+00 0.000000000000000000e+00 0.000000000000000000e+00 1.000000000000000000e+00
3.051734453070800712e-01 2.779444230756198952e-01 -9.605971568150517559e-01 0.000000000000000000e+00 9.605971568150517559e-01 2.779444230756198952e-01 -0.000000000000000000e+00 0.000000000000000000e+00 0.000000000000000000e+00 1.000000000000000000e+00
3.101734453070795205e-01 2.476341884173010599e-01 -9.688536054156504651e-01 0.000000000000000000e+00 9.688536054156504651e-01 2.476341884173010599e-01 -0.000000000000000000e+00 0.000000000000000000e+00 0.000000000000000000e+00 1.000000000000000000e+00
3.151734453070789699e-01 2.170795687122527295e-01 -9.761539124788174426e-01 0.000000000000000000e+00 9.761539124788174426e-01 2.170795687122527295e-01 -0.000000000000000000e+00 0.000000000000000000e+00 0.000000000000000000e+00 1.000000000000000000e+00
3.201734453070784192e-01 1.863107176812189569e-01 -9.824908734828579071e-01 0.000000000000000000e+00 9.824908734828579071e-01 1.863107176812189569e-01 -0.000000000000000000e+00 0.000000000000000000e+00 0.000000000000000000e+00 1.000000000000000000e+00
3.251734453070778685e-01 1.553580004653998536e-01 -9.878582346123317981e-01 0.000000000000000000e+00 9.878582346123317981e-01 1.553580004653998536e-01 -0.000000000000000000e+00 0.000000000000000000e+00 0.000000000000000000e+00 1.000000000000000000e+00
3.301734453070773179e-01 1.242519636597197163e-01 -9.922506989298135460e-01 0.000000000000000000e+00 9.922506989298135460e-01 1.242519636597197163e-01 -0.000000000000000000e+00 0.000000000000000000e+00 0.000000000000000000e+00 1.000000000000000000e+00
3.351734453070767672e-01 9.302330516702880803e-02 -9.956639316033304432e-01 0.000000000000000000e+00 9.956639316033304432e-01 9.302330516702880803e-02 -0.000000000000000000e+00 0.000000000000000000e+00 0.000000000000000000e+00 1.000000000000000000e+00
3.401734453070762165e-01 6.170284390297824106e-02 -9.980945641843185223e-01 0.000000000000000000e+00 9.980945641843185223e-01 6.170284390297824106e-02 -0.000000000000000000e+00 0.000000000000000000e+00 0.000000000000000000e+00 1.000000000000000000e+00
3.451734453070756659e-01 3.032148938146963027e-02 -9.995401979318740970e-01 0.000000000000000000e+00 9.995401979318740970e-01 3.032148938146963027e-02 -0.000000000000000000e+00 0.000000000000000000e+00 0.000000000000000000e+00 1.000000000000000000e+00
3.501734453070751152e-01 -1.089788789300704828e-03 -9.999994061800209222e-01 0.000000000000000000e+00 9.999994061800209222e-01 -1.089788789300704828e-03 -0.000000000000000000e+00 0.000000000000000000e+00 0.000000000000000000e+00 1.000000000000000000e+00
3.551734453070745645e-01 -3.249999147010734779e-02 -9.994717357456603946e-01 0.000000000000000000e+00 9.994717357456603946e-01 -3.249999147010734779e-02 -0.000000000000000000e+00 0.000000000000000000e+00 0.000000000000000000e+00 1.000000000000000000e+00
3.601734453070740138e-01 -6.387812058310453345e-02 -9.979577073758038042e-01 0.000000000000000000e+00 9.979577073758038042e-01 -6.387812058310453345e-02 -0.000000000000000000e+00 0.000000000000000000e+00 0.000000000000000000e+00 1.000000000000000000e+00
3.651734453070734632e-01 -9.519320970318560782e-02 -9.954588152336616425e-01 0.000000000000000000e+00 9.954588152336616425e-01 -9.519320970318560782e-02 -0.000000000000000000e+00 0.000000000000000000e+00 0.000000000000000000e+00 1.000000000000000000e+00
3.701734453070729125e-01 -1.264143546181051569e-01 -9.919775254240832396e-01 0.000000000000000000e+00 9.919775254240832396e-01 -1.264143546181051569e-01 -0.000000000000000000e+00 0.000000000000000000e+00 0.000000000000000000e+00 1.000000000000000000e+00
3.751734453070723618e-01 -1.575107438272062010e-01 -9.875172735598096718e-01 0.000000000000000000e+00 9.875172735598096718e-01 -1.575107438272062010e-01 -0.000000000000000000e+00 0.000000000000000000e+00 0.000000000000000000e+00 1.000000000000000000e+00
3.801734453070718112e-01 -1.884516889486528290e-01 -9.820824613709382422e-01 0.000000000000000000e+00 9.820824613709382422e-01 -1.884516889486528290e-01 -0.000000000000000000e+00 0.000000000000000000e+00 0.000000000000000000e+00 1.000000000000000000e+00
3.851334453070713870e-01 -2.189614333439356963e-01 -9.757335141871317230e-01 0.000000000000000000e+00 9.757335141871317230e-01 -2.189614333439356963e-01 -0.000000000000000000e+00 0.000000000000000000e+00 0.000000000000000000e+00 1.000000000000000000e+00
3.900532590414715339e-01 -2.490139964426127950e-01 -9.684998862032347944e-01 0.000000000000000000e+00 9.684998862032347944e-01 -2.490139964426127950e-01 -0.000000000000000000e+00 0.000000000000000000e+00 0.000000000000000000e+00 1.000000000000000000e+00
3.951280625077117636e-01 -2.797637067995386029e-01 -9.600688872980844835e-01 0.000000000000000000e+00 9.600688872980844835e-01 -2.797637067995386029e-01 -0.000000000000000000e+00 0.000000000000000000e+00 0.000000000000000000e+00 1.000000000000000000e+00
4.001280625077112130e-01 -3.097821528156975424e-01 -9.508075608643802301e-01 0.000000000000000000e+00 9.508075608643802301e-01 -3.097821528156975424e-01 -0.000000000000000000e+00 0.000000000000000000e+00 0.000000000000000000e+00 1.000000000000000000e+00
4.051280625077106623e-01 -3.394948812474796185e-01 -9.406079021604909496e-01 0.000000000000000000e+00 9.406079021604909496e-01 -3.394948812474796185e-01 -0.000000000000000000e+00 0.000000000000000000e+00 0.000000000000000000e+00 1.000000000000000000e+00
4.101280625077101116e-01 -3.688725692191846539e-01 -9.294799770181376708e-01 0.000000000000000000e+00 9.294799770181376708e-01 -3.688725692191846539e-01 -0.000000000000000000e+00 0.000000000000000000e+00 0.000000000000000000e+00 1.000000000000000000e+00
4.150688625077099680e-01 -3.975449437532548314e-01 -9.175827034639555402e-01 0.000000000000000000e+00 9.175827034639555402e-01 -3.975449437532548314e-01 -0.000000000000000000e+00 0.000000000000000000e+00 0.000000000000000000e+00 1.000000000000000000e+00
4.200461425077100519e-01 -4.260416028691992874e-01 -9.047035716877895872e-01 0.000000000000000000e+00 9.047035716877895872e-01 -4.260416028691992874e-01 -0.000000000000000000e+00 0.000000000000000000e+00 0.000000000000000000e+00 1.000000000000000000e+00
4.250461425077095012e-01 -4.542488029839008012e-01 -8.908748649432720601e-01 0.000000000000000000e+00 8.908748649432720601e-01 -4.542488029839008012e-01 -0.000000000000000000e+00 0.000000000000000000e+00 0.000000000000000000e+00 1.000000000000000000e+00
4.300461425077089506e-01 -4.820077143721798185e-01 -8.761669722636815649e-01 0.000000000000000000e+00 8.761669722636815649e-01 -4.820077143721798185e-01 -0.000000000000000000e+00 0.000000000000000000e+00 0.000000000000000000e+00 1.000000000000000000e+00
4.350461425077083999e-01 -5.092909423398698232e-01 -8.605944085633878693e-01 0.000000000000000000e+00 8.605944085633878693e-01 -5.092909423398698232e-01 -0.000000000000000000e+00 0.000000000000000000e+00 0.000000000000000000e+00 1.000000000000000000e+00
4.400461425077078492e-01 -5.360715616349115420e-01 -8.441725420826641235e-01 0.000000000000000000e+00 8.441725420826641235e-01 -5.360715616349115420e-01 -0.000000000000000000e+00 0.000000000000000000e+00 0.000000000000000000e+00 1.000000000000000000e+00
4.450461425077072986e-01 -5.623231430193236235e-01 -8.269175792210909925e-01 0.000000000000000000e+00 8.269175792210909925e-01 -5.623231430193236235e-01 -0.000000000000000000e+00 0.000000000000000000e+00 0.000000000000000000e+00 1.000000000000000000e+00
4.500461425077067479e-01 -5.880197793516712679e-01 -8.088465485437963398e-01 0.000000000000000000e+00 8.088465485437963398e-01 -5.880197793516712679e-01 -0.000000000000000000e+00 0.000000000000000000e+00 0.000000000000000000e+00 1.000000000000000000e+00
4.550461425077061972e-01 -6.131361111542871223e-01 -7.899772839763163912e-01 0.000000000000000000e+00 7.899772839763163912e-01 -6.131361111542871223e-01 -0.000000000000000000e+00 0.000000000000000000e+00 0.000000000000000000e+00 1.000000000000000000e+00
4.600461425077056465e-01 -6.376473516400140706e-01 -7.703284072046650000e-01 0.000000000000000000e+00 7.703284072046650000e-01 -6.376473516400140706e-01 -0.000000000000000000e+00 0.000000000000000000e+00 0.000000000000000000e+00 1.000000000000000000e+00
4.650461425077050959e-01 -6.615293111737702292e-01 -7.499193092979785646e-01 0.000000000000000000e+00 7.499193092979785646e-01 -6.615293111737702292e-01 -0.000000000000000000e+00 0.000000000000000000e+00 0.000000000000000000e+00 1.000000000000000000e+00
4.701661425077051093e-01 -6.853077061878212195e-01 -7.282536287857321877e-01 0.000000000000000000e+00 7.282536287857321877e-01 -6.853077061878212195e-01 -0.000000000000000000e+00 0.000000000000000000e+00 0.000000000000000000e+00 1.000000000000000000e+00
4.751661425077045586e-01 -7.078445474854775377e-01 -7.063682443280413503e-01 0.000000000000000000e+00 7.063682443280413503e-01 -7.078445474854775377e-01 -0.000000000000000000e+00 0.000000000000000000e+00 0.000000000000000000e+00 1.000000000000000000e+00
4.800061425077040700e-01 -7.289950466414618635e-01 -6.845189712288571871e-01 0.000000000000000000e+00 6.845189712288571871e-01 -7.289950466414618635e-01 -0.000000000000000000e+00 0.000000000000000000e+00 0.000000000000000000e+00 1.000000000000000000e+00
4.850301425077040984e-01 -7.502363026669109924e-01 -6.611697892074949179e-01 0.000000000000000000e+00 6.611697892074949179e-01 -7.502363026669109924e-01 -0.000000000000000000e+00 0.000000000000000000e+00 0.000000000000000000e+00 1.000000000000000000e+00
4.900061425077036903e-01 -7.705378432711230685e-01 -6.373942516897106447e-01 0.000000000000000000e+00 6.373942516897106447e-01 -7.705378432711230685e-01 -0.000000000000000000e+00 0.000000000000000000e+00 0.000000000000000000e+00 1.000000000000000000e+00
4.951821425077033711e-01 -7.908559271396045087e-01 -6.120023713255992037e-01 0.000000000000000000e+00 6.120023713255992037e-01 -7.908559271396045087e-01 -0.000000000000000000e+00 0.000000000000000000e+00 0.000000000000000000e+00 1.000000000000000000e+00
5.001261425077031531e-01 -8.094826051484398377e-01 -5.871438596818459033e-01 0.000000000000000000e+00 5.871438596818459033e-01 -8.094826051484398377e-01 -0.000000000000000000e+00 0.000000000000000000e+00 0.000000000000000000e+00 1.000000000000000000e+00
5.051261425077026024e-01 -8.275258086684753600e-01 -5.614276765422113735e-01 0.000000000000000000e+00 5.614276765422113735e-01 -8.275258086684753600e-01 -0.000000000000000000e+00 0.000000000000000000e+00 0.000000000000000000e+00 1.000000000000000000e+00
5.101261425077020517e-01 -8.447523441237574371e-01 -5.351574320678141872e-01 0.000000000000000000e+00 5.351574320678141872e-01 -8.447523441237574371e-01 -0.000000000000000000e+00 0.000000000000000000e+00 0.000000000000000000e+00 1.000000000000000000e+00
5.151261425077015010e-01 -8.611452110035755503e-01 -5.083590518183059848e-01 0.000000000000000000e+00 5.083590518183059848e-01 -8.611452110035755503e-01 -0.000000000000000000e+00 0.000000000000000000e+00 0.000000000000000000e+00 1.000000000000000000e+00
5.201101425077022666e-01 -8.766398657737286548e-01 -4.811471144423696278e-01 0.000000000000000000e+00 4.811471144423696278e-01 -8.766398657737286548e-01 -0.000000000000000000e+00 0.000000000000000000e+00 0.000000000000000000e+00 1.000000000000000000e+00
5.250541425077021040e-01 -8.911609144801881932e-01 -4.536873642750412494e-01 0.000000000000000000e+00 4.536873642750412494e-01 -8.911609144801881932e-01 -0.000000000000000000e+00 0.000000000000000000e+00 0.000000000000000000e+00 1.000000000000000000e+00
5.300301425077016404e-01 -9.049076749873665726e-01 -4.256079178645033601e-01 0.000000000000000000e+00 4.256079178645033601e-01 -9.049076749873665726e-01 -0.000000000000000000e+00 0.000000000000000000e+00 0.000000000000000000e+00 1.000000000000000000e+00
5.350301425077010897e-01 -9.178298254449587246e-01 -3.969740690821961793e-01 0.000000000000000000e+00 3.969740690821961793e-01 -9.178298254449587246e-01 -0.000000000000000000e+00 0.000000000000000000e+00 0.000000000000000000e+00 1.000000000000000000e+00
5.400301425077005391e-01 -9.298461886757742878e-01 -3.679484548209655537e-01 0.000000000000000000e+00 3.679484548209655537e-01 -9.298461886757742878e-01 -0.000000000000000000e+00 0.000000000000000000e+00 0.000000000000000000e+00 1.000000000000000000e+00
5.450301425076999884e-01 -9.409449059800583104e-01 -3.385597198577816047e-01 0.000000000000000000e+00 3.385597198577816047e-01 -9.409449059800583104e-01 -0.000000000000000000e+00 0.000000000000000000e+00 0.000000000000000000e+00 1.000000000000000000e+00
5.500301425076994377e-01 -9.511150242637950170e-01 -3.088368673259088149e-01 0.000000000000000000e+00 3.088368673259088149e-01 -9.511150242637950170e-01 -0.000000000000000000e+00 0.000000000000000000e+00 0.000000000000000000e+00 1.000000000000000000e+00
5.551341425076994351e-01 -9.605284900478788801e-01 -2.781816309649902674e-01 0.000000000000000000e+00 2.781816309649902674e-01 -9.605284900478788801e-01 -0.000000000000000000e+00 0.000000000000000000e+00 0.000000000000000000e+00 1.000000000000000000e+00
5.601581425076995746e-01 -9.688297908297118788e-01 -2.477273428607684735e-01 0.000000000000000000e+00 2.477273428607684735e-01 -9.688297908297118788e-01 -0.000000000000000000e+00 0.000000000000000000e+00 0.000000000000000000e+00 1.000000000000000000e+00
5.651501425076990159e-01 -9.761221181355711485e-01 -2.172224907474504529e-01 0.000000000000000000e+00 2.172224907474504529e-01 -9.761221181355711485e-01 -0.000000000000000000e+00 0.000000000000000000e+00 0.000000000000000000e+00 1.000000000000000000e+00
5.701501425076984653e-01 -9.824635841178153139e-01 -1.864545678774761073e-01 0.000000000000000000e+00 1.864545678774761073e-01 -9.824635841178153139e-01 -0.000000000000000000e+00 0.000000000000000000e+00 0.000000000000000000e+00 1.000000000000000000e+00
5.751501425076979146e-01 -9.878354771568015336e-01 -1.555026368599390640e-01 0.000000000000000000e+00 1.555026368599390640e-01 -9.878354771568015336e-01 -0.000000000000000000e+00 0.000000000000000000e+00 0.000000000000000000e+00 1.000000000000000000e+00
5.801501425076973639e-01 -9.922324958426566033e-01 -1.243972435138826216e-01 0.000000000000000000e+00 1.243972435138826216e-01 -9.922324958426566033e-01 -0.000000000000000000e+00 0.000000000000000000e+00 0.000000000000000000e+00 1.000000000000000000e+00
5.851501425076968133e-01 -9.956503008487962436e-01 -9.316908510713878266e-02 0.000000000000000000e+00 9.316908510713878266e-02 -9.956503008487962436e-01 -0.000000000000000000e+00 0.000000000000000000e+00 0.000000000000000000e+00 1.000000000000000000e+00
5.901501425076962626e-01 -9.980855192143160970e-01 -6.184898006183416758e-02 0.000000000000000000e+00 6.184898006183416758e-02 -9.980855192143160970e-01 -0.000000000000000000e+00 0.000000000000000000e+00 0.000000000000000000e+00 1.000000000000000000e+00
5.951501425076957119e-01 -9.995357476726965951e-01 -3.046783754032683644e-02 0.000000000000000000e+00 3.046783754032683644e-02 -9.995357476726965951e-01 -0.000000000000000000e+00 0.000000000000000000e+00 0.000000000000000000e+00 1.000000000000000000e+00
6.001501425076951612e-01 -9.999995550235372122e-01 9.433730584066255193e-04 0.000000000000000000e+00 -9.433730584066255193e-04 -9.999995550235372122e-01 -0.000000000000000000e+00 0.000000000000000000e+00 -0.000000000000000000e+00 1.000000000000000000e+00
6.051501425076946106e-01 -9.994764835449797546e-01 3.235365266182580607e-02 0.000000000000000000e+00 -3.235365266182580607e-02 -9.994764835449797546e-01 -0.000000000000000000e+00 0.000000000000000000e+00 -0.000000000000000000e+00 1.000000000000000000e+00
6.101501425076940599e-01 -9.979670494454214724e-01 6.373200311617203961e-02 0.000000000000000000e+00 -6.373200311617203961e-02 -9.979670494454214724e-01 -0.000000000000000000e+00 0.000000000000000000e+00 -0.000000000000000000e+00 1.000000000000000000e+00
6.151501425076935092e-01 -9.954727423540827846e-01 9.504745777790016281e-02 0.000000000000000000e+00 -9.504745777790016281e-02 -9.954727423540827846e-01 -0.000000000000000000e+00 0.000000000000000000e+00 -0.000000000000000000e+00 1.000000000000000000e+00
6.200877425076933847e-01 -9.920454540322312109e-01 1.258801697408456766e-01 0.000000000000000000e+00 -1.258801697408456766e-01 -9.920454540322312109e-01 -0.000000000000000000e+00 0.000000000000000000e+00 -0.000000000000000000e+00 1.000000000000000000e+00
6.250531825076932613e-01 -9.876360120086533634e-01 1.567644978419631407e-01 0.000000000000000000e+00 -1.567644978419631407e-01 -9.876360120086533634e-01 -0.000000000000000000e+00 0.000000000000000000e+00 -0.000000000000000000e+00 1.000000000000000000e+00
6.300531825076927106e-01 -9.822245813823806682e-01 1.877095408555657652e-01 0.000000000000000000e+00 -1.877095408555657652e-01 -9.822245813823806682e-01 -0.000000000000000000e+00 0.000000000000000000e+00 -0.000000000000000000e+00 1.000000000000000000e+00
6.350531825076921599e-01 -9.758438136796945273e-01 2.184693372147914481e-01 0.000000000000000000e+00 -2.184693372147914481e-01 -9.758438136796945273e-01 -0.000000000000000000e+00 0.000000000000000000e+00 -0.000000000000000000e+00 1.000000000000000000e+00
6.400531825076916093e-01 -9.685000059479580425e-01 2.490135307143085119e-01 0.000000000000000000e+00 -2.490135307143085119e-01 -9.685000059479580425e-01 -0.000000000000000000e+00 0.000000000000000000e+00 -0.000000000000000000e+00 1.000000000000000000e+00
6.450531825076910586e-01 -9.602004056387736242e-01 2.793119779227788979e-01 0.000000000000000000e+00 -2.793119779227788979e-01 -9.602004056387736242e-01 -0.000000000000000000e+00 0.000000000000000000e+00 -0.000000000000000000e+00 1.000000000000000000e+00
6.500531825076905079e-01 -9.509532034556240632e-01 3.093347779307829559e-01 0.000000000000000000e+00 -3.093347779307829559e-01 -9.509532034556240632e-01 -0.000000000000000000e+00 0.000000000000000000e+00 -0.000000000000000000e+00 1.000000000000000000e+00
6.550531825076899572e-01 -9.407675252706351188e-01 3.390523018594100990e-01 0.000000000000000000e+00 -3.390523018594100990e-01 -9.407675252706351188e-01 -0.000000000000000000e+00 0.000000000000000000e+00 -0.000000000000000000e+00 1.000000000000000000e+00
6.600531825076894066e-01 -9.296534231184445662e-01 3.684352221003825423e-01 0.000000000000000000e+00 -3.684352221003825423e-01 -9.296534231184445662e-01 -0.000000000000000000e+00 0.000000000000000000e+00 -0.000000000000000000e+00 1.000000000000000000e+00
6.651571825076894040e-01 -9.173619522074065724e-01 3.980540775349697968e-01 0.000000000000000000e+00 -3.980540775349697968e-01 -9.173619522074065724e-01 -0.000000000000000000e+00 0.000000000000000000e+00 -0.000000000000000000e+00 1.000000000000000000e+00
6.700291825076895025e-01 -9.047489667468529007e-01 4.259451926838731528e-01 0.000000000000000000e+00 -4.259451926838731528e-01 -9.047489667468529007e-01 -0.000000000000000000e+00 0.000000000000000000e+00 -0.000000000000000000e+00 1.000000000000000000e+00
6.750291825076889518e-01 -8.909232659197182658e-01 4.541538662644447610e-01 0.000000000000000000e+00 -4.541538662644447610e-01 -8.909232659197182658e-01 -0.000000000000000000e+00 0.000000000000000000e+00 -0.000000000000000000e+00 1.000000000000000000e+00
6.800291825076884011e-01 -8.762183313915899996e-01 4.819143448096742111e-01 0.000000000000000000e+00 -4.819143448096742111e-01 -8.762183313915899996e-01 -0.000000000000000000e+00 0.000000000000000000e+00 -0.000000000000000000e+00 1.000000000000000000e+00
6.850291825076878505e-01 -8.606486751575000982e-01 5.091992320788002457e-01 0.000000000000000000e+00 -5.091992320788002457e-01 -8.606486751575000982e-01 -0.000000000000000000e+00 0.000000000000000000e+00 -0.000000000000000000e+00 1.000000000000000000e+00
6.900291825076872998e-01 -8.442296625884031513e-01 5.359816011822332582e-01 0.000000000000000000e+00 -5.359816011822332582e-01 -8.442296625884031513e-01 -0.000000000000000000e+00 0.000000000000000000e+00 -0.000000000000000000e+00 1.000000000000000000e+00
6.950291825076867491e-01 -8.269774972674145408e-01 5.622350211551420118e-01 0.000000000000000000e+00 -5.622350211551420118e-01 -8.269774972674145408e-01 -0.000000000000000000e+00 0.000000000000000000e+00 -0.000000000000000000e+00 1.000000000000000000e+00
7.000291825076861985e-01 -8.089092049988263478e-01 5.879335830416275721e-01 0.000000000000000000e+00 -5.879335830416275721e-01 -8.089092049988263478e-01 -0.000000000000000000e+00 0.000000000000000000e+00 -0.000000000000000000e+00 1.000000000000000000e+00
7.050291825076856478e-01 -7.900426170056963349e-01 6.130519254637332160e-01 0.000000000000000000e+00 -6.130519254637332160e-01 -7.900426170056963349e-01 -0.000000000000000000e+00 0.000000000000000000e+00 -0.000000000000000000e+00 1.000000000000000000e+00
7.101235825076853692e-01 -7.700180560401603813e-01 6.380220947366417317e-01 0.000000000000000000e+00 -6.380220947366417317e-01 -7.700180560401603813e-01 -0.000000000000000000e+00 0.000000000000000000e+00 -0.000000000000000000e+00 1.000000000000000000e+00
7.151792625076852650e-01 -7.493657322655348230e-01 6.621563254293799661e-01 0.000000000000000000e+00 -6.621563254293799661e-01 -7.493657322655348230e-01 -0.000000000000000000e+00 0.000000000000000000e+00 -0.000000000000000000e+00 1.000000000000000000e+00
7.201792625076847143e-01 -7.281971327025539287e-01 6.853677377319271624e-01 0.000000000000000000e+00 -6.853677377319271624e-01 -7.281971327025539287e-01 -0.000000000000000000e+00 0.000000000000000000e+00 -0.000000000000000000e+00 1.000000000000000000e+00
7.251792625076841636e-01 -7.063098904859012039e-01 7.079027748227824102e-01 0.000000000000000000e+00 -7.079027748227824102e-01 -7.063098904859012039e-01 -0.000000000000000000e+00 0.000000000000000000e+00 -0.000000000000000000e+00 1.000000000000000000e+00
7.300192625076838970e-01 -6.844588739112871245e-01 7.290514727535315487e-01 0.000000000000000000e+00 -7.290514727535315487e-01 -6.844588739112871245e-01 -0.000000000000000000e+00 0.000000000000000000e+00 -0.000000000000000000e+00 1.000000000000000000e+00
7.350496625076835544e-01 -6.610777694201130927e-01 7.503173880289114583e-01 0.000000000000000000e+00 -7.503173880289114583e-01 -6.610777694201130927e-01 -0.000000000000000000e+00 0.000000000000000000e+00 -0.000000000000000000e+00 1.000000000000000000e+00
7.400057415168608266e-01 -6.373961930576084178e-01 7.705362373540054488e-01 0.000000000000000000e+00 -7.705362373540054488e-01 -6.373961930576084178e-01 -0.000000000000000000e+00 0.000000000000000000e+00 -0.000000000000000000e+00 1.000000000000000000e+00
7.451113157669662090e-01 -6.123542554699467066e-01 7.905834970500252856e-01 0.000000000000000000e+00 -7.905834970500252856e-01 -6.123542554699467066e-01 -0.000000000000000000e+00 0.000000000000000000e+00 -0.000000000000000000e+00 1.000000000000000000e+00
7.500464521236864801e-01 -5.875491016534969413e-01 8.091885152090141364e-01 0.000000000000000000e+00 -8.091885152090141364e-01 -5.875491016534969413e-01 -0.000000000000000000e+00 0.000000000000000000e+00 -0.000000000000000000e+00 1.000000000000000000e+00
7.550755721236867002e-01 -5.616905888073979725e-01 8.273473771307906510e-01 0.000000000000000000e+00 -8.273473771307906510e-01 -5.616905888073979725e-01 -0.000000000000000000e+00 0.000000000000000000e+00 -0.000000000000000000e+00 1.000000000000000000e+00
7.600128521236863000e-01 -5.357586118314406898e-01 8.443711919816115907e-01 0.000000000000000000e+00 -8.443711919816115907e-01 -5.357586118314406898e-01 -0.000000000000000000e+00 0.000000000000000000e+00 -0.000000000000000000e+00 1.000000000000000000e+00
7.650128521236857493e-01 -5.089719072141184464e-01 8.607831304497217673e-01 0.000000000000000000e+00 -8.607831304497217673e-01 -5.089719072141184464e-01 -0.000000000000000000e+00 0.000000000000000000e+00 -0.000000000000000000e+00 1.000000000000000000e+00
7.700128521236851986e-01 -4.816829087732990011e-01 8.763455798916848227e-01 0.000000000000000000e+00 -8.763455798916848227e-01 -4.816829087732990011e-01 -0.000000000000000000e+00 0.000000000000000000e+00 -0.000000000000000000e+00 1.000000000000000000e+00
7.750128521236846479e-01 -4.539185474558035671e-01 8.910431820487787480e-01 0.000000000000000000e+00 -8.910431820487787480e-01 -4.539185474558035671e-01 -0.000000000000000000e+00 0.000000000000000000e+00 -0.000000000000000000e+00 1.000000000000000000e+00
7.800832521236852335e-01 -4.253059286914241954e-01 9.050496489253641030e-01 0.000000000000000000e+00 -9.050496489253641030e-01 -4.253059286914241954e-01 -0.000000000000000000e+00 0.000000000000000000e+00 -0.000000000000000000e+00 1.000000000000000000e+00
7.850525321236851983e-01 -3.968449465928550746e-01 9.178856619229400771e-01 0.000000000000000000e+00 -9.178856619229400771e-01 -3.968449465928550746e-01 -0.000000000000000000e+00 0.000000000000000000e+00 -0.000000000000000000e+00 1.000000000000000000e+00
7.900125321236853848e-01 -3.680513394038646413e-01 9.298054697424731341e-01 0.000000000000000000e+00 -9.298054697424731341e-01 -3.680513394038646413e-01 -0.000000000000000000e+00 0.000000000000000000e+00 -0.000000000000000000e+00 1.000000000000000000e+00
7.950400521236852258e-01 -3.385011322516289223e-01 9.409659842227907633e-01 0.000000000000000000e+00 -9.409659842227907633e-01 -3.385011322516289223e-01 -0.000000000000000000e+00 0.000000000000000000e+00 -0.000000000000000000e+00 1.000000000000000000e+00
8.000400521236846751e-01 -3.087776465455988051e-01 9.511342518245051725e-01 0.000000000000000000e+00 -9.511342518245051725e-01 -3.087776465455988051e-01 -0.000000000000000000e+00 0.000000000000000000e+00 -0.000000000000000000e+00 1.000000000000000000e+00
8.050400521236841245e-01 -2.787494345816053376e-01 9.603638647514991522e-01 0.000000000000000000e+00 -9.603638647514991522e-01 -2.787494345816053376e-01 -0.000000000000000000e+00 0.000000000000000000e+00 -0.000000000000000000e+00 1.000000000000000000e+00
8.100400521236835738e-01 -2.484461305795069297e-01 9.686457144901179372e-01 0.000000000000000000e+00 -9.686457144901179372e-01 -2.484461305795069297e-01 -0.000000000000000000e+00 0.000000000000000000e+00 -0.000000000000000000e+00 1.000000000000000000e+00
8.150400521236830231e-01 -2.178976402417906189e-01 9.759716278545496060e-01 0.000000000000000000e+00 -9.759716278545496060e-01 -2.178976402417906189e-01 -0.000000000000000000e+00 0.000000000000000000e+00 -0.000000000000000000e+00 1.000000000000000000e+00
8.200400521236824725e-01 -1.871341112402574725e-01 9.823343750527714358e-01 0.000000000000000000e+00 -9.823343750527714358e-01 -1.871341112402574725e-01 -0.000000000000000000e+00 0.000000000000000000e+00 -0.000000000000000000e+00 1.000000000000000000e+00
8.250320521236825799e-01 -1.562355518747806926e-01 9.877198248138905345e-01 0.000000000000000000e+00 -9.877198248138905345e-01 -1.562355518747806926e-01 -0.000000000000000000e+00 0.000000000000000000e+00 -0.000000000000000000e+00 1.000000000000000000e+00
8.301520521236819272e-01 -1.243853382320066064e-01 9.922339883479647238e-01 0.000000000000000000e+00 -9.922339883479647238e-01 -1.243853382320066064e-01 -0.000000000000000000e+00 0.000000000000000000e+00 -0.000000000000000000e+00 1.000000000000000000e+00
8.351520521236813765e-01 -9.315713881907647376e-02 9.956514186637024366e-01 0.000000000000000000e+00 -9.956514186637024366e-01 -9.315713881907647376e-02 -0.000000000000000000e+00 0.000000000000000000e+00 -0.000000000000000000e+00 1.000000000000000000e+00
8.401520521236808259e-01 -6.183700455712960731e-02 9.980862612356717900e-01 0.000000000000000000e+00 -9.980862612356717900e-01 -6.183700455712960731e-02 -0.000000000000000000e+00 0.000000000000000000e+00 -0.000000000000000000e+00 1.000000000000000000e+00
8.450976521236809313e-01 -3.079748957335040963e-02 9.995256448115673598e-01 0.000000000000000000e+00 -9.995256448115673598e-01 -3.079748957335040963e-02 -0.000000000000000000e+00 0.000000000000000000e+00 -0.000000000000000000e+00 1.000000000000000000e+00
8.500160751422183303e-01 1.010030972249347089e-04 9.999999948991871168e-01 0.000000000000000000e+00 -9.999999948991871168e-01 1.010030972249347089e-04 -0.000000000000000000e+00 -0.000000000000000000e+00 0.000000000000000000e+00 1.000000000000000000e+00
8.550084472705535843e-01 3.146380861040103116e-02 9.995048918078031086e-01 0.000000000000000000e+00 -9.995048918078031086e-01 3.146380861040103116e-02 -0.000000000000000000e+00 -0.000000000000000000e+00 0.000000000000000000e+00 1.000000000000000000e+00
8.601287666220815975e-01 6.359796693418738600e-02 9.979756002036512808e-01 0.000000000000000000e+00 -9.979756002036512808e-01 6.359796693418738600e-02 -0.000000000000000000e+00 -0.000000000000000000e+00 0.000000000000000000e+00 1.000000000000000000e+00
8.650382026053925477e-01 9.434727937442254075e-02 9.955393467234956439e-01 0.000000000000000000e+00 -9.955393467234956439e-01 9.434727937442254075e-02 -0.000000000000000000e+00 -0.000000000000000000e+00 0.000000000000000000e+00 1.000000000000000000e+00
8.700542026053923461e-01 1.256711058463703401e-01 9.920719596659055561e-01 0.000000000000000000e+00 -9.920719596659055561e-01 1.256711058463703401e-01 -0.000000000000000000e+00 -0.000000000000000000e+00 0.000000000000000000e+00 1.000000000000000000e+00
8.750542026053917954e-01 1.567708280550929589e-01 9.876350072121382606e-01 0.000000000000000000e+00 -9.876350072121382606e-01 1.567708280550929589e-01 -0.000000000000000000e+00 -0.000000000000000000e+00 0.000000000000000000e+00 1.000000000000000000e+00
8.800542026053912448e-01 1.877158363836958221e-01 9.822233782448723804e-01 0.000000000000000000e+00 -9.822233782448723804e-01 1.877158363836958221e-01 -0.000000000000000000e+00 -0.000000000000000000e+00 0.000000000000000000e+00 1.000000000000000000e+00
8.850942026053912892e-01 2.187208408909175061e-01 9.757874736642042635e-01 0.000000000000000000e+00 -9.757874736642042635e-01 2.187208408909175061e-01 -0.000000000000000000e+00 -0.000000000000000000e+00 0.000000000000000000e+00 1.000000000000000000e+00
8.901092426053910378e-01 2.493546558105168565e-01 9.684122343432154389e-01 0.000000000000000000e+00 -9.684122343432154389e-01 2.493546558105168565e-01 -0.000000000000000000e+00 -0.000000000000000000e+00 0.000000000000000000e+00 1.000000000000000000e+00
8.950417482053915075e-01 2.792429927174893689e-01 9.602204700058108999e-01 0.000000000000000000e+00 -9.602204700058108999e-01 2.792429927174893689e-01 -0.000000000000000000e+00 -0.000000000000000000e+00 0.000000000000000000e+00 1.000000000000000000e+00
9.000417482053909568e-01 3.092664570025269177e-01 9.509754247997707077e-01 0.000000000000000000e+00 -9.509754247997707077e-01 3.092664570025269177e-01 -0.000000000000000000e+00 -0.000000000000000000e+00 0.000000000000000000e+00 1.000000000000000000e+00
9.050177482053917144e-01 3.388428407055862346e-01 9.408429886556888277e-01 0.000000000000000000e+00 -9.408429886556888277e-01 3.388428407055862346e-01 -0.000000000000000000e+00 -0.000000000000000000e+00 0.000000000000000000e+00 1.000000000000000000e+00
9.101019082053910525e-01 3.687198206306483983e-01 9.295405821555626780e-01 0.000000000000000000e+00 -9.295405821555626780e-01 3.687198206306483983e-01 -0.000000000000000000e+00 -0.000000000000000000e+00 0.000000000000000000e+00 1.000000000000000000e+00
9.151921482053907431e-01 3.982556086400171891e-01 9.172744791973497236e-01 0.000000000000000000e+00 -9.172744791973497236e-01 3.982556086400171891e-01 -0.000000000000000000e+00 -0.000000000000000000e+00 0.000000000000000000e+00 1.000000000000000000e+00
9.201921482053901924e-01 4.268713812127246654e-01 9.043123486393074284e-01 0.000000000000000000e+00 -9.043123486393074284e-01 4.268713812127246654e-01 -0.000000000000000000e+00 -0.000000000000000000e+00 0.000000000000000000e+00 1.000000000000000000e+00
9.251121482053902279e-01 4.546182329042773862e-01 8.906863995318397009e-01 0.000000000000000000e+00 -8.906863995318397009e-01 4.546182329042773862e-01 -0.000000000000000000e+00 -0.000000000000000000e+00 0.000000000000000000e+00 1.000000000000000000e+00
9.301121482053896772e-01 4.823710421595581721e-01 8.759669957743279056e-01 0.000000000000000000e+00 -8.759669957743279056e-01 4.823710421595581721e-01 -0.000000000000000000e+00 -0.000000000000000000e+00 0.000000000000000000e+00 1.000000000000000000e+00
9.351121482053891265e-01 5.096478094335893383e-01 8.603831183487642420e-01 0.000000000000000000e+00 -8.603831183487642420e-01 5.096478094335893383e-01 -0.000000000000000000e+00 -0.000000000000000000e+00 0.000000000000000000e+00 1.000000000000000000e+00
9.401121482053885758e-01 5.364216158502352894e-01 8.439501466607032265e-01 0.000000000000000000e+00 -8.439501466607032265e-01 5.364216158502352894e-01 -0.000000000000000000e+00 -0.000000000000000000e+00 0.000000000000000000e+00 1.000000000000000000e+00
9.451121482053880252e-01 5.626660388950044389e-01 8.266842980692238330e-01 0.000000000000000000e+00 -8.266842980692238330e-01 5.626660388950044389e-01 -0.000000000000000000e+00 -0.000000000000000000e+00 0.000000000000000000e+00 1.000000000000000000e+00
9.501121482053874745e-01 5.883551784908778171e-01 8.086026118823554931e-01 0.000000000000000000e+00 -8.086026118823554931e-01 5.883551784908778171e-01 -0.000000000000000000e+00 -0.000000000000000000e+00 0.000000000000000000e+00 1.000000000000000000e+00
9.551121482053869238e-01 6.134636825585623177e-01 7.897229325413359646e-01 0.000000000000000000e+00 -7.897229325413359646e-01 6.134636825585623177e-01 -0.000000000000000000e+00 -0.000000000000000000e+00 0.000000000000000000e+00 1.000000000000000000e+00
9.601121482053863732e-01 6.379667720359303296e-01 7.700638920103027862e-01 0.000000000000000000e+00 -7.700638920103027862e-01 6.379667720359303296e-01 -0.000000000000000000e+00 -0.000000000000000000e+00 0.000000000000000000e+00 1.000000000000000000e+00
9.651281482053862826e-01 6.619156245116744053e-01 7.495783521602795707e-01 0.000000000000000000e+00 -7.495783521602795707e-01 6.619156245116744053e-01 -0.000000000000000000e+00 -0.000000000000000000e+00 0.000000000000000000e+00 1.000000000000000000e+00
9.701236682053860916e-01 6.851133298907085001e-01 7.284364935984916078e-01 0.000000000000000000e+00 -7.284364935984916078e-01 6.851133298907085001e-01 -0.000000000000000000e+00 -0.000000000000000000e+00 0.000000000000000000e+00 1.000000000000000000e+00
9.751236682053855409e-01 7.076560110239116241e-01 7.065571244150932184e-01 0.000000000000000000e+00 -7.065571244150932184e-01 7.076560110239116241e-01 -0.000000000000000000e+00 -0.000000000000000000e+00 0.000000000000000000e+00 1.000000000000000000e+00
9.800852682053856624e-01 7.293352729592825767e-01 6.841564584343328148e-01 0.000000000000000000e+00 -6.841564584343328148e-01 7.293352729592825767e-01 -0.000000000000000000e+00 -0.000000000000000000e+00 0.000000000000000000e+00 1.000000000000000000e+00
9.850801482053855862e-01 7.504440019172383680e-01 6.609340360326739772e-01 0.000000000000000000e+00 -6.609340360326739772e-01 7.504440019172383680e-01 -0.000000000000000000e+00 -0.000000000000000000e+00 0.000000000000000000e+00 1.000000000000000000e+00
9.900801482053850355e-01 7.708341428757482516e-01 6.370358892378125137e-01 0.000000000000000000e+00 -6.370358892378125137e-01 7.708341428757482516e-01 -0.000000000000000000e+00 -0.000000000000000000e+00 0.000000000000000000e+00 1.000000000000000000e+00
9.950801482053844849e-01 7.904635635991744680e-01 6.125090649305476864e-01 0.000000000000000000e+00 -6.125090649305476864e-01 7.904635635991744680e-01 -0.000000000000000000e+00 -0.000000000000000000e+00 0.000000000000000000e+00 1.000000000000000000e+00
1.000000000000000000e+00 8.090169943749474513e-01 5.877852522924732481e-01 0.000000000000000000e+00 -5.877852522924732481e-01 8.090169943749474513e-01 -0.000000000000000000e+00 -0.000000000000000000e+00 0.000000000000000000e+00 1.000000000000000000e+00
