time R11 R12 R13 R21 R22 R23 R31 R32 R33
0.000000000000000000e+00 1.000000000000000000e+00 -0.000000000000000000e+00 0.000000000000000000e+00 0.000000000000000000e+00 1.000000000000000000e+00 -0.000000000000000000e+00 0.000000000000000000e+00 0.000000000000000000e+00 1.000000000000000000e+00
5.054987628527174252e-03 9.999999908301632212e-01 1.354240495245401861e-04 0.000000000000000000e+00 -1.354240495245401861e-04 9.999999908301632212e-01 -0.000000000000000000e+00 -0.000000000000000000e+00 0.000000000000000000e+00 1.000000000000000000e+00
1.010019985435288946e-02 9.999999914194395156e-01 1.310004604791345181e-04 0.000000000000000000e+00 -1.310004604791345181e-04 9.999999914194395156e-01 -0.000000000000000000e+00 -0.000000000000000000e+00 0.000000000000000000e+00 1.000000000000000000e+00
1.519406175713868337e-02 9.999999936669038414e-01 1.125441781232180239e-04 0.000000000000000000e+00 -1.125441781232180239e-04 9.999999936669038414e-01 -0.000000000000000000e+00 -0.000000000000000000e+00 0.000000000000000000e+00 1.000000000000000000e+00
2.019406175713865659e-02 9.999999961635128720e-01 8.759551296234820714e-05 0.000000000000000000e+00 -8.759551296234820714e-05 9.999999961635128720e-01 -0.000000000000000000e+00 -0.000000000000000000e+00 0.000000000000000000e+00 1.000000000000000000e+00
2.519406175713862633e-02 9.999999984311767065e-01 5.601469641353606731e-05 0.000000000000000000e+00 -5.601469641353606731e-05 9.999999984311767065e-01 -0.000000000000000000e+00 -0.000000000000000000e+00 0.000000000000000000e+00 1.000000000000000000e+00
3.019406175713859608e-02 9.999999998464704776e-01 1.752309134626604261e-05 0.000000000000000000e+00 -1.752309134626604261e-05 9.999999998464704776e-01 -0.000000000000000000e+00 -0.000000000000000000e+00 0.000000000000000000e+00 1.000000000000000000e+00
3.519406175713856583e-02 9.999999996076307518e-01 -2.801318106951968646e-05 0.000000000000000000e+00 2.801318106951968646e-05 9.999999996076307518e-01 -0.000000000000000000e+00 0.000000000000000000e+00 0.000000000000000000e+00 1.000000000000000000e+00
4.019406175713853557e-02 9.999999967513966137e-01 -8.060525050129401577e-05 0.000000000000000000e+00 8.060525050129401577e-05 9.999999967513966137e-01 -0.000000000000000000e+00 0.000000000000000000e+00 0.000000000000000000e+00 1.000000000000000000e+00
4.519406175713850532e-02 9.999999902029725884e-01 -1.399787640429125089e-04 0.000000000000000000e+00 1.399787640429125089e-04 9.999999902029725884e-01 -0.000000000000000000e+00 0.000000000000000000e+00 0.000000000000000000e+00 1.000000000000000000e+00
5.019406175713847507e-02 9.999999787243201155e-01 -2.062798079327263039e-04 0.000000000000000000e+00 2.062798079327263039e-04 9.999999787243201155e-01 -0.000000000000000000e+00 0.000000000000000000e+00 0.000000000000000000e+00 1.000000000000000000e+00
5.519406175713844481e-02 9.999999610678963480e-01 -2.790415839811812297e-04 0.000000000000000000e+00 2.790415839811812297e-04 9.999999610678963480e-01 -0.000000000000000000e+00 0.000000000000000000e+00 0.000000000000000000e+00 1.000000000000000000e+00
6.019406175713841456e-02 9.999999357137104861e-01 -3.585701809007317900e-04 0.000000000000000000e+00 3.585701809007317900e-04 9.999999357137104861e-01 -0.000000000000000000e+00 0.000000000000000000e+00 0.000000000000000000e+00 1.000000000000000000e+00
6.519406175713847451e-02 9.999999009491593593e-01 -4.450861391519106165e-04 0.000000000000000000e+00 4.450861391519106165e-04 9.999999009491593593e-01 -0.000000000000000000e+00 0.000000000000000000e+00 0.000000000000000000e+00 1.000000000000000000e+00
7.019406175713861773e-02 9.999998548762856210e-01 -5.387461438976313272e-04 0.000000000000000000e+00 5.387461438976313272e-04 9.999998548762856210e-01 -0.000000000000000000e+00 0.000000000000000000e+00 0.000000000000000000e+00 1.000000000000000000e+00
7.519406175713876095e-02 9.999997954267419997e-01 -6.396455844459636225e-04 0.000000000000000000e+00 6.396455844459636225e-04 9.999997954267419997e-01 -0.000000000000000000e+00 0.000000000000000000e+00 0.000000000000000000e+00 1.000000000000000000e+00
8.019406175713890417e-02 9.999997207308457536e-01 -7.473541531183882898e-04 0.000000000000000000e+00 7.473541531183882898e-04 9.999997207308457536e-01 -0.000000000000000000e+00 0.000000000000000000e+00 0.000000000000000000e+00 1.000000000000000000e+00
8.519406175713904739e-02 9.999996279231576635e-01 -8.626433480457588402e-04 0.000000000000000000e+00 8.626433480457588402e-04 9.999996279231576635e-01 -0.000000000000000000e+00 0.000000000000000000e+00 0.000000000000000000e+00 1.000000000000000000e+00
9.019406175713919060e-02 9.999995161970027802e-01 -9.836695380282727084e-04 0.000000000000000000e+00 9.836695380282727084e-04 9.999995161970027802e-01 -0.000000000000000000e+00 0.000000000000000000e+00 0.000000000000000000e+00 1.000000000000000000e+00
9.519406175713933382e-02 9.999993829039940385e-01 -1.110941776558742929e-03 0.000000000000000000e+00 1.110941776558742929e-03 9.999993829039940385e-01 -0.000000000000000000e+00 0.000000000000000000e+00 0.000000000000000000e+00 1.000000000000000000e+00
1.001940617571394770e-01 9.999992245362521182e-01 -1.245362153883228500e-03 0.000000000000000000e+00 1.245362153883228500e-03 9.999992245362521182e-01 -0.000000000000000000e+00 0.000000000000000000e+00 0.000000000000000000e+00 1.000000000000000000e+00
1.051940617571396203e-01 9.999990381609884516e-01 -1.386966869696054433e-03 0.000000000000000000e+00 1.386966869696054433e-03 9.999990381609884516e-01 -0.000000000000000000e+00 0.000000000000000000e+00 0.000000000000000000e+00 1.000000000000000000e+00
1.101940617571397635e-01 9.999988206655548995e-01 -1.535795396227199443e-03 0.000000000000000000e+00 1.535795396227199443e-03 9.999988206655548995e-01 -0.000000000000000000e+00 0.000000000000000000e+00 0.000000000000000000e+00 1.000000000000000000e+00
1.151940617571399067e-01 9.999985670315832964e-01 -1.692907197579203871e-03 0.000000000000000000e+00 1.692907197579203871e-03 9.999985670315832964e-01 -0.000000000000000000e+00 0.000000000000000000e+00 0.000000000000000000e+00 1.000000000000000000e+00
1.201940617571400499e-01 9.999982733055590156e-01 -1.858328792319766457e-03 0.000000000000000000e+00 1.858328792319766457e-03 9.999982733055590156e-01 -0.000000000000000000e+00 0.000000000000000000e+00 0.000000000000000000e+00 1.000000000000000000e+00
1.251940617571401793e-01 9.999979366306939177e-01 -2.031436524895300581e-03 0.000000000000000000e+00 2.031436524895300581e-03 9.999979366306939177e-01 -0.000000000000000000e+00 0.000000000000000000e+00 0.000000000000000000e+00 1.000000000000000000e+00
1.300492297571401445e-01 9.999975569178569668e-01 -2.210465633617261522e-03 0.000000000000000000e+00 2.210465633617261522e-03 9.999975569178569668e-01 -0.000000000000000000e+00 0.000000000000000000e+00 0.000000000000000000e+00 1.000000000000000000e+00
1.350508937571401336e-01 9.999970373225630649e-01 -2.434203380233671173e-03 0.000000000000000000e+00 2.434203380233671173e-03 9.999970373225630649e-01 -0.000000000000000000e+00 0.000000000000000000e+00 0.000000000000000000e+00 1.000000000000000000e+00
1.400508937571402768e-01 9.999963594113372434e-01 -2.698363220864992158e-03 0.000000000000000000e+00 2.698363220864992158e-03 9.999963594113372434e-01 -0.000000000000000000e+00 0.000000000000000000e+00 0.000000000000000000e+00 1.000000000000000000e+00
1.450508937571404200e-01 9.999958394717077814e-01 -2.884621166526749828e-03 0.000000000000000000e+00 2.884621166526749828e-03 9.999958394717077814e-01 -0.000000000000000000e+00 0.000000000000000000e+00 0.000000000000000000e+00 1.000000000000000000e+00
1.500108937571402734e-01 9.999948919249339596e-01 -3.196267204030069347e-03 0.000000000000000000e+00 3.196267204030069347e-03 9.999948919249339596e-01 -0.000000000000000000e+00 0.000000000000000000e+00 0.000000000000000000e+00 1.000000000000000000e+00
1.550428937571403099e-01 9.999942758922150121e-01 -3.383516337255064628e-03 0.000000000000000000e+00 3.383516337255064628e-03 9.999942758922150121e-01 -0.000000000000000000e+00 0.000000000000000000e+00 0.000000000000000000e+00 1.000000000000000000e+00
1.600428937571404531e-01 9.999935715828952576e-01 -3.585637026336174153e-03 0.000000000000000000e+00 3.585637026336174153e-03 9.999935715828952576e-01 -0.000000000000000000e+00 0.000000000000000000e+00 0.000000000000000000e+00 1.000000000000000000e+00
1.650428937571405963e-01 9.999927775266813645e-01 -3.800643955069688950e-03 0.000000000000000000e+00 3.800643955069688950e-03 9.999927775266813645e-01 -0.000000000000000000e+00 0.000000000000000000e+00 0.000000000000000000e+00 1.000000000000000000e+00
1.700428937571407395e-01 9.999919709581143179e-01 -4.007245850432918088e-03 0.000000000000000000e+00 4.007245850432918088e-03 9.999919709581143179e-01 -0.000000000000000000e+00 0.000000000000000000e+00 0.000000000000000000e+00 1.000000000000000000e+00
1.750428937571408827e-01 9.999910997953185277e-01 -4.219043748221865120e-03 0.000000000000000000e+00 4.219043748221865120e-03 9.999910997953185277e-01 -0.000000000000000000e+00 0.000000000000000000e+00 0.000000000000000000e+00 1.000000000000000000e+00
1.800428937571410259e-01 9.999901165906625033e-01 -4.445978069373776424e-03 0.000000000000000000e+00 4.445978069373776424e-03 9.999901165906625033e-01 -0.000000000000000000e+00 0.000000000000000000e+00 0.000000000000000000e+00 1.000000000000000000e+00
1.850428937571411692e-01 9.999890127006740848e-01 -4.687694308620369774e-03 0.000000000000000000e+00 4.687694308620369774e-03 9.999890127006740848e-01 -0.000000000000000000e+00 0.000000000000000000e+00 0.000000000000000000e+00 1.000000000000000000e+00
1.900428937571413124e-01 9.999877615431912448e-01 -4.947399704665613948e-03 0.000000000000000000e+00 4.947399704665613948e-03 9.999877615431912448e-01 -0.000000000000000000e+00 0.000000000000000000e+00 0.000000000000000000e+00 1.000000000000000000e+00
1.950428937571414556e-01 9.999863737591900836e-01 -5.220373161527997082e-03 0.000000000000000000e+00 5.220373161527997082e-03 9.999863737591900836e-01 -0.000000000000000000e+00 0.000000000000000000e+00 0.000000000000000000e+00 1.000000000000000000e+00
2.000428937571415988e-01 9.999848290273121165e-01 -5.508331436772167904e-03 0.000000000000000000e+00 5.508331436772167904e-03 9.999848290273121165e-01 -0.000000000000000000e+00 0.000000000000000000e+00 0.000000000000000000e+00 1.000000000000000000e+00
2.050828937571415322e-01 9.999833431686756535e-01 -5.771774874225379937e-03 0.000000000000000000e+00 5.771774874225379937e-03 9.999833431686756535e-01 -0.000000000000000000e+00 0.000000000000000000e+00 0.000000000000000000e+00 1.000000000000000000e+00
2.100668937571416595e-01 9.999818104075752778e-01 -6.031488538358597065e-03 0.000000000000000000e+00 6.031488538358597065e-03 9.999818104075752778e-01 -0.000000000000000000e+00 0.000000000000000000e+00 0.000000000000000000e+00 1.000000000000000000e+00
2.150668937571418027e-01 9.999801881927268266e-01 -6.294697930685711797e-03 0.000000000000000000e+00 6.294697930685711797e-03 9.999801881927268266e-01 -0.000000000000000000e+00 0.000000000000000000e+00 0.000000000000000000e+00 1.000000000000000000e+00
2.200668937571419459e-01 9.999785239291271166e-01 -6.553753163206025786e-03 0.000000000000000000e+00 6.553753163206025786e-03 9.999785239291271166e-01 -0.000000000000000000e+00 0.000000000000000000e+00 0.000000000000000000e+00 1.000000000000000000e+00
2.251228937571418953e-01 9.999767815678692884e-01 -6.814420383690464669e-03 0.000000000000000000e+00 6.814420383690464669e-03 9.999767815678692884e-01 -0.000000000000000000e+00 0.000000000000000000e+00 0.000000000000000000e+00 1.000000000000000000e+00
2.300988937571420145e-01 9.999749598897998970e-01 -7.076693676642788026e-03 0.000000000000000000e+00 7.076693676642788026e-03 9.999749598897998970e-01 -0.000000000000000000e+00 0.000000000000000000e+00 0.000000000000000000e+00 1.000000000000000000e+00
2.350988937571421578e-01 9.999730761094166587e-01 -7.338055346681497323e-03 0.000000000000000000e+00 7.338055346681497323e-03 9.999730761094166587e-01 -0.000000000000000000e+00 0.000000000000000000e+00 0.000000000000000000e+00 1.000000000000000000e+00
2.400988937571423010e-01 9.999711195297950050e-01 -7.600006995303157896e-03 0.000000000000000000e+00 7.600006995303157896e-03 9.999711195297950050e-01 -0.000000000000000000e+00 0.000000000000000000e+00 0.000000000000000000e+00 1.000000000000000000e+00
2.450988937571424442e-01 9.999690995741936650e-01 -7.861291037514091945e-03 0.000000000000000000e+00 7.861291037514091945e-03 9.999690995741936650e-01 -0.000000000000000000e+00 0.000000000000000000e+00 0.000000000000000000e+00 1.000000000000000000e+00
2.500988937571425597e-01 9.999669925174519136e-01 -8.124892344057508056e-03 0.000000000000000000e+00 8.124892344057508056e-03 9.999669925174519136e-01 -0.000000000000000000e+00 0.000000000000000000e+00 0.000000000000000000e+00 1.000000000000000000e+00
2.550988937571420090e-01 9.999647315608614084e-01 -8.398549542313487465e-03 0.000000000000000000e+00 8.398549542313487465e-03 9.999647315608614084e-01 -0.000000000000000000e+00 0.000000000000000000e+00 0.000000000000000000e+00 1.000000000000000000e+00
2.601238537571418652e-01 9.999622138680841488e-01 -8.693148798909524841e-03 0.000000000000000000e+00 8.693148798909524841e-03 9.999622138680841488e-01 -0.000000000000000000e+00 0.000000000000000000e+00 0.000000000000000000e+00 1.000000000000000000e+00
2.651660937571417298e-01 9.999594011452618281e-01 -9.010885706158574052e-03 0.000000000000000000e+00 9.010885706158574052e-03 9.999594011452618281e-01 -0.000000000000000000e+00 0.000000000000000000e+00 0.000000000000000000e+00 1.000000000000000000e+00
2.700093588417627477e-01 9.999571841041220432e-01 -9.253645689951229408e-03 0.000000000000000000e+00 9.253645689951229408e-03 9.999571841041220432e-01 -0.000000000000000000e+00 0.000000000000000000e+00 0.000000000000000000e+00 1.000000000000000000e+00
2.750854774722504281e-01 9.999543941249580126e-01 -9.550375395161498845e-03 0.000000000000000000e+00 9.550375395161498845e-03 9.999543941249580126e-01 -0.000000000000000000e+00 0.000000000000000000e+00 0.000000000000000000e+00 1.000000000000000000e+00
2.800707988635252610e-01 9.999517192143047017e-01 -9.826456144342078994e-03 0.000000000000000000e+00 9.826456144342078994e-03 9.999517192143047017e-01 -0.000000000000000000e+00 0.000000000000000000e+00 0.000000000000000000e+00 1.000000000000000000e+00
2.850614453070816623e-01 9.999487695343115545e-01 -1.012216907666062607e-02 0.000000000000000000e+00 1.012216907666062607e-02 9.999487695343115545e-01 -0.000000000000000000e+00 0.000000000000000000e+00 0.000000000000000000e+00 1.000000000000000000e+00
2.900614453070811116e-01 9.999460994379542056e-01 -1.038259210511633182e-02 0.000000000000000000e+00 1.038259210511633182e-02 9.999460994379542056e-01 -0.000000000000000000e+00 0.000000000000000000e+00 0.000000000000000000e+00 1.000000000000000000e+00
2.950614453070805610e-01 9.999433045131230768e-01 -1.064836885987290212e-02 0.000000000000000000e+00 1.064836885987290212e-02 9.999433045131230768e-01 -0.000000000000000000e+00 0.000000000000000000e+00 0.000000000000000000e+00 1.000000000000000000e+00
3.001734453070806219e-01 9.999404125225485052e-01 -1.091656558793630688e-02 0.000000000000000000e+00 1.091656558793630688e-02 9.999404125225485052e-01 -0.000000000000000000e+00 0.000000000000000000e+00 0.000000000000000000e+00 1.000000000000000000e+00
3.051734453070800712e-01 9.999375784720201388e-01 -1.117314456689860389e-02 0.000000000000000000e+00 1.117314456689860389e-02 9.999375784720201388e-01 -0.000000000000000000e+00 0.000000000000000000e+00 0.000000000000000000e+00 1.000000000000000000e+00
3.101734453070795205e-01 9.999346769630753640e-01 -1.142986468643405334e-02 0.000000000000000000e+00 1.142986468643405334e-02 9.999346769630753640e-01 -0.000000000000000000e+00 0.000000000000000000e+00 0.000000000000000000e+00 1.000000000000000000e+00
3.151734453070789699e-01 9.999315401033628259e-01 -1.170107287889856490e-02 0.000000000000000000e+00 1.170107287889856490e-02 9.999315401033628259e-01 -0.000000000000000000e+00 0.000000000000000000e+00 0.000000000000000000e+00 1.000000000000000000e+00
3.201734453070784192e-01 9.999284152518916891e-01 -1.196513150118063383e-02 0.000000000000000000e+00 1.196513150118063383e-02 9.999284152518916891e-01 -0.000000000000000000e+00 0.000000000000000000e+00 0.000000000000000000e+00 1.000000000000000000e+00
3.251734453070778685e-01 9.999252315427796800e-01 -1.222830013200843467e-02 0.000000000000000000e+00 1.222830013200843467e-02 9.999252315427796800e-01 -0.000000000000000000e+00 0.000000000000000000e+00 0.000000000000000000e+00 1.000000000000000000e+00
3.301734453070773179e-01 9.999219733676609767e-01 -1.249188442641190749e-02 0.000000000000000000e+00 1.249188442641190749e-02 9.999219733676609767e-01 -0.000000000000000000e+00 0.000000000000000000e+00 0.000000000000000000e+00 1.000000000000000000e+00
3.351734453070767672e-01 9.999186476765807852e-01 -1.275531374127338372e-02 0.000000000000000000e+00 1.275531374127338372e-02 9.999186476765807852e-01 -0.000000000000000000e+00 0.000000000000000000e+00 0.000000000000000000e+00 1.000000000000000000e+00
3.401734453070762165e-01 9.999152332891546591e-01 -1.302022412617428841e-02 0.000000000000000000e+00 1.302022412617428841e-02 9.999152332891546591e-01 -0.000000000000000000e+00 0.000000000000000000e+00 0.000000000000000000e+00 1.000000000000000000e+00
3.451734453070756659e-01 9.999117311924873297e-01 -1.328645263579882572e-02 0.000000000000000000e+00 1.328645263579882572e-02 9.999117311924873297e-01 -0.000000000000000000e+00 0.000000000000000000e+00 0.000000000000000000e+00 1.000000000000000000e+00
3.501734453070751152e-01 9.999081314658272435e-01 -1.355465338981651571e-02 0.000000000000000000e+00 1.355465338981651571e-02 9.999081314658272435e-01 -0.000000000000000000e+00 0.000000000000000000e+00 0.000000000000000000e+00 1.000000000000000000e+00
3.551734453070745645e-01 9.999044798275574797e-01 -1.382140444317889530e-02 0.000000000000000000e+00 1.382140444317889530e-02 9.999044798275574797e-01 -0.000000000000000000e+00 0.000000000000000000e+00 0.000000000000000000e+00 1.000000000000000000e+00
3.601734453070740138e-01 9.999007900244543112e-01 -1.408581231140534386e-02 0.000000000000000000e+00 1.408581231140534386e-02 9.999007900244543112e-01 -0.000000000000000000e+00 0.000000000000000000e+00 0.000000000000000000e+00 1.000000000000000000e+00
3.651734453070734632e-01 9.998970616741862383e-01 -1.434803315192968547e-02 0.000000000000000000e+00 1.434803315192968547e-02 9.998970616741862383e-01 -0.000000000000000000e+00 0.000000000000000000e+00 0.000000000000000000e+00 1.000000000000000000e+00
3.701734453070729125e-01 9.998932603605199532e-01 -1.461054022305602676e-02 0.000000000000000000e+00 1.461054022305602676e-02 9.998932603605199532e-01 -0.000000000000000000e+00 0.000000000000000000e+00 0.000000000000000000e+00 1.000000000000000000e+00
3.751734453070723618e-01 9.998892424525835931e-01 -1.488297106087185101e-02 0.000000000000000000e+00 1.488297106087185101e-02 9.998892424525835931e-01 -0.000000000000000000e+00 0.000000000000000000e+00 0.000000000000000000e+00 1.000000000000000000e+00
3.801734453070718112e-01 9.998844665030189871e-01 -1.520044887407044805e-02 0.000000000000000000e+00 1.520044887407044805e-02 9.998844665030189871e-01 -0.000000000000000000e+00 0.000000000000000000e+00 0.000000000000000000e+00 1.000000000000000000e+00
3.851334453070713870e-01 9.998793114896713519e-01 -1.553584419788655094e-02 0.000000000000000000e+00 1.553584419788655094e-02 9.998793114896713519e-01 -0.000000000000000000e+00 0.000000000000000000e+00 0.000000000000000000e+00 1.000000000000000000e+00
3.900532590414715339e-01 9.998751779742263146e-01 -1.579963515432359841e-02 0.000000000000000000e+00 1.579963515432359841e-02 9.998751779742263146e-01 -0.000000000000000000e+00 0.000000000000000000e+00 0.000000000000000000e+00 1.000000000000000000e+00
3.951280625077117636e-01 9.998709003097572268e-01 -1.606806502836581260e-02 0.000000000000000000e+00 1.606806502836581260e-02 9.998709003097572268e-01 -0.000000000000000000e+00 0.000000000000000000e+00 0.000000000000000000e+00 1.000000000000000000e+00
4.001280625077112130e-01 9.998667502217917225e-01 -1.632427030263569959e-02 0.000000000000000000e+00 1.632427030263569959e-02 9.998667502217917225e-01 -0.000000000000000000e+00 0.000000000000000000e+00 0.000000000000000000e+00 1.000000000000000000e+00
4.051280625077106623e-01 9.998625724481073895e-01 -1.657818498671273511e-02 0.000000000000000000e+00 1.657818498671273511e-02 9.998625724481073895e-01 -0.000000000000000000e+00 0.000000000000000000e+00 0.000000000000000000e+00 1.000000000000000000e+00
4.101280625077101116e-01 9.998583448187036149e-01 -1.683122979472076106e-02 0.000000000000000000e+00 1.683122979472076106e-02 9.998583448187036149e-01 -0.000000000000000000e+00 0.000000000000000000e+00 0.000000000000000000e+00 1.000000000000000000e+00
4.150688625077099680e-01 9.998541416273771798e-01 -1.707909454804536903e-02 0.000000000000000000e+00 1.707909454804536903e-02 9.998541416273771798e-01 -0.000000000000000000e+00 0.000000000000000000e+00 0.000000000000000000e+00 1.000000000000000000e+00
4.200461425077100519e-01 9.998492324234211637e-01 -1.736411305813882408e-02 0.000000000000000000e+00 1.736411305813882408e-02 9.998492324234211637e-01 -0.000000000000000000e+00 0.000000000000000000e+00 0.000000000000000000e+00 1.000000000000000000e+00
4.250461425077095012e-01 9.998446560988967224e-01 -1.762565376033349215e-02 0.000000000000000000e+00 1.762565376033349215e-02 9.998446560988967224e-01 -0.000000000000000000e+00 0.000000000000000000e+00 0.000000000000000000e+00 1.000000000000000000e+00
4.300461425077089506e-01 9.998398966510469998e-01 -1.789360401998627004e-02 0.000000000000000000e+00 1.789360401998627004e-02 9.998398966510469998e-01 -0.000000000000000000e+00 0.000000000000000000e+00 0.000000000000000000e+00 1.000000000000000000e+00
4.350461425077083999e-01 9.998350647347622466e-01 -1.816158932566847711e-02 0.000000000000000000e+00 1.816158932566847711e-02 9.998350647347622466e-01 -0.000000000000000000e+00 0.000000000000000000e+00 0.000000000000000000e+00 1.000000000000000000e+00
4.400461425077078492e-01 9.998302054469897504e-01 -1.842716136117099682e-02 0.000000000000000000e+00 1.842716136117099682e-02 9.998302054469897504e-01 -0.000000000000000000e+00 0.000000000000000000e+00 0.000000000000000000e+00 1.000000000000000000e+00
4.450461425077072986e-01 9.998253204966719432e-01 -1.869033155745010097e-02 0.000000000000000000e+00 1.869033155745010097e-02 9.998253204966719432e-01 -0.000000000000000000e+00 0.000000000000000000e+00 0.000000000000000000e+00 1.000000000000000000e+00
4.500461425077067479e-01 9.998203685568051169e-01 -1.895338014536616586e-02 0.000000000000000000e+00 1.895338014536616586e-02 9.998203685568051169e-01 -0.000000000000000000e+00 0.000000000000000000e+00 0.000000000000000000e+00 1.000000000000000000e+00
4.550461425077061972e-01 9.998153566148325622e-01 -1.921594851043074634e-02 0.000000000000000000e+00 1.921594851043074634e-02 9.998153566148325622e-01 -0.000000000000000000e+00 0.000000000000000000e+00 0.000000000000000000e+00 1.000000000000000000e+00
4.600461425077056465e-01 9.998102633320123944e-01 -1.947915131550490356e-02 0.000000000000000000e+00 1.947915131550490356e-02 9.998102633320123944e-01 -0.000000000000000000e+00 0.000000000000000000e+00 0.000000000000000000e+00 1.000000000000000000e+00
4.650461425077050959e-01 9.998050817499468668e-01 -1.974331550126366339e-02 0.000000000000000000e+00 1.974331550126366339e-02 9.998050817499468668e-01 -0.000000000000000000e+00 0.000000000000000000e+00 0.000000000000000000e+00 1.000000000000000000e+00
4.701661425077051093e-01 9.997996979155183706e-01 -2.001409623337001981e-02 0.000000000000000000e+00 2.001409623337001981e-02 9.997996979155183706e-01 -0.000000000000000000e+00 0.000000000000000000e+00 0.000000000000000000e+00 1.000000000000000000e+00
4.751661425077045586e-01 9.997943850100625696e-01 -2.027776374137632912e-02 0.000000000000000000e+00 2.027776374137632912e-02 9.997943850100625696e-01 -0.000000000000000000e+00 0.000000000000000000e+00 0.000000000000000000e+00 1.000000000000000000e+00
4.800061425077040700e-01 9.997891917930552541e-01 -2.053221794618539930e-02 0.000000000000000000e+00 2.053221794618539930e-02 9.997891917930552541e-01 -0.000000000000000000e+00 0.000000000000000000e+00 0.000000000000000000e+00 1.000000000000000000e+00
4.850301425077040984e-01 9.997837791941862617e-01 -2.079410638115838927e-02 0.000000000000000000e+00 2.079410638115838927e-02 9.997837791941862617e-01 -0.000000000000000000e+00 0.000000000000000000e+00 0.000000000000000000e+00 1.000000000000000000e+00
4.900061425077036903e-01 9.997776232689424836e-01 -2.108800632362044930e-02 0.000000000000000000e+00 2.108800632362044930e-02 9.997776232689424836e-01 -0.000000000000000000e+00 0.000000000000000000e+00 0.000000000000000000e+00 1.000000000000000000e+00
4.951821425077033711e-01 9.997709591487033975e-01 -2.140161776319797482e-02 0.000000000000000000e+00 2.140161776319797482e-02 9.997709591487033975e-01 -0.000000000000000000e+00 0.000000000000000000e+00 0.000000000000000000e+00 1.000000000000000000e+00
5.001261425077031531e-01 9.997654209332320629e-01 -2.165878819781215381e-02 0.000000000000000000e+00 2.165878819781215381e-02 9.997654209332320629e-01 -0.000000000000000000e+00 0.000000000000000000e+00 0.000000000000000000e+00 1.000000000000000000e+00
5.051261425077026024e-01 9.997597665140022238e-01 -2.191824034606384627e-02 0.000000000000000000e+00 2.191824034606384627e-02 9.997597665140022238e-01 -0.000000000000000000e+00 0.000000000000000000e+00 0.000000000000000000e+00 1.000000000000000000e+00
5.101261425077020517e-01 9.997528163663431666e-01 -2.223299726904362852e-02 0.000000000000000000e+00 2.223299726904362852e-02 9.997528163663431666e-01 -0.000000000000000000e+00 0.000000000000000000e+00 0.000000000000000000e+00 1.000000000000000000e+00
5.151261425077015010e-01 9.997464057323857123e-01 -2.251941884632681357e-02 0.000000000000000000e+00 2.251941884632681357e-02 9.997464057323857123e-01 -0.000000000000000000e+00 0.000000000000000000e+00 0.000000000000000000e+00 1.000000000000000000e+00
5.201101425077022666e-01 9.997404035851358284e-01 -2.278432442338136632e-02 0.000000000000000000e+00 2.278432442338136632e-02 9.997404035851358284e-01 -0.000000000000000000e+00 0.000000000000000000e+00 0.000000000000000000e+00 1.000000000000000000e+00
5.250541425077021040e-01 9.997345906798870141e-01 -2.303797296028793976e-02 0.000000000000000000e+00 2.303797296028793976e-02 9.997345906798870141e-01 -0.000000000000000000e+00 0.000000000000000000e+00 0.000000000000000000e+00 1.000000000000000000e+00
5.300301425077016404e-01 9.997287559658186717e-01 -2.328979379550022780e-02 0.000000000000000000e+00 2.328979379550022780e-02 9.997287559658186717e-01 -0.000000000000000000e+00 0.000000000000000000e+00 0.000000000000000000e+00 1.000000000000000000e+00
5.350301425077010897e-01 9.997228040414553041e-01 -2.354389686288920272e-02 0.000000000000000000e+00 2.354389686288920272e-02 9.997228040414553041e-01 -0.000000000000000000e+00 0.000000000000000000e+00 0.000000000000000000e+00 1.000000000000000000e+00
5.400301425077005391e-01 9.997167614385249479e-01 -2.379909449680076006e-02 0.000000000000000000e+00 2.379909449680076006e-02 9.997167614385249479e-01 -0.000000000000000000e+00 0.000000000000000000e+00 0.000000000000000000e+00 1.000000000000000000e+00
5.450301425076999884e-01 9.997103621401707274e-01 -2.406640458334629099e-02 0.000000000000000000e+00 2.406640458334629099e-02 9.997103621401707274e-01 -0.000000000000000000e+00 0.000000000000000000e+00 0.000000000000000000e+00 1.000000000000000000e+00
5.500301425076994377e-01 9.997040769760405787e-01 -2.432608635771559349e-02 0.000000000000000000e+00 2.432608635771559349e-02 9.997040769760405787e-01 -0.000000000000000000e+00 0.000000000000000000e+00 0.000000000000000000e+00 1.000000000000000000e+00
5.551341425076994351e-01 9.996974700936298586e-01 -2.459610311404056976e-02 0.000000000000000000e+00 2.459610311404056976e-02 9.996974700936298586e-01 -0.000000000000000000e+00 0.000000000000000000e+00 0.000000000000000000e+00 1.000000000000000000e+00
5.601581425076995746e-01 9.996909751533240573e-01 -2.485868453873312303e-02 0.000000000000000000e+00 2.485868453873312303e-02 9.996909751533240573e-01 -0.000000000000000000e+00 0.000000000000000000e+00 0.000000000000000000e+00 1.000000000000000000e+00
5.651501425076990159e-01 9.996844651012924965e-01 -2.511912090705256326e-02 0.000000000000000000e+00 2.511912090705256326e-02 9.996844651012924965e-01 -0.000000000000000000e+00 0.000000000000000000e+00 0.000000000000000000e+00 1.000000000000000000e+00
5.701501425076984653e-01 9.996778365404932476e-01 -2.538155097150601031e-02 0.000000000000000000e+00 2.538155097150601031e-02 9.996778365404932476e-01 -0.000000000000000000e+00 0.000000000000000000e+00 0.000000000000000000e+00 1.000000000000000000e+00
5.751501425076979146e-01 9.996710704799428582e-01 -2.564665368981873528e-02 0.000000000000000000e+00 2.564665368981873528e-02 9.996710704799428582e-01 -0.000000000000000000e+00 0.000000000000000000e+00 0.000000000000000000e+00 1.000000000000000000e+00
5.801501425076973639e-01 9.996642220159425163e-01 -2.591222146518533040e-02 0.000000000000000000e+00 2.591222146518533040e-02 9.996642220159425163e-01 -0.000000000000000000e+00 0.000000000000000000e+00 0.000000000000000000e+00 1.000000000000000000e+00
5.851501425076968133e-01 9.996572659457516608e-01 -2.617920246808608936e-02 0.000000000000000000e+00 2.617920246808608936e-02 9.996572659457516608e-01 -0.000000000000000000e+00 0.000000000000000000e+00 0.000000000000000000e+00 1.000000000000000000e+00
5.901501425076962626e-01 9.996503133924862228e-01 -2.644335331051162266e-02 0.000000000000000000e+00 2.644335331051162266e-02 9.996503133924862228e-01 -0.000000000000000000e+00 0.000000000000000000e+00 0.000000000000000000e+00 1.000000000000000000e+00
5.951501425076957119e-01 9.996433480278137385e-01 -2.670536919317316113e-02 0.000000000000000000e+00 2.670536919317316113e-02 9.996433480278137385e-01 -0.000000000000000000e+00 0.000000000000000000e+00 0.000000000000000000e+00 1.000000000000000000e+00
6.001501425076951612e-01 9.996362827905388437e-01 -2.696853961033100072e-02 0.000000000000000000e+00 2.696853961033100072e-02 9.996362827905388437e-01 -0.000000000000000000e+00 0.000000000000000000e+00 0.000000000000000000e+00 1.000000000000000000e+00
6.051501425076946106e-01 9.996291688559829636e-01 -2.723095246768076488e-02 0.000000000000000000e+00 2.723095246768076488e-02 9.996291688559829636e-01 -0.000000000000000000e+00 0.000000000000000000e+00 0.000000000000000000e+00 1.000000000000000000e+00
6.101501425076940599e-01 9.996211635262460815e-01 -2.752325254097948148e-02 0.000000000000000000e+00 2.752325254097948148e-02 9.996211635262460815e-01 -0.000000000000000000e+00 0.000000000000000000e+00 0.000000000000000000e+00 1.000000000000000000e+00
6.151501425076935092e-01 9.996132860021635924e-01 -2.780788463650057593e-02 0.000000000000000000e+00 2.780788463650057593e-02 9.996132860021635924e-01 -0.000000000000000000e+00 0.000000000000000000e+00 0.000000000000000000e+00 1.000000000000000000e+00
6.200877425076933847e-01 9.996036012241156232e-01 -2.815387042272420731e-02 0.000000000000000000e+00 2.815387042272420731e-02 9.996036012241156232e-01 -0.000000000000000000e+00 0.000000000000000000e+00 0.000000000000000000e+00 1.000000000000000000e+00
6.250531825076932613e-01 9.995964219291333386e-01 -2.840762690677472307e-02 0.000000000000000000e+00 2.840762690677472307e-02 9.995964219291333386e-01 -0.000000000000000000e+00 0.000000000000000000e+00 0.000000000000000000e+00 1.000000000000000000e+00
6.300531825076927106e-01 9.995892053386011833e-01 -2.866043563074513120e-02 0.000000000000000000e+00 2.866043563074513120e-02 9.995892053386011833e-01 -0.000000000000000000e+00 0.000000000000000000e+00 0.000000000000000000e+00 1.000000000000000000e+00
6.350531825076921599e-01 9.995819180116741753e-01 -2.891347755119152985e-02 0.000000000000000000e+00 2.891347755119152985e-02 9.995819180116741753e-01 -0.000000000000000000e+00 0.000000000000000000e+00 0.000000000000000000e+00 1.000000000000000000e+00
6.400531825076916093e-01 9.995745354374263592e-01 -2.916758654832126915e-02 0.000000000000000000e+00 2.916758654832126915e-02 9.995745354374263592e-01 -0.000000000000000000e+00 0.000000000000000000e+00 0.000000000000000000e+00 1.000000000000000000e+00
6.450531825076910586e-01 9.995668793233744021e-01 -2.942879133996677624e-02 0.000000000000000000e+00 2.942879133996677624e-02 9.995668793233744021e-01 -0.000000000000000000e+00 0.000000000000000000e+00 0.000000000000000000e+00 1.000000000000000000e+00
6.500531825076905079e-01 9.995589102108297652e-01 -2.969823257600814198e-02 0.000000000000000000e+00 2.969823257600814198e-02 9.995589102108297652e-01 -0.000000000000000000e+00 0.000000000000000000e+00 0.000000000000000000e+00 1.000000000000000000e+00
6.550531825076899572e-01 9.995509562574207418e-01 -2.996474336409475289e-02 0.000000000000000000e+00 2.996474336409475289e-02 9.995509562574207418e-01 -0.000000000000000000e+00 0.000000000000000000e+00 0.000000000000000000e+00 1.000000000000000000e+00
6.600531825076894066e-01 9.995431478096267197e-01 -3.022409083534362620e-02 0.000000000000000000e+00 3.022409083534362620e-02 9.995431478096267197e-01 -0.000000000000000000e+00 0.000000000000000000e+00 0.000000000000000000e+00 1.000000000000000000e+00
6.651571825076894040e-01 9.995344401423814640e-01 -3.051070253626398873e-02 0.000000000000000000e+00 3.051070253626398873e-02 9.995344401423814640e-01 -0.000000000000000000e+00 0.000000000000000000e+00 0.000000000000000000e+00 1.000000000000000000e+00
6.700291825076895025e-01 9.995267419824099830e-01 -3.076186050987968906e-02 0.000000000000000000e+00 3.076186050987968906e-02 9.995267419824099830e-01 -0.000000000000000000e+00 0.000000000000000000e+00 0.000000000000000000e+00 1.000000000000000000e+00
6.750291825076889518e-01 9.995186050939344202e-01 -3.102512000099077322e-02 0.000000000000000000e+00 3.102512000099077322e-02 9.995186050939344202e-01 -0.000000000000000000e+00 0.000000000000000000e+00 0.000000000000000000e+00 1.000000000000000000e+00
6.800291825076884011e-01 9.995104832612319301e-01 -3.128568124396403222e-02 0.000000000000000000e+00 3.128568124396403222e-02 9.995104832612319301e-01 -0.000000000000000000e+00 0.000000000000000000e+00 0.000000000000000000e+00 1.000000000000000000e+00
6.850291825076878505e-01 9.995022407168068224e-01 -3.154791280073693249e-02 0.000000000000000000e+00 3.154791280073693249e-02 9.995022407168068224e-01 -0.000000000000000000e+00 0.000000000000000000e+00 0.000000000000000000e+00 1.000000000000000000e+00
6.900291825076872998e-01 9.994938939095184827e-01 -3.181125646038861915e-02 0.000000000000000000e+00 3.181125646038861915e-02 9.994938939095184827e-01 -0.000000000000000000e+00 0.000000000000000000e+00 0.000000000000000000e+00 1.000000000000000000e+00
6.950291825076867491e-01 9.994856034026697866e-01 -3.207068117145647074e-02 0.000000000000000000e+00 3.207068117145647074e-02 9.994856034026697866e-01 -0.000000000000000000e+00 0.000000000000000000e+00 0.000000000000000000e+00 1.000000000000000000e+00
7.000291825076861985e-01 9.994773404032875064e-01 -3.232717154919657193e-02 0.000000000000000000e+00 3.232717154919657193e-02 9.994773404032875064e-01 -0.000000000000000000e+00 0.000000000000000000e+00 0.000000000000000000e+00 1.000000000000000000e+00
7.050291825076856478e-01 9.994689100060216713e-01 -3.258677540621634366e-02 0.000000000000000000e+00 3.258677540621634366e-02 9.994689100060216713e-01 -0.000000000000000000e+00 0.000000000000000000e+00 0.000000000000000000e+00 1.000000000000000000e+00
7.101235825076853692e-01 9.994601692427257378e-01 -3.285376838815146083e-02 0.000000000000000000e+00 3.285376838815146083e-02 9.994601692427257378e-01 -0.000000000000000000e+00 0.000000000000000000e+00 0.000000000000000000e+00 1.000000000000000000e+00
7.151792625076852650e-01 9.994512959904469085e-01 -3.312260471364660702e-02 0.000000000000000000e+00 3.312260471364660702e-02 9.994512959904469085e-01 -0.000000000000000000e+00 0.000000000000000000e+00 0.000000000000000000e+00 1.000000000000000000e+00
7.201792625076847143e-01 9.994423492265662734e-01 -3.339147454789480329e-02 0.000000000000000000e+00 3.339147454789480329e-02 9.994423492265662734e-01 -0.000000000000000000e+00 0.000000000000000000e+00 0.000000000000000000e+00 1.000000000000000000e+00
7.251792625076841636e-01 9.994327667422917560e-01 -3.367706581411409467e-02 0.000000000000000000e+00 3.367706581411409467e-02 9.994327667422917560e-01 -0.000000000000000000e+00 0.000000000000000000e+00 0.000000000000000000e+00 1.000000000000000000e+00
7.300192625076838970e-01 9.994227415406007342e-01 -3.397327908032720528e-02 0.000000000000000000e+00 3.397327908032720528e-02 9.994227415406007342e-01 -0.000000000000000000e+00 0.000000000000000000e+00 0.000000000000000000e+00 1.000000000000000000e+00
7.350496625076835544e-01 9.994141532318568943e-01 -3.422499554201385852e-02 0.000000000000000000e+00 3.422499554201385852e-02 9.994141532318568943e-01 -0.000000000000000000e+00 0.000000000000000000e+00 0.000000000000000000e+00 1.000000000000000000e+00
7.400057415168608266e-01 9.994053589544786842e-01 -3.448084240661315053e-02 0.000000000000000000e+00 3.448084240661315053e-02 9.994053589544786842e-01 -0.000000000000000000e+00 0.000000000000000000e+00 0.000000000000000000e+00 1.000000000000000000e+00
7.451113157669662090e-01 9.993937714713546638e-01 -3.481507639316845648e-02 0.000000000000000000e+00 3.481507639316845648e-02 9.993937714713546638e-01 -0.000000000000000000e+00 0.000000000000000000e+00 0.000000000000000000e+00 1.000000000000000000e+00
7.500464521236864801e-01 9.993846067382297083e-01 -3.507716942220778095e-02 0.000000000000000000e+00 3.507716942220778095e-02 9.993846067382297083e-01 -0.000000000000000000e+00 0.000000000000000000e+00 0.000000000000000000e+00 1.000000000000000000e+00
7.550755721236867002e-01 9.993750625360841022e-01 -3.534804635334739403e-02 0.000000000000000000e+00 3.534804635334739403e-02 9.993750625360841022e-01 -0.000000000000000000e+00 0.000000000000000000e+00 0.000000000000000000e+00 1.000000000000000000e+00
7.600128521236863000e-01 9.993661527876187556e-01 -3.559905423567170935e-02 0.000000000000000000e+00 3.559905423567170935e-02 9.993661527876187556e-01 -0.000000000000000000e+00 0.000000000000000000e+00 0.000000000000000000e+00 1.000000000000000000e+00
7.650128521236857493e-01 9.993570262167509322e-01 -3.585434633642883145e-02 0.000000000000000000e+00 3.585434633642883145e-02 9.993570262167509322e-01 -0.000000000000000000e+00 0.000000000000000000e+00 0.000000000000000000e+00 1.000000000000000000e+00
7.700128521236851986e-01 9.993478002972632224e-01 -3.611058073503800592e-02 0.000000000000000000e+00 3.611058073503800592e-02 9.993478002972632224e-01 -0.000000000000000000e+00 0.000000000000000000e+00 0.000000000000000000e+00 1.000000000000000000e+00
7.750128521236846479e-01 9.993383436818330523e-01 -3.637134651412980701e-02 0.000000000000000000e+00 3.637134651412980701e-02 9.993383436818330523e-01 -0.000000000000000000e+00 0.000000000000000000e+00 0.000000000000000000e+00 1.000000000000000000e+00
7.800832521236852335e-01 9.993282565216905500e-01 -3.664745171657524808e-02 0.000000000000000000e+00 3.664745171657524808e-02 9.993282565216905500e-01 -0.000000000000000000e+00 0.000000000000000000e+00 0.000000000000000000e+00 1.000000000000000000e+00
7.850525321236851983e-01 9.993183564052879886e-01 -3.691642657996796473e-02 0.000000000000000000e+00 3.691642657996796473e-02 9.993183564052879886e-01 -0.000000000000000000e+00 0.000000000000000000e+00 0.000000000000000000e+00 1.000000000000000000e+00
7.900125321236853848e-01 9.993089685527081212e-01 -3.716968348160949731e-02 0.000000000000000000e+00 3.716968348160949731e-02 9.993089685527081212e-01 -0.000000000000000000e+00 0.000000000000000000e+00 0.000000000000000000e+00 1.000000000000000000e+00
7.950400521236852258e-01 9.992992856960738468e-01 -3.742910107546078280e-02 0.000000000000000000e+00 3.742910107546078280e-02 9.992992856960738468e-01 -0.000000000000000000e+00 0.000000000000000000e+00 0.000000000000000000e+00 1.000000000000000000e+00
8.000400521236846751e-01 9.992896146855754225e-01 -3.768641640637533652e-02 0.000000000000000000e+00 3.768641640637533652e-02 9.992896146855754225e-01 -0.000000000000000000e+00 0.000000000000000000e+00 0.000000000000000000e+00 1.000000000000000000e+00
8.050400521236841245e-01 9.992798240702648327e-01 -3.794513415579046228e-02 0.000000000000000000e+00 3.794513415579046228e-02 9.992798240702648327e-01 -0.000000000000000000e+00 0.000000000000000000e+00 0.000000000000000000e+00 1.000000000000000000e+00
8.100400521236835738e-01 9.992699276151133514e-01 -3.820486571219276761e-02 0.000000000000000000e+00 3.820486571219276761e-02 9.992699276151133514e-01 -0.000000000000000000e+00 0.000000000000000000e+00 0.000000000000000000e+00 1.000000000000000000e+00
8.150400521236830231e-01 9.992598901718845461e-01 -3.846650352805375261e-02 0.000000000000000000e+00 3.846650352805375261e-02 9.992598901718845461e-01 -0.000000000000000000e+00 0.000000000000000000e+00 0.000000000000000000e+00 1.000000000000000000e+00
8.200400521236824725e-01 9.992499617853118909e-01 -3.872355706870098807e-02 0.000000000000000000e+00 3.872355706870098807e-02 9.992499617853118909e-01 -0.000000000000000000e+00 0.000000000000000000e+00 0.000000000000000000e+00 1.000000000000000000e+00
8.250320521236825799e-01 9.992403795623685525e-01 -3.897003787596085844e-02 0.000000000000000000e+00 3.897003787596085844e-02 9.992403795623685525e-01 -0.000000000000000000e+00 0.000000000000000000e+00 0.000000000000000000e+00 1.000000000000000000e+00
8.301520521236819272e-01 9.992314728427063031e-01 -3.919775096349640414e-02 0.000000000000000000e+00 3.919775096349640414e-02 9.992314728427063031e-01 -0.000000000000000000e+00 0.000000000000000000e+00 0.000000000000000000e+00 1.000000000000000000e+00
8.351520521236813765e-01 9.992228233041232643e-01 -3.941762788572271414e-02 0.000000000000000000e+00 3.941762788572271414e-02 9.992228233041232643e-01 -0.000000000000000000e+00 0.000000000000000000e+00 0.000000000000000000e+00 1.000000000000000000e+00
8.401520521236808259e-01 9.992126185187899523e-01 -3.967547092125699865e-02 0.000000000000000000e+00 3.967547092125699865e-02 9.992126185187899523e-01 -0.000000000000000000e+00 0.000000000000000000e+00 0.000000000000000000e+00 1.000000000000000000e+00
8.450976521236809313e-01 9.992017389806802097e-01 -3.994852710657877809e-02 0.000000000000000000e+00 3.994852710657877809e-02 9.992017389806802097e-01 -0.000000000000000000e+00 0.000000000000000000e+00 0.000000000000000000e+00 1.000000000000000000e+00
8.500160751422183303e-01 9.991890001359620133e-01 -4.026589136349626591e-02 0.000000000000000000e+00 4.026589136349626591e-02 9.991890001359620133e-01 -0.000000000000000000e+00 0.000000000000000000e+00 0.000000000000000000e+00 1.000000000000000000e+00
8.550084472705535843e-01 9.991712098155386412e-01 -4.070495640279241795e-02 0.000000000000000000e+00 4.070495640279241795e-02 9.991712098155386412e-01 -0.000000000000000000e+00 0.000000000000000000e+00 0.000000000000000000e+00 1.000000000000000000e+00
8.601287666220815975e-01 9.991614276091557167e-01 -4.094437175039152693e-02 0.000000000000000000e+00 4.094437175039152693e-02 9.991614276091557167e-01 -0.000000000000000000e+00 0.000000000000000000e+00 0.000000000000000000e+00 1.000000000000000000e+00
8.650382026053925477e-01 9.991506353499715054e-01 -4.120689116821085740e-02 0.000000000000000000e+00 4.120689116821085740e-02 9.991506353499715054e-01 -0.000000000000000000e+00 0.000000000000000000e+00 0.000000000000000000e+00 1.000000000000000000e+00
8.700542026053923461e-01 9.991401897961522671e-01 -4.145939138613965319e-02 0.000000000000000000e+00 4.145939138613965319e-02 9.991401897961522671e-01 -0.000000000000000000e+00 0.000000000000000000e+00 0.000000000000000000e+00 1.000000000000000000e+00
8.750542026053917954e-01 9.991305085668527042e-01 -4.169204781421358141e-02 0.000000000000000000e+00 4.169204781421358141e-02 9.991305085668527042e-01 -0.000000000000000000e+00 0.000000000000000000e+00 0.000000000000000000e+00 1.000000000000000000e+00
8.800542026053912448e-01 9.991191326839043985e-01 -4.196377848767686436e-02 0.000000000000000000e+00 4.196377848767686436e-02 9.991191326839043985e-01 -0.000000000000000000e+00 0.000000000000000000e+00 0.000000000000000000e+00 1.000000000000000000e+00
8.850942026053912892e-01 9.991101889092328658e-01 -4.217618306292517799e-02 0.000000000000000000e+00 4.217618306292517799e-02 9.991101889092328658e-01 -0.000000000000000000e+00 0.000000000000000000e+00 0.000000000000000000e+00 1.000000000000000000e+00
8.901092426053910378e-01 9.991023008720815168e-01 -4.236262966475325131e-02 0.000000000000000000e+00 4.236262966475325131e-02 9.991023008720815168e-01 -0.000000000000000000e+00 0.000000000000000000e+00 0.000000000000000000e+00 1.000000000000000000e+00
8.950417482053915075e-01 9.990913533438353644e-01 -4.262003840429602619e-02 0.000000000000000000e+00 4.262003840429602619e-02 9.990913533438353644e-01 -0.000000000000000000e+00 0.000000000000000000e+00 0.000000000000000000e+00 1.000000000000000000e+00
9.000417482053909568e-01 9.990799885366929978e-01 -4.288562119780518073e-02 0.000000000000000000e+00 4.288562119780518073e-02 9.990799885366929978e-01 -0.000000000000000000e+00 0.000000000000000000e+00 0.000000000000000000e+00 1.000000000000000000e+00
9.050177482053917144e-01 9.990698497364854935e-01 -4.312117052581727200e-02 0.000000000000000000e+00 4.312117052581727200e-02 9.990698497364854935e-01 -0.000000000000000000e+00 0.000000000000000000e+00 0.000000000000000000e+00 1.000000000000000000e+00
9.101019082053910525e-01 9.990594864897066607e-01 -4.336060948515310653e-02 0.000000000000000000e+00 4.336060948515310653e-02 9.990594864897066607e-01 -0.000000000000000000e+00 0.000000000000000000e+00 0.000000000000000000e+00 1.000000000000000000e+00
9.151921482053907431e-01 9.990475682667752100e-01 -4.363434817025872020e-02 0.000000000000000000e+00 4.363434817025872020e-02 9.990475682667752100e-01 -0.000000000000000000e+00 0.000000000000000000e+00 0.000000000000000000e+00 1.000000000000000000e+00
9.201921482053901924e-01 9.990358003490554806e-01 -4.390295685853434771e-02 0.000000000000000000e+00 4.390295685853434771e-02 9.990358003490554806e-01 -0.000000000000000000e+00 0.000000000000000000e+00 0.000000000000000000e+00 1.000000000000000000e+00
9.251121482053902279e-01 9.990241489379616535e-01 -4.416729376792168094e-02 0.000000000000000000e+00 4.416729376792168094e-02 9.990241489379616535e-01 -0.000000000000000000e+00 0.000000000000000000e+00 0.000000000000000000e+00 1.000000000000000000e+00
9.301121482053896772e-01 9.990120844789998067e-01 -4.443934140965484503e-02 0.000000000000000000e+00 4.443934140965484503e-02 9.990120844789998067e-01 -0.000000000000000000e+00 0.000000000000000000e+00 0.000000000000000000e+00 1.000000000000000000e+00
9.351121482053891265e-01 9.989998525099169635e-01 -4.471347319505031281e-02 0.000000000000000000e+00 4.471347319505031281e-02 9.989998525099169635e-01 -0.000000000000000000e+00 0.000000000000000000e+00 0.000000000000000000e+00 1.000000000000000000e+00
9.401121482053885758e-01 9.989875724655312705e-01 -4.498699878214906106e-02 0.000000000000000000e+00 4.498699878214906106e-02 9.989875724655312705e-01 -0.000000000000000000e+00 0.000000000000000000e+00 0.000000000000000000e+00 1.000000000000000000e+00
9.451121482053880252e-01 9.989751871328775845e-01 -4.526119190689368438e-02 0.000000000000000000e+00 4.526119190689368438e-02 9.989751871328775845e-01 -0.000000000000000000e+00 0.000000000000000000e+00 0.000000000000000000e+00 1.000000000000000000e+00
9.501121482053874745e-01 9.989626843076578888e-01 -4.553630815996062564e-02 0.000000000000000000e+00 4.553630815996062564e-02 9.989626843076578888e-01 -0.000000000000000000e+00 0.000000000000000000e+00 0.000000000000000000e+00 1.000000000000000000e+00
9.551121482053869238e-01 9.989500970899743981e-01 -4.581160905197601690e-02 0.000000000000000000e+00 4.581160905197601690e-02 9.989500970899743981e-01 -0.000000000000000000e+00 0.000000000000000000e+00 0.000000000000000000e+00 1.000000000000000000e+00
9.601121482053863732e-01 9.989373936509405860e-01 -4.608778109071961365e-02 0.000000000000000000e+00 4.608778109071961365e-02 9.989373936509405860e-01 -0.000000000000000000e+00 0.000000000000000000e+00 0.000000000000000000e+00 1.000000000000000000e+00
9.651281482053862826e-01 9.989247848105783367e-01 -4.636026629712215047e-02 0.000000000000000000e+00 4.636026629712215047e-02 9.989247848105783367e-01 -0.000000000000000000e+00 0.000000000000000000e+00 0.000000000000000000e+00 1.000000000000000000e+00
9.701236682053860916e-01 9.989122261239926637e-01 -4.663008149263415947e-02 0.000000000000000000e+00 4.663008149263415947e-02 9.989122261239926637e-01 -0.000000000000000000e+00 0.000000000000000000e+00 0.000000000000000000e+00 1.000000000000000000e+00
9.751236682053855409e-01 9.988996778968285417e-01 -4.689811827368445957e-02 0.000000000000000000e+00 4.689811827368445957e-02 9.988996778968285417e-01 -0.000000000000000000e+00 0.000000000000000000e+00 0.000000000000000000e+00 1.000000000000000000e+00
9.800852682053856624e-01 9.988871715893526959e-01 -4.716374067250603958e-02 0.000000000000000000e+00 4.716374067250603958e-02 9.988871715893526959e-01 -0.000000000000000000e+00 0.000000000000000000e+00 0.000000000000000000e+00 1.000000000000000000e+00
9.850801482053855862e-01 9.988744016833852601e-01 -4.743342346552071459e-02 0.000000000000000000e+00 4.743342346552071459e-02 9.988744016833852601e-01 -0.000000000000000000e+00 0.000000000000000000e+00 0.000000000000000000e+00 1.000000000000000000e+00
9.900801482053850355e-01 9.988615890626991733e-01 -4.770247263129608756e-02 0.000000000000000000e+00 4.770247263129608756e-02 9.988615890626991733e-01 -0.000000000000000000e+00 0.000000000000000000e+00 0.000000000000000000e+00 1.000000000000000000e+00
9.950801482053844849e-01 9.988486485869590981e-01 -4.797267155376802594e-02 0.000000000000000000e+00 4.797267155376802594e-02 9.988486485869590981e-01 -0.000000000000000000e+00 0.000000000000000000e+00 0.000000000000000000e+00 1.000000000000000000e+00
1.000000000000000000e+00 9.988359815904674921e-01 -4.823569093739104446e-02 0.000000000000000000e+00 4.823569093739104446e-02 9.988359815904674921e-01 -0.000000000000000000e+00 0.000000000000000000e+00 0.000000000000000000e+00 1.000000000000000000e+00
