time error_arcsec
0.000000000000000000e+00 0.000000000000000000e+00
5.000000000000000104e-03 -2.832928217990914632e+01
1.000000000000000021e-02 -2.982185791912749195e+01
1.499999999999999944e-02 -2.961603542676390433e+01
2.000000000000000042e-02 -2.937035139477894319e+01
2.500000000000000139e-02 -2.914020409961075941e+01
2.999999999999999889e-02 -2.887145040898135306e+01
3.500000000000000333e-02 -2.853531694573790034e+01
4.000000000000000083e-02 -2.812852534711687369e+01
4.499999999999999833e-02 -2.770537945463852836e+01
5.000000000000000278e-02 -2.723911262458530658e+01
5.500000000000000028e-02 -2.682110226871714076e+01
5.999999999999999778e-02 -2.639440034540678681e+01
6.500000000000000222e-02 -2.591283203911440935e+01
7.000000000000000666e-02 -2.534356722668981377e+01
7.499999999999999722e-02 -2.466643936433202455e+01
8.000000000000000167e-02 -2.396599679847044584e+01
8.500000000000000611e-02 -2.309272719357602810e+01
8.999999999999999667e-02 -2.240597047294535926e+01
9.500000000000000111e-02 -2.181956070297450623e+01
1.000000000000000056e-01 -2.115057384145017494e+01
1.049999999999999961e-01 -2.038460996690833582e+01
1.100000000000000006e-01 -1.951355212842004150e+01
1.150000000000000050e-01 -1.832703389114854886e+01
1.199999999999999956e-01 -1.681131392909185251e+01
1.250000000000000000e-01 -1.508982320643585773e+01
1.300000000000000044e-01 -1.243934713287461236e+01
1.350000000000000089e-01 -3.077887161318010989e+00
1.400000000000000133e-01 1.324722627217365911e+01
1.449999999999999900e-01 1.236785337681155639e+01
1.499999999999999944e-01 3.605895824506077219e+01
1.549999999999999989e-01 3.225882382977422225e+01
1.600000000000000033e-01 3.030569258475489036e+01
1.650000000000000078e-01 2.963155505674886214e+01
1.700000000000000122e-01 2.587683687887180284e+01
1.750000000000000167e-01 2.178523340767356231e+01
1.799999999999999933e-01 1.941360604065003770e+01
1.849999999999999978e-01 1.870706058663173010e+01
1.900000000000000022e-01 2.032085605904600811e+01
1.950000000000000067e-01 2.329523008474121681e+01
2.000000000000000111e-01 2.797296892953131220e+01
2.050000000000000155e-01 2.654997415486425538e+01
2.099999999999999922e-01 2.491080926340059776e+01
2.149999999999999967e-01 2.381071228726843714e+01
2.200000000000000011e-01 2.187263977669096704e+01
2.250000000000000056e-01 1.966368904801784367e+01
2.300000000000000100e-01 1.860986107105851772e+01
2.350000000000000144e-01 1.714523838344392459e+01
2.399999999999999911e-01 1.579112734812185792e+01
2.449999999999999956e-01 1.430454651785023401e+01
2.500000000000000000e-01 1.328388453143893067e+01
2.550000000000000044e-01 1.430601641172923166e+01
2.600000000000000089e-01 1.930776126729280762e+01
2.650000000000000133e-01 2.880250452511665316e+01
2.700000000000000178e-01 2.555499176707211006e+01
2.750000000000000222e-01 3.044405563104614387e+01
2.800000000000000266e-01 3.222978794592586382e+01
2.850000000000000311e-01 3.790111306915360956e+01
2.899999999999999800e-01 3.632628705743855591e+01
2.949999999999999845e-01 3.575152061756819677e+01
2.999999999999999889e-01 3.448634719229384871e+01
3.049999999999999933e-01 3.206925386777746212e+01
3.099999999999999978e-01 2.963933110046307817e+01
3.150000000000000022e-01 3.009548628896236266e+01
3.200000000000000067e-01 2.923183888086905924e+01
3.250000000000000111e-01 2.813998483742188483e+01
3.300000000000000155e-01 2.712470604330443180e+01
3.350000000000000200e-01 2.608172008035361245e+01
3.400000000000000244e-01 2.533272799422470456e+01
3.450000000000000289e-01 2.485699692154259210e+01
3.500000000000000333e-01 2.478362114340054490e+01
3.549999999999999822e-01 2.443588225680318260e+01
3.599999999999999867e-01 2.361137530648775140e+01
3.649999999999999911e-01 2.233480085588539410e+01
3.699999999999999956e-01 2.109977723051454035e+01
3.750000000000000000e-01 2.184314610674877599e+01
3.800000000000000044e-01 3.162807779782912831e+01
3.850000000000000089e-01 4.584227223165170528e+01
3.900000000000000133e-01 4.614750099569052111e+01
3.950000000000000178e-01 4.532926555405329339e+01
4.000000000000000222e-01 4.284139291780423520e+01
4.050000000000000266e-01 3.984962659853891154e+01
4.100000000000000311e-01 3.667112402330175058e+01
4.150000000000000355e-01 3.304397694489542658e+01
4.199999999999999845e-01 3.662494407099418225e+01
4.249999999999999889e-01 3.524240028667464486e+01
4.299999999999999933e-01 3.512300658019519517e+01
4.349999999999999978e-01 3.502324371714887974e+01
4.400000000000000022e-01 3.443055392759362121e+01
4.450000000000000067e-01 3.334260914602448622e+01
4.500000000000000111e-01 3.222550227371361586e+01
4.550000000000000155e-01 3.101027741366090140e+01
4.600000000000000200e-01 2.992409124036670676e+01
4.650000000000000244e-01 2.903589871327173810e+01
4.700000000000000289e-01 2.820503798062697953e+01
4.750000000000000333e-01 2.722203686213126517e+01
4.799999999999999822e-01 2.607418526581680140e+01
4.849999999999999867e-01 2.446193287696510055e+01
4.899999999999999911e-01 2.996114332254818535e+01
4.949999999999999956e-01 3.707614495369399776e+01
5.000000000000000000e-01 3.567215312271397210e+01
5.050000000000000044e-01 3.381937045739530845e+01
5.100000000000000089e-01 4.308598549208117845e+01
5.150000000000000133e-01 4.694233329269896160e+01
5.200000000000000178e-01 4.649545273159755254e+01
5.250000000000000222e-01 4.407806614790899857e+01
5.300000000000000266e-01 4.090754290536198567e+01
5.350000000000000311e-01 3.794849388073367891e+01
5.400000000000000355e-01 3.521555968004403780e+01
5.450000000000000400e-01 3.496833721427392305e+01
5.500000000000000444e-01 3.317210548626258770e+01
5.550000000000000488e-01 3.235791060021739440e+01
5.600000000000000533e-01 3.090999279614823081e+01
5.650000000000000577e-01 2.935020726252076528e+01
5.700000000000000622e-01 2.810316555877983902e+01
5.750000000000000666e-01 2.740114757532266054e+01
5.799999999999999600e-01 2.680913646543122653e+01
5.849999999999999645e-01 2.650322673260013673e+01
5.899999999999999689e-01 2.564002725040894859e+01
5.949999999999999734e-01 2.433237732397503450e+01
5.999999999999999778e-01 2.324295064993547655e+01
6.049999999999999822e-01 2.200944106620990581e+01
6.099999999999999867e-01 2.675345306439507098e+01
6.149999999999999911e-01 3.014840039200416655e+01
6.199999999999999956e-01 4.665139870121090127e+01
6.250000000000000000e-01 4.433660147699224297e+01
6.300000000000000044e-01 4.112472246628133377e+01
6.350000000000000089e-01 3.795487365457410789e+01
6.400000000000000133e-01 3.500377092909876353e+01
6.450000000000000178e-01 3.350407146211361464e+01
6.500000000000000222e-01 3.370192076416510218e+01
6.550000000000000266e-01 3.332000550171831321e+01
6.600000000000000311e-01 3.146960518632963755e+01
6.650000000000000355e-01 3.397799213789912898e+01
6.700000000000000400e-01 3.193373855698117225e+01
6.750000000000000444e-01 3.086959211646894730e+01
6.800000000000000488e-01 2.925894135749658886e+01
6.850000000000000533e-01 2.798816616080646824e+01
6.900000000000000577e-01 2.694801521807194788e+01
6.950000000000000622e-01 2.510562253407070088e+01
7.000000000000000666e-01 2.265692364243746937e+01
7.049999999999999600e-01 2.084392197211595033e+01
7.099999999999999645e-01 1.953609709568841168e+01
7.149999999999999689e-01 1.900256332607517606e+01
7.199999999999999734e-01 1.908485421811495186e+01
7.249999999999999778e-01 2.251707143746940432e+01
7.299999999999999822e-01 3.013567601389605244e+01
7.349999999999999867e-01 2.643194178284991125e+01
7.399999999999999911e-01 2.430240500482326382e+01
7.449999999999999956e-01 3.645708547481787321e+01
7.500000000000000000e-01 3.616092371700417374e+01
7.550000000000000044e-01 3.635240500497027938e+01
7.600000000000000089e-01 3.347974152030366923e+01
7.650000000000000133e-01 3.078595785030800869e+01
7.700000000000000178e-01 2.828722811957016958e+01
7.750000000000000222e-01 2.672236728019897356e+01
7.800000000000000266e-01 2.752916528291940423e+01
7.850000000000000311e-01 2.801098106575493318e+01
7.900000000000000355e-01 2.535504909700697951e+01
7.950000000000000400e-01 2.322191329888115519e+01
8.000000000000000444e-01 2.095099197608670494e+01
8.050000000000000488e-01 1.896661759461128582e+01
8.100000000000000533e-01 1.719267616837293744e+01
8.150000000000000577e-01 1.581127722187942020e+01
8.200000000000000622e-01 1.349487018061431343e+01
8.250000000000000666e-01 9.087336554060259530e+00
8.300000000000000711e-01 -3.614336540094519323e-01
8.349999999999999645e-01 -1.034242433046127729e+01
8.399999999999999689e-01 -1.273980470245779451e+01
8.449999999999999734e-01 -1.125221032579486291e+01
8.499999999999999778e-01 -2.241849176523300347e-01
8.549999999999999822e-01 3.508993664699932680e+01
8.599999999999999867e-01 2.803992108257611449e+01
8.649999999999999911e-01 2.767077667399865604e+01
8.699999999999999956e-01 2.427105141147894329e+01
8.750000000000000000e-01 1.695939965691037088e+01
8.800000000000000044e-01 1.758490134355934131e+01
8.850000000000000089e-01 5.839216000572694298e+00
8.900000000000000133e-01 -1.107248358141064415e+01
8.950000000000000178e-01 -1.292606380949345102e+01
9.000000000000000222e-01 -1.348818675450613291e+01
9.050000000000000266e-01 -1.995791704302077463e+01
9.100000000000000311e-01 -2.672588048203214939e+01
9.150000000000000355e-01 -2.673687108185118433e+01
9.200000000000000400e-01 -2.666164814700054819e+01
9.250000000000000444e-01 -2.658273613577450334e+01
9.300000000000000488e-01 -2.581416470529662277e+01
9.350000000000000533e-01 -2.460844575066808204e+01
9.400000000000000577e-01 -2.351473684458965607e+01
9.450000000000000622e-01 -2.228839972337747000e+01
9.500000000000000666e-01 -2.087193587328267697e+01
9.550000000000000711e-01 -1.941321443700352489e+01
9.599999999999999645e-01 -1.777707612263469983e+01
9.649999999999999689e-01 -1.705582892761677982e+01
9.699999999999999734e-01 -1.666861569321883252e+01
9.749999999999999778e-01 -1.669582299186034646e+01
9.799999999999999822e-01 -1.680487446359799364e+01
9.849999999999999867e-01 -1.645205527905290666e+01
9.899999999999999911e-01 -1.627540377266664962e+01
9.949999999999999956e-01 -1.586742818466275651e+01
1.000000000000000000e+00 -1.604312618053427286e+01
