time torque_Nm angle_arcmin
0.000000000000000000e+00 0.000000000000000000e+00 0.000000000000000000e+00
1.008131126666707235e-04 3.226019605333463147e+01 5.906565548083690317e-03
2.009621434239628694e-04 6.430788589566812163e+01 4.610619991838511150e-02
3.023149769924382644e-04 9.674079263758024183e+01 1.549941301462142706e-01
4.008331611452904870e-04 1.282666115664929407e+02 3.435663204371601775e-01
5.000234780369113181e-04 1.600075129718116216e+02 5.120731091431006687e-01
6.021359066296309154e-04 1.926834901214818956e+02 5.990309867944784150e-01
7.035940400055543022e-04 2.251500928017773902e+02 6.905143655217069742e-01
8.041213648183965015e-04 2.573188367418868552e+02 7.760675086723416438e-01
9.030466861830214412e-04 2.889749395785668185e+02 8.506403217772329217e-01
1.005584789107076679e-03 3.217871325142645560e+02 8.981848608598942407e-01
1.104628532625394170e-03 3.534811304401261509e+02 9.312943491395737627e-01
1.205721457044089083e-03 3.858308662541085141e+02 9.638267764442141061e-01
1.302442795541975404e-03 4.167816945734321052e+02 9.955682030346645339e-01
1.402278863863794592e-03 4.487292364364142259e+02 1.028553041906623111e+00
1.502278863863794854e-03 4.807292364364143396e+02 1.060789168594863163e+00
1.602278863863795116e-03 5.127292364364143396e+02 1.091312056563407573e+00
1.701370838786037164e-03 5.444386684115319213e+02 1.118750719736348653e+00
1.800574275402130235e-03 5.761837681286816633e+02 1.142278004953817927e+00
1.900232909832120197e-03 6.080745311462784457e+02 1.169713336530076031e+00
2.000265598117876176e-03 6.400849913977202732e+02 1.201402172916592681e+00
2.104145697491546698e-03 6.733266231972950209e+02 1.236552604613097017e+00
2.204793971551374104e-03 7.055340708964396299e+02 1.270643168955786662e+00
2.304518866950102177e-03 7.374460374240326246e+02 1.303560381247704347e+00
2.405351816742146587e-03 7.697125813574868971e+02 1.335917983556575095e+00
2.505076712140870757e-03 8.016245478850786412e+02 1.367178375762148734e+00
2.606131272811576961e-03 8.339620072997046236e+02 1.398416287832152882e+00
2.701867172394352423e-03 8.645974951661926298e+02 1.427881932629238459e+00
2.809735122185740962e-03 8.991152390994370762e+02 1.461219995578113329e+00
2.909735122185741225e-03 9.311152390994370762e+02 1.492259588553019656e+00
3.009735122185741487e-03 9.631152390994373036e+02 1.523311091116045235e+00
3.109735122185741749e-03 9.951152390994373036e+02 1.554297290343115368e+00
3.209735122185742012e-03 1.027115239099437304e+03 1.585156392104610124e+00
3.309735122185742274e-03 1.059115239099437531e+03 1.615804719920780785e+00
3.409735122185742536e-03 1.091115239099437531e+03 1.646156833403484843e+00
3.509735122185742798e-03 1.123115239099437531e+03 1.676108457372969873e+00
3.609735122185743061e-03 1.155115239099437758e+03 1.705717510747067012e+00
3.709735122185743323e-03 1.187115239099437758e+03 1.735032330769027187e+00
3.809735122185743585e-03 1.219115239099437986e+03 1.764180813868522213e+00
3.909735122185743414e-03 1.251115239099437986e+03 1.793295252636764703e+00
4.009735122185739339e-03 1.283115239099436621e+03 1.822472432768853068e+00
4.109735122185735265e-03 1.315115239099435257e+03 1.851801172412258945e+00
4.209735122185731190e-03 1.347115239099433893e+03 1.881317602321670002e+00
4.309735122185727116e-03 1.379115239099432756e+03 1.910932623553255105e+00
4.409735122185723041e-03 1.411115239099431392e+03 1.940557820783192833e+00
4.509735122185718967e-03 1.443115239099430028e+03 1.970081782479793153e+00
4.609735122185714892e-03 1.475115239099428663e+03 1.999381211256236135e+00
4.709735122185710818e-03 1.507115239099427527e+03 2.028363996382692491e+00
4.809735122185706743e-03 1.539115239099426162e+03 2.056983342271129001e+00
4.909735122185702669e-03 1.571115239099424798e+03 2.085246799410566787e+00
5.009735122185698594e-03 1.603115239099423661e+03 2.113230424000065444e+00
5.109735122185694520e-03 1.635115239099422297e+03 2.141044912095535935e+00
5.209735122185690445e-03 1.667115239099420933e+03 2.168765640140959405e+00
5.309735122185686371e-03 1.699115239099419568e+03 2.196462523815692069e+00
5.409735122185682296e-03 1.731115239099418432e+03 2.224237321930438771e+00
5.509735122185678222e-03 1.763115239099417067e+03 2.253420647804179389e+00
5.609735122185674147e-03 1.795115239099415703e+03 2.284454501739675347e+00
5.708935122185676558e-03 1.826859239099416527e+03 2.315303951861606979e+00
5.804935122185678892e-03 1.857579239099417464e+03 2.344727857971463436e+00
5.903735122185676740e-03 1.889195239099416767e+03 2.374398035802446572e+00
6.003735122185672665e-03 1.921195239099415176e+03 2.403772239017460954e+00
6.103735122185668591e-03 1.953195239099413811e+03 2.432530086783150303e+00
6.203735122185664516e-03 1.985195239099412447e+03 2.460717981735470072e+00
6.303735122185660442e-03 2.017195239099411538e+03 2.488394865863057248e+00
6.403735122185656367e-03 2.049195239099410173e+03 2.515753583260877058e+00
6.503735122185652293e-03 2.081195239099408809e+03 2.542976496444499634e+00
6.603735122185648218e-03 2.113195239099407445e+03 2.570194807195711029e+00
6.703735122185644144e-03 2.145195239099406081e+03 2.597504834293198339e+00
6.803735122185640069e-03 2.177195239099404716e+03 2.624984912157998895e+00
6.903735122185635995e-03 2.209195239099403352e+03 2.652620088338242699e+00
7.003735122185631920e-03 2.241195239099401988e+03 2.680266497869546516e+00
7.103735122185627845e-03 2.273195239099401078e+03 2.707714581670717102e+00
7.203735122185623771e-03 2.305195239099399714e+03 2.734825583897571466e+00
7.303735122185619696e-03 2.337195239099398350e+03 2.761546308818398909e+00
7.403735122185615622e-03 2.369195239099396986e+03 2.787848930224342325e+00
7.503735122185611547e-03 2.401195239099395621e+03 2.813746756339415178e+00
7.603735122185607473e-03 2.433195239099394257e+03 2.839303790063718580e+00
7.703735122185603398e-03 2.465195239099392893e+03 2.864630610328724458e+00
7.803735122185599324e-03 2.497195239099391529e+03 2.889872804085269031e+00
7.903735122185595249e-03 2.529195239099390619e+03 2.915150680497490931e+00
8.003735122185591175e-03 2.561195239099389255e+03 2.940575343647433559e+00
8.103735122185587100e-03 2.593195239099387891e+03 2.966225441942332619e+00
8.203735122185583026e-03 2.625195239099386527e+03 2.992120270079411171e+00
8.303735122185578951e-03 2.657195239099385162e+03 3.018214930883202030e+00
8.403735122185574877e-03 2.689195239099383798e+03 3.044419711610789392e+00
8.503735122185570802e-03 2.721195239099382434e+03 3.070613127674791887e+00
8.603735122185566728e-03 2.753195239099381070e+03 3.096673344090155933e+00
8.703735122185562653e-03 2.785195239099380160e+03 3.122505479783976856e+00
8.803735122185558579e-03 2.817195239099378796e+03 3.148058634644855580e+00
8.903735122185554504e-03 2.849195239099377432e+03 3.173341804279099954e+00
9.003735122185550430e-03 2.881195239099376067e+03 3.198428969832456392e+00
9.103735122185546355e-03 2.913195239099375158e+03 3.223442895129842167e+00
9.203735122185542281e-03 2.945195239099373339e+03 3.248518318614016742e+00
9.303735122185538206e-03 2.977195239099371975e+03 3.273769305855881662e+00
9.403735122185534132e-03 3.009195239099370610e+03 3.299270201539549863e+00
9.503735122185530057e-03 3.041195239099369701e+03 3.325016915910567583e+00
9.603735122185525983e-03 3.073195239099368337e+03 3.350945022550785524e+00
9.703735122185521908e-03 3.105195239099366972e+03 3.376972578219442411e+00
9.803735122185517833e-03 3.137195239099365608e+03 3.402982839134619297e+00
9.903735122185513759e-03 3.169195239099364699e+03 3.428849542609651024e+00
1.000373512218550968e-02 3.198804760900636666e+03 3.454461816855512790e+00
1.010373512218550561e-02 3.166804760900638485e+03 3.474638779760368834e+00
1.020373512218550154e-02 3.134804760900639849e+03 3.483157599127935544e+00
1.030373512218549746e-02 3.102804760900640758e+03 3.482038312714002881e+00
1.040373512218549339e-02 3.070804760900642123e+03 3.473732718319961776e+00
1.050373512218548931e-02 3.038804760900643487e+03 3.460170193389396687e+00
1.060373512218548524e-02 3.006804760900644851e+03 3.442750403619924349e+00
1.070373512218548116e-02 2.974804760900646215e+03 3.422524315539033690e+00
1.080373512218547709e-02 2.942804760900647125e+03 3.400297019529467057e+00
1.090373512218547301e-02 2.910804760900648489e+03 3.376731889530463437e+00
1.100373512218546894e-02 2.878804760900650308e+03 3.352180085678838406e+00
1.110373512218546486e-02 2.846804760900651218e+03 3.326808954170560106e+00
1.120373512218546079e-02 2.814804760900652582e+03 3.300707239736444532e+00
1.130373512218545672e-02 2.782804760900653946e+03 3.273949163908568050e+00
1.140373512218545264e-02 2.750804760900655310e+03 3.246733537336671915e+00
1.150373512218544857e-02 2.718804760900656674e+03 3.219142055397076874e+00
1.160373512218544449e-02 2.686804760900657584e+03 3.191253153347361593e+00
1.170373512218544042e-02 2.654804760900658948e+03 3.163303271283945062e+00
1.180373512218543634e-02 2.622804760900660312e+03 3.135464476073427154e+00
1.190373512218543227e-02 2.590804760900661677e+03 3.107860205855419888e+00
1.200373512218542819e-02 2.558804760900663041e+03 3.080601414656789938e+00
1.210373512218542412e-02 2.526804760900664405e+03 3.053849294302689810e+00
1.220373512218542005e-02 2.494804760900665769e+03 3.027649591316008415e+00
1.230373512218541597e-02 2.462804760900667134e+03 3.001891447612673680e+00
1.240373512218541190e-02 2.430804760900668043e+03 2.976397759266320886e+00
1.250373512218540782e-02 2.398804760900669407e+03 2.950984095364104220e+00
1.260373512218540375e-02 2.366804760900670772e+03 2.925465510561858551e+00
1.270373512218539967e-02 2.334804760900672136e+03 2.899702504948798776e+00
1.280373512218539560e-02 2.302804760900673500e+03 2.873619473741286345e+00
1.290373512218539152e-02 2.270804760900674864e+03 2.847170978122103957e+00
1.300373512218538745e-02 2.238804760900676229e+03 2.820415518279373757e+00
1.310373512218538337e-02 2.206804760900677593e+03 2.793505272216585844e+00
1.320373512218537930e-02 2.174804760900678957e+03 2.766639648402260843e+00
1.330373512218537523e-02 2.142804760900679867e+03 2.739982252240204641e+00
1.340373512218537115e-02 2.110804760900681231e+03 2.713607932484556340e+00
1.350373512218536708e-02 2.078804760900682595e+03 2.687515697588743535e+00
1.360373512218536300e-02 2.046804760900683732e+03 2.661657767677600983e+00
1.370373512218535893e-02 2.014804760900685324e+03 2.635929673174444599e+00
1.380373512218535485e-02 1.982804760900686688e+03 2.610181971662671074e+00
1.390373512218535078e-02 1.950804760900688052e+03 2.584252909960817579e+00
1.400373512218534670e-02 1.918804760900689416e+03 2.558023412245385320e+00
1.410373512218534263e-02 1.886804760900690326e+03 2.531427838216491200e+00
1.420373512218533855e-02 1.854804760900691917e+03 2.504499604878684949e+00
1.430373512218533448e-02 1.822804760900692827e+03 2.477318068623617364e+00
1.440373512218533041e-02 1.790804760900694191e+03 2.449995711101083273e+00
1.450373512218532633e-02 1.758804760900695555e+03 2.422681381129935918e+00
1.460373512218532226e-02 1.726804760900697147e+03 2.395516855021016411e+00
1.470373512218531818e-02 1.694804760900698511e+03 2.368590793686042417e+00
1.480373512218531411e-02 1.662804760900699875e+03 2.341936139705433462e+00
1.490373512218531003e-02 1.630804760900700785e+03 2.315520196648038542e+00
1.500373512218530596e-02 1.598804760900702149e+03 2.289247331755347670e+00
1.510373512218530188e-02 1.566804760900703741e+03 2.262721081224181585e+00
1.520373512218529781e-02 1.534804760900704650e+03 2.234307983441215839e+00
1.530373512218529373e-02 1.502804760900706015e+03 2.205665437401250539e+00
1.540373512218528966e-02 1.470804760900707379e+03 2.177063066268265956e+00
1.550373512218528559e-02 1.438804760900708970e+03 2.148463779790047212e+00
1.560373512218528151e-02 1.406804760900709880e+03 2.119846423404166291e+00
1.570373512218527917e-02 1.374804760900711017e+03 2.091258668487348427e+00
1.580373512218527510e-02 1.342804760900711926e+03 2.062783885951245288e+00
1.590373512218527102e-02 1.310804760900713291e+03 2.034526593736327271e+00
1.600373512218526695e-02 1.278804760900714655e+03 2.006551705306828026e+00
1.610373512218526287e-02 1.246804760900716246e+03 1.978868794418097821e+00
1.620373512218525880e-02 1.214804760900717156e+03 1.951446254176647299e+00
1.630373512218525472e-02 1.182804760900718520e+03 1.924193070247310011e+00
1.640373512218525065e-02 1.150804760900719884e+03 1.896962469374395166e+00
1.650373512218524658e-02 1.118804760900721249e+03 1.869601063899309246e+00
1.660373512218524250e-02 1.086804760900722385e+03 1.841974204860697295e+00
1.670373512218523843e-02 1.054804760900723750e+03 1.813991857239907857e+00
1.680373512218523435e-02 1.022804760900725228e+03 1.785620772065768636e+00
1.690373512218523028e-02 9.908047609007265919e+02 1.756893114576141723e+00
1.700373512218522620e-02 9.588047609007276151e+02 1.727890782768404909e+00
1.710373512218522213e-02 9.268047609007289793e+02 1.698727829019549995e+00
1.720373512218521805e-02 8.948047609007303436e+02 1.669508880610645285e+00
1.730373512218521398e-02 8.628047609007318215e+02 1.640341837906321043e+00
1.740373512218520990e-02 8.308047609007328447e+02 1.611293171311623862e+00
1.750373512218520583e-02 7.988047609007342089e+02 1.582384037908873164e+00
1.760373512218520176e-02 7.668047609007355732e+02 1.553579357609583322e+00
1.770373512218519768e-02 7.348047609007370511e+02 1.524799343626177084e+00
1.780373512218519361e-02 7.028047609007380743e+02 1.495949496141671053e+00
1.790373512218518953e-02 6.708047609007394385e+02 1.466900836422148524e+00
1.800373512218518546e-02 6.388047609007408028e+02 1.437499017691655778e+00
1.810373512218518138e-02 6.068047609007421670e+02 1.407655547212459890e+00
1.820373512218517731e-02 5.748047609007433039e+02 1.377356405141774820e+00
1.830373512218517323e-02 5.428047609007446681e+02 1.346636986675907588e+00
1.840373512218516916e-02 5.108047609007460323e+02 1.315499043672416324e+00
1.850373512218516509e-02 4.788047609007474534e+02 1.283917344682137918e+00
1.860373512218516101e-02 4.468047609007484766e+02 1.251917079055679283e+00
1.870373512218515694e-02 4.148047609007498977e+02 1.219720936829137958e+00
1.880373512218515286e-02 3.828047609007512619e+02 1.187517732262234560e+00
1.890373512218514879e-02 3.508047609007526262e+02 1.155205261312055143e+00
1.900373512218514471e-02 3.188047609007537062e+02 1.122593328319460237e+00
1.910373512218514064e-02 2.868047609007550705e+02 1.089548794222939376e+00
1.920373512218513656e-02 2.548047609007564915e+02 1.055943297458672214e+00
1.930373512218513249e-02 2.228047609007578558e+02 1.021500956913655056e+00
1.940373512218512841e-02 1.908047609007589074e+02 9.859676455565162811e-01
1.950373512218512434e-02 1.588047609007603000e+02 9.490016366662069602e-01
1.960373512218512027e-02 1.268047609007616927e+02 9.101607467801022811e-01
1.970373512218511619e-02 9.480476090076308537e+01 8.686962659958639144e-01
1.980373512218511212e-02 6.280476090076412277e+01 8.225928565106971346e-01
1.990373512218510804e-02 3.080476090076551543e+01 7.714414931473166925e-01
2.000373512218510397e-02 -1.195239099233136315e+00 7.154374350056483811e-01
2.010373512218509989e-02 -3.319523909923183425e+01 6.523484307342154453e-01
2.020301192218509900e-02 -6.496381509923155306e+01 5.785411839572410786e-01
2.030406843418510257e-02 -9.730189893923268585e+01 4.766853497878164592e-01
2.040123003261123946e-02 -1.283936104355964858e+02 3.175234836312735842e-01
2.050097848282486646e-02 -1.603131145039571379e+02 5.366333233382742512e-02
2.060064850869747569e-02 -1.922075227831920756e+02 -3.303305754301440467e-01
2.070055269765004938e-02 -2.241768632480156782e+02 -7.039978037253347143e-01
2.080014746218175267e-02 -2.560471878981607006e+02 -8.516820421721973400e-01
2.090006440203670893e-02 -2.880206086517467270e+02 -9.311315620390506753e-01
2.100206228054595989e-02 -3.206599297747070523e+02 -9.907939699816764589e-01
2.110305515548885694e-02 -3.529776497564340616e+02 -1.043752614073222951e+00
2.120083638512754859e-02 -3.842676432408154028e+02 -1.092466155888689006e+00
2.130119843197756171e-02 -4.163834982328195906e+02 -1.133017546458191527e+00
2.140136174210114164e-02 -4.484357574723651965e+02 -1.171699914943553189e+00
2.150295595665506487e-02 -4.809459061296205959e+02 -1.208946475382293828e+00
2.160295595665506080e-02 -5.129459061296192885e+02 -1.242884967007198860e+00
2.170063367825506018e-02 -5.442027770416191288e+02 -1.274943051857715393e+00
2.180163251857506271e-02 -5.765224059440199653e+02 -1.305521057296227694e+00
2.190126502242405876e-02 -6.084048071756985792e+02 -1.335658826674076094e+00
2.200168067060974744e-02 -6.405378145951190163e+02 -1.366534956219484398e+00
2.210110418547324776e-02 -6.723533393514391037e+02 -1.393795618326876928e+00
2.220531054530716988e-02 -7.056993744982942189e+02 -1.424526563841141957e+00
2.230530137376028968e-02 -7.376964396032925606e+02 -1.457556932274932660e+00
2.240486670932637439e-02 -7.695573469844396186e+02 -1.492578790338681127e+00
2.250290027049914321e-02 -8.009280865597256707e+02 -1.527806660893768820e+00
2.260209091685908694e-02 -8.326690933949076907e+02 -1.563065332114154771e+00
2.270209091685908287e-02 -8.646690933949063265e+02 -1.596774161622868782e+00
2.280209091685907880e-02 -8.966690933949050759e+02 -1.628301934422076602e+00
2.290209091685907472e-02 -9.286690933949037117e+02 -1.658051025675608914e+00
2.300209091685907065e-02 -9.606690933949025748e+02 -1.686647263294261956e+00
2.310209091685906657e-02 -9.926690933949010969e+02 -1.714777213105471487e+00
2.320409091685906797e-02 -1.025309093394901538e+03 -1.743469769484057741e+00
2.330009091685906683e-02 -1.056029093394901338e+03 -1.770693790478392371e+00
2.340769091685905579e-02 -1.090461093394897716e+03 -1.801623629627751466e+00
2.350769091685905171e-02 -1.122461093394896352e+03 -1.830751565633494060e+00
2.360241091685905124e-02 -1.152771493394896197e+03 -1.858439118520698763e+00
2.370225091685904464e-02 -1.184720293394894043e+03 -1.887915259775331256e+00
2.380209091685903805e-02 -1.216669093394892116e+03 -1.917256218985110561e+00
2.390193091685903146e-02 -1.248617893394889961e+03 -1.946278293324254394e+00
2.400177091685902486e-02 -1.280566693394887807e+03 -1.974862355878533648e+00
2.410468291685901807e-02 -1.313498533394885726e+03 -2.003850119601284785e+00
2.420605891685901137e-02 -1.345938853394883381e+03 -2.032033117836440805e+00
2.430743491685900468e-02 -1.378379173394881263e+03 -2.060010096472161933e+00
2.440881091685899798e-02 -1.410819493394879146e+03 -2.087954904729541372e+00
2.450567491685899310e-02 -1.441815973394877574e+03 -2.114836716480651635e+00
2.460567491685898903e-02 -1.473815973394876210e+03 -2.142945682851001621e+00
2.470567491685898495e-02 -1.505815973394875073e+03 -2.171501237893137759e+00
2.480567491685898088e-02 -1.537815973394873708e+03 -2.200450241817268893e+00
2.490567491685897680e-02 -1.569815973394872344e+03 -2.229648678332944112e+00
2.500567491685897273e-02 -1.601815973394870980e+03 -2.258872810033202505e+00
2.510567491685896865e-02 -1.633815973394869616e+03 -2.287824457882714047e+00
2.520567491685896458e-02 -1.665815973394868706e+03 -2.316351643693568718e+00
2.530567491685896050e-02 -1.697815973394867342e+03 -2.344415910295082561e+00
2.540567491685895643e-02 -1.729815973394865750e+03 -2.371920260942413261e+00
2.550567491685895236e-02 -1.761815973394864386e+03 -2.398841473979500094e+00
2.560567491685894828e-02 -1.793815973394863477e+03 -2.425294543529202596e+00
2.570567491685894421e-02 -1.825815973394862112e+03 -2.451474856730946783e+00
2.580567491685894013e-02 -1.857815973394860521e+03 -2.477868445998342661e+00
2.590567491685893606e-02 -1.889815973394859157e+03 -2.504577024546911002e+00
2.600567491685893198e-02 -1.921815973394858247e+03 -2.531597811653342855e+00
2.610567491685892791e-02 -1.953815973394856883e+03 -2.558981286488390960e+00
2.620567491685892383e-02 -1.985815973394855519e+03 -2.586662716608706614e+00
2.630567491685891976e-02 -2.017815973394853927e+03 -2.614415108403895349e+00
2.640567491685891569e-02 -2.049815973394852790e+03 -2.642109042494134030e+00
2.650567491685891161e-02 -2.081815973394851426e+03 -2.669529245021641461e+00
2.660567491685890754e-02 -2.113815973394850062e+03 -2.696504577617051535e+00
2.670567491685890346e-02 -2.145815973394848697e+03 -2.722967257540854558e+00
2.680567491685889939e-02 -2.177815973394847788e+03 -2.748904227004556944e+00
2.690567491685889531e-02 -2.209815973394846424e+03 -2.774405655153526329e+00
2.700567491685889124e-02 -2.241815973394845059e+03 -2.799675928143764647e+00
2.710567491685888716e-02 -2.273815973394843695e+03 -2.824948764937912582e+00
2.720567491685888309e-02 -2.305815973394842331e+03 -2.850432979869718775e+00
2.730567491685887901e-02 -2.337815973394840967e+03 -2.876267712846972913e+00
2.740567491685887494e-02 -2.369815973394839602e+03 -2.902493395794945474e+00
2.750567491685887087e-02 -2.401815973394838238e+03 -2.929043390402213731e+00
2.760567491685886679e-02 -2.433815973394837329e+03 -2.955780306489153908e+00
2.770567491685886272e-02 -2.465815973394835964e+03 -2.982509486476888405e+00
2.780567491685885864e-02 -2.497815973394834600e+03 -3.009037089924154085e+00
2.790567491685885457e-02 -2.529815973394833236e+03 -3.035207285026025215e+00
2.800567491685885049e-02 -2.561815973394832326e+03 -3.060933712373273163e+00
2.810567491685884642e-02 -2.593815973394830507e+03 -3.086227683242860120e+00
2.820567491685884234e-02 -2.625815973394829143e+03 -3.111189513728406908e+00
2.830567491685883827e-02 -2.657815973394827779e+03 -3.135983995051351059e+00
2.840567491685883419e-02 -2.689815973394826869e+03 -3.160808751062201605e+00
2.850567491685883012e-02 -2.721815973394825505e+03 -3.185853305144734637e+00
2.860567491685882605e-02 -2.753815973394824141e+03 -3.211257247978264395e+00
2.870567491685882197e-02 -2.785815973394822777e+03 -3.237078791351792884e+00
2.880567491685881790e-02 -2.817815973394821867e+03 -3.263285465855121359e+00
2.890567491685881382e-02 -2.849815973394820503e+03 -3.289755251436984551e+00
2.900567491685880975e-02 -2.881815973394818684e+03 -3.316309198933411029e+00
2.910567491685880567e-02 -2.913815973394817320e+03 -3.342754947983614500e+00
2.920567491685880160e-02 -2.945815973394816410e+03 -3.368906734270578962e+00
2.930567491685879752e-02 -2.977815973394815046e+03 -3.394638845796143833e+00
2.940567491685879345e-02 -3.009815973394813682e+03 -3.419918895960682104e+00
2.950567491685878938e-02 -3.041815973394812318e+03 -3.444815949257333809e+00
2.960567491685878530e-02 -3.073815973394811408e+03 -3.469484416938550364e+00
2.970567491685878123e-02 -3.105815973394810044e+03 -3.494130689173713389e+00
2.980567491685877715e-02 -3.137815973394808680e+03 -3.518974202565479992e+00
2.990567491685877308e-02 -3.169815973394806861e+03 -3.544196677779002158e+00
3.000567491685876900e-02 -3.198184026605193594e+03 -3.569882672678878155e+00
3.010567491685876493e-02 -3.166184026605194958e+03 -3.590671963345154261e+00
3.020567491685876085e-02 -3.134184026605195868e+03 -3.600329687369003384e+00
3.030567491685875678e-02 -3.102184026605197232e+03 -3.600603123830778518e+00
3.040567491685875270e-02 -3.070184026605198596e+03 -3.593644812192879900e+00
3.050567491685874863e-02 -3.038184026605200415e+03 -3.581016920894433575e+00
3.060567491685874456e-02 -3.006184026605201325e+03 -3.563715134498203874e+00
3.070567491685874048e-02 -2.974184026605202689e+03 -3.542642200982561107e+00
3.080567491685873641e-02 -2.942184026605204053e+03 -3.518790641105795203e+00
3.090567491685873233e-02 -2.910184026605205418e+03 -3.492916064801753873e+00
3.100567491685872826e-02 -2.878184026605206327e+03 -3.465639640882251626e+00
3.110567491685872418e-02 -2.846184026605207691e+03 -3.437490324735959391e+00
3.120567491685872011e-02 -2.814184026605209056e+03 -3.409091974497614697e+00
3.130567491685873338e-02 -2.782184026605204963e+03 -3.380939680317428753e+00
3.140567491685876400e-02 -2.750184026605194958e+03 -3.353181078011779004e+00
3.150567491685879462e-02 -2.718184026605185409e+03 -3.325788285062846850e+00
3.160567491685882524e-02 -2.686184026605175859e+03 -3.298774309080977574e+00
3.170567491685885586e-02 -2.654184026605165855e+03 -3.272128580039920465e+00
3.180567491685888648e-02 -2.622184026605155850e+03 -3.245628144474787202e+00
3.190567491685891710e-02 -2.590184026605146300e+03 -3.219062501815049604e+00
3.200567491685894772e-02 -2.558184026605136751e+03 -3.192268763262511300e+00
3.210567491685897834e-02 -2.526184026605126746e+03 -3.165194963794130345e+00
3.220567491685900896e-02 -2.494184026605116742e+03 -3.137974460199313587e+00
3.230567491685903958e-02 -2.462184026605107192e+03 -3.110888268850117822e+00
3.240567491685907020e-02 -2.430184026605097188e+03 -3.084169771229483992e+00
3.250567491685910082e-02 -2.398184026605087183e+03 -3.057951690429881353e+00
3.260567491685913144e-02 -2.366184026605077634e+03 -3.032290044907396620e+00
3.270567491685916206e-02 -2.334184026605067629e+03 -3.007159240253753474e+00
3.280567491685919268e-02 -2.302184026605058079e+03 -2.982450400846246907e+00
3.290567491685922330e-02 -2.270184026605048075e+03 -2.957993668373505081e+00
3.300567491685925392e-02 -2.238184026605038071e+03 -2.933578031990311086e+00
3.310567491685928454e-02 -2.206184026605028521e+03 -2.908986723348997661e+00
3.320567491685931516e-02 -2.174184026605018971e+03 -2.884040887203982884e+00
3.330567491685934578e-02 -2.142184026605008967e+03 -2.858661007437507173e+00
3.340567491685937640e-02 -2.110184026604998962e+03 -2.832844666155273750e+00
3.350567491685940702e-02 -2.078184026604989413e+03 -2.806673633063840434e+00
3.360567491685943764e-02 -2.046184026604979863e+03 -2.780309722373346393e+00
3.370567491685946826e-02 -2.014184026604969858e+03 -2.753956767348307633e+00
3.380567491685949888e-02 -1.982184026604959854e+03 -2.727807461591192695e+00
3.390567491685952950e-02 -1.950184026604950304e+03 -2.702001773993014222e+00
3.400567491685956012e-02 -1.918184026604940527e+03 -2.676586050473844569e+00
3.410567491685959074e-02 -1.886184026604930523e+03 -2.651513782632210159e+00
3.420567491685962136e-02 -1.854184026604920746e+03 -2.626665239345655323e+00
3.430567491685965198e-02 -1.822184026604910969e+03 -2.601855699755667217e+00
3.440567491685968260e-02 -1.790184026604901419e+03 -2.576871182812434213e+00
3.450567491685971322e-02 -1.758184026604891415e+03 -2.551515846317882197e+00
3.460567491685974384e-02 -1.726184026604881410e+03 -2.525654019042316900e+00
3.470567491685977446e-02 -1.694184026604871860e+03 -2.499243260547122869e+00
3.480567491685980508e-02 -1.662184026604862083e+03 -2.472344935623963735e+00
3.490567491685983570e-02 -1.630184026604852306e+03 -2.445119460124991484e+00
3.500567491685986632e-02 -1.598184026604842529e+03 -2.417780100896604001e+00
3.510567491685989694e-02 -1.566184026604832525e+03 -2.390540834016702920e+00
3.520567491685992756e-02 -1.534184026604822975e+03 -2.363583766298829936e+00
3.530567491685995818e-02 -1.502184026604812971e+03 -2.336999040560149510e+00
3.540567491685998880e-02 -1.470184026604803421e+03 -2.310820477431690723e+00
3.550567491686001942e-02 -1.438184026604793416e+03 -2.284971017718703479e+00
3.560567491686005004e-02 -1.406184026604783867e+03 -2.259278731974914578e+00
3.570567491686008066e-02 -1.374184026604773862e+03 -2.233519473266324606e+00
3.580567491686011128e-02 -1.342184026604764313e+03 -2.207461883648667911e+00
3.590567491686014190e-02 -1.310184026604754308e+03 -2.180929841596158436e+00
3.600567491686017252e-02 -1.278184026604744531e+03 -2.153842826719543524e+00
3.610567491686020314e-02 -1.246184026604734754e+03 -2.126238892822245763e+00
3.620567491686023376e-02 -1.214184026604724977e+03 -2.098296658048416141e+00
3.630567491686026438e-02 -1.182184026604714973e+03 -2.070209662807908302e+00
3.640567491686029500e-02 -1.150184026604705423e+03 -2.042197755790907454e+00
3.650567491686032562e-02 -1.118184026604695418e+03 -2.014461362178280979e+00
3.660567491686035624e-02 -1.086184026604685869e+03 -1.987128183417204985e+00
3.670567491686038686e-02 -1.054184026604675864e+03 -1.960254925994333375e+00
3.680567491686041748e-02 -1.022184026604666201e+03 -1.933860717298981680e+00
3.690567491686044810e-02 -9.901840266046563102e+02 -1.907750236420348022e+00
3.700567491686047872e-02 -9.581840266046466468e+02 -1.881663130410324625e+00
3.710567491686050934e-02 -9.261840266046366423e+02 -1.855325858258991545e+00
3.720567491686053996e-02 -8.941840266046269790e+02 -1.828500664759381333e+00
3.730567491686057058e-02 -8.621840266046170882e+02 -1.801076054205888344e+00
3.740567491686060120e-02 -8.301840266046074248e+02 -1.773072767359394675e+00
3.750567491686063182e-02 -7.981840266045974204e+02 -1.744598781773957219e+00
3.760567491686066244e-02 -7.661840266045878707e+02 -1.715825114537283147e+00
3.770567491686069306e-02 -7.341840266045778662e+02 -1.686952097146924734e+00
3.780567491686072368e-02 -7.021840266045682029e+02 -1.658186153819309450e+00
3.790567491686075430e-02 -6.701840266045583121e+02 -1.629642635291850716e+00
3.800567491686078492e-02 -6.381840266045486487e+02 -1.601303403703937311e+00
3.810567491686081554e-02 -6.061840266045386443e+02 -1.573097152082331140e+00
3.820567491686084616e-02 -5.741840266045290946e+02 -1.544864080763607816e+00
3.830567491686087678e-02 -5.421840266045190901e+02 -1.516343422541222452e+00
3.840567491686090740e-02 -5.101840266045094268e+02 -1.487230975561131263e+00
3.850567491686093802e-02 -4.781840266044994792e+02 -1.457232376004090835e+00
3.860567491686096864e-02 -4.461840266044898726e+02 -1.426125830258898164e+00
3.870567491686099926e-02 -4.141840266044798682e+02 -1.393739942783519092e+00
3.880567491686102988e-02 -3.821840266044702616e+02 -1.360058071773341704e+00
3.890567491686106050e-02 -3.501840266044603140e+02 -1.325245355352473453e+00
3.900567491686109112e-02 -3.181840266044506507e+02 -1.289394858101492458e+00
3.910567491686112174e-02 -2.861840266044407031e+02 -1.252453614220904399e+00
3.920567491686115236e-02 -2.541840266044310681e+02 -1.214164359367169821e+00
3.930567491686118298e-02 -2.221840266044210921e+02 -1.173737849576670822e+00
3.940567491686121360e-02 -1.901840266044114856e+02 -1.130425205920909226e+00
3.950567491686124422e-02 -1.581840266044014811e+02 -1.084585390823278317e+00
3.960567491686127484e-02 -1.261840266043918746e+02 -1.036574789380442008e+00
3.970567491686130546e-02 -9.418402660438189855e+01 -9.863500848306663293e-01
3.980567491686133608e-02 -6.218402660437227780e+01 -9.337072876716975278e-01
3.990567491686136670e-02 -3.018402660436230178e+01 -8.780637050919236630e-01
4.000567491686139732e-02 1.815973395646874877e+00 -8.180212848837932205e-01
4.010567491686142794e-02 3.381597339565666971e+01 -7.510322670225413333e-01
4.020079491686145284e-02 6.425437339566464345e+01 -6.749872784111766721e-01
4.030233888562943789e-02 9.674844340141986265e+01 -5.592599287278759990e-01
4.040110187553242610e-02 1.283526001703760926e+02 -4.020457868371666854e-01
4.050010946266713319e-02 1.600350280534823639e+02 -1.534274716257216786e-01
4.060074322699565308e-02 1.922378326386087224e+02 1.253567535216565665e-01
4.070007243902684646e-02 2.240231804885906115e+02 3.880204803239727385e-01
4.080123870102563693e-02 2.563963843282035668e+02 6.577324624758379423e-01
4.090038019522640456e-02 2.881216624724492021e+02 7.977148229607677887e-01
4.100264436640251031e-02 3.208461972488030369e+02 8.820735807164207243e-01
4.110300641325247833e-02 3.529620522407927865e+02 9.206700483489905773e-01
4.120115373802310521e-02 3.843691961673933974e+02 9.512768599283168980e-01
4.130181614761199022e-02 4.165811672358365740e+02 9.850535141658453009e-01
4.140203898335987481e-02 4.486524746751596808e+02 1.021159586170052869e+00
4.150255721272890636e-02 4.808183080732497956e+02 1.057356302990627217e+00
4.160391604794553416e-02 5.132531353425706584e+02 1.092119345675500064e+00
4.170196536406028248e-02 5.446289164992900851e+02 1.122634579719617998e+00
4.180011987542034402e-02 5.760383601345098441e+02 1.144803492609632212e+00
4.190175170360350976e-02 6.085605451531228027e+02 1.167452324743636138e+00
4.200129698754502539e-02 6.404150360144078604e+02 1.194870251585461896e+00
4.210814834737215684e-02 6.746074711590898687e+02 1.227766702468003235e+00
4.220020490353090792e-02 7.040655691298902639e+02 1.257887182080135169e+00
4.230965771331324926e-02 7.390904682602395042e+02 1.293796324945131193e+00
4.240965771331327988e-02 7.710904682602492812e+02 1.326411217571895840e+00
4.250965771331331050e-02 8.030904682602590583e+02 1.359071256494150504e+00
4.260965771331334112e-02 8.350904682602688354e+02 1.391902986022103939e+00
4.270965771331337174e-02 8.670904682602787261e+02 1.424835524719621382e+00
4.280965771331340236e-02 8.990904682602885032e+02 1.457858478424298498e+00
4.290965771331343298e-02 9.310904682602982803e+02 1.490706412713961537e+00
4.300965771331346360e-02 9.630904682603080573e+02 1.523066052799557202e+00
4.310965771331349422e-02 9.950904682603178344e+02 1.554735069676379089e+00
4.320965771331352484e-02 1.027090468260327725e+03 1.585687963741058359e+00
4.330565771331355146e-02 1.057810468260336165e+03 1.614744096849748622e+00
4.340805771331355395e-02 1.090578468260337104e+03 1.645059438986517852e+00
4.350565771331355719e-02 1.121810468260337984e+03 1.673469998346568843e+00
4.360565771331358781e-02 1.153810468260347761e+03 1.702281669974891720e+00
4.370565771331361843e-02 1.185810468260357538e+03 1.731007725934398556e+00
4.380565771331364905e-02 1.217810468260367543e+03 1.759996964941350939e+00
4.390565771331367967e-02 1.249810468260377320e+03 1.789522757272508313e+00
4.400565771331371029e-02 1.281810468260387097e+03 1.819576897011664585e+00
4.410565771331374091e-02 1.313810468260396874e+03 1.850102994514647214e+00
4.420565771331377153e-02 1.345810468260406651e+03 1.880852676855183869e+00
4.430565771331380215e-02 1.377810468260416428e+03 1.911483289700726562e+00
4.440565771331383277e-02 1.409810468260426205e+03 1.941734505902007246e+00
4.450565771331386339e-02 1.441810468260435982e+03 1.971391540555822663e+00
4.460565771331389401e-02 1.473810468260445759e+03 2.000327418731368656e+00
4.470565771331392463e-02 1.505810468260455536e+03 2.028555881475759382e+00
4.480565771331395525e-02 1.537810468260465314e+03 2.056226984935517699e+00
4.490565771331398587e-02 1.569810468260475318e+03 2.083589876563343157e+00
4.500565771331401649e-02 1.601810468260485095e+03 2.110935256455080289e+00
4.510565771331404711e-02 1.633810468260494645e+03 2.138539798754164334e+00
4.520565771331407773e-02 1.665810468260504649e+03 2.166554174991028425e+00
4.530565771331410835e-02 1.697810468260514199e+03 2.195006233081911784e+00
4.540565771331413897e-02 1.729810468260524203e+03 2.223840617535456143e+00
4.550565771331416959e-02 1.761810468260533753e+03 2.254178000858215736e+00
4.560565771331420021e-02 1.793810468260543757e+03 2.286251636864288894e+00
4.570565771331423083e-02 1.825810468260553534e+03 2.318056879113083557e+00
4.580565771331426145e-02 1.857810468260563312e+03 2.348921020315793751e+00
4.590565771331429207e-02 1.889810468260573089e+03 2.378629134401399003e+00
4.600565771331432269e-02 1.921810468260583093e+03 2.407242814545920595e+00
4.610565771331435331e-02 1.953810468260592643e+03 2.434983271150148010e+00
4.620565771331438393e-02 1.985810468260602647e+03 2.462083794234485090e+00
4.630565771331441455e-02 2.017810468260612197e+03 2.488894903282533821e+00
4.640565771331444517e-02 2.049810468260622201e+03 2.515800524030610497e+00
4.650565771331447579e-02 2.081810468260631751e+03 2.543074189178526900e+00
4.660565771331450641e-02 2.113810468260641755e+03 2.570820119862265773e+00
4.670565771331453703e-02 2.145810468260651305e+03 2.599022825169414297e+00
4.680565771331456765e-02 2.177810468260661310e+03 2.627563716594019549e+00
4.690565771331459827e-02 2.209810468260670859e+03 2.656187914833324282e+00
4.700565771331462889e-02 2.241810468260680864e+03 2.684489533232962355e+00
4.710565771331465951e-02 2.273810468260690413e+03 2.712101620158072102e+00
4.720565771331469013e-02 2.305810468260700418e+03 2.738891613366914335e+00
4.730565771331472075e-02 2.337810468260709968e+03 2.764874295051745978e+00
4.740565771331475137e-02 2.369810468260719972e+03 2.790176738867159667e+00
4.750565771331478199e-02 2.401810468260729976e+03 2.815026084194625966e+00
4.760565771331481261e-02 2.433810468260739981e+03 2.839709511599998848e+00
4.770565771331484323e-02 2.465810468260749531e+03 2.864522432398068919e+00
4.780565771331487385e-02 2.497810468260759535e+03 2.889714098969095701e+00
4.790565771331490447e-02 2.529810468260769085e+03 2.915414299071256377e+00
4.800565771331493509e-02 2.561810468260779089e+03 2.941643721658421029e+00
4.810565771331496571e-02 2.593810468260788639e+03 2.968302594423715135e+00
4.820565771331499633e-02 2.625810468260798643e+03 2.995186077236738242e+00
4.830565771331502695e-02 2.657810468260808193e+03 3.022030433136358329e+00
4.840565771331505757e-02 2.689810468260818197e+03 3.048580217354984523e+00
4.850565771331508819e-02 2.721810468260827747e+03 3.074637603783113349e+00
4.860565771331511881e-02 2.753810468260837752e+03 3.100111688047399117e+00
4.870565771331514943e-02 2.785810468260847301e+03 3.125035885601691099e+00
4.880565771331518005e-02 2.817810468260857306e+03 3.149558736145549265e+00
4.890565771331521067e-02 2.849810468260866855e+03 3.173917569796485427e+00
4.900565771331524129e-02 2.881810468260876860e+03 3.198388354939624811e+00
4.910565771331527191e-02 2.913810468260886410e+03 3.223231648930826143e+00
4.920565771331530253e-02 2.945810468260896414e+03 3.248619552449053316e+00
4.930565771331533315e-02 2.977810468260905964e+03 3.274598412904445421e+00
4.940565771331536377e-02 3.009810468260915968e+03 3.301085292361285450e+00
4.950565771331539439e-02 3.041810468260925973e+03 3.327868722880891639e+00
4.960565771331542501e-02 3.073810468260935522e+03 3.354650729678040122e+00
4.970565771331545563e-02 3.105810468260945527e+03 3.381159270438542030e+00
4.980565771331548625e-02 3.137810468260955531e+03 3.407173609227932776e+00
4.990565771331551687e-02 3.169810468260965081e+03 3.432569090159252934e+00
5.000000000000000278e-02 3.200000000000000000e+03 3.455960553992615925e+00
