time torque_Nm angle_arcmin
0.000000000000000000e+00 0.000000000000000000e+00 0.000000000000000000e+00
1.000000000000000048e-04 3.200000000000000000e+01 5.903884528226262945e-03
2.016800000000000884e-04 6.453760000000002606e+01 4.774352311672935140e-02
3.009904276488191378e-04 9.631693684762213081e+01 9.071503007480204162e-02
4.024737324114280356e-04 1.287915943716569700e+02 2.622237670829835176e-03
5.014599248812737784e-04 1.604671759620076159e+02 -1.033234890342399348e-01
6.042873725812927593e-04 1.933719592260137006e+02 -2.013303764112524818e-01
7.005135870202739085e-04 2.241643478464876580e+02 -2.581343126823898992e-01
8.024732409228164725e-04 2.567914370953012622e+02 -2.735007770701526342e-01
9.026144173486194645e-04 2.888366135515582300e+02 -2.550876035305138512e-01
1.003354138736968233e-03 3.210733243958298431e+02 -2.190596571731092679e-01
1.100706412405723627e-03 3.522260519698315875e+02 -1.847286521005916393e-01
1.200816611532952048e-03 3.842613156905446203e+02 -1.562937142362635368e-01
1.303492134512815011e-03 4.171174830441008226e+02 -1.285657471662486895e-01
1.406205198817350602e-03 4.499856636215521348e+02 -1.048824881316170327e-01
1.506755882820737550e-03 4.821618825026359900e+02 -8.384247454114943099e-02
1.605948016886237254e-03 5.139033654035958989e+02 -6.363870346863077787e-02
1.705948016886237517e-03 5.459033654035960126e+02 -4.295428411791665790e-02
1.805948016886237779e-03 5.779033654035960126e+02 -2.142116185698457811e-02
1.905948016886238041e-03 6.099033654035961263e+02 1.442052518057703164e-03
2.004348016886238915e-03 6.413913654035964100e+02 2.508294775410995978e-02
2.101628016886241020e-03 6.725209654035970743e+02 4.920806449179702946e-02
2.201468016886240064e-03 7.044697654035967389e+02 7.458520098573100110e-02
2.301308016886238240e-03 7.364185654035961761e+02 1.015379224982320139e-01
2.401308016886238503e-03 7.684185654035962898e+02 1.306927943683669213e-01
2.501308016886238765e-03 8.004185654035964035e+02 1.615308562540685999e-01
2.601308016886239027e-03 8.324185654035965172e+02 1.933148557647399179e-01
2.701308016886239290e-03 8.644185654035965172e+02 2.254488702333687367e-01
2.801308016886239552e-03 8.964185654035967445e+02 2.575871149016303874e-01
2.901308016886239814e-03 9.284185654035967445e+02 2.895103674548271666e-01
3.001308016886240077e-03 9.604185654035967445e+02 3.213734867828308972e-01
3.101308016886240339e-03 9.924185654035968582e+02 3.534474351382284607e-01
3.201308016886240601e-03 1.024418565403597086e+03 3.857928638077031125e-01
3.301308016886240863e-03 1.056418565403597086e+03 4.184237764642951274e-01
3.401308016886241126e-03 1.088418565403597086e+03 4.513518705467569614e-01
3.501308016886241388e-03 1.120418565403597313e+03 4.851742041354041857e-01
3.601308016886241650e-03 1.152418565403597313e+03 5.199623117086822344e-01
3.701308016886241913e-03 1.184418565403597313e+03 5.547259459116684610e-01
3.801308016886242175e-03 1.216418565403597540e+03 5.891526686056300921e-01
3.901308016886242437e-03 1.248418565403597540e+03 6.231497309834135301e-01
4.001308016886238363e-03 1.280418565403596176e+03 6.566985575242317852e-01
4.101308016886234288e-03 1.312418565403595039e+03 6.900896618896547041e-01
4.201308016886230214e-03 1.344418565403593675e+03 7.252681277261467940e-01
4.301308016886226139e-03 1.376418565403592311e+03 7.606221292762184172e-01
4.401308016886222065e-03 1.408418565403590947e+03 7.955624565213306187e-01
4.501308016886217990e-03 1.440418565403589810e+03 8.298167370275100208e-01
4.601308016886213915e-03 1.472418565403588445e+03 8.632906239535417248e-01
4.701308016886209841e-03 1.504418565403587081e+03 8.961628650776295446e-01
4.801308016886205766e-03 1.536418565403585717e+03 9.286481807857681625e-01
4.901308016886201692e-03 1.568418565403584580e+03 9.609023887422060151e-01
5.001308016886197617e-03 1.600418565403583216e+03 9.929944585344434582e-01
5.101308016886193543e-03 1.632418565403581852e+03 1.024939931189233766e+00
5.201308016886189468e-03 1.664418565403580487e+03 1.056744044670793636e+00
5.301308016886185394e-03 1.696418565403579123e+03 1.088392809730782673e+00
5.401308016886181319e-03 1.728418565403578214e+03 1.119860872338074520e+00
5.501308016886177245e-03 1.760418565403576622e+03 1.151115944241489331e+00
5.601308016886173170e-03 1.792418565403575258e+03 1.182140632762793908e+00
5.701308016886169096e-03 1.824418565403573893e+03 1.212933939526440241e+00
5.801308016886165021e-03 1.856418565403572984e+03 1.243545929094720837e+00
5.901308016886160947e-03 1.888418565403571392e+03 1.273996561890409662e+00
6.001308016886156872e-03 1.920418565403570028e+03 1.304334710066395120e+00
6.101308016886152798e-03 1.952418565403568664e+03 1.334619675294687502e+00
6.201308016886148723e-03 1.984418565403567754e+03 1.364865509449906256e+00
6.301308016886144649e-03 2.016418565403566390e+03 1.395044202089847696e+00
6.401308016886140574e-03 2.048418565403565026e+03 1.425060632601381272e+00
6.501308016886136500e-03 2.080418565403563662e+03 1.454849350977490907e+00
6.601308016886132425e-03 2.112418565403562297e+03 1.484396729894172040e+00
6.701308016886128351e-03 2.144418565403560933e+03 1.513660012963742751e+00
6.801308016886124276e-03 2.176418565403559569e+03 1.542642303935023662e+00
6.901308016886120202e-03 2.208418565403558205e+03 1.571358369776196362e+00
7.001308016886116127e-03 2.240418565403557295e+03 1.599825136534375636e+00
7.101308016886112053e-03 2.272418565403555931e+03 1.628078151598604917e+00
7.201308016886107978e-03 2.304418565403554567e+03 1.656179513732388475e+00
7.301308016886103903e-03 2.336418565403553202e+03 1.684191470722558703e+00
7.401308016886099829e-03 2.368418565403551838e+03 1.712053590619591503e+00
7.501308016886095754e-03 2.400418565403550474e+03 1.739774825791241764e+00
7.601308016886091680e-03 2.432418565403549110e+03 1.767407612621558766e+00
7.701308016886087605e-03 2.464418565403547746e+03 1.794986412236599049e+00
7.801308016886083531e-03 2.496418565403546836e+03 1.822515225574273590e+00
7.901308016886080324e-03 2.528418565403545927e+03 1.849976422266228937e+00
8.001308016886076249e-03 2.560418565403544562e+03 1.877342013264618581e+00
8.101308016886072175e-03 2.592418565403543198e+03 1.904580562483932482e+00
8.201308016886068100e-03 2.624418565403541379e+03 1.931689970585408700e+00
8.301308016886064026e-03 2.656418565403540470e+03 1.958673187012746730e+00
8.401308016886059951e-03 2.688418565403539105e+03 1.985541429853844519e+00
8.501308016886055877e-03 2.720418565403537741e+03 2.012327946092665076e+00
8.601308016886051802e-03 2.752418565403536377e+03 2.039072468850403830e+00
8.701308016886047728e-03 2.784418565403535467e+03 2.065817627355911235e+00
8.801308016886043653e-03 2.816418565403534103e+03 2.092593084064787057e+00
8.901308016886039579e-03 2.848418565403532739e+03 2.119409505826637563e+00
9.001308016886035504e-03 2.880418565403531375e+03 2.146269313047116878e+00
9.101308016886031430e-03 2.912418565403530010e+03 2.173158580170872156e+00
9.201308016886027355e-03 2.944418565403528646e+03 2.200045909684660739e+00
9.301308016886023280e-03 2.976418565403527282e+03 2.226887236003711745e+00
9.401308016886019206e-03 3.008418565403525918e+03 2.253595322725126415e+00
9.501308016886015131e-03 3.040418565403525008e+03 2.280082106267288022e+00
9.601308016886011057e-03 3.072418565403523644e+03 2.306341727023620614e+00
9.701308016886006982e-03 3.104418565403522280e+03 2.332402518428814631e+00
9.801308016886002908e-03 3.136418565403520915e+03 2.358296390035120815e+00
9.901308016885998833e-03 3.168418565403519551e+03 2.384070265093940932e+00
1.000130801688599476e-02 3.199581434596481813e+03 2.409783600400899228e+00
1.010130801688599068e-02 3.167581434596483177e+03 2.430622122921938910e+00
1.020130801688598661e-02 3.135581434596484542e+03 2.440023776318446913e+00
1.030130801688598254e-02 3.103581434596485451e+03 2.439881736831162939e+00
1.040130801688597846e-02 3.071581434596486815e+03 2.432578110616400391e+00
1.050130801688597439e-02 3.039581434596488180e+03 2.419947104164964724e+00
1.060130801688597031e-02 3.007581434596489544e+03 2.403247923821248300e+00
1.070130801688596624e-02 2.975581434596490908e+03 2.383415147443152193e+00
1.080130801688596216e-02 2.943581434596492272e+03 2.361280058907762935e+00
1.090130801688595809e-02 2.911581434596493636e+03 2.337419969769167327e+00
1.100130801688595401e-02 2.879581434596495001e+03 2.312215072636795377e+00
1.110130801688594994e-02 2.847581434596495910e+03 2.285950004327732543e+00
1.120130801688594586e-02 2.815581434596497274e+03 2.258857743338314794e+00
1.130130801688594179e-02 2.783581434596498639e+03 2.231222377183021965e+00
1.140130801688593772e-02 2.751581434596500003e+03 2.203339417133182376e+00
1.150130801688593364e-02 2.719581434596501367e+03 2.175314461049278947e+00
1.160130801688592957e-02 2.687581434596502731e+03 2.147343515614189791e+00
1.170130801688592549e-02 2.655581434596504096e+03 2.119495764601229126e+00
1.180130801688592142e-02 2.623581434596505460e+03 2.091698227979409186e+00
1.190130801688591734e-02 2.591581434596506824e+03 2.063846299390402983e+00
1.200130801688591327e-02 2.559581434596507734e+03 2.035969337773960497e+00
1.210130801688590919e-02 2.527581434596509098e+03 2.008007549136313852e+00
1.220130801688590512e-02 2.495581434596510462e+03 1.979935599601021057e+00
1.230130801688590104e-02 2.463581434596511826e+03 1.951931387303667886e+00
1.240130801688589697e-02 2.431581434596513191e+03 1.924039339050511721e+00
1.250130801688589290e-02 2.399581434596514555e+03 1.896197550827401823e+00
1.260130801688588882e-02 2.367581434596515919e+03 1.868395851182787393e+00
1.270130801688588475e-02 2.335581434596517283e+03 1.840613686143850014e+00
1.280130801688588067e-02 2.303581434596518193e+03 1.812840691586913078e+00
1.290130801688587660e-02 2.271581434596519557e+03 1.785097343045064511e+00
1.300130801688587252e-02 2.239581434596520467e+03 1.757424759216376975e+00
1.310130801688586845e-02 2.207581434596521831e+03 1.729798958097988892e+00
1.320130801688586437e-02 2.175581434596523650e+03 1.702174767706956082e+00
1.330130801688586030e-02 2.143581434596525014e+03 1.674494349203382804e+00
1.340130801688585623e-02 2.111581434596526378e+03 1.646676268211929361e+00
1.350130801688585215e-02 2.079581434596527743e+03 1.618633515896879649e+00
1.360130801688584808e-02 2.047581434596528652e+03 1.590339391196976537e+00
1.370130801688584400e-02 2.015581434596530016e+03 1.561791222443977833e+00
1.380130801688583993e-02 1.983581434596531153e+03 1.533010135103156424e+00
1.390130801688583585e-02 1.951581434596532517e+03 1.504044606828388364e+00
1.400130801688583178e-02 1.919581434596533882e+03 1.474943256053535823e+00
1.410130801688582770e-02 1.887581434596535246e+03 1.445797866373910390e+00
1.420130801688582363e-02 1.855581434596536610e+03 1.416658239120614393e+00
1.430130801688581955e-02 1.823581434596537974e+03 1.387546178383930240e+00
1.440130801688581548e-02 1.791581434596539111e+03 1.358452083510293118e+00
1.450130801688581141e-02 1.759581434596540475e+03 1.329337911748884160e+00
1.460130801688580733e-02 1.727581434596541385e+03 1.300183602146379735e+00
1.470130801688580326e-02 1.695581434596542977e+03 1.270966179897420112e+00
1.480130801688579918e-02 1.663581434596544341e+03 1.241685678953816652e+00
1.490130801688579511e-02 1.631581434596545705e+03 1.212331278143070401e+00
1.500130801688579103e-02 1.599581434596547069e+03 1.182881885305997249e+00
1.510130801688578696e-02 1.567581434596548206e+03 1.153323837519104167e+00
1.520130801688578288e-02 1.535581434596549570e+03 1.123660608707275355e+00
1.530130801688577881e-02 1.503581434596550935e+03 1.093921773523230501e+00
1.540130801688577473e-02 1.471581434596552299e+03 1.064142266011592008e+00
1.550130801688577066e-02 1.439581434596553208e+03 1.034349906320823687e+00
1.560130801688576659e-02 1.407581434596554800e+03 1.004561632720357700e+00
1.570130801688576425e-02 1.375581434596555482e+03 9.747768569262496019e-01
1.580130801688576017e-02 1.343581434596556846e+03 9.449599070575231963e-01
1.590130801688575610e-02 1.311581434596558211e+03 9.150588667054768699e-01
1.600130801688575202e-02 1.279581434596559575e+03 8.850185561084719099e-01
1.610130801688574795e-02 1.247581434596560712e+03 8.547930447844733770e-01
1.620130801688574387e-02 1.215581434596562076e+03 8.243613074321071155e-01
1.630130801688573980e-02 1.183581434596563440e+03 7.937182250474350553e-01
1.640130801688573572e-02 1.151581434596564804e+03 7.628789639476402096e-01
1.650130801688573165e-02 1.119581434596565941e+03 7.318757341793090676e-01
1.660130801688572758e-02 1.087581434596567306e+03 7.007562502093239720e-01
1.670130801688572350e-02 1.055581434596568670e+03 6.695608635330132508e-01
1.680130801688571943e-02 1.023581434596570034e+03 6.374362457659211723e-01
1.690130801688571535e-02 9.915814345965710572e+02 6.046431066211832572e-01
1.700130801688571128e-02 9.595814345965724215e+02 5.719924663433287870e-01
1.710130801688570720e-02 9.275814345965737857e+02 5.395752570282787985e-01
1.720130801688570313e-02 8.955814345965752636e+02 5.073329923142830822e-01
1.730130801688569905e-02 8.635814345965762868e+02 4.751266298247608932e-01
1.740130801688569498e-02 8.315814345965776511e+02 4.428659758087823417e-01
1.750130801688569090e-02 7.995814345965790153e+02 4.101176282177096954e-01
1.760130801688568683e-02 7.675814345965804932e+02 3.769483597628067173e-01
1.770130801688568276e-02 7.355814345965815164e+02 3.438672094140318714e-01
1.780130801688567868e-02 7.035814345965828807e+02 3.108805298949423590e-01
1.790130801688567461e-02 6.715814345965842449e+02 2.779648452112464252e-01
1.800130801688567053e-02 6.395814345965856091e+02 2.450920715607423916e-01
1.810130801688566646e-02 6.075814345965866323e+02 2.121839140386162781e-01
1.820130801688566238e-02 5.755814345965881103e+02 1.793561380574678621e-01
1.830130801688565831e-02 5.435814345965894745e+02 1.469416073531072398e-01
1.840130801688565423e-02 5.115814345965908387e+02 1.152227201983572341e-01
1.850130801688565016e-02 4.795814345965919188e+02 8.457466346929394529e-02
1.860130801688564608e-02 4.475814345965932830e+02 5.483584939874711073e-02
1.870330801688564748e-02 4.149414345965930124e+02 2.529363440145463576e-02
1.880890801688564484e-02 3.811494345965936645e+02 -4.368276645350374632e-03
1.890730801688563639e-02 3.496614345965966208e+02 -3.194770287492568195e-02
1.900730801688563232e-02 3.176614345965976440e+02 -6.061845176134467161e-02
1.910730801688562824e-02 2.856614345965990651e+02 -9.031982147624732782e-02
1.920730801688562417e-02 2.536614345966004294e+02 -1.214887058997129454e-01
1.930730801688562009e-02 2.216614345966018504e+02 -1.544255503334172885e-01
1.940730801688561602e-02 1.896614345966028736e+02 -1.891892304960479387e-01
1.950730801688561195e-02 1.576614345966042663e+02 -2.258932427115906694e-01
1.960730801688560787e-02 1.256614345966056590e+02 -2.648423514241353693e-01
1.970730801688560380e-02 9.366143459660705162e+01 -3.061841494435247890e-01
1.980730801688559972e-02 6.166143459660808901e+01 -3.498978857037643997e-01
1.990730801688559565e-02 2.966143459660948167e+01 -3.969484338901676512e-01
2.000730801688559157e-02 -2.338565403389170072e+00 -4.491337214075629136e-01
2.010730801688558750e-02 -3.433856540338786800e+01 -5.098124510625909878e-01
2.020730801688558342e-02 -6.633856540338656771e+01 -5.852386231033538389e-01
2.030730801688557935e-02 -9.833856540338526031e+01 -6.972988560790698287e-01
2.040087181848557196e-02 -1.282789819153829001e+02 -8.706449248670340424e-01
2.050081097693451371e-02 -1.602595126190442443e+02 -1.148639813158567557e+00
2.060039469663478562e-02 -1.921263029231312771e+02 -1.415560951512530696e+00
2.070031149768837564e-02 -2.240996792602800838e+02 -1.538523146885824255e+00
2.080125794533980998e-02 -2.564025425087390886e+02 -1.682074360898829557e+00
2.090043773420529813e-02 -2.881400749456952894e+02 -1.849867641953994779e+00
2.100050605698013106e-02 -3.201619382336418198e+02 -2.007949089974559342e+00
2.110089962505704714e-02 -3.522878800182549526e+02 -2.122220652565909749e+00
2.120169349491756242e-02 -3.845419183736198647e+02 -2.179883609049862780e+00
2.130099273718396441e-02 -4.163176758988684583e+02 -2.217438101403073514e+00
2.140052407053108507e-02 -4.481677025699470391e+02 -2.251027059745645431e+00
2.150350659164519673e-02 -4.811221093264628053e+02 -2.284741182460082509e+00
2.160095107990184227e-02 -5.123043455685893832e+02 -2.316276675715639222e+00
2.170578790864690494e-02 -5.458521307670093847e+02 -2.347942671882002674e+00
2.180045511339891509e-02 -5.761456362876526782e+02 -2.375277834398187515e+00
2.190374983489561805e-02 -6.091999471665975534e+02 -2.404875122124240150e+00
2.200099105445255110e-02 -6.403171374248162238e+02 -2.427038180915487509e+00
2.210160111780432729e-02 -6.725123576973845729e+02 -2.448565936381499775e+00
2.220179603226313941e-02 -7.045747303242044381e+02 -2.476895985261270638e+00
2.230061841364717329e-02 -7.361978923670952781e+02 -2.509937784847763531e+00
2.240273487441065206e-02 -7.688751598114084800e+02 -2.547094169345253345e+00
2.250076667674360056e-02 -8.002453365579519868e+02 -2.583375578002293338e+00
2.260322572176254666e-02 -8.330322309640147296e+02 -2.620032742625753475e+00
2.270340789911440282e-02 -8.650905277166086762e+02 -2.654001968081915130e+00
2.280586694413334545e-02 -8.978774221226703958e+02 -2.686934411343909090e+00
2.290149538615102523e-02 -9.284785235683278870e+02 -2.716535022715687475e+00
2.300805279297074221e-02 -9.625768937506373959e+02 -2.748800924730515849e+00
2.310342310158295873e-02 -9.930953925065466592e+02 -2.777537705601821116e+00
2.320506624289855185e-02 -1.025621197727536583e+03 -2.808221712280404514e+00
2.330086142265899718e-02 -1.056275655250879026e+03 -2.837227442521643717e+00
2.340111219217574229e-02 -1.088355901496237493e+03 -2.867728518045592256e+00
2.350269963861938496e-02 -1.120863884358202995e+03 -2.898693800063485426e+00
2.360696043891680890e-02 -1.154227340453378702e+03 -2.930290457050772179e+00
2.370961722690196477e-02 -1.187077512608628695e+03 -2.960929082982405536e+00
2.380585796563804840e-02 -1.217874549004175378e+03 -2.988997437479542274e+00
2.390473018725887064e-02 -1.249513659922838542e+03 -3.017062309614829907e+00
2.400473018725886656e-02 -1.281513659922837178e+03 -3.044719533567214587e+00
2.410473018725886249e-02 -1.313513659922835814e+03 -3.071863948949423051e+00
2.420473018725885841e-02 -1.345513659922834449e+03 -3.098842567477209542e+00
2.430473018725885434e-02 -1.377513659922833313e+03 -3.126011157056100220e+00
2.440473018725885027e-02 -1.409513659922831948e+03 -3.153702118280898858e+00
2.450473018725884619e-02 -1.441513659922830584e+03 -3.182142695464651894e+00
2.460473018725884212e-02 -1.473513659922829220e+03 -3.211418803017263457e+00
2.470473018725883804e-02 -1.505513659922828083e+03 -3.241406571679414927e+00
2.480473018725883397e-02 -1.537513659922826719e+03 -3.271875952313004987e+00
2.490473018725882989e-02 -1.569513659922825354e+03 -3.302471707702530956e+00
2.500473018725882582e-02 -1.601513659922824218e+03 -3.332764159004605542e+00
2.510473018725882174e-02 -1.633513659922822853e+03 -3.362385322965759649e+00
2.520473018725881767e-02 -1.665513659922821489e+03 -3.391115776624624711e+00
2.530473018725881360e-02 -1.697513659922820125e+03 -3.418842341950686148e+00
2.540473018725880952e-02 -1.729513659922818988e+03 -3.445754137364624103e+00
2.550473018725880545e-02 -1.761513659922817624e+03 -3.472170887070211709e+00
2.560473018725880137e-02 -1.793513659922816259e+03 -3.498443084550059368e+00
2.570473018725879730e-02 -1.825513659922814895e+03 -3.524966902347356879e+00
2.580673018725879869e-02 -1.858153659922815450e+03 -3.552625819838020060e+00
2.590273018725879756e-02 -1.888873659922815023e+03 -3.579347539678298329e+00
2.600073018725878801e-02 -1.920233659922811967e+03 -3.607298577665217554e+00
2.610073018725878394e-02 -1.952233659922810830e+03 -3.636309473105080237e+00
2.620073018725877986e-02 -1.984233659922809466e+03 -3.665527179367982669e+00
2.630073018725877579e-02 -2.016233659922808101e+03 -3.694593867310244306e+00
2.640073018725877171e-02 -2.048233659922806510e+03 -3.723097138547630358e+00
2.650073018725876764e-02 -2.080233659922805600e+03 -3.750798599400387179e+00
2.660073018725876356e-02 -2.112233659922804236e+03 -3.777630573619787491e+00
2.670073018725875949e-02 -2.144233659922802872e+03 -3.803682509937797551e+00
2.680073018725875542e-02 -2.176233659922801507e+03 -3.829208515157250137e+00
2.690073018725875134e-02 -2.208233659922800598e+03 -3.854555956704542652e+00
2.700073018725874727e-02 -2.240233659922798779e+03 -3.880092588735037928e+00
2.710073018725874319e-02 -2.272233659922797415e+03 -3.906124728254167788e+00
2.720073018725873912e-02 -2.304233659922796051e+03 -3.932831608351456509e+00
2.730073018725873504e-02 -2.336233659922795141e+03 -3.960228070037881576e+00
2.740073018725873097e-02 -2.368233659922793777e+03 -3.988163503661203979e+00
2.750073018725872689e-02 -2.400233659922792413e+03 -4.016359533082757061e+00
2.760073018725872282e-02 -2.432233659922791048e+03 -4.044474495686341875e+00
2.770073018725871875e-02 -2.464233659922790139e+03 -4.072174894606940043e+00
2.780073018725871467e-02 -2.496233659922788775e+03 -4.099213916951744530e+00
2.790073018725871060e-02 -2.528233659922786956e+03 -4.125490211170987465e+00
2.800073018725870652e-02 -2.560233659922785591e+03 -4.151067425201659944e+00
2.810073018725870245e-02 -2.592233659922784682e+03 -4.176161144584749962e+00
2.820073018725869837e-02 -2.624233659922783318e+03 -4.201090371095673959e+00
2.830073018725869430e-02 -2.656233659922781953e+03 -4.226204560107743369e+00
2.840073018725869022e-02 -2.688233659922780589e+03 -4.251808044786126395e+00
2.850073018725868615e-02 -2.720233659922779680e+03 -4.278091945402890950e+00
2.860073018725868207e-02 -2.752233659922778315e+03 -4.305082606983044791e+00
2.870073018725867800e-02 -2.784233659922776951e+03 -4.332653365374118160e+00
2.880073018725867393e-02 -2.816233659922775132e+03 -4.360538924436771602e+00
2.890073018725866985e-02 -2.848233659922774223e+03 -4.388394175382963169e+00
2.900073018725866578e-02 -2.880233659922772858e+03 -4.415870654009746765e+00
2.910073018725866170e-02 -2.912233659922771494e+03 -4.442693321629159975e+00
2.920073018725865763e-02 -2.944233659922770130e+03 -4.468721743319022721e+00
2.930073018725865355e-02 -2.976233659922769220e+03 -4.493979628566270534e+00
2.940073018725864948e-02 -3.008233659922767856e+03 -4.518651089765739037e+00
2.950073018725864540e-02 -3.040233659922766492e+03 -4.543040771263845201e+00
2.960073018725864133e-02 -3.072233659922765128e+03 -4.567507815229650880e+00
2.970073018725863725e-02 -3.104233659922763763e+03 -4.592388359368621664e+00
2.980073018725863318e-02 -3.136233659922762399e+03 -4.617923326745499324e+00
2.990073018725862911e-02 -3.168233659922761035e+03 -4.644203602218385463e+00
3.000073018725862503e-02 -3.199766340077239420e+03 -4.671140939113145762e+00
3.010073018725862096e-02 -3.167766340077240784e+03 -4.693667746624425874e+00
3.020073018725861688e-02 -3.135766340077242603e+03 -4.704731045231003606e+00
3.030073018725861281e-02 -3.103766340077243512e+03 -4.705792517089719240e+00
3.040073018725860873e-02 -3.071766340077244877e+03 -4.698961866246917474e+00
3.050073018725860466e-02 -3.039766340077246241e+03 -4.685880375853097135e+00
3.060073018725860058e-02 -3.007766340077247605e+03 -4.667635601385712540e+00
3.070073018725859651e-02 -2.975766340077248515e+03 -4.645297548440138868e+00
3.080073018725859244e-02 -2.943766340077249879e+03 -4.620072132380392382e+00
3.090073018725858836e-02 -2.911766340077251243e+03 -4.592920957565513440e+00
3.100073018725858429e-02 -2.879766340077252607e+03 -4.564567218272335580e+00
3.110073018725858021e-02 -2.847766340077253972e+03 -4.535666583277354391e+00
3.120073018725857614e-02 -2.815766340077255336e+03 -4.506816118270623228e+00
3.130073018725858941e-02 -2.783766340077250788e+03 -4.478373801466439375e+00
3.140073018725862003e-02 -2.751766340077241239e+03 -4.450374259091357310e+00
3.150073018725865065e-02 -2.719766340077231234e+03 -4.422642151918313225e+00
3.160073018725868127e-02 -2.687766340077221685e+03 -4.395075067280194148e+00
3.170073018725871189e-02 -2.655766340077211680e+03 -4.367477050694246188e+00
3.180073018725874251e-02 -2.623766340077202130e+03 -4.339642929032356378e+00
3.190073018725877313e-02 -2.591766340077192126e+03 -4.311419710521352755e+00
3.200073018725880375e-02 -2.559766340077182576e+03 -4.282800144241988960e+00
3.210073018725883437e-02 -2.527766340077172572e+03 -4.253978178254153697e+00
3.220073018725886499e-02 -2.495766340077163022e+03 -4.225376628468105800e+00
3.230073018725889561e-02 -2.463766340077153018e+03 -4.197322447952330116e+00
3.240073018725892623e-02 -2.431766340077143468e+03 -4.170063772254723133e+00
3.250073018725895685e-02 -2.399766340077133918e+03 -4.143689423933554217e+00
3.260073018725898747e-02 -2.367766340077123914e+03 -4.118132367359644164e+00
3.270073018725901809e-02 -2.335766340077113910e+03 -4.093191562953932383e+00
3.280073018725904871e-02 -2.303766340077104360e+03 -4.068564044873380858e+00
3.290073018725907933e-02 -2.271766340077094355e+03 -4.043902916156318028e+00
3.300073018725910995e-02 -2.239766340077084351e+03 -4.018880717108402223e+00
3.310073018725914057e-02 -2.207766340077074346e+03 -3.993254137720461117e+00
3.320073018725917119e-02 -2.175766340077064797e+03 -3.966912928495375468e+00
3.330073018725920181e-02 -2.143766340077055247e+03 -3.939901235876886787e+00
3.340073018725923243e-02 -2.111766340077045243e+03 -3.912425472947687499e+00
3.350073018725926305e-02 -2.079766340077035238e+03 -3.884802718259064314e+00
3.360073018725929367e-02 -2.047766340077025689e+03 -3.857351318465065848e+00
3.370073018725932429e-02 -2.015766340077016139e+03 -3.830348331411014051e+00
3.380073018725935491e-02 -1.983766340077006134e+03 -3.803982392848967109e+00
3.390073018725938553e-02 -1.951766340076996130e+03 -3.778305315473028170e+00
3.400073018725941615e-02 -1.919766340076986580e+03 -3.753219211514901676e+00
3.410073018725944677e-02 -1.887766340076977031e+03 -3.728494453378642604e+00
3.420073018725947739e-02 -1.855766340076967026e+03 -3.703811550905689920e+00
3.430073018725950801e-02 -1.823766340076957022e+03 -3.678835204658741365e+00
3.440073018725953863e-02 -1.791766340076947472e+03 -3.653295517595841702e+00
3.450073018725956925e-02 -1.759766340076937695e+03 -3.627036513266806317e+00
3.460073018725959987e-02 -1.727766340076927690e+03 -3.600046080958022809e+00
3.470073018725963049e-02 -1.695766340076917913e+03 -3.572454790796293356e+00
3.480073018725966111e-02 -1.663766340076908136e+03 -3.544507459290981544e+00
3.490073018725969173e-02 -1.631766340076898587e+03 -3.516488788802613730e+00
3.500073018725972235e-02 -1.599766340076888582e+03 -3.488679806086778523e+00
3.510073018725975297e-02 -1.567766340076878578e+03 -3.461341416565214324e+00
3.520073018725978359e-02 -1.535766340076869028e+03 -3.434617587487323487e+00
3.530073018725981421e-02 -1.503766340076859024e+03 -3.408477740382650278e+00
3.540073018725984483e-02 -1.471766340076849474e+03 -3.382743873499941767e+00
3.550073018725987545e-02 -1.439766340076839469e+03 -3.357147568313341157e+00
3.560073018725990607e-02 -1.407766340076829692e+03 -3.331373628719986435e+00
3.570073018725993669e-02 -1.375766340076819915e+03 -3.305136443866799389e+00
3.580073018725996731e-02 -1.343766340076810138e+03 -3.278250356088049156e+00
3.590073018725999793e-02 -1.311766340076800134e+03 -3.250677603475954136e+00
3.600073018726002855e-02 -1.279766340076790584e+03 -3.222546015043879830e+00
3.610073018726005917e-02 -1.247766340076780580e+03 -3.194063415887397728e+00
3.620073018726008979e-02 -1.215766340076771030e+03 -3.165503106885805717e+00
3.630073018726012041e-02 -1.183766340076761026e+03 -3.137157491498139716e+00
3.640073018726015103e-02 -1.151766340076751476e+03 -3.109256300090045055e+00
3.650073018726018165e-02 -1.119766340076741471e+03 -3.081904422644446750e+00
3.660073018726021227e-02 -1.087766340076731922e+03 -3.055038585888964597e+00
3.670073018726024289e-02 -1.055766340076721917e+03 -3.028500083367351881e+00
3.680073018726027351e-02 -1.023766340076712254e+03 -3.002040274729483649e+00
3.690073018726030413e-02 -9.917663400767022495e+02 -2.975350795621358735e+00
3.700073018726033475e-02 -9.597663400766925861e+02 -2.948122563915197336e+00
3.710073018726036537e-02 -9.277663400766825816e+02 -2.920143780985951842e+00
3.720073018726039599e-02 -8.957663400766730319e+02 -2.891346265869458865e+00
3.730073018726042661e-02 -8.637663400766630275e+02 -2.861847781334783569e+00
3.740073018726045723e-02 -8.317663400766534778e+02 -2.831852527976473688e+00
3.750073018726048785e-02 -7.997663400766434734e+02 -2.801690216666787858e+00
3.760073018726051847e-02 -7.677663400766338100e+02 -2.771661761622755904e+00
3.770073018726054909e-02 -7.357663400766238055e+02 -2.741980380547537788e+00
3.780073018726057971e-02 -7.037663400766142558e+02 -2.712810390497180535e+00
3.790073018726061033e-02 -6.717663400766042514e+02 -2.684186060728188661e+00
3.800073018726064095e-02 -6.397663400765945880e+02 -2.655970422061410208e+00
3.810073018726067157e-02 -6.077663400765846973e+02 -2.627912123846637193e+00
3.820073018726070219e-02 -5.757663400765750339e+02 -2.599708173756928531e+00
3.830073018726073281e-02 -5.437663400765650294e+02 -2.571007304443535979e+00
3.840073018726076343e-02 -5.117663400765554229e+02 -2.541421916853196183e+00
3.850073018726079405e-02 -4.797663400765454753e+02 -2.510723926848049903e+00
3.860073018726082467e-02 -4.477663400765358119e+02 -2.478841026350286469e+00
3.870073018726085529e-02 -4.157663400765258643e+02 -2.445865324315135592e+00
3.880073018726088591e-02 -3.837663400765162578e+02 -2.412032894215150769e+00
3.890073018726091653e-02 -3.517663400765062534e+02 -2.377596707024149048e+00
3.900073018726094715e-02 -3.197663400764966468e+02 -2.342606559658327203e+00
3.910073018726097777e-02 -2.877663400764866992e+02 -2.306973730563069758e+00
3.920073018726100839e-02 -2.557663400764770358e+02 -2.270512455798224138e+00
3.930073018726103901e-02 -2.237663400764670882e+02 -2.232735964847875287e+00
3.940073018726106963e-02 -1.917663400764574533e+02 -2.192957915742862696e+00
3.950073018726110025e-02 -1.597663400764474773e+02 -2.150787136491188800e+00
3.960073018726113087e-02 -1.277663400764378565e+02 -2.105808820308279206e+00
3.970073018726116149e-02 -9.576634007642788049e+01 -2.057767459217787476e+00
3.980073018726119211e-02 -6.376634007641825974e+01 -2.006492566682602341e+00
3.990073018726122273e-02 -3.176634007640828372e+01 -1.950842994133636044e+00
4.000073018726125335e-02 2.336599236008041203e-01 -1.888239202283169549e+00
4.010073018726128397e-02 3.223365992361060250e+01 -1.813303629193650623e+00
4.020073018726131459e-02 6.423365992362039378e+01 -1.705771592116476887e+00
4.030139737958137597e-02 9.644716146604004336e+01 -1.538149184243011280e+00
4.040180864690048196e-02 1.285787670081539602e+02 -1.313282823461699778e+00
4.050016915502269166e-02 1.600541296072610749e+02 -1.084006257794628780e+00
4.060141578753144465e-02 1.924530520100620095e+02 -8.723382489117783578e-01
4.070087699559818417e-02 2.242806385914186649e+02 -6.732477159702223712e-01
4.080033873091058055e-02 2.561083938913855036e+02 -4.901615410950345142e-01
4.090128153730569066e-02 2.884100919378207664e+02 -3.793679418887326293e-01
4.100272772591875836e-02 3.208728722940024340e+02 -3.262626022538775983e-01
4.110442597908803286e-02 3.534163133081702313e+02 -2.881926897001699794e-01
4.120131154931950396e-02 3.844196957822409786e+02 -2.510223467296718303e-01
4.130806847953687883e-02 4.185819134518009719e+02 -2.066679438820214487e-01
4.140135941230983080e-02 4.484350119391455678e+02 -1.692971381558345256e-01
4.150289139512604308e-02 4.809252464403335239e+02 -1.340875320170045459e-01
4.160294981642176371e-02 5.129439412549641020e+02 -1.038958683029911761e-01
4.170094252401925633e-02 5.443016076861617876e+02 -7.798311807645140481e-02
4.180025690716240167e-02 5.760822102919682948e+02 -5.336701385180797619e-02
4.190423546180776365e-02 6.093553477784840879e+02 -2.926716859677338731e-02
4.200146216225537216e-02 6.404678919217187740e+02 -3.498568248966967345e-03
4.210896619265821345e-02 6.748691816506279793e+02 2.721698743047812341e-02
4.220896619265824407e-02 7.068691816506378700e+02 5.683880356687293078e-02
4.230896619265827469e-02 7.388691816506476471e+02 8.711512553718790686e-02
4.240896619265830531e-02 7.708691816506574241e+02 1.176656362401542893e-01
4.250896619265833593e-02 8.028691816506672012e+02 1.489048046552944038e-01
4.260896619265836655e-02 8.348691816506769783e+02 1.810036060640335676e-01
4.270896619265839717e-02 8.668691816506868690e+02 2.135612478754239374e-01
4.280896619265842779e-02 8.988691816506966461e+02 2.464275876744616289e-01
4.290896619265845841e-02 9.308691816507064232e+02 2.795686396940852414e-01
4.300896619265848903e-02 9.628691816507162002e+02 3.126164175002738577e-01
4.310896619265851964e-02 9.948691816507259773e+02 3.453643790374553713e-01
4.320896619265855026e-02 1.026869181650735754e+03 3.776564922452247952e-01
4.330896619265858088e-02 1.058869181650745531e+03 4.095291839341714812e-01
4.340896619265861150e-02 1.090869181650755309e+03 4.411996287034028463e-01
4.350896619265864212e-02 1.122869181650765313e+03 4.729208359302651266e-01
4.360896619265867274e-02 1.154869181650775090e+03 5.060599082476897603e-01
4.370896619265870336e-02 1.186869181650784867e+03 5.402555385612853867e-01
4.380896619265873398e-02 1.218869181650794644e+03 5.750104613045856627e-01
4.390896619265876460e-02 1.250869181650804421e+03 6.101871869751961386e-01
4.400896619265879522e-02 1.282869181650814198e+03 6.455265519646667949e-01
4.410896619265882584e-02 1.314869181650823975e+03 6.806299325691879121e-01
4.420896619265885646e-02 1.346869181650833752e+03 7.157281898810039511e-01
4.430896619265888708e-02 1.378869181650843529e+03 7.518329399651059175e-01
4.440896619265891770e-02 1.410869181650853307e+03 7.871132160852291060e-01
4.450896619265894832e-02 1.442869181650863084e+03 8.209356454591382191e-01
4.460896619265897894e-02 1.474869181650873088e+03 8.532532583739218524e-01
4.470896619265900956e-02 1.506869181650882865e+03 8.844780413029476041e-01
4.480896619265904018e-02 1.538869181650892642e+03 9.151977847696988189e-01
4.490896619265907080e-02 1.570869181650902419e+03 9.460081961002879680e-01
4.500896619265910142e-02 1.602869181650911969e+03 9.773657946177878308e-01
4.510896619265913204e-02 1.634869181650921973e+03 1.009487255631276836e+00
4.520896619265916266e-02 1.666869181650931523e+03 1.042282126326716130e+00
4.530896619265919328e-02 1.698869181650941528e+03 1.075497464214539844e+00
4.540896619265922390e-02 1.730869181650951305e+03 1.108740653051919045e+00
4.550896619265925452e-02 1.762869181650961082e+03 1.141587507744096897e+00
4.560896619265928514e-02 1.794869181650970859e+03 1.173733488007519421e+00
4.570896619265931576e-02 1.826869181650980863e+03 1.204942383090169322e+00
4.580896619265934638e-02 1.858869181650990413e+03 1.235106081258728894e+00
4.590896619265937700e-02 1.890869181651000417e+03 1.264352330095144472e+00
4.600896619265940762e-02 1.922869181651009967e+03 1.293031296858090595e+00
4.610896619265943824e-02 1.954869181651019971e+03 1.321575195570322991e+00
4.620896619265946886e-02 1.986869181651029521e+03 1.350412955483686339e+00
4.630896619265949948e-02 2.018869181651039526e+03 1.379866444974874762e+00
4.640896619265953010e-02 2.050869181651049075e+03 1.410068507854396636e+00
4.650896619265956072e-02 2.082869181651059080e+03 1.440882274635274296e+00
4.660896619265959134e-02 2.114869181651068629e+03 1.472101660694749459e+00
4.670896619265962196e-02 2.146869181651078634e+03 1.503402672883230373e+00
4.680896619265965258e-02 2.178869181651088184e+03 1.534380933961236204e+00
4.690896619265968320e-02 2.210869181651098188e+03 1.564642018999911288e+00
4.700896619265971382e-02 2.242869181651108192e+03 1.593902810298425177e+00
4.710896619265974444e-02 2.274869181651117742e+03 1.622059451313736300e+00
4.720896619265977506e-02 2.306869181651127747e+03 1.649236098663478645e+00
4.730896619265980568e-02 2.338869181651137751e+03 1.675760518695036616e+00
4.740896619265983630e-02 2.370869181651147301e+03 1.702052222856756947e+00
4.750896619265986692e-02 2.402869181651157305e+03 1.728545003323934015e+00
4.760896619265989754e-02 2.434869181651166855e+03 1.755525400293138860e+00
4.770896619265992816e-02 2.466869181651176859e+03 1.783143417548008758e+00
4.780896619265995878e-02 2.498869181651186409e+03 1.811449225859863343e+00
4.790896619265998940e-02 2.530869181651196413e+03 1.840311913094534901e+00
4.800896619266002002e-02 2.562869181651205963e+03 1.869437597907832371e+00
4.810896619266005064e-02 2.594869181651215968e+03 1.898443245693748116e+00
4.820896619266008126e-02 2.626869181651225517e+03 1.926947728066493948e+00
4.830896619266011188e-02 2.658869181651235522e+03 1.954666407286173913e+00
4.840896619266014250e-02 2.690869181651245071e+03 1.981492988839741010e+00
4.850896619266017312e-02 2.722869181651255076e+03 2.007485368127497338e+00
4.860896619266020374e-02 2.754869181651264626e+03 2.032866565576266993e+00
4.870896619266023436e-02 2.786869181651274630e+03 2.057984296083101849e+00
4.880896619266026498e-02 2.818869181651284180e+03 2.083242783867609305e+00
4.890896619266029560e-02 2.850869181651294184e+03 2.109002049521611521e+00
4.900896619266032622e-02 2.882869181651303734e+03 2.135494820146673689e+00
4.910896619266035684e-02 2.914869181651313738e+03 2.162792968576189523e+00
4.920896619266038746e-02 2.946869181651323743e+03 2.190783405076626167e+00
4.930896619266041808e-02 2.978869181651333747e+03 2.219186689933050793e+00
4.940896619266044870e-02 3.010869181651343297e+03 2.247619879517489760e+00
4.950896619266047932e-02 3.042869181651353301e+03 2.275646945592012305e+00
4.960896619266050994e-02 3.074869181651362851e+03 2.302876161820764267e+00
4.970896619266054056e-02 3.106869181651372855e+03 2.329131307620954772e+00
4.980896619266057118e-02 3.138869181651382405e+03 2.354438201898719552e+00
4.990896619266060180e-02 3.170869181651392410e+03 2.378996488587370006e+00
5.000000000000000278e-02 3.200000000000000000e+03 2.400993840537543722e+00
