time R11 R12 R13 R21 R22 R23 R31 R32 R33
0.000000000000000000e+00 1.000000000000000000e+00 -0.000000000000000000e+00 0.000000000000000000e+00 0.000000000000000000e+00 1.000000000000000000e+00 -0.000000000000000000e+00 0.000000000000000000e+00 0.000000000000000000e+00 1.000000000000000000e+00
5.040000000000002811e-03 9.999999203965483918e-01 -3.990073891596773530e-04 0.000000000000000000e+00 3.990073891596773530e-04 9.999999203965483918e-01 -0.000000000000000000e+00 0.000000000000000000e+00 0.000000000000000000e+00 1.000000000000000000e+00
1.013600000000001305e-02 9.999986978048553965e-01 -1.613811820872654941e-03 0.000000000000000000e+00 1.613811820872654941e-03 9.999986978048553965e-01 -0.000000000000000000e+00 0.000000000000000000e+00 0.000000000000000000e+00 1.000000000000000000e+00
1.513600000000002617e-02 9.999935247913689373e-01 -3.598662992525689976e-03 0.000000000000000000e+00 3.598662992525689976e-03 9.999935247913689373e-01 -0.000000000000000000e+00 0.000000000000000000e+00 0.000000000000000000e+00 1.000000000000000000e+00
2.013600000000000112e-02 9.999797184519607640e-01 -6.368884104553549849e-03 0.000000000000000000e+00 6.368884104553549849e-03 9.999797184519607640e-01 -0.000000000000000000e+00 0.000000000000000000e+00 0.000000000000000000e+00 1.000000000000000000e+00
2.513599999999997087e-02 9.999507517430075154e-01 -9.924418803860003691e-03 0.000000000000000000e+00 9.924418803860003691e-03 9.999507517430075154e-01 -0.000000000000000000e+00 0.000000000000000000e+00 0.000000000000000000e+00 1.000000000000000000e+00
3.013599999999994061e-02 9.998982475624252908e-01 -1.426515059826695929e-02 0.000000000000000000e+00 1.426515059826695929e-02 9.998982475624252908e-01 -0.000000000000000000e+00 0.000000000000000000e+00 0.000000000000000000e+00 1.000000000000000000e+00
3.513599999999991036e-02 9.998119794051801845e-01 -1.939086996232788560e-02 0.000000000000000000e+00 1.939086996232788560e-02 9.998119794051801845e-01 -0.000000000000000000e+00 0.000000000000000000e+00 0.000000000000000000e+00 1.000000000000000000e+00
4.013599999999988011e-02 9.996798725335743763e-01 -2.530123418446088637e-02 0.000000000000000000e+00 2.530123418446088637e-02 9.996798725335743763e-01 -0.000000000000000000e+00 0.000000000000000000e+00 0.000000000000000000e+00 1.000000000000000000e+00
4.513599999999984985e-02 9.994880058830112324e-01 -3.199571996380342481e-02 0.000000000000000000e+00 3.199571996380342481e-02 9.994880058830112324e-01 -0.000000000000000000e+00 0.000000000000000000e+00 0.000000000000000000e+00 1.000000000000000000e+00
5.013599999999981960e-02 9.992206149637465895e-01 -3.947356877041211659e-02 0.000000000000000000e+00 3.947356877041211659e-02 9.992206149637465895e-01 -0.000000000000000000e+00 0.000000000000000000e+00 0.000000000000000000e+00 1.000000000000000000e+00
5.513599999999978934e-02 9.988600960588162048e-01 -4.773372498949323556e-02 0.000000000000000000e+00 4.773372498949323556e-02 9.988600960588162048e-01 -0.000000000000000000e+00 0.000000000000000000e+00 0.000000000000000000e+00 1.000000000000000000e+00
6.013599999999975909e-02 9.983870120578367535e-01 -5.677476687953151441e-02 0.000000000000000000e+00 5.677476687953151441e-02 9.983870120578367535e-01 -0.000000000000000000e+00 0.000000000000000000e+00 0.000000000000000000e+00 1.000000000000000000e+00
6.513599999999981904e-02 9.977801003056190332e-01 -6.659483038576506642e-02 0.000000000000000000e+00 6.659483038576506642e-02 9.977801003056190332e-01 -0.000000000000000000e+00 0.000000000000000000e+00 0.000000000000000000e+00 1.000000000000000000e+00
7.013599999999996226e-02 9.970162828834232549e-01 -7.719152586470608146e-02 0.000000000000000000e+00 7.719152586470608146e-02 9.970162828834232549e-01 -0.000000000000000000e+00 0.000000000000000000e+00 0.000000000000000000e+00 1.000000000000000000e+00
7.513600000000010548e-02 9.960706797790803702e-01 -8.856184779260607709e-02 0.000000000000000000e+00 8.856184779260607709e-02 9.960706797790803702e-01 -0.000000000000000000e+00 0.000000000000000000e+00 0.000000000000000000e+00 1.000000000000000000e+00
8.013600000000024870e-02 9.949166254399801623e-01 -1.007020775511711513e-01 0.000000000000000000e+00 1.007020775511711513e-01 9.949166254399801623e-01 -0.000000000000000000e+00 0.000000000000000000e+00 0.000000000000000000e+00 1.000000000000000000e+00
8.513600000000039192e-02 9.935256892398880435e-01 -1.136076794077109930e-01 0.000000000000000000e+00 1.136076794077109930e-01 9.935256892398880435e-01 -0.000000000000000000e+00 0.000000000000000000e+00 0.000000000000000000e+00 1.000000000000000000e+00
9.007200000000036011e-02 9.918907415767082014e-01 -1.270934961924007345e-01 0.000000000000000000e+00 1.270934961924007345e-01 9.918907415767082014e-01 -0.000000000000000000e+00 0.000000000000000000e+00 0.000000000000000000e+00 1.000000000000000000e+00
9.505600000000048733e-02 9.899446146182535600e-01 -1.414555053305354415e-01 0.000000000000000000e+00 1.414555053305354415e-01 9.899446146182535600e-01 -0.000000000000000000e+00 0.000000000000000000e+00 0.000000000000000000e+00 1.000000000000000000e+00
1.000560000000006305e-01 9.876607962072161406e-01 -1.566082744791219561e-01 0.000000000000000000e+00 1.566082744791219561e-01 9.876607962072161406e-01 -0.000000000000000000e+00 0.000000000000000000e+00 0.000000000000000000e+00 1.000000000000000000e+00
1.050560000000007738e-01 9.850098773215157921e-01 -1.724979465937276912e-01 0.000000000000000000e+00 1.724979465937276912e-01 9.850098773215157921e-01 -0.000000000000000000e+00 0.000000000000000000e+00 0.000000000000000000e+00 1.000000000000000000e+00
1.100560000000009170e-01 9.819551124357759342e-01 -1.891141379200479977e-01 0.000000000000000000e+00 1.891141379200479977e-01 9.819551124357759342e-01 -0.000000000000000000e+00 0.000000000000000000e+00 0.000000000000000000e+00 1.000000000000000000e+00
1.150560000000010602e-01 9.784582290464631793e-01 -2.064448934007791780e-01 0.000000000000000000e+00 2.064448934007791780e-01 9.784582290464631793e-01 -0.000000000000000000e+00 0.000000000000000000e+00 0.000000000000000000e+00 1.000000000000000000e+00
1.200560000000012034e-01 9.744794930844610237e-01 -2.244765412194609788e-01 0.000000000000000000e+00 2.244765412194609788e-01 9.744794930844610237e-01 -0.000000000000000000e+00 0.000000000000000000e+00 0.000000000000000000e+00 1.000000000000000000e+00
1.250560000000013328e-01 9.699777836269776188e-01 -2.431935428215485917e-01 0.000000000000000000e+00 2.431935428215485917e-01 9.699777836269776188e-01 -0.000000000000000000e+00 0.000000000000000000e+00 0.000000000000000000e+00 1.000000000000000000e+00
1.300560000000014760e-01 9.649106776905389538e-01 -2.625783389367552512e-01 0.000000000000000000e+00 2.625783389367552512e-01 9.649106776905389538e-01 -0.000000000000000000e+00 0.000000000000000000e+00 0.000000000000000000e+00 1.000000000000000000e+00
1.351465600000013312e-01 9.591258487136009592e-01 -2.829798691239626129e-01 0.000000000000000000e+00 2.829798691239626129e-01 9.591258487136009592e-01 -0.000000000000000000e+00 0.000000000000000000e+00 0.000000000000000000e+00 1.000000000000000000e+00
1.401152000000014386e-01 9.528256152099334741e-01 -3.035182811624568266e-01 0.000000000000000000e+00 3.035182811624568266e-01 9.528256152099334741e-01 -0.000000000000000000e+00 0.000000000000000000e+00 0.000000000000000000e+00 1.000000000000000000e+00
1.451152000000015818e-01 9.457877082328807195e-01 -3.247854845210841335e-01 0.000000000000000000e+00 3.247854845210841335e-01 9.457877082328807195e-01 -0.000000000000000000e+00 0.000000000000000000e+00 0.000000000000000000e+00 1.000000000000000000e+00
1.500352000000015340e-01 9.381339037313602969e-01 -3.462726940862633218e-01 0.000000000000000000e+00 3.462726940862633218e-01 9.381339037313602969e-01 -0.000000000000000000e+00 0.000000000000000000e+00 0.000000000000000000e+00 1.000000000000000000e+00
1.550352000000015662e-01 9.295686701190901680e-01 -3.686490031629357511e-01 0.000000000000000000e+00 3.686490031629357511e-01 9.295686701190901680e-01 -0.000000000000000000e+00 0.000000000000000000e+00 0.000000000000000000e+00 1.000000000000000000e+00
1.600352000000017094e-01 9.201625778381590237e-01 -3.915364993793475912e-01 0.000000000000000000e+00 3.915364993793475912e-01 9.201625778381590237e-01 -0.000000000000000000e+00 0.000000000000000000e+00 0.000000000000000000e+00 1.000000000000000000e+00
1.650352000000018526e-01 9.098674786735719833e-01 -4.148989892156848547e-01 0.000000000000000000e+00 4.148989892156848547e-01 9.098674786735719833e-01 -0.000000000000000000e+00 0.000000000000000000e+00 0.000000000000000000e+00 1.000000000000000000e+00
1.700352000000019959e-01 8.986350578387234389e-01 -4.386969715227062583e-01 0.000000000000000000e+00 4.386969715227062583e-01 8.986350578387234389e-01 -0.000000000000000000e+00 0.000000000000000000e+00 0.000000000000000000e+00 1.000000000000000000e+00
1.750752000000020403e-01 8.863151967466413872e-01 -4.630824678347931211e-01 0.000000000000000000e+00 4.630824678347931211e-01 8.863151967466413872e-01 -0.000000000000000000e+00 0.000000000000000000e+00 0.000000000000000000e+00 1.000000000000000000e+00
1.801552000000020970e-01 8.728343059854201114e-01 -4.880166741976650346e-01 0.000000000000000000e+00 4.880166741976650346e-01 8.728343059854201114e-01 -0.000000000000000000e+00 0.000000000000000000e+00 0.000000000000000000e+00 1.000000000000000000e+00
1.851552000000022402e-01 8.584751069380971433e-01 -5.128552337332853428e-01 0.000000000000000000e+00 5.128552337332853428e-01 8.584751069380971433e-01 -0.000000000000000000e+00 0.000000000000000000e+00 0.000000000000000000e+00 1.000000000000000000e+00
1.900352000000023467e-01 8.433723194250780653e-01 -5.373296295827768576e-01 0.000000000000000000e+00 5.373296295827768576e-01 8.433723194250780653e-01 -0.000000000000000000e+00 0.000000000000000000e+00 0.000000000000000000e+00 1.000000000000000000e+00
1.950752000000023356e-01 8.266005512098093533e-01 -5.627890623845130946e-01 0.000000000000000000e+00 5.627890623845130946e-01 8.266005512098093533e-01 -0.000000000000000000e+00 0.000000000000000000e+00 0.000000000000000000e+00 1.000000000000000000e+00
2.000752000000024788e-01 8.087391781706247951e-01 -5.881674435838000203e-01 0.000000000000000000e+00 5.881674435838000203e-01 8.087391781706247951e-01 -0.000000000000000000e+00 0.000000000000000000e+00 0.000000000000000000e+00 1.000000000000000000e+00
2.050752000000026221e-01 7.898653283383199053e-01 -6.132803299381111017e-01 0.000000000000000000e+00 6.132803299381111017e-01 7.898653283383199053e-01 -0.000000000000000000e+00 0.000000000000000000e+00 0.000000000000000000e+00 1.000000000000000000e+00
2.100752000000027653e-01 7.702119767885415857e-01 -6.377879826490047144e-01 0.000000000000000000e+00 6.377879826490047144e-01 7.702119767885415857e-01 -0.000000000000000000e+00 0.000000000000000000e+00 0.000000000000000000e+00 1.000000000000000000e+00
2.150752000000029085e-01 7.497985190064919703e-01 -6.616662156221001512e-01 0.000000000000000000e+00 6.616662156221001512e-01 7.497985190064919703e-01 -0.000000000000000000e+00 0.000000000000000000e+00 0.000000000000000000e+00 1.000000000000000000e+00
2.201152000000030085e-01 7.284729456003374848e-01 -6.850745707792460504e-01 0.000000000000000000e+00 6.850745707792460504e-01 7.284729456003374848e-01 -0.000000000000000000e+00 0.000000000000000000e+00 0.000000000000000000e+00 1.000000000000000000e+00
2.251152000000029851e-01 7.065947758831866432e-01 -7.076184160227807496e-01 0.000000000000000000e+00 7.076184160227807496e-01 7.065947758831866432e-01 -0.000000000000000000e+00 0.000000000000000000e+00 0.000000000000000000e+00 1.000000000000000000e+00
2.301152000000031284e-01 6.840192824304599517e-01 -7.294639273215082209e-01 0.000000000000000000e+00 7.294639273215082209e-01 6.840192824304599517e-01 -0.000000000000000000e+00 0.000000000000000000e+00 0.000000000000000000e+00 1.000000000000000000e+00
2.351152000000032716e-01 6.607687445286232197e-01 -7.505895457932166837e-01 0.000000000000000000e+00 7.505895457932166837e-01 6.607687445286232197e-01 -0.000000000000000000e+00 0.000000000000000000e+00 0.000000000000000000e+00 1.000000000000000000e+00
2.400067200000034762e-01 6.373914557957824911e-01 -7.705401560454413490e-01 0.000000000000000000e+00 7.705401560454413490e-01 6.373914557957824911e-01 -0.000000000000000000e+00 0.000000000000000000e+00 0.000000000000000000e+00 1.000000000000000000e+00
2.450482862861532440e-01 6.126672989890901144e-01 -7.903409269102880108e-01 0.000000000000000000e+00 7.903409269102880108e-01 6.126672989890901144e-01 -0.000000000000000000e+00 0.000000000000000000e+00 0.000000000000000000e+00 1.000000000000000000e+00
2.500592309181818296e-01 5.874841287726479955e-01 -8.092356878192180636e-01 0.000000000000000000e+00 8.092356878192180636e-01 5.874841287726479955e-01 -0.000000000000000000e+00 0.000000000000000000e+00 0.000000000000000000e+00 1.000000000000000000e+00
2.550907054118130568e-01 5.616119177331617696e-01 -8.274007818826862870e-01 0.000000000000000000e+00 8.274007818826862870e-01 5.616119177331617696e-01 -0.000000000000000000e+00 0.000000000000000000e+00 0.000000000000000000e+00 1.000000000000000000e+00
2.601683133866386499e-01 5.349335814124277499e-01 -8.448941137664965906e-01 0.000000000000000000e+00 8.448941137664965906e-01 5.349335814124277499e-01 -0.000000000000000000e+00 0.000000000000000000e+00 0.000000000000000000e+00 1.000000000000000000e+00
2.650883133866385744e-01 5.085637208034088363e-01 -8.610243561494601572e-01 0.000000000000000000e+00 8.610243561494601572e-01 5.085637208034088363e-01 -0.000000000000000000e+00 0.000000000000000000e+00 0.000000000000000000e+00 1.000000000000000000e+00
2.700258543468940786e-01 4.816113137827138790e-01 -8.763849282344420288e-01 0.000000000000000000e+00 8.763849282344420288e-01 4.816113137827138790e-01 -0.000000000000000000e+00 0.000000000000000000e+00 0.000000000000000000e+00 1.000000000000000000e+00
2.750616657057417536e-01 4.536452389060016133e-01 -8.911823591262995059e-01 0.000000000000000000e+00 8.911823591262995059e-01 4.536452389060016133e-01 -0.000000000000000000e+00 0.000000000000000000e+00 0.000000000000000000e+00 1.000000000000000000e+00
2.801407525585591918e-01 4.249789192757843503e-01 -9.052032468850220726e-01 0.000000000000000000e+00 9.052032468850220726e-01 4.249789192757843503e-01 -0.000000000000000000e+00 0.000000000000000000e+00 0.000000000000000000e+00 1.000000000000000000e+00
2.851407525585586411e-01 3.963360967286432279e-01 -9.181054941725942387e-01 0.000000000000000000e+00 9.181054941725942387e-01 3.963360967286432279e-01 -0.000000000000000000e+00 0.000000000000000000e+00 0.000000000000000000e+00 1.000000000000000000e+00
2.901407525585580904e-01 3.673021383042682775e-01 -9.301016821816376901e-01 0.000000000000000000e+00 9.301016821816376901e-01 3.673021383042682775e-01 -0.000000000000000000e+00 0.000000000000000000e+00 0.000000000000000000e+00 1.000000000000000000e+00
2.951407525585575398e-01 3.379056970143112237e-01 -9.411799721229051618e-01 0.000000000000000000e+00 9.411799721229051618e-01 3.379056970143112237e-01 -0.000000000000000000e+00 0.000000000000000000e+00 0.000000000000000000e+00 1.000000000000000000e+00
3.001407525585569891e-01 3.081757835972507298e-01 -9.513294310617226301e-01 0.000000000000000000e+00 9.513294310617226301e-01 3.081757835972507298e-01 -0.000000000000000000e+00 0.000000000000000000e+00 0.000000000000000000e+00 1.000000000000000000e+00
3.051407525585564384e-01 2.781417378882926617e-01 -9.605400427074763936e-01 0.000000000000000000e+00 9.605400427074763936e-01 2.781417378882926617e-01 -0.000000000000000000e+00 0.000000000000000000e+00 0.000000000000000000e+00 1.000000000000000000e+00
3.101407525585558878e-01 2.478331998644978384e-01 -9.688027172984829960e-01 0.000000000000000000e+00 9.688027172984829960e-01 2.478331998644978384e-01 -0.000000000000000000e+00 0.000000000000000000e+00 0.000000000000000000e+00 1.000000000000000000e+00
3.151407525585553371e-01 2.172800803937020853e-01 -9.761093005724854610e-01 0.000000000000000000e+00 9.761093005724854610e-01 2.172800803937020853e-01 -0.000000000000000000e+00 0.000000000000000000e+00 0.000000000000000000e+00 1.000000000000000000e+00
3.201407525585547864e-01 1.865125317160993557e-01 -9.824525818139271394e-01 0.000000000000000000e+00 9.824525818139271394e-01 1.865125317160993557e-01 -0.000000000000000000e+00 0.000000000000000000e+00 0.000000000000000000e+00 1.000000000000000000e+00
3.251407525585542357e-01 1.555609176876237565e-01 -9.878263009700560815e-01 0.000000000000000000e+00 9.878263009700560815e-01 1.555609176876237565e-01 -0.000000000000000000e+00 0.000000000000000000e+00 0.000000000000000000e+00 1.000000000000000000e+00
3.301407525585536851e-01 1.244557838144881162e-01 -9.922251548288429923e-01 0.000000000000000000e+00 9.922251548288429923e-01 1.244557838144881162e-01 -0.000000000000000000e+00 0.000000000000000000e+00 0.000000000000000000e+00 1.000000000000000000e+00
3.351407525585531344e-01 9.322782710845604892e-02 -9.956448022526083186e-01 0.000000000000000000e+00 9.956448022526083186e-01 9.322782710845604892e-02 -0.000000000000000000e+00 0.000000000000000000e+00 0.000000000000000000e+00 1.000000000000000000e+00
3.401407525585525837e-01 6.190786579260035977e-02 -9.980818684622045911e-01 0.000000000000000000e+00 9.980818684622045911e-01 6.190786579260035977e-02 -0.000000000000000000e+00 0.000000000000000000e+00 0.000000000000000000e+00 1.000000000000000000e+00
3.451407525585520331e-01 3.052680888743415644e-02 -9.995339483675130809e-01 0.000000000000000000e+00 9.995339483675130809e-01 3.052680888743415644e-02 -0.000000000000000000e+00 0.000000000000000000e+00 0.000000000000000000e+00 1.000000000000000000e+00
3.501407525585514824e-01 -8.843742925571842616e-04 -9.999996089409787237e-01 0.000000000000000000e+00 9.999996089409787237e-01 -8.843742925571842616e-04 -0.000000000000000000e+00 0.000000000000000000e+00 0.000000000000000000e+00 1.000000000000000000e+00
3.551407525585509317e-01 -3.229468470189401919e-02 -9.994783906318364108e-01 0.000000000000000000e+00 9.994783906318364108e-01 -3.229468470189401919e-02 -0.000000000000000000e+00 0.000000000000000000e+00 0.000000000000000000e+00 1.000000000000000000e+00
3.600607525585509672e-01 -6.317148129232227904e-02 -9.980026873467495729e-01 0.000000000000000000e+00 9.980026873467495729e-01 -6.317148129232227904e-02 -0.000000000000000000e+00 0.000000000000000000e+00 0.000000000000000000e+00 1.000000000000000000e+00
3.650607525585504165e-01 -9.448833195126682405e-02 -9.955259690862248156e-01 0.000000000000000000e+00 9.955259690862248156e-01 -9.448833195126682405e-02 -0.000000000000000000e+00 0.000000000000000000e+00 0.000000000000000000e+00 1.000000000000000000e+00
3.700607525585498658e-01 -1.257119340342900682e-01 -9.920667868855190807e-01 0.000000000000000000e+00 9.920667868855190807e-01 -1.257119340342900682e-01 -0.000000000000000000e+00 0.000000000000000000e+00 0.000000000000000000e+00 1.000000000000000000e+00
3.750607525585493152e-01 -1.568114736158081057e-01 -9.876285545398323373e-01 0.000000000000000000e+00 9.876285545398323373e-01 -1.568114736158081057e-01 -0.000000000000000000e+00 0.000000000000000000e+00 0.000000000000000000e+00 1.000000000000000000e+00
3.800607525585487645e-01 -1.877562592049451529e-01 -9.822156520486555742e-01 0.000000000000000000e+00 9.822156520486555742e-01 -1.877562592049451529e-01 -0.000000000000000000e+00 0.000000000000000000e+00 0.000000000000000000e+00 1.000000000000000000e+00
3.851087525585485394e-01 -2.188100465182841459e-01 -9.757674741159733101e-01 0.000000000000000000e+00 9.757674741159733101e-01 -2.188100465182841459e-01 -0.000000000000000000e+00 0.000000000000000000e+00 0.000000000000000000e+00 1.000000000000000000e+00
3.900398143185485611e-01 -2.489321808623892740e-01 -9.685209183755894014e-01 0.000000000000000000e+00 9.685209183755894014e-01 -2.489321808623892740e-01 -0.000000000000000000e+00 0.000000000000000000e+00 0.000000000000000000e+00 1.000000000000000000e+00
3.950624296051278295e-01 -2.793677662727958588e-01 -9.601841756495202995e-01 0.000000000000000000e+00 9.601841756495202995e-01 -2.793677662727958588e-01 -0.000000000000000000e+00 0.000000000000000000e+00 0.000000000000000000e+00 1.000000000000000000e+00
4.001500123218506011e-01 -3.099132802559452227e-01 -9.507648282940426299e-01 0.000000000000000000e+00 9.507648282940426299e-01 -3.099132802559452227e-01 -0.000000000000000000e+00 0.000000000000000000e+00 0.000000000000000000e+00 1.000000000000000000e+00
4.051500123218500504e-01 -3.396246017217794955e-01 -9.405610718636630008e-01 0.000000000000000000e+00 9.405610718636630008e-01 -3.396246017217794955e-01 -0.000000000000000000e+00 0.000000000000000000e+00 0.000000000000000000e+00 1.000000000000000000e+00
4.101500123218494998e-01 -3.690007547090894957e-01 -9.294290952106686321e-01 0.000000000000000000e+00 9.294290952106686321e-01 -3.690007547090894957e-01 -0.000000000000000000e+00 0.000000000000000000e+00 0.000000000000000000e+00 1.000000000000000000e+00
4.151500123218489491e-01 -3.980127485015030886e-01 -9.173798842520360930e-01 0.000000000000000000e+00 9.173798842520360930e-01 -3.980127485015030886e-01 -0.000000000000000000e+00 0.000000000000000000e+00 0.000000000000000000e+00 1.000000000000000000e+00
4.201500123218483984e-01 -4.266319517638072489e-01 -9.044253301042625148e-01 0.000000000000000000e+00 9.044253301042625148e-01 -4.266319517638072489e-01 -0.000000000000000000e+00 0.000000000000000000e+00 0.000000000000000000e+00 1.000000000000000000e+00
4.251500123218478477e-01 -4.548301207976200300e-01 -8.905782173482699182e-01 0.000000000000000000e+00 8.905782173482699182e-01 -4.548301207976200300e-01 -0.000000000000000000e+00 0.000000000000000000e+00 0.000000000000000000e+00 1.000000000000000000e+00
4.301500123218472971e-01 -4.825794274145119300e-01 -8.758522114125656399e-01 0.000000000000000000e+00 8.758522114125656399e-01 -4.825794274145119300e-01 -0.000000000000000000e+00 0.000000000000000000e+00 0.000000000000000000e+00 1.000000000000000000e+00
4.350598235218470222e-01 -5.093649174521635015e-01 -8.605506265577583802e-01 0.000000000000000000e+00 8.605506265577583802e-01 -5.093649174521635015e-01 -0.000000000000000000e+00 0.000000000000000000e+00 0.000000000000000000e+00 1.000000000000000000e+00
4.400709682258475697e-01 -5.362032330184659523e-01 -8.440889129117528089e-01 0.000000000000000000e+00 8.440889129117528089e-01 -5.362032330184659523e-01 -0.000000000000000000e+00 0.000000000000000000e+00 0.000000000000000000e+00 1.000000000000000000e+00
4.450739807928877356e-01 -5.624677731374452261e-01 -8.268192088853545396e-01 0.000000000000000000e+00 8.268192088853545396e-01 -5.624677731374452261e-01 -0.000000000000000000e+00 0.000000000000000000e+00 0.000000000000000000e+00 1.000000000000000000e+00
4.500739807928871850e-01 -5.881612482166439504e-01 -8.087436838060866329e-01 0.000000000000000000e+00 8.087436838060866329e-01 -5.881612482166439504e-01 -0.000000000000000000e+00 0.000000000000000000e+00 0.000000000000000000e+00 1.000000000000000000e+00
4.550739807928866343e-01 -6.132742791534213644e-01 -7.898700263517102194e-01 0.000000000000000000e+00 7.898700263517102194e-01 -6.132742791534213644e-01 -0.000000000000000000e+00 0.000000000000000000e+00 0.000000000000000000e+00 1.000000000000000000e+00
4.600739807928860836e-01 -6.377820824181755777e-01 -7.702168625434888671e-01 0.000000000000000000e+00 7.702168625434888671e-01 -6.377820824181755777e-01 -0.000000000000000000e+00 0.000000000000000000e+00 0.000000000000000000e+00 1.000000000000000000e+00
4.650739807928855329e-01 -6.616604717679468450e-01 -7.498035876813461398e-01 0.000000000000000000e+00 7.498035876813461398e-01 -6.616604717679468450e-01 -0.000000000000000000e+00 0.000000000000000000e+00 0.000000000000000000e+00 1.000000000000000000e+00
4.700739807928849823e-01 -6.848858821153204213e-01 -7.286503472030460005e-01 0.000000000000000000e+00 7.286503472030460005e-01 -6.848858821153204213e-01 -0.000000000000000000e+00 0.000000000000000000e+00 0.000000000000000000e+00 1.000000000000000000e+00
4.750739807928844316e-01 -7.074353927843208822e-01 -7.067780168030791677e-01 0.000000000000000000e+00 7.067780168030791677e-01 -7.074353927843208822e-01 -0.000000000000000000e+00 0.000000000000000000e+00 0.000000000000000000e+00 1.000000000000000000e+00
4.800739807928838809e-01 -7.292867501303531563e-01 -6.842081818308721752e-01 0.000000000000000000e+00 6.842081818308721752e-01 -7.292867501303531563e-01 -0.000000000000000000e+00 0.000000000000000000e+00 0.000000000000000000e+00 1.000000000000000000e+00
4.850739807928833303e-01 -7.504183895018633477e-01 -6.609631159886532048e-01 0.000000000000000000e+00 6.609631159886532048e-01 -7.504183895018633477e-01 -0.000000000000000000e+00 0.000000000000000000e+00 0.000000000000000000e+00 1.000000000000000000e+00
4.900739807928827796e-01 -7.708094565220460215e-01 -6.370657593499973181e-01 0.000000000000000000e+00 6.370657593499973181e-01 -7.708094565220460215e-01 -0.000000000000000000e+00 0.000000000000000000e+00 0.000000000000000000e+00 1.000000000000000000e+00
4.951139807928823244e-01 -7.905937507203720793e-01 -6.123410171806998870e-01 0.000000000000000000e+00 6.123410171806998870e-01 -7.905937507203720793e-01 -0.000000000000000000e+00 0.000000000000000000e+00 0.000000000000000000e+00 1.000000000000000000e+00
5.001459807928823054e-01 -8.095557849456288535e-01 -5.870429550391237372e-01 0.000000000000000000e+00 5.870429550391237372e-01 -8.095557849456288535e-01 -0.000000000000000000e+00 0.000000000000000000e+00 0.000000000000000000e+00 1.000000000000000000e+00
5.050659807928823408e-01 -8.273135258456989494e-01 -5.617404471397425825e-01 0.000000000000000000e+00 5.617404471397425825e-01 -8.273135258456989494e-01 -0.000000000000000000e+00 0.000000000000000000e+00 0.000000000000000000e+00 1.000000000000000000e+00
5.101059807928823853e-01 -8.446845437144590019e-01 -5.352644408233145912e-01 0.000000000000000000e+00 5.352644408233145912e-01 -8.446845437144590019e-01 -0.000000000000000000e+00 0.000000000000000000e+00 0.000000000000000000e+00 1.000000000000000000e+00
5.151299807928824137e-01 -8.611574706740604546e-01 -5.083382837267470533e-01 0.000000000000000000e+00 5.083382837267470533e-01 -8.611574706740604546e-01 -0.000000000000000000e+00 0.000000000000000000e+00 0.000000000000000000e+00 1.000000000000000000e+00
5.201859807928836954e-01 -8.768690357275379377e-01 -4.807293356788797656e-01 0.000000000000000000e+00 4.807293356788797656e-01 -8.768690357275379377e-01 -0.000000000000000000e+00 0.000000000000000000e+00 0.000000000000000000e+00 1.000000000000000000e+00
5.251299807928830887e-01 -8.913769980502410650e-01 -4.532626692624706077e-01 0.000000000000000000e+00 4.532626692624706077e-01 -8.913769980502410650e-01 -0.000000000000000000e+00 0.000000000000000000e+00 0.000000000000000000e+00 1.000000000000000000e+00
5.301299807928825381e-01 -9.051744818136394644e-01 -4.250401833631838322e-01 0.000000000000000000e+00 4.250401833631838322e-01 -9.051744818136394644e-01 -0.000000000000000000e+00 0.000000000000000000e+00 0.000000000000000000e+00 1.000000000000000000e+00
5.351299807928819874e-01 -9.180786676465275686e-01 -3.963982341186408354e-01 0.000000000000000000e+00 3.963982341186408354e-01 -9.180786676465275686e-01 -0.000000000000000000e+00 0.000000000000000000e+00 0.000000000000000000e+00 1.000000000000000000e+00
5.401299807928814367e-01 -9.300768206754292944e-01 -3.673650876747621141e-01 0.000000000000000000e+00 3.673650876747621141e-01 -9.300768206754292944e-01 -0.000000000000000000e+00 0.000000000000000000e+00 0.000000000000000000e+00 1.000000000000000000e+00
5.451299807928808860e-01 -9.411571001718597174e-01 -3.379693962418725550e-01 0.000000000000000000e+00 3.379693962418725550e-01 -9.411571001718597174e-01 -0.000000000000000000e+00 0.000000000000000000e+00 0.000000000000000000e+00 1.000000000000000000e+00
5.500019807928810955e-01 -9.510603621508196825e-01 -3.090051577976519193e-01 0.000000000000000000e+00 3.090051577976519193e-01 -9.510603621508196825e-01 -0.000000000000000000e+00 0.000000000000000000e+00 0.000000000000000000e+00 1.000000000000000000e+00
5.551699807928804908e-01 -9.605911062419185686e-01 -2.779653334661125741e-01 0.000000000000000000e+00 2.779653334661125741e-01 -9.605911062419185686e-01 -0.000000000000000000e+00 0.000000000000000000e+00 0.000000000000000000e+00 1.000000000000000000e+00
5.601699807928799402e-01 -9.688482146393480043e-01 -2.476552785428733083e-01 0.000000000000000000e+00 2.476552785428733083e-01 -9.688482146393480043e-01 -0.000000000000000000e+00 0.000000000000000000e+00 0.000000000000000000e+00 1.000000000000000000e+00
5.651699807928793895e-01 -9.761491868193910015e-01 -2.171008177594963839e-01 0.000000000000000000e+00 2.171008177594963839e-01 -9.761491868193910015e-01 -0.000000000000000000e+00 0.000000000000000000e+00 0.000000000000000000e+00 1.000000000000000000e+00
5.701699807928788388e-01 -9.824868176039629475e-01 -1.863321046798906977e-01 0.000000000000000000e+00 1.863321046798906977e-01 -9.824868176039629475e-01 -0.000000000000000000e+00 0.000000000000000000e+00 0.000000000000000000e+00 1.000000000000000000e+00
5.751699807928782882e-01 -9.878548525166306327e-01 -1.553795043091131534e-01 0.000000000000000000e+00 1.553795043091131534e-01 -9.878548525166306327e-01 -0.000000000000000000e+00 0.000000000000000000e+00 0.000000000000000000e+00 1.000000000000000000e+00
5.801699807928777375e-01 -9.922479939550266081e-01 -1.242735631267779250e-01 0.000000000000000000e+00 1.242735631267779250e-01 -9.922479939550266081e-01 -0.000000000000000000e+00 0.000000000000000000e+00 0.000000000000000000e+00 1.000000000000000000e+00
5.851699807928771868e-01 -9.956619064189413670e-01 -9.304497894136523617e-02 0.000000000000000000e+00 9.304497894136523617e-02 -9.956619064189413670e-01 -0.000000000000000000e+00 0.000000000000000000e+00 0.000000000000000000e+00 1.000000000000000000e+00
5.901699807928766361e-01 -9.980932207889396945e-01 -6.172457059519387973e-02 0.000000000000000000e+00 6.172457059519387973e-02 -9.980932207889396945e-01 -0.000000000000000000e+00 0.000000000000000000e+00 0.000000000000000000e+00 1.000000000000000000e+00
5.951699807928760855e-01 -9.995395376512743457e-01 -3.034324754994324747e-02 0.000000000000000000e+00 3.034324754994324747e-02 -9.995395376512743457e-01 -0.000000000000000000e+00 0.000000000000000000e+00 0.000000000000000000e+00 1.000000000000000000e+00
6.001699807928755348e-01 -9.999994296658178961e-01 1.068020617254941858e-03 0.000000000000000000e+00 -1.068020617254941858e-03 -9.999994296658178961e-01 -0.000000000000000000e+00 0.000000000000000000e+00 -0.000000000000000000e+00 1.000000000000000000e+00
6.051699807928749841e-01 -9.994724429746760785e-01 3.247823477704714357e-02 0.000000000000000000e+00 -3.247823477704714357e-02 -9.994724429746760785e-01 -0.000000000000000000e+00 0.000000000000000000e+00 -0.000000000000000000e+00 1.000000000000000000e+00
6.101699807928744335e-01 -9.979590976500888333e-01 6.385639684025966323e-02 0.000000000000000000e+00 -6.385639684025966323e-02 -9.979590976500888333e-01 -0.000000000000000000e+00 0.000000000000000000e+00 -0.000000000000000000e+00 1.000000000000000000e+00
6.151699807928738828e-01 -9.954608871811829740e-01 9.517154034926708639e-02 0.000000000000000000e+00 -9.517154034926708639e-02 -9.954608871811829740e-01 -0.000000000000000000e+00 0.000000000000000000e+00 -0.000000000000000000e+00 1.000000000000000000e+00
6.200627807928743573e-01 -9.920651847607231399e-01 1.257245766971290535e-01 0.000000000000000000e+00 -1.257245766971290535e-01 -9.920651847607231399e-01 -0.000000000000000000e+00 0.000000000000000000e+00 -0.000000000000000000e+00 1.000000000000000000e+00
6.251306207928746250e-01 -9.875596199130098896e-01 1.572450225516575928e-01 0.000000000000000000e+00 -1.572450225516575928e-01 -9.875596199130098896e-01 -0.000000000000000000e+00 0.000000000000000000e+00 -0.000000000000000000e+00 1.000000000000000000e+00
6.301146207928741694e-01 -9.821520470365681099e-01 1.880886931792532801e-01 0.000000000000000000e+00 -1.880886931792532801e-01 -9.821520470365681099e-01 -0.000000000000000000e+00 0.000000000000000000e+00 -0.000000000000000000e+00 1.000000000000000000e+00
6.351146207928736187e-01 -9.757594056629095292e-01 2.188460240908338406e-01 0.000000000000000000e+00 -2.188460240908338406e-01 -9.757594056629095292e-01 -0.000000000000000000e+00 0.000000000000000000e+00 -0.000000000000000000e+00 1.000000000000000000e+00
6.401146207928730680e-01 -9.684038075607227514e-01 2.493873803982370463e-01 0.000000000000000000e+00 -2.493873803982370463e-01 -9.684038075607227514e-01 -0.000000000000000000e+00 0.000000000000000000e+00 -0.000000000000000000e+00 1.000000000000000000e+00
6.451146207928725174e-01 -9.600925118172820572e-01 2.796826214700909863e-01 0.000000000000000000e+00 -2.796826214700909863e-01 -9.600925118172820572e-01 -0.000000000000000000e+00 0.000000000000000000e+00 -0.000000000000000000e+00 1.000000000000000000e+00
6.501146207928719667e-01 -9.508337206780517192e-01 3.097018495610461275e-01 0.000000000000000000e+00 -3.097018495610461275e-01 -9.508337206780517192e-01 -0.000000000000000000e+00 0.000000000000000000e+00 -0.000000000000000000e+00 1.000000000000000000e+00
6.551146207928714160e-01 -9.406365714520587007e-01 3.394154393172415518e-01 0.000000000000000000e+00 -3.394154393172415518e-01 -9.406365714520587007e-01 -0.000000000000000000e+00 0.000000000000000000e+00 -0.000000000000000000e+00 1.000000000000000000e+00
6.601146207928708654e-01 -9.295111274944722890e-01 3.687940670129539744e-01 0.000000000000000000e+00 -3.687940670129539744e-01 -9.295111274944722890e-01 -0.000000000000000000e+00 0.000000000000000000e+00 -0.000000000000000000e+00 1.000000000000000000e+00
6.651146207928703147e-01 -9.174683682752874381e-01 3.978087394895715168e-01 0.000000000000000000e+00 -3.978087394895715168e-01 -9.174683682752874381e-01 -0.000000000000000000e+00 0.000000000000000000e+00 -0.000000000000000000e+00 1.000000000000000000e+00
6.701146207928697640e-01 -9.045201785439132003e-01 4.264308227683445418e-01 0.000000000000000000e+00 -4.264308227683445418e-01 -9.045201785439132003e-01 -0.000000000000000000e+00 0.000000000000000000e+00 -0.000000000000000000e+00 1.000000000000000000e+00
6.750986207928699745e-01 -8.907250367001772196e-01 4.545425271583152238e-01 0.000000000000000000e+00 -4.545425271583152238e-01 -8.907250367001772196e-01 -0.000000000000000000e+00 0.000000000000000000e+00 -0.000000000000000000e+00 1.000000000000000000e+00
6.800826207928694078e-01 -8.760564731670500427e-01 4.822085190268931565e-01 0.000000000000000000e+00 -4.822085190268931565e-01 -8.760564731670500427e-01 -0.000000000000000000e+00 0.000000000000000000e+00 -0.000000000000000000e+00 1.000000000000000000e+00
6.850826207928688572e-01 -8.604776565647591635e-01 5.094881770491052064e-01 0.000000000000000000e+00 -5.094881770491052064e-01 -8.604776565647591635e-01 -0.000000000000000000e+00 0.000000000000000000e+00 -0.000000000000000000e+00 1.000000000000000000e+00
6.900826207928683065e-01 -8.440496524021654512e-01 5.362650317518232734e-01 0.000000000000000000e+00 -5.362650317518232734e-01 -8.440496524021654512e-01 -0.000000000000000000e+00 0.000000000000000000e+00 -0.000000000000000000e+00 1.000000000000000000e+00
6.950826207928677558e-01 -8.267886731360001296e-01 5.625126576122643218e-01 0.000000000000000000e+00 -5.625126576122643218e-01 -8.267886731360001296e-01 -0.000000000000000000e+00 0.000000000000000000e+00 -0.000000000000000000e+00 1.000000000000000000e+00
7.000826207928672051e-01 -8.087117532688556931e-01 5.882051513926183084e-01 0.000000000000000000e+00 -5.882051513926183084e-01 -8.087117532688556931e-01 -0.000000000000000000e+00 0.000000000000000000e+00 -0.000000000000000000e+00 1.000000000000000000e+00
7.051418207928672466e-01 -7.896085456505221867e-01 6.136109065488222214e-01 0.000000000000000000e+00 -6.136109065488222214e-01 -7.896085456505221867e-01 -0.000000000000000000e+00 0.000000000000000000e+00 -0.000000000000000000e+00 1.000000000000000000e+00
7.101418207928666959e-01 -7.699449371452264934e-01 6.381103304009689836e-01 0.000000000000000000e+00 -6.381103304009689836e-01 -7.699449371452264934e-01 -0.000000000000000000e+00 0.000000000000000000e+00 -0.000000000000000000e+00 1.000000000000000000e+00
7.151658207928669464e-01 -7.494216531873210130e-01 6.620930340473182296e-01 0.000000000000000000e+00 -6.620930340473182296e-01 -7.494216531873210130e-01 -0.000000000000000000e+00 0.000000000000000000e+00 -0.000000000000000000e+00 1.000000000000000000e+00
7.201258207928663557e-01 -7.284272273014373855e-01 6.851231820088561353e-01 0.000000000000000000e+00 -6.851231820088561353e-01 -7.284272273014373855e-01 -0.000000000000000000e+00 0.000000000000000000e+00 -0.000000000000000000e+00 1.000000000000000000e+00
7.251258207928658051e-01 -7.065475532278877591e-01 7.076655672192090352e-01 0.000000000000000000e+00 -7.076655672192090352e-01 -7.065475532278877591e-01 -0.000000000000000000e+00 0.000000000000000000e+00 -0.000000000000000000e+00 1.000000000000000000e+00
7.300858207928666577e-01 -6.841539261711813147e-01 7.293376483526388121e-01 0.000000000000000000e+00 -7.293376483526388121e-01 -6.841539261711813147e-01 -0.000000000000000000e+00 0.000000000000000000e+00 -0.000000000000000000e+00 1.000000000000000000e+00
7.350304607928664913e-01 -6.611682888501129174e-01 7.502376249022798538e-01 0.000000000000000000e+00 -7.502376249022798538e-01 -6.611682888501129174e-01 -0.000000000000000000e+00 0.000000000000000000e+00 -0.000000000000000000e+00 1.000000000000000000e+00
7.400020888732020685e-01 -6.374138768789852083e-01 7.705216087574067174e-01 0.000000000000000000e+00 -7.705216087574067174e-01 -6.374138768789852083e-01 -0.000000000000000000e+00 0.000000000000000000e+00 -0.000000000000000000e+00 1.000000000000000000e+00
7.450002452014573562e-01 -6.129058363029367129e-01 7.901559566476721308e-01 0.000000000000000000e+00 -7.901559566476721308e-01 -6.129058363029367129e-01 -0.000000000000000000e+00 0.000000000000000000e+00 -0.000000000000000000e+00 1.000000000000000000e+00
7.501344710691600914e-01 -5.871014987382308092e-01 8.095133292165875849e-01 0.000000000000000000e+00 -8.095133292165875849e-01 -5.871014987382308092e-01 -0.000000000000000000e+00 0.000000000000000000e+00 -0.000000000000000000e+00 1.000000000000000000e+00
7.550337273229831281e-01 -5.619080944358100238e-01 8.271996696127947857e-01 0.000000000000000000e+00 -8.271996696127947857e-01 -5.619080944358100238e-01 -0.000000000000000000e+00 0.000000000000000000e+00 -0.000000000000000000e+00 1.000000000000000000e+00
7.600337273229825774e-01 -5.356478571794874854e-01 8.444414562887253561e-01 0.000000000000000000e+00 -8.444414562887253561e-01 -5.356478571794874854e-01 -0.000000000000000000e+00 0.000000000000000000e+00 -0.000000000000000000e+00 1.000000000000000000e+00
7.650337273229829149e-01 -5.088590001576738242e-01 8.608498811979544696e-01 0.000000000000000000e+00 -8.608498811979544696e-01 -5.088590001576738242e-01 -0.000000000000000000e+00 0.000000000000000000e+00 -0.000000000000000000e+00 1.000000000000000000e+00
7.701457273229830314e-01 -4.809510980265892521e-01 8.767474216141258880e-01 0.000000000000000000e+00 -8.767474216141258880e-01 -4.809510980265892521e-01 -0.000000000000000000e+00 0.000000000000000000e+00 -0.000000000000000000e+00 1.000000000000000000e+00
7.751604473229828374e-01 -4.530920274640626300e-01 8.914637483647357419e-01 0.000000000000000000e+00 -8.914637483647357419e-01 -4.530920274640626300e-01 -0.000000000000000000e+00 0.000000000000000000e+00 -0.000000000000000000e+00 1.000000000000000000e+00
7.801604473229822867e-01 -4.248669008729735186e-01 9.052558293336722128e-01 0.000000000000000000e+00 -9.052558293336722128e-01 -4.248669008729735186e-01 -0.000000000000000000e+00 0.000000000000000000e+00 -0.000000000000000000e+00 1.000000000000000000e+00
7.850359954829814191e-01 -3.969403153206255697e-01 9.178444236760182617e-01 0.000000000000000000e+00 -9.178444236760182617e-01 -3.969403153206255697e-01 -0.000000000000000000e+00 0.000000000000000000e+00 -0.000000000000000000e+00 1.000000000000000000e+00
7.900979499856372046e-01 -3.675522633068780132e-01 9.300028675966496294e-01 0.000000000000000000e+00 -9.300028675966496294e-01 -3.675522633068780132e-01 -0.000000000000000000e+00 0.000000000000000000e+00 -0.000000000000000000e+00 1.000000000000000000e+00
7.950724295864819435e-01 -3.383097011522124276e-01 9.410348272547093273e-01 0.000000000000000000e+00 -9.410348272547093273e-01 -3.383097011522124276e-01 -0.000000000000000000e+00 0.000000000000000000e+00 -0.000000000000000000e+00 1.000000000000000000e+00
8.000724295864813929e-01 -3.085841474939841622e-01 9.511970478903996051e-01 0.000000000000000000e+00 -9.511970478903996051e-01 -3.085841474939841622e-01 -0.000000000000000000e+00 0.000000000000000000e+00 -0.000000000000000000e+00 1.000000000000000000e+00
8.050724295864808422e-01 -2.785540585379950862e-01 9.604205518792334750e-01 0.000000000000000000e+00 -9.604205518792334750e-01 -2.785540585379950862e-01 -0.000000000000000000e+00 0.000000000000000000e+00 -0.000000000000000000e+00 1.000000000000000000e+00
8.100724295864802915e-01 -2.482490703564672607e-01 9.686962367363414206e-01 0.000000000000000000e+00 -9.686962367363414206e-01 -2.482490703564672607e-01 -0.000000000000000000e+00 0.000000000000000000e+00 -0.000000000000000000e+00 1.000000000000000000e+00
8.150724295864797408e-01 -2.176990903139719991e-01 9.760159353599044962e-01 0.000000000000000000e+00 -9.760159353599044962e-01 -2.176990903139719991e-01 -0.000000000000000000e+00 0.000000000000000000e+00 -0.000000000000000000e+00 1.000000000000000000e+00
8.200724295864791902e-01 -1.869342675524656716e-01 9.823724240910995942e-01 0.000000000000000000e+00 -9.823724240910995942e-01 -1.869342675524656716e-01 -0.000000000000000000e+00 0.000000000000000000e+00 -0.000000000000000000e+00 1.000000000000000000e+00
8.250724295864786395e-01 -1.559849632377336148e-01 9.877594298429768216e-01 0.000000000000000000e+00 -9.877594298429768216e-01 -1.559849632377336148e-01 -0.000000000000000000e+00 0.000000000000000000e+00 -0.000000000000000000e+00 1.000000000000000000e+00
8.301124295864786840e-01 -1.246323567252014680e-01 9.922029911550972470e-01 0.000000000000000000e+00 -9.922029911550972470e-01 -1.246323567252014680e-01 -0.000000000000000000e+00 0.000000000000000000e+00 -0.000000000000000000e+00 1.000000000000000000e+00
8.350164295864787034e-01 -9.400554081990061817e-02 9.955716741124960301e-01 0.000000000000000000e+00 -9.955716741124960301e-01 -9.400554081990061817e-02 -0.000000000000000000e+00 0.000000000000000000e+00 -0.000000000000000000e+00 1.000000000000000000e+00
8.400564295864784148e-01 -6.243665767967767483e-02 9.980489285489918538e-01 0.000000000000000000e+00 -9.980489285489918538e-01 -6.243665767967767483e-02 -0.000000000000000000e+00 0.000000000000000000e+00 -0.000000000000000000e+00 1.000000000000000000e+00
8.450804295864793314e-01 -3.090565045440760508e-02 9.995223062893544563e-01 0.000000000000000000e+00 -9.995223062893544563e-01 -3.090565045440760508e-02 -0.000000000000000000e+00 0.000000000000000000e+00 -0.000000000000000000e+00 1.000000000000000000e+00
8.500724295864785507e-01 4.550884978579879396e-04 9.999998964472240903e-01 0.000000000000000000e+00 -9.999998964472240903e-01 4.550884978579879396e-04 -0.000000000000000000e+00 -0.000000000000000000e+00 0.000000000000000000e+00 1.000000000000000000e+00
8.550060615864787383e-01 3.144882633326159804e-02 9.995053633284118888e-01 0.000000000000000000e+00 -9.995053633284118888e-01 3.144882633326159804e-02 -0.000000000000000000e+00 -0.000000000000000000e+00 0.000000000000000000e+00 1.000000000000000000e+00
8.601026375864789797e-01 6.343412485820359992e-02 9.979860278598462475e-01 0.000000000000000000e+00 -9.979860278598462475e-01 6.343412485820359992e-02 -0.000000000000000000e+00 -0.000000000000000000e+00 0.000000000000000000e+00 1.000000000000000000e+00
8.651026375864784290e-01 9.475032263127357302e-02 9.955010679860014644e-01 0.000000000000000000e+00 -9.955010679860014644e-01 9.475032263127357302e-02 -0.000000000000000000e+00 -0.000000000000000000e+00 0.000000000000000000e+00 1.000000000000000000e+00
8.701026375864778784e-01 1.259730132752524823e-01 9.920336687463551240e-01 0.000000000000000000e+00 -9.920336687463551240e-01 1.259730132752524823e-01 -0.000000000000000000e+00 -0.000000000000000000e+00 0.000000000000000000e+00 1.000000000000000000e+00
8.750226375864778028e-01 1.565749484450387197e-01 9.876660799680392344e-01 0.000000000000000000e+00 -9.876660799680392344e-01 1.565749484450387197e-01 -0.000000000000000000e+00 -0.000000000000000000e+00 0.000000000000000000e+00 1.000000000000000000e+00
8.801666375864773961e-01 1.884096810140962475e-01 9.820905213370947351e-01 0.000000000000000000e+00 -9.820905213370947351e-01 1.884096810140962475e-01 -0.000000000000000000e+00 -0.000000000000000000e+00 0.000000000000000000e+00 1.000000000000000000e+00
8.851666375864768455e-01 2.191649209686332977e-01 9.756878278511077474e-01 0.000000000000000000e+00 -9.756878278511077474e-01 2.191649209686332977e-01 -0.000000000000000000e+00 -0.000000000000000000e+00 0.000000000000000000e+00 1.000000000000000000e+00
8.901666375864762948e-01 2.497038716062768005e-01 9.683222482752507076e-01 0.000000000000000000e+00 -9.683222482752507076e-01 2.497038716062768005e-01 -0.000000000000000000e+00 -0.000000000000000000e+00 0.000000000000000000e+00 1.000000000000000000e+00
8.951666375864757441e-01 2.799963946697578421e-01 9.600010515473080819e-01 0.000000000000000000e+00 -9.600010515473080819e-01 2.799963946697578421e-01 -0.000000000000000000e+00 -0.000000000000000000e+00 0.000000000000000000e+00 1.000000000000000000e+00
9.001666375864751934e-01 3.100125950960742616e-01 9.507324496838200911e-01 0.000000000000000000e+00 -9.507324496838200911e-01 3.100125950960742616e-01 -0.000000000000000000e+00 -0.000000000000000000e+00 0.000000000000000000e+00 1.000000000000000000e+00
9.051586375864754119e-01 3.396755741176257226e-01 9.405426648206137719e-01 0.000000000000000000e+00 -9.405426648206137719e-01 3.396755741176257226e-01 -0.000000000000000000e+00 -0.000000000000000000e+00 0.000000000000000000e+00 1.000000000000000000e+00
9.101506375864746312e-01 3.690044061111148466e-01 9.294276455273876580e-01 0.000000000000000000e+00 -9.294276455273876580e-01 3.690044061111148466e-01 -0.000000000000000000e+00 -0.000000000000000000e+00 0.000000000000000000e+00 1.000000000000000000e+00
9.151426375864740725e-01 3.979702395994506592e-01 9.173983259158235981e-01 0.000000000000000000e+00 -9.173983259158235981e-01 3.979702395994506592e-01 -0.000000000000000000e+00 -0.000000000000000000e+00 0.000000000000000000e+00 1.000000000000000000e+00
9.201426375864735219e-01 4.265900431039897356e-01 9.044450979050834283e-01 0.000000000000000000e+00 -9.044450979050834283e-01 4.265900431039897356e-01 -0.000000000000000000e+00 -0.000000000000000000e+00 0.000000000000000000e+00 1.000000000000000000e+00
9.251426375864729712e-01 4.547888537388253272e-01 8.905992917776911488e-01 0.000000000000000000e+00 -8.905992917776911488e-01 4.547888537388253272e-01 -0.000000000000000000e+00 -0.000000000000000000e+00 0.000000000000000000e+00 1.000000000000000000e+00
9.301426375864724205e-01 4.825388426823445376e-01 8.758745716726701325e-01 0.000000000000000000e+00 -8.758745716726701325e-01 4.825388426823445376e-01 -0.000000000000000000e+00 -0.000000000000000000e+00 0.000000000000000000e+00 1.000000000000000000e+00
9.351426375864718699e-01 5.098126240457576674e-01 8.602854691110264351e-01 0.000000000000000000e+00 -8.602854691110264351e-01 5.098126240457576674e-01 -0.000000000000000000e+00 -0.000000000000000000e+00 0.000000000000000000e+00 1.000000000000000000e+00
9.401426375864713192e-01 5.365832818996608689e-01 8.438473686548941810e-01 0.000000000000000000e+00 -8.438473686548941810e-01 5.365832818996608689e-01 -0.000000000000000000e+00 -0.000000000000000000e+00 0.000000000000000000e+00 1.000000000000000000e+00
9.451426375864707685e-01 5.628243968368140671e-01 8.265764927248272498e-01 0.000000000000000000e+00 -8.265764927248272498e-01 5.628243968368140671e-01 -0.000000000000000000e+00 -0.000000000000000000e+00 0.000000000000000000e+00 1.000000000000000000e+00
9.501426375864702178e-01 5.885100720449031320e-01 8.084898855902298287e-01 0.000000000000000000e+00 -8.084898855902298287e-01 5.885100720449031320e-01 -0.000000000000000000e+00 -0.000000000000000000e+00 0.000000000000000000e+00 1.000000000000000000e+00
9.551426375864696672e-01 6.136149588635652075e-01 7.896053965487224158e-01 0.000000000000000000e+00 -7.896053965487224158e-01 6.136149588635652075e-01 -0.000000000000000000e+00 -0.000000000000000000e+00 0.000000000000000000e+00 1.000000000000000000e+00
9.601426375864691165e-01 6.381142818004610362e-01 7.699416623110363345e-01 0.000000000000000000e+00 -7.699416623110363345e-01 6.381142818004610362e-01 -0.000000000000000000e+00 -0.000000000000000000e+00 0.000000000000000000e+00 1.000000000000000000e+00
9.651426375864685658e-01 6.619838629816913178e-01 7.495180886088322891e-01 0.000000000000000000e+00 -7.495180886088322891e-01 6.619838629816913178e-01 -0.000000000000000000e+00 -0.000000000000000000e+00 0.000000000000000000e+00 1.000000000000000000e+00
9.701426375864680152e-01 6.852001460124386156e-01 7.283548310435874473e-01 0.000000000000000000e+00 -7.283548310435874473e-01 6.852001460124386156e-01 -0.000000000000000000e+00 -0.000000000000000000e+00 0.000000000000000000e+00 1.000000000000000000e+00
9.751426375864674645e-01 7.077402192242878698e-01 7.064727751954472668e-01 0.000000000000000000e+00 -7.064727751954472668e-01 7.077402192242878698e-01 -0.000000000000000000e+00 -0.000000000000000000e+00 0.000000000000000000e+00 1.000000000000000000e+00
9.801106375864681031e-01 7.294443185900792992e-01 6.840401933195555673e-01 0.000000000000000000e+00 -6.840401933195555673e-01 7.294443185900792992e-01 -0.000000000000000000e+00 -0.000000000000000000e+00 0.000000000000000000e+00 1.000000000000000000e+00
9.851026375864675444e-01 7.505373876749470430e-01 6.608279879833074411e-01 0.000000000000000000e+00 -6.608279879833074411e-01 7.505373876749470430e-01 -0.000000000000000000e+00 -0.000000000000000000e+00 0.000000000000000000e+00 1.000000000000000000e+00
9.901026375864669937e-01 7.709241515034935821e-01 6.369269601992199048e-01 0.000000000000000000e+00 -6.369269601992199048e-01 7.709241515034935821e-01 -0.000000000000000000e+00 -0.000000000000000000e+00 0.000000000000000000e+00 1.000000000000000000e+00
9.951026375864664431e-01 7.905501062693069958e-01 6.123973624025396134e-01 0.000000000000000000e+00 -6.123973624025396134e-01 7.905501062693069958e-01 -0.000000000000000000e+00 -0.000000000000000000e+00 0.000000000000000000e+00 1.000000000000000000e+00
1.000000000000000000e+00 8.090169943749474513e-01 5.877852522924732481e-01 0.000000000000000000e+00 -5.877852522924732481e-01 8.090169943749474513e-01 -0.000000000000000000e+00 -0.000000000000000000e+00 0.000000000000000000e+00 1.000000000000000000e+00
