time R11 R12 R13 R21 R22 R23 R31 R32 R33
0.000000000000000000e+00 1.000000000000000000e+00 -0.000000000000000000e+00 0.000000000000000000e+00 0.000000000000000000e+00 1.000000000000000000e+00 -0.000000000000000000e+00 0.000000000000000000e+00 0.000000000000000000e+00 1.000000000000000000e+00
5.040000000000002811e-03 9.999999908184982189e-01 1.355101583487409479e-04 0.000000000000000000e+00 -1.355101583487409479e-04 9.999999908184982189e-01 -0.000000000000000000e+00 -0.000000000000000000e+00 0.000000000000000000e+00 1.000000000000000000e+00
1.013600000000001305e-02 9.999999914309889437e-01 1.309122684951691685e-04 0.000000000000000000e+00 -1.309122684951691685e-04 9.999999914309889437e-01 -0.000000000000000000e+00 -0.000000000000000000e+00 0.000000000000000000e+00 1.000000000000000000e+00
1.513600000000002617e-02 9.999999936337521378e-01 1.128383610725561920e-04 0.000000000000000000e+00 -1.128383610725561920e-04 9.999999936337521378e-01 -0.000000000000000000e+00 -0.000000000000000000e+00 0.000000000000000000e+00 1.000000000000000000e+00
2.013600000000000112e-02 9.999999961346118793e-01 8.792483143434877174e-05 0.000000000000000000e+00 -8.792483143434877174e-05 9.999999961346118793e-01 -0.000000000000000000e+00 -0.000000000000000000e+00 0.000000000000000000e+00 1.000000000000000000e+00
2.513599999999997087e-02 9.999999984074238180e-01 5.643715199325940432e-05 0.000000000000000000e+00 -5.643715199325940432e-05 9.999999984074238180e-01 -0.000000000000000000e+00 -0.000000000000000000e+00 0.000000000000000000e+00 1.000000000000000000e+00
3.013599999999994061e-02 9.999999998377596677e-01 1.801333869574141413e-05 0.000000000000000000e+00 -1.801333869574141413e-05 9.999999998377596677e-01 -0.000000000000000000e+00 -0.000000000000000000e+00 0.000000000000000000e+00 1.000000000000000000e+00
3.513599999999991036e-02 9.999999996234377742e-01 -2.744310803458573431e-05 0.000000000000000000e+00 2.744310803458573431e-05 9.999999996234377742e-01 -0.000000000000000000e+00 0.000000000000000000e+00 0.000000000000000000e+00 1.000000000000000000e+00
4.013599999999988011e-02 9.999999968036392684e-01 -7.995449452012469297e-05 0.000000000000000000e+00 7.995449452012469297e-05 9.999999968036392684e-01 -0.000000000000000000e+00 0.000000000000000000e+00 0.000000000000000000e+00 1.000000000000000000e+00
4.513599999999984985e-02 9.999999903047965821e-01 -1.392494400218548169e-04 0.000000000000000000e+00 1.392494400218548169e-04 9.999999903047965821e-01 -0.000000000000000000e+00 0.000000000000000000e+00 0.000000000000000000e+00 1.000000000000000000e+00
5.013599999999981960e-02 9.999999788902866893e-01 -2.054736624080884938e-04 0.000000000000000000e+00 2.054736624080884938e-04 9.999999788902866893e-01 -0.000000000000000000e+00 0.000000000000000000e+00 0.000000000000000000e+00 1.000000000000000000e+00
5.513599999999978934e-02 9.999999613138280674e-01 -2.781588433184136117e-04 0.000000000000000000e+00 2.781588433184136117e-04 9.999999613138280674e-01 -0.000000000000000000e+00 0.000000000000000000e+00 0.000000000000000000e+00 1.000000000000000000e+00
6.013599999999975909e-02 9.999999360588408548e-01 -3.576063676920711309e-04 0.000000000000000000e+00 3.576063676920711309e-04 9.999999360588408548e-01 -0.000000000000000000e+00 0.000000000000000000e+00 0.000000000000000000e+00 1.000000000000000000e+00
6.513599999999981904e-02 9.999999014130765973e-01 -4.440426072295100709e-04 0.000000000000000000e+00 4.440426072295100709e-04 9.999999014130765973e-01 -0.000000000000000000e+00 0.000000000000000000e+00 0.000000000000000000e+00 1.000000000000000000e+00
7.013599999999996226e-02 9.999998554845891396e-01 -5.376158485096067287e-04 0.000000000000000000e+00 5.376158485096067287e-04 9.999998554845891396e-01 -0.000000000000000000e+00 0.000000000000000000e+00 0.000000000000000000e+00 1.000000000000000000e+00
7.513600000000010548e-02 9.999997962001679896e-01 -6.384352921003921821e-04 0.000000000000000000e+00 6.384352921003921821e-04 9.999997962001679896e-01 -0.000000000000000000e+00 0.000000000000000000e+00 0.000000000000000000e+00 1.000000000000000000e+00
8.013600000000024870e-02 9.999997216982207116e-01 -7.460586310006383148e-04 0.000000000000000000e+00 7.460586310006383148e-04 9.999997216982207116e-01 -0.000000000000000000e+00 0.000000000000000000e+00 0.000000000000000000e+00 1.000000000000000000e+00
8.513600000000039192e-02 9.999996291124769732e-01 -8.612635533041764803e-04 0.000000000000000000e+00 8.612635533041764803e-04 9.999996291124769732e-01 -0.000000000000000000e+00 0.000000000000000000e+00 0.000000000000000000e+00 1.000000000000000000e+00
9.007200000000036011e-02 9.999995191632673475e-01 -9.806493940201523301e-04 0.000000000000000000e+00 9.806493940201523301e-04 9.999995191632673475e-01 -0.000000000000000000e+00 0.000000000000000000e+00 0.000000000000000000e+00 1.000000000000000000e+00
9.505600000000048733e-02 9.999993869064079943e-01 -1.107333196465724824e-03 0.000000000000000000e+00 1.107333196465724824e-03 9.999993869064079943e-01 -0.000000000000000000e+00 0.000000000000000000e+00 0.000000000000000000e+00 1.000000000000000000e+00
1.000560000000006305e-01 9.999992292713484332e-01 -1.241554150698873484e-03 0.000000000000000000e+00 1.241554150698873484e-03 9.999992292713484332e-01 -0.000000000000000000e+00 0.000000000000000000e+00 0.000000000000000000e+00 1.000000000000000000e+00
1.050560000000007738e-01 9.999990437102260765e-01 -1.382960098221111284e-03 0.000000000000000000e+00 1.382960098221111284e-03 9.999990437102260765e-01 -0.000000000000000000e+00 0.000000000000000000e+00 0.000000000000000000e+00 1.000000000000000000e+00
1.100560000000009170e-01 9.999988271185602517e-01 -1.531587902673211838e-03 0.000000000000000000e+00 1.531587902673211838e-03 9.999988271185602517e-01 -0.000000000000000000e+00 0.000000000000000000e+00 0.000000000000000000e+00 1.000000000000000000e+00
1.150560000000010602e-01 9.999985746216517590e-01 -1.688417799233549134e-03 0.000000000000000000e+00 1.688417799233549134e-03 9.999985746216517590e-01 -0.000000000000000000e+00 0.000000000000000000e+00 0.000000000000000000e+00 1.000000000000000000e+00
1.200560000000012034e-01 9.999982819989572391e-01 -1.853644824078008301e-03 0.000000000000000000e+00 1.853644824078008301e-03 9.999982819989572391e-01 -0.000000000000000000e+00 0.000000000000000000e+00 0.000000000000000000e+00 1.000000000000000000e+00
1.250560000000013328e-01 9.999979465542333523e-01 -2.026545661111055045e-03 0.000000000000000000e+00 2.026545661111055045e-03 9.999979465542333523e-01 -0.000000000000000000e+00 0.000000000000000000e+00 0.000000000000000000e+00 1.000000000000000000e+00
1.300560000000014760e-01 9.999975559123517321e-01 -2.210920469585615517e-03 0.000000000000000000e+00 2.210920469585615517e-03 9.999975559123517321e-01 -0.000000000000000000e+00 0.000000000000000000e+00 0.000000000000000000e+00 1.000000000000000000e+00
1.351465600000013312e-01 9.999970296106894807e-01 -2.437369442166895540e-03 0.000000000000000000e+00 2.437369442166895540e-03 9.999970296106894807e-01 -0.000000000000000000e+00 0.000000000000000000e+00 0.000000000000000000e+00 1.000000000000000000e+00
1.401152000000014386e-01 9.999963526469707320e-01 -2.700868888949371945e-03 0.000000000000000000e+00 2.700868888949371945e-03 9.999963526469707320e-01 -0.000000000000000000e+00 0.000000000000000000e+00 0.000000000000000000e+00 1.000000000000000000e+00
1.451152000000015818e-01 9.999958309675811563e-01 -2.887567740632901968e-03 0.000000000000000000e+00 2.887567740632901968e-03 9.999958309675811563e-01 -0.000000000000000000e+00 0.000000000000000000e+00 0.000000000000000000e+00 1.000000000000000000e+00
1.500352000000015340e-01 9.999948886784457702e-01 -3.197282749847875274e-03 0.000000000000000000e+00 3.197282749847875274e-03 9.999948886784457702e-01 -0.000000000000000000e+00 0.000000000000000000e+00 0.000000000000000000e+00 1.000000000000000000e+00
1.550352000000015662e-01 9.999942791193627833e-01 -3.382562423078079930e-03 0.000000000000000000e+00 3.382562423078079930e-03 9.999942791193627833e-01 -0.000000000000000000e+00 0.000000000000000000e+00 0.000000000000000000e+00 1.000000000000000000e+00
1.600352000000017094e-01 9.999935714386301022e-01 -3.585677260093906703e-03 0.000000000000000000e+00 3.585677260093906703e-03 9.999935714386301022e-01 -0.000000000000000000e+00 0.000000000000000000e+00 0.000000000000000000e+00 1.000000000000000000e+00
1.650352000000018526e-01 9.999927792968620333e-01 -3.800178171785183710e-03 0.000000000000000000e+00 3.800178171785183710e-03 9.999927792968620333e-01 -0.000000000000000000e+00 0.000000000000000000e+00 0.000000000000000000e+00 1.000000000000000000e+00
1.700352000000019959e-01 9.999919736332688602e-01 -4.006578220837222863e-03 0.000000000000000000e+00 4.006578220837222863e-03 9.999919736332688602e-01 -0.000000000000000000e+00 0.000000000000000000e+00 0.000000000000000000e+00 1.000000000000000000e+00
1.750752000000020403e-01 9.999910915177055992e-01 -4.221005239011512734e-03 0.000000000000000000e+00 4.221005239011512734e-03 9.999910915177055992e-01 -0.000000000000000000e+00 0.000000000000000000e+00 0.000000000000000000e+00 1.000000000000000000e+00
1.801552000000020970e-01 9.999900799807910357e-01 -4.454204756314013823e-03 0.000000000000000000e+00 4.454204756314013823e-03 9.999900799807910357e-01 -0.000000000000000000e+00 0.000000000000000000e+00 0.000000000000000000e+00 1.000000000000000000e+00
1.851552000000022402e-01 9.999889837054750652e-01 -4.693875551312686606e-03 0.000000000000000000e+00 4.693875551312686606e-03 9.999889837054750652e-01 -0.000000000000000000e+00 0.000000000000000000e+00 0.000000000000000000e+00 1.000000000000000000e+00
1.900352000000023467e-01 9.999877605915451495e-01 -4.947592051350664828e-03 0.000000000000000000e+00 4.947592051350664828e-03 9.999877605915451495e-01 -0.000000000000000000e+00 0.000000000000000000e+00 0.000000000000000000e+00 1.000000000000000000e+00
1.950752000000023356e-01 9.999863652535277980e-01 -5.222002205866738481e-03 0.000000000000000000e+00 5.222002205866738481e-03 9.999863652535277980e-01 -0.000000000000000000e+00 0.000000000000000000e+00 0.000000000000000000e+00 1.000000000000000000e+00
2.000752000000024788e-01 9.999848297000508701e-01 -5.508209306143764875e-03 0.000000000000000000e+00 5.508209306143764875e-03 9.999848297000508701e-01 -0.000000000000000000e+00 0.000000000000000000e+00 0.000000000000000000e+00 1.000000000000000000e+00
2.050752000000026221e-01 9.999833471765738890e-01 -5.771080447879961030e-03 0.000000000000000000e+00 5.771080447879961030e-03 9.999833471765738890e-01 -0.000000000000000000e+00 0.000000000000000000e+00 0.000000000000000000e+00 1.000000000000000000e+00
2.100752000000027653e-01 9.999818036782165409e-01 -6.032604119363105775e-03 0.000000000000000000e+00 6.032604119363105775e-03 9.999818036782165409e-01 -0.000000000000000000e+00 0.000000000000000000e+00 0.000000000000000000e+00 1.000000000000000000e+00
2.150752000000029085e-01 9.999801842384808959e-01 -6.295326073674369083e-03 0.000000000000000000e+00 6.295326073674369083e-03 9.999801842384808959e-01 -0.000000000000000000e+00 0.000000000000000000e+00 0.000000000000000000e+00 1.000000000000000000e+00
2.201152000000030085e-01 9.999785063063739710e-01 -6.556441509935857087e-03 0.000000000000000000e+00 6.556441509935857087e-03 9.999785063063739710e-01 -0.000000000000000000e+00 0.000000000000000000e+00 0.000000000000000000e+00 1.000000000000000000e+00
2.251152000000029851e-01 9.999767661602643187e-01 -6.816680985656558417e-03 0.000000000000000000e+00 6.816680985656558417e-03 9.999767661602643187e-01 -0.000000000000000000e+00 0.000000000000000000e+00 0.000000000000000000e+00 1.000000000000000000e+00
2.301152000000031284e-01 9.999749540277622639e-01 -7.077521965682208489e-03 0.000000000000000000e+00 7.077521965682208489e-03 9.999749540277622639e-01 -0.000000000000000000e+00 0.000000000000000000e+00 0.000000000000000000e+00 1.000000000000000000e+00
2.351152000000032716e-01 9.999730717772459254e-01 -7.338645677429449753e-03 0.000000000000000000e+00 7.338645677429449753e-03 9.999730717772459254e-01 -0.000000000000000000e+00 0.000000000000000000e+00 0.000000000000000000e+00 1.000000000000000000e+00
2.400067200000034762e-01 9.999711866885961919e-01 -7.591165431011433554e-03 0.000000000000000000e+00 7.591165431011433554e-03 9.999711866885961919e-01 -0.000000000000000000e+00 0.000000000000000000e+00 0.000000000000000000e+00 1.000000000000000000e+00
2.450482862861532440e-01 9.999691179342445890e-01 -7.858955261933919800e-03 0.000000000000000000e+00 7.858955261933919800e-03 9.999691179342445890e-01 -0.000000000000000000e+00 0.000000000000000000e+00 0.000000000000000000e+00 1.000000000000000000e+00
2.500592309181818296e-01 9.999670058664360539e-01 -8.123249258461169922e-03 0.000000000000000000e+00 8.123249258461169922e-03 9.999670058664360539e-01 -0.000000000000000000e+00 0.000000000000000000e+00 0.000000000000000000e+00 1.000000000000000000e+00
2.550907054118130568e-01 9.999647393571460263e-01 -8.397621234315767388e-03 0.000000000000000000e+00 8.397621234315767388e-03 9.999647393571460263e-01 -0.000000000000000000e+00 0.000000000000000000e+00 0.000000000000000000e+00 1.000000000000000000e+00
2.601683133866386499e-01 9.999621916407112066e-01 -8.695705210389962150e-03 0.000000000000000000e+00 8.695705210389962150e-03 9.999621916407112066e-01 -0.000000000000000000e+00 0.000000000000000000e+00 0.000000000000000000e+00 1.000000000000000000e+00
2.650883133866385744e-01 9.999594340081648935e-01 -9.007238093366046541e-03 0.000000000000000000e+00 9.007238093366046541e-03 9.999594340081648935e-01 -0.000000000000000000e+00 0.000000000000000000e+00 0.000000000000000000e+00 1.000000000000000000e+00
2.700258543468940786e-01 9.999570945603528660e-01 -9.263316815133412763e-03 0.000000000000000000e+00 9.263316815133412763e-03 9.999570945603528660e-01 -0.000000000000000000e+00 0.000000000000000000e+00 0.000000000000000000e+00 1.000000000000000000e+00
2.750616657057417536e-01 9.999544062490846041e-01 -9.549105876508652557e-03 0.000000000000000000e+00 9.549105876508652557e-03 9.999544062490846041e-01 -0.000000000000000000e+00 0.000000000000000000e+00 0.000000000000000000e+00 1.000000000000000000e+00
2.801407525585591918e-01 9.999516836722555091e-01 -9.830072279562517695e-03 0.000000000000000000e+00 9.830072279562517695e-03 9.999516836722555091e-01 -0.000000000000000000e+00 0.000000000000000000e+00 0.000000000000000000e+00 1.000000000000000000e+00
2.851407525585586411e-01 9.999487283545451799e-01 -1.012623632590818439e-02 0.000000000000000000e+00 1.012623632590818439e-02 9.999487283545451799e-01 -0.000000000000000000e+00 0.000000000000000000e+00 0.000000000000000000e+00 1.000000000000000000e+00
2.901407525585580904e-01 9.999460563733653107e-01 -1.038673882192777363e-02 0.000000000000000000e+00 1.038673882192777363e-02 9.999460563733653107e-01 -0.000000000000000000e+00 0.000000000000000000e+00 0.000000000000000000e+00 1.000000000000000000e+00
2.951407525585575398e-01 9.999432559928796982e-01 -1.065292421630574353e-02 0.000000000000000000e+00 1.065292421630574353e-02 9.999432559928796982e-01 -0.000000000000000000e+00 0.000000000000000000e+00 0.000000000000000000e+00 1.000000000000000000e+00
3.001407525585569891e-01 9.999404323824024887e-01 -1.091474630461849137e-02 0.000000000000000000e+00 1.091474630461849137e-02 9.999404323824024887e-01 -0.000000000000000000e+00 0.000000000000000000e+00 0.000000000000000000e+00 1.000000000000000000e+00
3.051407525585564384e-01 9.999375971970679844e-01 -1.117146864805720376e-02 0.000000000000000000e+00 1.117146864805720376e-02 9.999375971970679844e-01 -0.000000000000000000e+00 0.000000000000000000e+00 0.000000000000000000e+00 1.000000000000000000e+00
3.101407525585558878e-01 9.999346981801177092e-01 -1.142800837579240926e-02 0.000000000000000000e+00 1.142800837579240926e-02 9.999346981801177092e-01 -0.000000000000000000e+00 0.000000000000000000e+00 0.000000000000000000e+00 1.000000000000000000e+00
3.151407525585553371e-01 9.999315628539522383e-01 -1.169912853389520196e-02 0.000000000000000000e+00 1.169912853389520196e-02 9.999315628539522383e-01 -0.000000000000000000e+00 0.000000000000000000e+00 0.000000000000000000e+00 1.000000000000000000e+00
3.201407525585547864e-01 9.999284402079099410e-01 -1.196304573995731445e-02 0.000000000000000000e+00 1.196304573995731445e-02 9.999284402079099410e-01 -0.000000000000000000e+00 0.000000000000000000e+00 0.000000000000000000e+00 1.000000000000000000e+00
3.251407525585542357e-01 9.999252529767621578e-01 -1.222654731960006250e-02 0.000000000000000000e+00 1.222654731960006250e-02 9.999252529767621578e-01 -0.000000000000000000e+00 0.000000000000000000e+00 0.000000000000000000e+00 1.000000000000000000e+00
3.301407525585536851e-01 9.999219971839486965e-01 -1.248997788883137242e-02 0.000000000000000000e+00 1.248997788883137242e-02 9.999219971839486965e-01 -0.000000000000000000e+00 0.000000000000000000e+00 0.000000000000000000e+00 1.000000000000000000e+00
3.351407525585531344e-01 9.999186703000566556e-01 -1.275354011114711132e-02 0.000000000000000000e+00 1.275354011114711132e-02 9.999186703000566556e-01 -0.000000000000000000e+00 0.000000000000000000e+00 0.000000000000000000e+00 1.000000000000000000e+00
3.401407525585525837e-01 9.999152571287481805e-01 -1.301839318617004082e-02 0.000000000000000000e+00 1.301839318617004082e-02 9.999152571287481805e-01 -0.000000000000000000e+00 0.000000000000000000e+00 0.000000000000000000e+00 1.000000000000000000e+00
3.451407525585520331e-01 9.999117565946138431e-01 -1.328454078521103254e-02 0.000000000000000000e+00 1.328454078521103254e-02 9.999117565946138431e-01 -0.000000000000000000e+00 0.000000000000000000e+00 0.000000000000000000e+00 1.000000000000000000e+00
3.501407525585514824e-01 9.999081582735677154e-01 -1.355267567538129270e-02 0.000000000000000000e+00 1.355267567538129270e-02 9.999081582735677154e-01 -0.000000000000000000e+00 0.000000000000000000e+00 0.000000000000000000e+00 1.000000000000000000e+00
3.551407525585509317e-01 9.999045076405148613e-01 -1.381939217837889824e-02 0.000000000000000000e+00 1.381939217837889824e-02 9.999045076405148613e-01 -0.000000000000000000e+00 0.000000000000000000e+00 0.000000000000000000e+00 1.000000000000000000e+00
3.600607525585509672e-01 9.999008753572055097e-01 -1.407975354522960493e-02 0.000000000000000000e+00 1.407975354522960493e-02 9.999008753572055097e-01 -0.000000000000000000e+00 0.000000000000000000e+00 0.000000000000000000e+00 1.000000000000000000e+00
3.650607525585504165e-01 9.998971488567767185e-01 -1.434195621556523699e-02 0.000000000000000000e+00 1.434195621556523699e-02 9.998971488567767185e-01 -0.000000000000000000e+00 0.000000000000000000e+00 0.000000000000000000e+00 1.000000000000000000e+00
3.700607525585498658e-01 9.998933461622758756e-01 -1.460466707622416933e-02 0.000000000000000000e+00 1.460466707622416933e-02 9.998933461622758756e-01 -0.000000000000000000e+00 0.000000000000000000e+00 0.000000000000000000e+00 1.000000000000000000e+00
3.750607525585493152e-01 9.998893271967084218e-01 -1.487727656912040536e-02 0.000000000000000000e+00 1.487727656912040536e-02 9.998893271967084218e-01 -0.000000000000000000e+00 0.000000000000000000e+00 0.000000000000000000e+00 1.000000000000000000e+00
3.800607525585487645e-01 9.998845595279950427e-01 -1.519432846517345011e-02 0.000000000000000000e+00 1.519432846517345011e-02 9.998845595279950427e-01 -0.000000000000000000e+00 0.000000000000000000e+00 0.000000000000000000e+00 1.000000000000000000e+00
3.851087525585485394e-01 9.998793672453433201e-01 -1.553225537557843296e-02 0.000000000000000000e+00 1.553225537557843296e-02 9.998793672453433201e-01 -0.000000000000000000e+00 0.000000000000000000e+00 0.000000000000000000e+00 1.000000000000000000e+00
3.900398143185485611e-01 9.998751913738049835e-01 -1.579878714322812891e-02 0.000000000000000000e+00 1.579878714322812891e-02 9.998751913738049835e-01 -0.000000000000000000e+00 0.000000000000000000e+00 0.000000000000000000e+00 1.000000000000000000e+00
3.950624296051278295e-01 9.998709555711551289e-01 -1.606462589745970629e-02 0.000000000000000000e+00 1.606462589745970629e-02 9.998709555711551289e-01 -0.000000000000000000e+00 0.000000000000000000e+00 0.000000000000000000e+00 1.000000000000000000e+00
4.001500123218506011e-01 9.998667316536430372e-01 -1.632540756802093943e-02 0.000000000000000000e+00 1.632540756802093943e-02 9.998667316536430372e-01 -0.000000000000000000e+00 0.000000000000000000e+00 0.000000000000000000e+00 1.000000000000000000e+00
4.051500123218500504e-01 9.998625543856776154e-01 -1.657927433116811178e-02 0.000000000000000000e+00 1.657927433116811178e-02 9.998625543856776154e-01 -0.000000000000000000e+00 0.000000000000000000e+00 0.000000000000000000e+00 1.000000000000000000e+00
4.101500123218494998e-01 9.998583265858774771e-01 -1.683231287996996006e-02 0.000000000000000000e+00 1.683231287996996006e-02 9.998583265858774771e-01 -0.000000000000000000e+00 0.000000000000000000e+00 0.000000000000000000e+00 1.000000000000000000e+00
4.151500123218489491e-01 9.998540714284060993e-01 -1.708320368198123357e-02 0.000000000000000000e+00 1.708320368198123357e-02 9.998540714284060993e-01 -0.000000000000000000e+00 0.000000000000000000e+00 0.000000000000000000e+00 1.000000000000000000e+00
4.201500123218483984e-01 9.998491257078507832e-01 -1.737025679852619367e-02 0.000000000000000000e+00 1.737025679852619367e-02 9.998491257078507832e-01 -0.000000000000000000e+00 0.000000000000000000e+00 0.000000000000000000e+00 1.000000000000000000e+00
4.251500123218478477e-01 9.998445482125644102e-01 -1.763177273031127021e-02 0.000000000000000000e+00 1.763177273031127021e-02 9.998445482125644102e-01 -0.000000000000000000e+00 0.000000000000000000e+00 0.000000000000000000e+00 1.000000000000000000e+00
4.301500123218472971e-01 9.998397954964859391e-01 -1.789925533494779800e-02 0.000000000000000000e+00 1.789925533494779800e-02 9.998397954964859391e-01 -0.000000000000000000e+00 0.000000000000000000e+00 0.000000000000000000e+00 1.000000000000000000e+00
4.350598235218470222e-01 9.998350521235823685e-01 -1.816228358532504666e-02 0.000000000000000000e+00 1.816228358532504666e-02 9.998350521235823685e-01 -0.000000000000000000e+00 0.000000000000000000e+00 0.000000000000000000e+00 1.000000000000000000e+00
4.400709682258475697e-01 9.998301816315591228e-01 -1.842845350548733691e-02 0.000000000000000000e+00 1.842845350548733691e-02 9.998301816315591228e-01 -0.000000000000000000e+00 0.000000000000000000e+00 0.000000000000000000e+00 1.000000000000000000e+00
4.450739807928877356e-01 9.998252940506471287e-01 -1.869174621423185315e-02 0.000000000000000000e+00 1.869174621423185315e-02 9.998252940506471287e-01 -0.000000000000000000e+00 0.000000000000000000e+00 0.000000000000000000e+00 1.000000000000000000e+00
4.500739807928871850e-01 9.998203403462351258e-01 -1.895486823849309652e-02 0.000000000000000000e+00 1.895486823849309652e-02 9.998203403462351258e-01 -0.000000000000000000e+00 0.000000000000000000e+00 0.000000000000000000e+00 1.000000000000000000e+00
4.550739807928866343e-01 9.998153286247559723e-01 -1.921740479283204003e-02 0.000000000000000000e+00 1.921740479283204003e-02 9.998153286247559723e-01 -0.000000000000000000e+00 0.000000000000000000e+00 0.000000000000000000e+00 1.000000000000000000e+00
4.600739807928860836e-01 9.998102346714872191e-01 -1.948062232440500932e-02 0.000000000000000000e+00 1.948062232440500932e-02 9.998102346714872191e-01 -0.000000000000000000e+00 0.000000000000000000e+00 0.000000000000000000e+00 1.000000000000000000e+00
4.650739807928855329e-01 9.998050520588215306e-01 -1.974481900796968767e-02 0.000000000000000000e+00 1.974481900796968767e-02 9.998050520588215306e-01 -0.000000000000000000e+00 0.000000000000000000e+00 0.000000000000000000e+00 1.000000000000000000e+00
4.700739807928849823e-01 9.997997954195391168e-01 -2.000922484875704982e-02 0.000000000000000000e+00 2.000922484875704982e-02 9.997997954195391168e-01 -0.000000000000000000e+00 0.000000000000000000e+00 0.000000000000000000e+00 1.000000000000000000e+00
4.750739807928844316e-01 9.997944835943347597e-01 -2.027290246456995779e-02 0.000000000000000000e+00 2.027290246456995779e-02 9.997944835943347597e-01 -0.000000000000000000e+00 0.000000000000000000e+00 0.000000000000000000e+00 1.000000000000000000e+00
4.800739807928838809e-01 9.997891194320498442e-01 -2.053574116721336787e-02 0.000000000000000000e+00 2.053574116721336787e-02 9.997891194320498442e-01 -0.000000000000000000e+00 0.000000000000000000e+00 0.000000000000000000e+00 1.000000000000000000e+00
4.850739807928833303e-01 9.997837330515310095e-01 -2.079632480860909086e-02 0.000000000000000000e+00 2.079632480860909086e-02 9.997837330515310095e-01 -0.000000000000000000e+00 0.000000000000000000e+00 0.000000000000000000e+00 1.000000000000000000e+00
4.900739807928827796e-01 9.997775477437574887e-01 -2.109158665153066173e-02 0.000000000000000000e+00 2.109158665153066173e-02 9.997775477437574887e-01 -0.000000000000000000e+00 0.000000000000000000e+00 0.000000000000000000e+00 1.000000000000000000e+00
4.951139807928823244e-01 9.997710414848413052e-01 -2.139777110626795570e-02 0.000000000000000000e+00 2.139777110626795570e-02 9.997710414848413052e-01 -0.000000000000000000e+00 0.000000000000000000e+00 0.000000000000000000e+00 1.000000000000000000e+00
5.001459807928823054e-01 9.997653977927765112e-01 -2.165985633035420743e-02 0.000000000000000000e+00 2.165985633035420743e-02 9.997653977927765112e-01 -0.000000000000000000e+00 0.000000000000000000e+00 0.000000000000000000e+00 1.000000000000000000e+00
5.050659807928823408e-01 9.997598343512897889e-01 -2.191514585582304830e-02 0.000000000000000000e+00 2.191514585582304830e-02 9.997598343512897889e-01 -0.000000000000000000e+00 0.000000000000000000e+00 0.000000000000000000e+00 1.000000000000000000e+00
5.101059807928823853e-01 9.997528214773573341e-01 -2.223276744051090603e-02 0.000000000000000000e+00 2.223276744051090603e-02 9.997528214773573341e-01 -0.000000000000000000e+00 0.000000000000000000e+00 0.000000000000000000e+00 1.000000000000000000e+00
5.151299807928824137e-01 9.997464011572980702e-01 -2.251962195577514314e-02 0.000000000000000000e+00 2.251962195577514314e-02 9.997464011572980702e-01 -0.000000000000000000e+00 0.000000000000000000e+00 0.000000000000000000e+00 1.000000000000000000e+00
5.201859807928836954e-01 9.997403112021445715e-01 -2.278837768336286138e-02 0.000000000000000000e+00 2.278837768336286138e-02 9.997403112021445715e-01 -0.000000000000000000e+00 0.000000000000000000e+00 0.000000000000000000e+00 1.000000000000000000e+00
5.251299807928830887e-01 9.997345032180897650e-01 -2.304176805889025445e-02 0.000000000000000000e+00 2.304176805889025445e-02 9.997345032180897650e-01 -0.000000000000000000e+00 0.000000000000000000e+00 0.000000000000000000e+00 1.000000000000000000e+00
5.301299807928825381e-01 9.997286373893501388e-01 -2.329488320712539556e-02 0.000000000000000000e+00 2.329488320712539556e-02 9.997286373893501388e-01 -0.000000000000000000e+00 0.000000000000000000e+00 0.000000000000000000e+00 1.000000000000000000e+00
5.351299807928819874e-01 9.997226854364389403e-01 -2.354893253961783811e-02 0.000000000000000000e+00 2.354893253961783811e-02 9.997226854364389403e-01 -0.000000000000000000e+00 0.000000000000000000e+00 0.000000000000000000e+00 1.000000000000000000e+00
5.401299807928814367e-01 9.997166403310817628e-01 -2.380418125319062536e-02 0.000000000000000000e+00 2.380418125319062536e-02 9.997166403310817628e-01 -0.000000000000000000e+00 0.000000000000000000e+00 0.000000000000000000e+00 1.000000000000000000e+00
5.451299807928808860e-01 9.997102406610859360e-01 -2.407145025448129139e-02 0.000000000000000000e+00 2.407145025448129139e-02 9.997102406610859360e-01 -0.000000000000000000e+00 0.000000000000000000e+00 0.000000000000000000e+00 1.000000000000000000e+00
5.500019807928810955e-01 9.997041129078304555e-01 -2.432460966116838097e-02 0.000000000000000000e+00 2.432460966116838097e-02 9.997041129078304555e-01 -0.000000000000000000e+00 0.000000000000000000e+00 0.000000000000000000e+00 1.000000000000000000e+00
5.551699807928804908e-01 9.996974327686528605e-01 -2.459762012401192632e-02 0.000000000000000000e+00 2.459762012401192632e-02 9.996974327686528605e-01 -0.000000000000000000e+00 0.000000000000000000e+00 0.000000000000000000e+00 1.000000000000000000e+00
5.601699807928799402e-01 9.996909539327737404e-01 -2.485953790763627616e-02 0.000000000000000000e+00 2.485953790763627616e-02 9.996909539327737404e-01 -0.000000000000000000e+00 0.000000000000000000e+00 0.000000000000000000e+00 1.000000000000000000e+00
5.651699807928793895e-01 9.996844384478315026e-01 -2.512018163239012822e-02 0.000000000000000000e+00 2.512018163239012822e-02 9.996844384478315026e-01 -0.000000000000000000e+00 0.000000000000000000e+00 0.000000000000000000e+00 1.000000000000000000e+00
5.701699807928788388e-01 9.996778099138218243e-01 -2.538259966797949338e-02 0.000000000000000000e+00 2.538259966797949338e-02 9.996778099138218243e-01 -0.000000000000000000e+00 0.000000000000000000e+00 0.000000000000000000e+00 1.000000000000000000e+00
5.751699807928782882e-01 9.996710432174554795e-01 -2.564771632181957195e-02 0.000000000000000000e+00 2.564771632181957195e-02 9.996710432174554795e-01 -0.000000000000000000e+00 0.000000000000000000e+00 0.000000000000000000e+00 1.000000000000000000e+00
5.801699807928777375e-01 9.996641948439768388e-01 -2.591326970769796192e-02 0.000000000000000000e+00 2.591326970769796192e-02 9.996641948439768388e-01 -0.000000000000000000e+00 0.000000000000000000e+00 0.000000000000000000e+00 1.000000000000000000e+00
5.851699807928771868e-01 9.996572378342857279e-01 -2.618027588713807419e-02 0.000000000000000000e+00 2.618027588713807419e-02 9.996572378342857279e-01 -0.000000000000000000e+00 0.000000000000000000e+00 0.000000000000000000e+00 1.000000000000000000e+00
5.901699807928766361e-01 9.996502868020505916e-01 -2.644435850192616150e-02 0.000000000000000000e+00 2.644435850192616150e-02 9.996502868020505916e-01 -0.000000000000000000e+00 0.000000000000000000e+00 0.000000000000000000e+00 1.000000000000000000e+00
5.951699807928760855e-01 9.996433208319556174e-01 -2.670638717723081840e-02 0.000000000000000000e+00 2.670638717723081840e-02 9.996433208319556174e-01 -0.000000000000000000e+00 0.000000000000000000e+00 0.000000000000000000e+00 1.000000000000000000e+00
6.001699807928755348e-01 9.996362546626950119e-01 -2.696958219809547641e-02 0.000000000000000000e+00 2.696958219809547641e-02 9.996362546626950119e-01 -0.000000000000000000e+00 0.000000000000000000e+00 0.000000000000000000e+00 1.000000000000000000e+00
6.051699807928749841e-01 9.996291386174509519e-01 -2.723206248034144503e-02 0.000000000000000000e+00 2.723206248034144503e-02 9.996291386174509519e-01 -0.000000000000000000e+00 0.000000000000000000e+00 0.000000000000000000e+00 1.000000000000000000e+00
6.101699807928744335e-01 9.996211354101464108e-01 -2.752427367489286222e-02 0.000000000000000000e+00 2.752427367489286222e-02 9.996211354101464108e-01 -0.000000000000000000e+00 0.000000000000000000e+00 0.000000000000000000e+00 1.000000000000000000e+00
6.151699807928738828e-01 9.996132579063065071e-01 -2.780889458321457106e-02 0.000000000000000000e+00 2.780889458321457106e-02 9.996132579063065071e-01 -0.000000000000000000e+00 0.000000000000000000e+00 0.000000000000000000e+00 1.000000000000000000e+00
6.200627807928743573e-01 9.996036356512736365e-01 -2.815264805939504678e-02 0.000000000000000000e+00 2.815264805939504678e-02 9.996036356512736365e-01 -0.000000000000000000e+00 0.000000000000000000e+00 0.000000000000000000e+00 1.000000000000000000e+00
6.251306207928746250e-01 9.995963089080251995e-01 -2.841160357058787611e-02 0.000000000000000000e+00 2.841160357058787611e-02 9.995963089080251995e-01 -0.000000000000000000e+00 0.000000000000000000e+00 0.000000000000000000e+00 1.000000000000000000e+00
6.301146207928741694e-01 9.995891163140522284e-01 -2.866354036912968292e-02 0.000000000000000000e+00 2.866354036912968292e-02 9.995891163140522284e-01 -0.000000000000000000e+00 0.000000000000000000e+00 0.000000000000000000e+00 1.000000000000000000e+00
6.351146207928736187e-01 9.995818279458610345e-01 -2.891659109251004667e-02 0.000000000000000000e+00 2.891659109251004667e-02 9.995818279458610345e-01 -0.000000000000000000e+00 0.000000000000000000e+00 0.000000000000000000e+00 1.000000000000000000e+00
6.401146207928730680e-01 9.995744444567269404e-01 -2.917070429431001255e-02 0.000000000000000000e+00 2.917070429431001255e-02 9.995744444567269404e-01 -0.000000000000000000e+00 0.000000000000000000e+00 0.000000000000000000e+00 1.000000000000000000e+00
6.451146207928725174e-01 9.995667873085611888e-01 -2.943191651323377039e-02 0.000000000000000000e+00 2.943191651323377039e-02 9.995667873085611888e-01 -0.000000000000000000e+00 0.000000000000000000e+00 0.000000000000000000e+00 1.000000000000000000e+00
6.501146207928719667e-01 9.995588182829543422e-01 -2.970132644822577259e-02 0.000000000000000000e+00 2.970132644822577259e-02 9.995588182829543422e-01 -0.000000000000000000e+00 0.000000000000000000e+00 0.000000000000000000e+00 1.000000000000000000e+00
6.551146207928714160e-01 9.995508529241126094e-01 -2.996819011350988077e-02 0.000000000000000000e+00 2.996819011350988077e-02 9.995508529241126094e-01 -0.000000000000000000e+00 0.000000000000000000e+00 0.000000000000000000e+00 1.000000000000000000e+00
6.601146207928708654e-01 9.995430452095022122e-01 -3.022748374104685179e-02 0.000000000000000000e+00 3.022748374104685179e-02 9.995430452095022122e-01 -0.000000000000000000e+00 0.000000000000000000e+00 0.000000000000000000e+00 1.000000000000000000e+00
6.651146207928703147e-01 9.995346215157890901e-01 -3.050476014146721523e-02 0.000000000000000000e+00 3.050476014146721523e-02 9.995346215157890901e-01 -0.000000000000000000e+00 0.000000000000000000e+00 0.000000000000000000e+00 1.000000000000000000e+00
6.701146207928697640e-01 9.995265915945857893e-01 -3.076674658313051022e-02 0.000000000000000000e+00 3.076674658313051022e-02 9.995265915945857893e-01 -0.000000000000000000e+00 0.000000000000000000e+00 0.000000000000000000e+00 1.000000000000000000e+00
6.750986207928699745e-01 9.995184916003646558e-01 -3.102877614299454426e-02 0.000000000000000000e+00 3.102877614299454426e-02 9.995184916003646558e-01 -0.000000000000000000e+00 0.000000000000000000e+00 0.000000000000000000e+00 1.000000000000000000e+00
6.800826207928694078e-01 9.995103959671587379e-01 -3.128846997815554198e-02 0.000000000000000000e+00 3.128846997815554198e-02 9.995103959671587379e-01 -0.000000000000000000e+00 0.000000000000000000e+00 0.000000000000000000e+00 1.000000000000000000e+00
6.850826207928688572e-01 9.995021537595427663e-01 -3.155066766386764587e-02 0.000000000000000000e+00 3.155066766386764587e-02 9.995021537595427663e-01 -0.000000000000000000e+00 0.000000000000000000e+00 0.000000000000000000e+00 1.000000000000000000e+00
6.900826207928683065e-01 9.994937995750214910e-01 -3.181422026527157276e-02 0.000000000000000000e+00 3.181422026527157276e-02 9.994937995750214910e-01 -0.000000000000000000e+00 0.000000000000000000e+00 0.000000000000000000e+00 1.000000000000000000e+00
6.950826207928677558e-01 9.994855146424489467e-01 -3.207344727215074437e-02 0.000000000000000000e+00 3.207344727215074437e-02 9.994855146424489467e-01 -0.000000000000000000e+00 0.000000000000000000e+00 0.000000000000000000e+00 1.000000000000000000e+00
7.000826207928672051e-01 9.994772522072997711e-01 -3.232989823902794602e-02 0.000000000000000000e+00 3.232989823902794602e-02 9.994772522072997711e-01 -0.000000000000000000e+00 0.000000000000000000e+00 0.000000000000000000e+00 1.000000000000000000e+00
7.051418207928672466e-01 9.994687156290466001e-01 -3.259273659612717255e-02 0.000000000000000000e+00 3.259273659612717255e-02 9.994687156290466001e-01 -0.000000000000000000e+00 0.000000000000000000e+00 0.000000000000000000e+00 1.000000000000000000e+00
7.101418207928666959e-01 9.994601401547675845e-01 -3.285465327488117787e-02 0.000000000000000000e+00 3.285465327488117787e-02 9.994601401547675845e-01 -0.000000000000000000e+00 0.000000000000000000e+00 0.000000000000000000e+00 1.000000000000000000e+00
7.151658207928669464e-01 9.994513141824161728e-01 -3.312205577921755600e-02 0.000000000000000000e+00 3.312205577921755600e-02 9.994513141824161728e-01 -0.000000000000000000e+00 0.000000000000000000e+00 0.000000000000000000e+00 1.000000000000000000e+00
7.201258207928663557e-01 9.994424399655871261e-01 -3.338875852190515553e-02 0.000000000000000000e+00 3.338875852190515553e-02 9.994424399655871261e-01 -0.000000000000000000e+00 0.000000000000000000e+00 0.000000000000000000e+00 1.000000000000000000e+00
7.251258207928658051e-01 9.994328527091852488e-01 -3.367451448173226780e-02 0.000000000000000000e+00 3.367451448173226780e-02 9.994328527091852488e-01 -0.000000000000000000e+00 0.000000000000000000e+00 0.000000000000000000e+00 1.000000000000000000e+00
7.300858207928666577e-01 9.994226239286132518e-01 -3.397673880239259619e-02 0.000000000000000000e+00 3.397673880239259619e-02 9.994226239286132518e-01 -0.000000000000000000e+00 0.000000000000000000e+00 0.000000000000000000e+00 1.000000000000000000e+00
7.350304607928664913e-01 9.994141447992523908e-01 -3.422524178409027534e-02 0.000000000000000000e+00 3.422524178409027534e-02 9.994141447992523908e-01 -0.000000000000000000e+00 0.000000000000000000e+00 0.000000000000000000e+00 1.000000000000000000e+00
7.400020888732020685e-01 9.994053881911066917e-01 -3.447999499106178811e-02 0.000000000000000000e+00 3.447999499106178811e-02 9.994053881911066917e-01 -0.000000000000000000e+00 0.000000000000000000e+00 0.000000000000000000e+00 1.000000000000000000e+00
7.450002452014573562e-01 9.993939606737367587e-01 -3.480964476782083539e-02 0.000000000000000000e+00 3.480964476782083539e-02 9.993939606737367587e-01 -0.000000000000000000e+00 0.000000000000000000e+00 0.000000000000000000e+00 1.000000000000000000e+00
7.501344710691600914e-01 9.993844405085513527e-01 -3.508190515650529834e-02 0.000000000000000000e+00 3.508190515650529834e-02 9.993844405085513527e-01 -0.000000000000000000e+00 0.000000000000000000e+00 0.000000000000000000e+00 1.000000000000000000e+00
7.550337273229831281e-01 9.993751280834846096e-01 -3.534619312060615498e-02 0.000000000000000000e+00 3.534619312060615498e-02 9.993751280834846096e-01 -0.000000000000000000e+00 0.000000000000000000e+00 0.000000000000000000e+00 1.000000000000000000e+00
7.600337273229825774e-01 9.993661157531701367e-01 -3.560009388220229665e-02 0.000000000000000000e+00 3.560009388220229665e-02 9.993661157531701367e-01 -0.000000000000000000e+00 0.000000000000000000e+00 0.000000000000000000e+00 1.000000000000000000e+00
7.650337273229829149e-01 9.993569847673658968e-01 -3.585550162359102400e-02 0.000000000000000000e+00 3.585550162359102400e-02 9.993569847673658968e-01 -0.000000000000000000e+00 0.000000000000000000e+00 0.000000000000000000e+00 1.000000000000000000e+00
7.701457273229830314e-01 9.993475574367807202e-01 -3.611730118849891535e-02 0.000000000000000000e+00 3.611730118849891535e-02 9.993475574367807202e-01 -0.000000000000000000e+00 0.000000000000000000e+00 0.000000000000000000e+00 1.000000000000000000e+00
7.751604473229828374e-01 9.993380574647969805e-01 -3.637920975621122821e-02 0.000000000000000000e+00 3.637920975621122821e-02 9.993380574647969805e-01 -0.000000000000000000e+00 0.000000000000000000e+00 0.000000000000000000e+00 1.000000000000000000e+00
7.801604473229822867e-01 9.993281186856373122e-01 -3.665121013316032655e-02 0.000000000000000000e+00 3.665121013316032655e-02 9.993281186856373122e-01 -0.000000000000000000e+00 0.000000000000000000e+00 0.000000000000000000e+00 1.000000000000000000e+00
7.850359954829814191e-01 9.993185351745214051e-01 -3.691158702425597488e-02 0.000000000000000000e+00 3.691158702425597488e-02 9.993185351745214051e-01 -0.000000000000000000e+00 0.000000000000000000e+00 0.000000000000000000e+00 1.000000000000000000e+00
7.900979499856372046e-01 9.993088067945065101e-01 -3.717403210495005828e-02 0.000000000000000000e+00 3.717403210495005828e-02 9.993088067945065101e-01 -0.000000000000000000e+00 0.000000000000000000e+00 0.000000000000000000e+00 1.000000000000000000e+00
7.950724295864819435e-01 9.992992204382404875e-01 -3.743084331838029272e-02 0.000000000000000000e+00 3.743084331838029272e-02 9.992992204382404875e-01 -0.000000000000000000e+00 0.000000000000000000e+00 0.000000000000000000e+00 1.000000000000000000e+00
8.000724295864813929e-01 9.992895509633209494e-01 -3.768810602198899989e-02 0.000000000000000000e+00 3.768810602198899989e-02 9.992895509633209494e-01 -0.000000000000000000e+00 0.000000000000000000e+00 0.000000000000000000e+00 1.000000000000000000e+00
8.050724295864808422e-01 9.992797634297334586e-01 -3.794673108208831275e-02 0.000000000000000000e+00 3.794673108208831275e-02 9.992797634297334586e-01 -0.000000000000000000e+00 0.000000000000000000e+00 0.000000000000000000e+00 1.000000000000000000e+00
8.100724295864802915e-01 9.992698485381413809e-01 -3.820693395916756330e-02 0.000000000000000000e+00 3.820693395916756330e-02 9.992698485381413809e-01 -0.000000000000000000e+00 0.000000000000000000e+00 0.000000000000000000e+00 1.000000000000000000e+00
8.150724295864797408e-01 9.992598330006416951e-01 -3.846798865979542126e-02 0.000000000000000000e+00 3.846798865979542126e-02 9.992598330006416951e-01 -0.000000000000000000e+00 0.000000000000000000e+00 0.000000000000000000e+00 1.000000000000000000e+00
8.200724295864791902e-01 9.992499031352970462e-01 -3.872507048540637514e-02 0.000000000000000000e+00 3.872507048540637514e-02 9.992499031352970462e-01 -0.000000000000000000e+00 0.000000000000000000e+00 0.000000000000000000e+00 1.000000000000000000e+00
8.250724295864786395e-01 9.992402464399032791e-01 -3.897345115231143353e-02 0.000000000000000000e+00 3.897345115231143353e-02 9.992402464399032791e-01 -0.000000000000000000e+00 0.000000000000000000e+00 0.000000000000000000e+00 1.000000000000000000e+00
8.301124295864786840e-01 9.992314645669498896e-01 -3.919796192901900400e-02 0.000000000000000000e+00 3.919796192901900400e-02 9.992314645669498896e-01 -0.000000000000000000e+00 0.000000000000000000e+00 0.000000000000000000e+00 1.000000000000000000e+00
8.350164295864787034e-01 9.992233107423937888e-01 -3.940526955890411714e-02 0.000000000000000000e+00 3.940526955890411714e-02 9.992233107423937888e-01 -0.000000000000000000e+00 0.000000000000000000e+00 0.000000000000000000e+00 1.000000000000000000e+00
8.400564295864784148e-01 9.992131927278699033e-01 -3.966100702928249122e-02 0.000000000000000000e+00 3.966100702928249122e-02 9.992131927278699033e-01 -0.000000000000000000e+00 0.000000000000000000e+00 0.000000000000000000e+00 1.000000000000000000e+00
8.450804295864793314e-01 9.992023386174158084e-01 -3.993352603373929999e-02 0.000000000000000000e+00 3.993352603373929999e-02 9.992023386174158084e-01 -0.000000000000000000e+00 0.000000000000000000e+00 0.000000000000000000e+00 1.000000000000000000e+00
8.500724295864785507e-01 9.991912689927776592e-01 -4.020955071376656337e-02 0.000000000000000000e+00 4.020955071376656337e-02 9.991912689927776592e-01 -0.000000000000000000e+00 0.000000000000000000e+00 0.000000000000000000e+00 1.000000000000000000e+00
8.550060615864787383e-01 9.991711294679086475e-01 -4.070692862184573796e-02 0.000000000000000000e+00 4.070692862184573796e-02 9.991711294679086475e-01 -0.000000000000000000e+00 0.000000000000000000e+00 0.000000000000000000e+00 1.000000000000000000e+00
8.601026375864789797e-01 9.991617006845505689e-01 -4.093770737543678956e-02 0.000000000000000000e+00 4.093770737543678956e-02 9.991617006845505689e-01 -0.000000000000000000e+00 0.000000000000000000e+00 0.000000000000000000e+00 1.000000000000000000e+00
8.651026375864784290e-01 9.991505203792813150e-01 -4.120967878801693601e-02 0.000000000000000000e+00 4.120967878801693601e-02 9.991505203792813150e-01 -0.000000000000000000e+00 0.000000000000000000e+00 0.000000000000000000e+00 1.000000000000000000e+00
8.701026375864778784e-01 9.991400997492245750e-01 -4.146156139257188566e-02 0.000000000000000000e+00 4.146156139257188566e-02 9.991400997492245750e-01 -0.000000000000000000e+00 0.000000000000000000e+00 0.000000000000000000e+00 1.000000000000000000e+00
8.750226375864778028e-01 9.991305573887991898e-01 -4.169087780255698039e-02 0.000000000000000000e+00 4.169087780255698039e-02 9.991305573887991898e-01 -0.000000000000000000e+00 0.000000000000000000e+00 0.000000000000000000e+00 1.000000000000000000e+00
8.801666375864773961e-01 9.991188077617791929e-01 -4.197151387168673864e-02 0.000000000000000000e+00 4.197151387168673864e-02 9.991188077617791929e-01 -0.000000000000000000e+00 0.000000000000000000e+00 0.000000000000000000e+00 1.000000000000000000e+00
8.851666375864768455e-01 9.991102428515895584e-01 -4.217490520484983019e-02 0.000000000000000000e+00 4.217490520484983019e-02 9.991102428515895584e-01 -0.000000000000000000e+00 0.000000000000000000e+00 0.000000000000000000e+00 1.000000000000000000e+00
8.901666375864762948e-01 9.991022240252582787e-01 -4.236444202138166248e-02 0.000000000000000000e+00 4.236444202138166248e-02 9.991022240252582787e-01 -0.000000000000000000e+00 0.000000000000000000e+00 0.000000000000000000e+00 1.000000000000000000e+00
8.951666375864757441e-01 9.990910662071957882e-01 -4.262676887788958979e-02 0.000000000000000000e+00 4.262676887788958979e-02 9.990910662071957882e-01 -0.000000000000000000e+00 0.000000000000000000e+00 0.000000000000000000e+00 1.000000000000000000e+00
9.001666375864751934e-01 9.990796985583054735e-01 -4.289237611331164074e-02 0.000000000000000000e+00 4.289237611331164074e-02 9.990796985583054735e-01 -0.000000000000000000e+00 0.000000000000000000e+00 0.000000000000000000e+00 1.000000000000000000e+00
9.051586375864754119e-01 9.990695299466488821e-01 -4.312857906518947210e-02 0.000000000000000000e+00 4.312857906518947210e-02 9.990695299466488821e-01 -0.000000000000000000e+00 0.000000000000000000e+00 0.000000000000000000e+00 1.000000000000000000e+00
9.101506375864746312e-01 9.990593766135169584e-01 -4.336314103718658108e-02 0.000000000000000000e+00 4.336314103718658108e-02 9.990593766135169584e-01 -0.000000000000000000e+00 0.000000000000000000e+00 0.000000000000000000e+00 1.000000000000000000e+00
9.151426375864740725e-01 9.990476780256382083e-01 -4.363183507006205414e-02 0.000000000000000000e+00 4.363183507006205414e-02 9.990476780256382083e-01 -0.000000000000000000e+00 0.000000000000000000e+00 0.000000000000000000e+00 1.000000000000000000e+00
9.201426375864735219e-01 9.990359139067919170e-01 -4.390037271392335794e-02 0.000000000000000000e+00 4.390037271392335794e-02 9.990359139067919170e-01 -0.000000000000000000e+00 0.000000000000000000e+00 0.000000000000000000e+00 1.000000000000000000e+00
9.251426375864729712e-01 9.990240749562923073e-01 -4.416896713445694206e-02 0.000000000000000000e+00 4.416896713445694206e-02 9.990240749562923073e-01 -0.000000000000000000e+00 0.000000000000000000e+00 0.000000000000000000e+00 1.000000000000000000e+00
9.301426375864724205e-01 9.990120135456783679e-01 -4.444093598710283782e-02 0.000000000000000000e+00 4.444093598710283782e-02 9.990120135456783679e-01 -0.000000000000000000e+00 0.000000000000000000e+00 0.000000000000000000e+00 1.000000000000000000e+00
9.351426375864718699e-01 9.989997795037367512e-01 -4.471510428799013726e-02 0.000000000000000000e+00 4.471510428799013726e-02 9.989997795037367512e-01 -0.000000000000000000e+00 0.000000000000000000e+00 0.000000000000000000e+00 1.000000000000000000e+00
9.401426375864713192e-01 9.989875012332042337e-01 -4.498858054927894895e-02 0.000000000000000000e+00 4.498858054927894895e-02 9.989875012332042337e-01 -0.000000000000000000e+00 0.000000000000000000e+00 0.000000000000000000e+00 1.000000000000000000e+00
9.451426375864707685e-01 9.989751055028381899e-01 -4.526299355537121566e-02 0.000000000000000000e+00 4.526299355537121566e-02 9.989751055028381899e-01 -0.000000000000000000e+00 0.000000000000000000e+00 0.000000000000000000e+00 1.000000000000000000e+00
9.501426375864702178e-01 9.989626029474206748e-01 -4.553809298284311469e-02 0.000000000000000000e+00 4.553809298284311469e-02 9.989626029474206748e-01 -0.000000000000000000e+00 0.000000000000000000e+00 0.000000000000000000e+00 1.000000000000000000e+00
9.551426375864696672e-01 9.989500216647686504e-01 -4.581325371504067767e-02 0.000000000000000000e+00 4.581325371504067767e-02 9.989500216647686504e-01 -0.000000000000000000e+00 0.000000000000000000e+00 0.000000000000000000e+00 1.000000000000000000e+00
9.601426375864691165e-01 9.989373136463769454e-01 -4.608951513045139031e-02 0.000000000000000000e+00 4.608951513045139031e-02 9.989373136463769454e-01 -0.000000000000000000e+00 0.000000000000000000e+00 0.000000000000000000e+00 1.000000000000000000e+00
9.651426375864685658e-01 9.989247495301462054e-01 -4.636102647844363156e-02 0.000000000000000000e+00 4.636102647844363156e-02 9.989247495301462054e-01 -0.000000000000000000e+00 0.000000000000000000e+00 0.000000000000000000e+00 1.000000000000000000e+00
9.701426375864680152e-01 9.989121815180926900e-01 -4.663103703291754387e-02 0.000000000000000000e+00 4.663103703291754387e-02 9.989121815180926900e-01 -0.000000000000000000e+00 0.000000000000000000e+00 0.000000000000000000e+00 1.000000000000000000e+00
9.751426375864674645e-01 9.988996348282914717e-01 -4.689903559676222161e-02 0.000000000000000000e+00 4.689903559676222161e-02 9.988996348282914717e-01 -0.000000000000000000e+00 0.000000000000000000e+00 0.000000000000000000e+00 1.000000000000000000e+00
9.801106375864681031e-01 9.988871087452205755e-01 -4.716507163796188062e-02 0.000000000000000000e+00 4.716507163796188062e-02 9.988871087452205755e-01 -0.000000000000000000e+00 0.000000000000000000e+00 0.000000000000000000e+00 1.000000000000000000e+00
9.851026375864675444e-01 9.988743475543891970e-01 -4.743456332457932079e-02 0.000000000000000000e+00 4.743456332457932079e-02 9.988743475543891970e-01 -0.000000000000000000e+00 0.000000000000000000e+00 0.000000000000000000e+00 1.000000000000000000e+00
9.901026375864669937e-01 9.988615267328684322e-01 -4.770377776323026647e-02 0.000000000000000000e+00 4.770377776323026647e-02 9.988615267328684322e-01 -0.000000000000000000e+00 0.000000000000000000e+00 0.000000000000000000e+00 1.000000000000000000e+00
9.951026375864664431e-01 9.988485846356293107e-01 -4.797400307875430286e-02 0.000000000000000000e+00 4.797400307875430286e-02 9.988485846356293107e-01 -0.000000000000000000e+00 0.000000000000000000e+00 0.000000000000000000e+00 1.000000000000000000e+00
1.000000000000000000e+00 9.988359777573442289e-01 -4.823577031136089266e-02 0.000000000000000000e+00 4.823577031136089266e-02 9.988359777573442289e-01 -0.000000000000000000e+00 0.000000000000000000e+00 0.000000000000000000e+00 1.000000000000000000e+00
