time R11 R12 R13 R21 R22 R23 R31 R32 R33
0.000000000000000000e+00 1.000000000000000000e+00 -0.000000000000000000e+00 0.000000000000000000e+00 0.000000000000000000e+00 1.000000000000000000e+00 -0.000000000000000000e+00 0.000000000000000000e+00 0.000000000000000000e+00 1.000000000000000000e+00
5.009375546221790827e-03 9.999999942407515885e-01 1.073242585164434183e-04 0.000000000000000000e+00 -1.073242585164434183e-04 9.999999942407515885e-01 -0.000000000000000000e+00 -0.000000000000000000e+00 0.000000000000000000e+00 1.000000000000000000e+00
1.000546968854310916e-02 9.999999941174905205e-01 1.084666702946634711e-04 0.000000000000000000e+00 -1.084666702946634711e-04 9.999999941174905205e-01 -0.000000000000000000e+00 -0.000000000000000000e+00 0.000000000000000000e+00 1.000000000000000000e+00
1.511798684338843540e-02 9.999999959583919518e-01 8.990670509870287027e-05 0.000000000000000000e+00 -8.990670509870287027e-05 9.999999959583919518e-01 -0.000000000000000000e+00 -0.000000000000000000e+00 0.000000000000000000e+00 1.000000000000000000e+00
2.011798684338840862e-02 9.999999979306076758e-01 6.433338521799246911e-05 0.000000000000000000e+00 -6.433338521799246911e-05 9.999999979306076758e-01 -0.000000000000000000e+00 -0.000000000000000000e+00 0.000000000000000000e+00 1.000000000000000000e+00
2.511798684338837837e-02 9.999999995174325695e-01 3.106661714201634067e-05 0.000000000000000000e+00 -3.106661714201634067e-05 9.999999995174325695e-01 -0.000000000000000000e+00 -0.000000000000000000e+00 0.000000000000000000e+00 1.000000000000000000e+00
3.011798684338834811e-02 9.999999999502523496e-01 -9.974732639911697879e-06 0.000000000000000000e+00 9.974732639911697879e-06 9.999999999502523496e-01 -0.000000000000000000e+00 0.000000000000000000e+00 0.000000000000000000e+00 1.000000000000000000e+00
3.511798684338832133e-02 9.999999982831020429e-01 -5.859859812239121208e-05 0.000000000000000000e+00 5.859859812239121208e-05 9.999999982831020429e-01 -0.000000000000000000e+00 0.000000000000000000e+00 0.000000000000000000e+00 1.000000000000000000e+00
4.011798684338829107e-02 9.999999934745166241e-01 -1.142408263814415249e-04 0.000000000000000000e+00 1.142408263814415249e-04 9.999999934745166241e-01 -0.000000000000000000e+00 0.000000000000000000e+00 0.000000000000000000e+00 1.000000000000000000e+00
4.511798684338826082e-02 9.999999844885840705e-01 -1.761329935417330842e-04 0.000000000000000000e+00 1.761329935417330842e-04 9.999999844885840705e-01 -0.000000000000000000e+00 0.000000000000000000e+00 0.000000000000000000e+00 1.000000000000000000e+00
5.011798684338823057e-02 9.999999701769636262e-01 -2.442254520590992337e-04 0.000000000000000000e+00 2.442254520590992337e-04 9.999999701769636262e-01 -0.000000000000000000e+00 0.000000000000000000e+00 0.000000000000000000e+00 1.000000000000000000e+00
5.511798684338820031e-02 9.999999491817344044e-01 -3.188048437666649417e-04 0.000000000000000000e+00 3.188048437666649417e-04 9.999999491817344044e-01 -0.000000000000000000e+00 0.000000000000000000e+00 0.000000000000000000e+00 1.000000000000000000e+00
6.011798684338817006e-02 9.999999201290105111e-01 -3.996773349740147013e-04 0.000000000000000000e+00 3.996773349740147013e-04 9.999999201290105111e-01 -0.000000000000000000e+00 0.000000000000000000e+00 0.000000000000000000e+00 1.000000000000000000e+00
6.511798684338823695e-02 9.999998808140062589e-01 -4.882335232426339260e-04 0.000000000000000000e+00 4.882335232426339260e-04 9.999998808140062589e-01 -0.000000000000000000e+00 0.000000000000000000e+00 0.000000000000000000e+00 1.000000000000000000e+00
7.011798684338838017e-02 9.999998295007808125e-01 -5.839506905028592817e-04 0.000000000000000000e+00 5.839506905028592817e-04 9.999998295007808125e-01 -0.000000000000000000e+00 0.000000000000000000e+00 0.000000000000000000e+00 1.000000000000000000e+00
7.511798684338852339e-02 9.999997644360062443e-01 -6.863875957214345298e-04 0.000000000000000000e+00 6.863875957214345298e-04 9.999997644360062443e-01 -0.000000000000000000e+00 0.000000000000000000e+00 0.000000000000000000e+00 1.000000000000000000e+00
8.011798684338866661e-02 9.999996830528298242e-01 -7.961747545048406286e-04 0.000000000000000000e+00 7.961747545048406286e-04 9.999996830528298242e-01 -0.000000000000000000e+00 0.000000000000000000e+00 0.000000000000000000e+00 1.000000000000000000e+00
8.511798684338880983e-02 9.999995816331421761e-01 -9.147314035390539597e-04 0.000000000000000000e+00 9.147314035390539597e-04 9.999995816331421761e-01 -0.000000000000000000e+00 0.000000000000000000e+00 0.000000000000000000e+00 1.000000000000000000e+00
9.008320668338881676e-02 9.999994621216252710e-01 -1.037186800870229346e-03 0.000000000000000000e+00 1.037186800870229346e-03 9.999994621216252710e-01 -0.000000000000000000e+00 0.000000000000000000e+00 0.000000000000000000e+00 1.000000000000000000e+00
9.514908705458871574e-02 9.999993168615197714e-01 -1.168878305747506020e-03 0.000000000000000000e+00 1.168878305747506020e-03 9.999993168615197714e-01 -0.000000000000000000e+00 0.000000000000000000e+00 0.000000000000000000e+00 1.000000000000000000e+00
1.001059815288287969e-01 9.999991466103829163e-01 -1.306437333279552963e-03 0.000000000000000000e+00 1.306437333279552963e-03 9.999991466103829163e-01 -0.000000000000000000e+00 0.000000000000000000e+00 0.000000000000000000e+00 1.000000000000000000e+00
1.051059815288289401e-01 9.999989483898976683e-01 -1.450247943850622436e-03 0.000000000000000000e+00 1.450247943850622436e-03 9.999989483898976683e-01 -0.000000000000000000e+00 0.000000000000000000e+00 0.000000000000000000e+00 1.000000000000000000e+00
1.101059815288290278e-01 9.999987179828371264e-01 -1.601259717269047167e-03 0.000000000000000000e+00 1.601259717269047167e-03 9.999987179828371264e-01 -0.000000000000000000e+00 0.000000000000000000e+00 0.000000000000000000e+00 1.000000000000000000e+00
1.151459815288290167e-01 9.999984521674404325e-01 -1.759449551164913791e-03 0.000000000000000000e+00 1.759449551164913791e-03 9.999984521674404325e-01 -0.000000000000000000e+00 0.000000000000000000e+00 0.000000000000000000e+00 1.000000000000000000e+00
1.201459815288291599e-01 9.999981508867774593e-01 -1.923076448171210122e-03 0.000000000000000000e+00 1.923076448171210122e-03 9.999981508867774593e-01 -0.000000000000000000e+00 0.000000000000000000e+00 0.000000000000000000e+00 1.000000000000000000e+00
1.251459815288293032e-01 9.999978078136914084e-01 -2.093888204153143088e-03 0.000000000000000000e+00 2.093888204153143088e-03 9.999978078136914084e-01 -0.000000000000000000e+00 0.000000000000000000e+00 0.000000000000000000e+00 1.000000000000000000e+00
1.301459815288294464e-01 9.999973892404482312e-01 -2.285062862834214264e-03 0.000000000000000000e+00 2.285062862834214264e-03 9.999973892404482312e-01 -0.000000000000000000e+00 0.000000000000000000e+00 0.000000000000000000e+00 1.000000000000000000e+00
1.351459815288295896e-01 9.999969597975147950e-01 -2.465845844242435438e-03 0.000000000000000000e+00 2.465845844242435438e-03 9.999969597975147950e-01 -0.000000000000000000e+00 0.000000000000000000e+00 0.000000000000000000e+00 1.000000000000000000e+00
1.401459815288297328e-01 9.999964638863351185e-01 -2.659363612884788584e-03 0.000000000000000000e+00 2.659363612884788584e-03 9.999964638863351185e-01 -0.000000000000000000e+00 0.000000000000000000e+00 0.000000000000000000e+00 1.000000000000000000e+00
1.451459815288298760e-01 9.999959264977674733e-01 -2.854292884622280837e-03 0.000000000000000000e+00 2.854292884622280837e-03 9.999959264977674733e-01 -0.000000000000000000e+00 0.000000000000000000e+00 0.000000000000000000e+00 1.000000000000000000e+00
1.501459815288300192e-01 9.999950678950444427e-01 -3.140730103860878662e-03 0.000000000000000000e+00 3.140730103860878662e-03 9.999950678950444427e-01 -0.000000000000000000e+00 0.000000000000000000e+00 0.000000000000000000e+00 1.000000000000000000e+00
1.550547815288298992e-01 9.999944904718826022e-01 -3.319491810430389832e-03 0.000000000000000000e+00 3.319491810430389832e-03 9.999944904718826022e-01 -0.000000000000000000e+00 0.000000000000000000e+00 0.000000000000000000e+00 1.000000000000000000e+00
1.600051815288298651e-01 9.999938056600112812e-01 -3.519750219474193902e-03 0.000000000000000000e+00 3.519750219474193902e-03 9.999938056600112812e-01 -0.000000000000000000e+00 0.000000000000000000e+00 0.000000000000000000e+00 1.000000000000000000e+00
1.651251815288299896e-01 9.999930243347054937e-01 -3.735141487163242888e-03 0.000000000000000000e+00 3.735141487163242888e-03 9.999930243347054937e-01 -0.000000000000000000e+00 0.000000000000000000e+00 0.000000000000000000e+00 1.000000000000000000e+00
1.701223015288297891e-01 9.999922680795507723e-01 -3.932401443878430838e-03 0.000000000000000000e+00 3.932401443878430838e-03 9.999922680795507723e-01 -0.000000000000000000e+00 0.000000000000000000e+00 0.000000000000000000e+00 1.000000000000000000e+00
1.751184615288297053e-01 9.999913592511130433e-01 -4.157093108351312023e-03 0.000000000000000000e+00 4.157093108351312023e-03 9.999913592511130433e-01 -0.000000000000000000e+00 0.000000000000000000e+00 0.000000000000000000e+00 1.000000000000000000e+00
1.800384615288297685e-01 9.999903443845210571e-01 -4.394443961059309872e-03 0.000000000000000000e+00 4.394443961059309872e-03 9.999903443845210571e-01 -0.000000000000000000e+00 0.000000000000000000e+00 0.000000000000000000e+00 1.000000000000000000e+00
1.850224615288297847e-01 9.999892409718768027e-01 -4.638743417096038123e-03 0.000000000000000000e+00 4.638743417096038123e-03 9.999892409718768027e-01 -0.000000000000000000e+00 0.000000000000000000e+00 0.000000000000000000e+00 1.000000000000000000e+00
1.900224615288299279e-01 9.999880769233813194e-01 -4.883237765810162154e-03 0.000000000000000000e+00 4.883237765810162154e-03 9.999880769233813194e-01 -0.000000000000000000e+00 0.000000000000000000e+00 0.000000000000000000e+00 1.000000000000000000e+00
1.950224615288300711e-01 9.999867235317115854e-01 -5.152937056886032138e-03 0.000000000000000000e+00 5.152937056886032138e-03 9.999867235317115854e-01 -0.000000000000000000e+00 0.000000000000000000e+00 0.000000000000000000e+00 1.000000000000000000e+00
2.000224615288302144e-01 9.999851996106465801e-01 -5.440639636588768396e-03 0.000000000000000000e+00 5.440639636588768396e-03 9.999851996106465801e-01 -0.000000000000000000e+00 0.000000000000000000e+00 0.000000000000000000e+00 1.000000000000000000e+00
2.050224615288303576e-01 9.999837170194785241e-01 -5.706636128890417610e-03 0.000000000000000000e+00 5.706636128890417610e-03 9.999837170194785241e-01 -0.000000000000000000e+00 0.000000000000000000e+00 0.000000000000000000e+00 1.000000000000000000e+00
2.100224615288305008e-01 9.999822202178351160e-01 -5.963157570393702069e-03 0.000000000000000000e+00 5.963157570393702069e-03 9.999822202178351160e-01 -0.000000000000000000e+00 0.000000000000000000e+00 0.000000000000000000e+00 1.000000000000000000e+00
2.150224615288306440e-01 9.999806063326891481e-01 -6.227917670250134388e-03 0.000000000000000000e+00 6.227917670250134388e-03 9.999806063326891481e-01 -0.000000000000000000e+00 0.000000000000000000e+00 0.000000000000000000e+00 1.000000000000000000e+00
2.200224615288307872e-01 9.999789688134916865e-01 -6.485516996032562181e-03 0.000000000000000000e+00 6.485516996032562181e-03 9.999789688134916865e-01 -0.000000000000000000e+00 0.000000000000000000e+00 0.000000000000000000e+00 1.000000000000000000e+00
2.250224615288309304e-01 9.999772555303829691e-01 -6.744510502863463111e-03 0.000000000000000000e+00 6.744510502863463111e-03 9.999772555303829691e-01 -0.000000000000000000e+00 0.000000000000000000e+00 0.000000000000000000e+00 1.000000000000000000e+00
2.300224615288310737e-01 9.999754547966911433e-01 -7.006411645828915236e-03 0.000000000000000000e+00 7.006411645828915236e-03 9.999754547966911433e-01 -0.000000000000000000e+00 0.000000000000000000e+00 0.000000000000000000e+00 1.000000000000000000e+00
2.350224615288312169e-01 9.999735672375869022e-01 -7.270820183131546273e-03 0.000000000000000000e+00 7.270820183131546273e-03 9.999735672375869022e-01 -0.000000000000000000e+00 0.000000000000000000e+00 0.000000000000000000e+00 1.000000000000000000e+00
2.400224615288313601e-01 9.999715863611494671e-01 -7.538333394480161570e-03 0.000000000000000000e+00 7.538333394480161570e-03 9.999715863611494671e-01 -0.000000000000000000e+00 0.000000000000000000e+00 0.000000000000000000e+00 1.000000000000000000e+00
2.450224615288315033e-01 9.999695333310677503e-01 -7.805921447648683266e-03 0.000000000000000000e+00 7.805921447648683266e-03 9.999695333310677503e-01 -0.000000000000000000e+00 0.000000000000000000e+00 0.000000000000000000e+00 1.000000000000000000e+00
2.500224615288316188e-01 9.999673806548534660e-01 -8.076981259830293136e-03 0.000000000000000000e+00 8.076981259830293136e-03 9.999673806548534660e-01 -0.000000000000000000e+00 0.000000000000000000e+00 0.000000000000000000e+00 1.000000000000000000e+00
2.550224615288310681e-01 9.999651798563310434e-01 -8.345002989540824950e-03 0.000000000000000000e+00 8.345002989540824950e-03 9.999651798563310434e-01 -0.000000000000000000e+00 0.000000000000000000e+00 0.000000000000000000e+00 1.000000000000000000e+00
2.600224615288305174e-01 9.999627641486793506e-01 -8.629618539239929109e-03 0.000000000000000000e+00 8.629618539239929109e-03 9.999627641486793506e-01 -0.000000000000000000e+00 0.000000000000000000e+00 0.000000000000000000e+00 1.000000000000000000e+00
2.650224615288299668e-01 9.999599982401397025e-01 -8.944379217128761717e-03 0.000000000000000000e+00 8.944379217128761717e-03 9.999599982401397025e-01 -0.000000000000000000e+00 0.000000000000000000e+00 0.000000000000000000e+00 1.000000000000000000e+00
2.701024615288299957e-01 9.999576283969073831e-01 -9.205509808401826990e-03 0.000000000000000000e+00 9.205509808401826990e-03 9.999576283969073831e-01 -0.000000000000000000e+00 0.000000000000000000e+00 0.000000000000000000e+00 1.000000000000000000e+00
2.750384615288298251e-01 9.999550152904531641e-01 -9.485114415212377720e-03 0.000000000000000000e+00 9.485114415212377720e-03 9.999550152904531641e-01 -0.000000000000000000e+00 0.000000000000000000e+00 0.000000000000000000e+00 1.000000000000000000e+00
2.800384615288292744e-01 9.999521949783888308e-01 -9.777921962384703361e-03 0.000000000000000000e+00 9.777921962384703361e-03 9.999521949783888308e-01 -0.000000000000000000e+00 0.000000000000000000e+00 0.000000000000000000e+00 1.000000000000000000e+00
2.851824615288289233e-01 9.999492633269807529e-01 -1.007327016557473844e-02 0.000000000000000000e+00 1.007327016557473844e-02 9.999492633269807529e-01 -0.000000000000000000e+00 0.000000000000000000e+00 0.000000000000000000e+00 1.000000000000000000e+00
2.900572831608288493e-01 9.999466272346436702e-01 -1.033163501390695592e-02 0.000000000000000000e+00 1.033163501390695592e-02 9.999466272346436702e-01 -0.000000000000000000e+00 0.000000000000000000e+00 0.000000000000000000e+00 1.000000000000000000e+00
2.951415849151972637e-01 9.999438220623141360e-01 -1.059965657043194370e-02 0.000000000000000000e+00 1.059965657043194370e-02 9.999438220623141360e-01 -0.000000000000000000e+00 0.000000000000000000e+00 0.000000000000000000e+00 1.000000000000000000e+00
3.000119254216160325e-01 9.999411070187050887e-01 -1.085276435783025760e-02 0.000000000000000000e+00 1.085276435783025760e-02 9.999411070187050887e-01 -0.000000000000000000e+00 0.000000000000000000e+00 0.000000000000000000e+00 1.000000000000000000e+00
3.051559254216159034e-01 9.999381963451217104e-01 -1.111771064855317410e-02 0.000000000000000000e+00 1.111771064855317410e-02 9.999381963451217104e-01 -0.000000000000000000e+00 0.000000000000000000e+00 0.000000000000000000e+00 1.000000000000000000e+00
3.101319254216154953e-01 9.999353169810097919e-01 -1.137373527420161914e-02 0.000000000000000000e+00 1.137373527420161914e-02 9.999353169810097919e-01 -0.000000000000000000e+00 0.000000000000000000e+00 0.000000000000000000e+00 1.000000000000000000e+00
3.151319254216149446e-01 9.999322269511287109e-01 -1.164222936368254635e-02 0.000000000000000000e+00 1.164222936368254635e-02 9.999322269511287109e-01 -0.000000000000000000e+00 0.000000000000000000e+00 0.000000000000000000e+00 1.000000000000000000e+00
3.201319254216143939e-01 9.999290875834777603e-01 -1.190881205132906899e-02 0.000000000000000000e+00 1.190881205132906899e-02 9.999290875834777603e-01 -0.000000000000000000e+00 0.000000000000000000e+00 0.000000000000000000e+00 1.000000000000000000e+00
3.251319254216138432e-01 9.999259482915475727e-01 -1.216954942672664880e-02 0.000000000000000000e+00 1.216954942672664880e-02 9.999259482915475727e-01 -0.000000000000000000e+00 0.000000000000000000e+00 0.000000000000000000e+00 1.000000000000000000e+00
3.301319254216132926e-01 9.999226890876138363e-01 -1.243446210317153758e-02 0.000000000000000000e+00 1.243446210317153758e-02 9.999226890876138363e-01 -0.000000000000000000e+00 0.000000000000000000e+00 0.000000000000000000e+00 1.000000000000000000e+00
3.351319254216127419e-01 9.999193828837907860e-01 -1.269754831844326255e-02 0.000000000000000000e+00 1.269754831844326255e-02 9.999193828837907860e-01 -0.000000000000000000e+00 0.000000000000000000e+00 0.000000000000000000e+00 1.000000000000000000e+00
3.401319254216121912e-01 9.999159776728866467e-01 -1.296293155406479797e-02 0.000000000000000000e+00 1.296293155406479797e-02 9.999159776728866467e-01 -0.000000000000000000e+00 0.000000000000000000e+00 0.000000000000000000e+00 1.000000000000000000e+00
3.451319254216116406e-01 9.999124968675162650e-01 -1.322870394897435881e-02 0.000000000000000000e+00 1.322870394897435881e-02 9.999124968675162650e-01 -0.000000000000000000e+00 0.000000000000000000e+00 0.000000000000000000e+00 1.000000000000000000e+00
3.501319254216110899e-01 9.999089166832615394e-01 -1.349660465845262981e-02 0.000000000000000000e+00 1.349660465845262981e-02 9.999089166832615394e-01 -0.000000000000000000e+00 0.000000000000000000e+00 0.000000000000000000e+00 1.000000000000000000e+00
3.551319254216105392e-01 9.999052781583792626e-01 -1.376352829089318684e-02 0.000000000000000000e+00 1.376352829089318684e-02 9.999052781583792626e-01 -0.000000000000000000e+00 0.000000000000000000e+00 0.000000000000000000e+00 1.000000000000000000e+00
3.601319254216099885e-01 9.999016106753417787e-01 -1.402743628955958367e-02 0.000000000000000000e+00 1.402743628955958367e-02 9.999016106753417787e-01 -0.000000000000000000e+00 0.000000000000000000e+00 0.000000000000000000e+00 1.000000000000000000e+00
3.651319254216094379e-01 9.998978851898594478e-01 -1.429052808145998138e-02 0.000000000000000000e+00 1.429052808145998138e-02 9.998978851898594478e-01 -0.000000000000000000e+00 0.000000000000000000e+00 0.000000000000000000e+00 1.000000000000000000e+00
3.701319254216088872e-01 9.998940557052423683e-01 -1.455600787722678702e-02 0.000000000000000000e+00 1.455600787722678702e-02 9.998940557052423683e-01 -0.000000000000000000e+00 0.000000000000000000e+00 0.000000000000000000e+00 1.000000000000000000e+00
3.751319254216083365e-01 9.998901021483309615e-01 -1.482510120708974491e-02 0.000000000000000000e+00 1.482510120708974491e-02 9.998901021483309615e-01 -0.000000000000000000e+00 0.000000000000000000e+00 0.000000000000000000e+00 1.000000000000000000e+00
3.801319254216077859e-01 9.998852921187650900e-01 -1.514604253830468227e-02 0.000000000000000000e+00 1.514604253830468227e-02 9.998852921187650900e-01 -0.000000000000000000e+00 0.000000000000000000e+00 0.000000000000000000e+00 1.000000000000000000e+00
3.850279254216074643e-01 9.998799132532373291e-01 -1.549706658367541040e-02 0.000000000000000000e+00 1.549706658367541040e-02 9.998799132532373291e-01 -0.000000000000000000e+00 0.000000000000000000e+00 0.000000000000000000e+00 1.000000000000000000e+00
3.900281174216075897e-01 9.998756578712947318e-01 -1.576923575972860592e-02 0.000000000000000000e+00 1.576923575972860592e-02 9.998756578712947318e-01 -0.000000000000000000e+00 0.000000000000000000e+00 0.000000000000000000e+00 1.000000000000000000e+00
3.950169046216072677e-01 9.998715624264008506e-01 -1.602681038098635602e-02 0.000000000000000000e+00 1.602681038098635602e-02 9.998715624264008506e-01 -0.000000000000000000e+00 0.000000000000000000e+00 0.000000000000000000e+00 1.000000000000000000e+00
4.000169046216067170e-01 9.998675233805289775e-01 -1.627684517612488710e-02 0.000000000000000000e+00 1.627684517612488710e-02 9.998675233805289775e-01 -0.000000000000000000e+00 0.000000000000000000e+00 0.000000000000000000e+00 1.000000000000000000e+00
4.050169046216061663e-01 9.998634054139506899e-01 -1.652787082530235083e-02 0.000000000000000000e+00 1.652787082530235083e-02 9.998634054139506899e-01 -0.000000000000000000e+00 0.000000000000000000e+00 0.000000000000000000e+00 1.000000000000000000e+00
4.100169046216056157e-01 9.998592205333897143e-01 -1.677912734210935952e-02 0.000000000000000000e+00 1.677912734210935952e-02 9.998592205333897143e-01 -0.000000000000000000e+00 0.000000000000000000e+00 0.000000000000000000e+00 1.000000000000000000e+00
4.150169046216050650e-01 9.998549617996728145e-01 -1.703101184824503192e-02 0.000000000000000000e+00 1.703101184824503192e-02 9.998549617996728145e-01 -0.000000000000000000e+00 0.000000000000000000e+00 0.000000000000000000e+00 1.000000000000000000e+00
4.201849046216047934e-01 9.998497860971216067e-01 -1.733220244344210390e-02 0.000000000000000000e+00 1.733220244344210390e-02 9.998497860971216067e-01 -0.000000000000000000e+00 0.000000000000000000e+00 0.000000000000000000e+00 1.000000000000000000e+00
4.250969046216047653e-01 9.998452813468750033e-01 -1.759014975457946772e-02 0.000000000000000000e+00 1.759014975457946772e-02 9.998452813468750033e-01 -0.000000000000000000e+00 0.000000000000000000e+00 0.000000000000000000e+00 1.000000000000000000e+00
4.300969046216042146e-01 9.998405739511911916e-01 -1.785571843844113715e-02 0.000000000000000000e+00 1.785571843844113715e-02 9.998405739511911916e-01 -0.000000000000000000e+00 0.000000000000000000e+00 0.000000000000000000e+00 1.000000000000000000e+00
4.350969046216036640e-01 9.998356166579259741e-01 -1.813117928500665096e-02 0.000000000000000000e+00 1.813117928500665096e-02 9.998356166579259741e-01 -0.000000000000000000e+00 0.000000000000000000e+00 0.000000000000000000e+00 1.000000000000000000e+00
4.400969046216031133e-01 9.998308227385754865e-01 -1.839363753865752571e-02 0.000000000000000000e+00 1.839363753865752571e-02 9.998308227385754865e-01 -0.000000000000000000e+00 0.000000000000000000e+00 0.000000000000000000e+00 1.000000000000000000e+00
4.450969046216025626e-01 9.998260060248653769e-01 -1.865362367921979958e-02 0.000000000000000000e+00 1.865362367921979958e-02 9.998260060248653769e-01 -0.000000000000000000e+00 0.000000000000000000e+00 0.000000000000000000e+00 1.000000000000000000e+00
4.500969046216020120e-01 9.998210974083373559e-01 -1.891489299965370963e-02 0.000000000000000000e+00 1.891489299965370963e-02 9.998210974083373559e-01 -0.000000000000000000e+00 0.000000000000000000e+00 0.000000000000000000e+00 1.000000000000000000e+00
4.550969046216014613e-01 9.998161029623501284e-01 -1.917707634598340635e-02 0.000000000000000000e+00 1.917707634598340635e-02 9.998161029623501284e-01 -0.000000000000000000e+00 0.000000000000000000e+00 0.000000000000000000e+00 1.000000000000000000e+00
4.601369046216009506e-01 9.998109825162830866e-01 -1.944220254562202543e-02 0.000000000000000000e+00 1.944220254562202543e-02 9.998109825162830866e-01 -0.000000000000000000e+00 0.000000000000000000e+00 0.000000000000000000e+00 1.000000000000000000e+00
4.651769046216009396e-01 9.998057670038126288e-01 -1.970858355941170273e-02 0.000000000000000000e+00 1.970858355941170273e-02 9.998057670038126288e-01 -0.000000000000000000e+00 0.000000000000000000e+00 0.000000000000000000e+00 1.000000000000000000e+00
4.701769046216003889e-01 9.998004968301988926e-01 -1.997414674242622284e-02 0.000000000000000000e+00 1.997414674242622284e-02 9.998004968301988926e-01 -0.000000000000000000e+00 0.000000000000000000e+00 0.000000000000000000e+00 1.000000000000000000e+00
4.751769046215998382e-01 9.997951798980935223e-01 -2.023853385349660625e-02 0.000000000000000000e+00 2.023853385349660625e-02 9.997951798980935223e-01 -0.000000000000000000e+00 0.000000000000000000e+00 0.000000000000000000e+00 1.000000000000000000e+00
4.801769046215992875e-01 9.997897801899884307e-01 -2.050354670916328115e-02 0.000000000000000000e+00 2.050354670916328115e-02 9.997897801899884307e-01 -0.000000000000000000e+00 0.000000000000000000e+00 0.000000000000000000e+00 1.000000000000000000e+00
4.851769046215987369e-01 9.997842973767923080e-01 -2.076917713329501369e-02 0.000000000000000000e+00 2.076917713329501369e-02 9.997842973767923080e-01 -0.000000000000000000e+00 0.000000000000000000e+00 0.000000000000000000e+00 1.000000000000000000e+00
4.900873046215988849e-01 9.997784061431079783e-01 -2.105085770098474168e-02 0.000000000000000000e+00 2.105085770098474168e-02 9.997784061431079783e-01 -0.000000000000000000e+00 0.000000000000000000e+00 0.000000000000000000e+00 1.000000000000000000e+00
4.951593046215986282e-01 9.997720296262299078e-01 -2.135155209930131304e-02 0.000000000000000000e+00 2.135155209930131304e-02 9.997720296262299078e-01 -0.000000000000000000e+00 0.000000000000000000e+00 0.000000000000000000e+00 1.000000000000000000e+00
5.001593046215980776e-01 9.997661504020457501e-01 -2.162508983275163166e-02 0.000000000000000000e+00 2.162508983275163166e-02 9.997661504020457501e-01 -0.000000000000000000e+00 0.000000000000000000e+00 0.000000000000000000e+00 1.000000000000000000e+00
5.051593046215975269e-01 9.997605152862403255e-01 -2.188405982882743114e-02 0.000000000000000000e+00 2.188405982882743114e-02 9.997605152862403255e-01 -0.000000000000000000e+00 0.000000000000000000e+00 0.000000000000000000e+00 1.000000000000000000e+00
5.101593046215969762e-01 9.997541176216556691e-01 -2.217440638540052467e-02 0.000000000000000000e+00 2.217440638540052467e-02 9.997541176216556691e-01 -0.000000000000000000e+00 0.000000000000000000e+00 0.000000000000000000e+00 1.000000000000000000e+00
5.151593046215964256e-01 9.997469424070483113e-01 -2.249558062728302527e-02 0.000000000000000000e+00 2.249558062728302527e-02 9.997469424070483113e-01 -0.000000000000000000e+00 0.000000000000000000e+00 0.000000000000000000e+00 1.000000000000000000e+00
5.200793046215973492e-01 9.997409290581744656e-01 -2.276125580671130300e-02 0.000000000000000000e+00 2.276125580671130300e-02 9.997409290581744656e-01 -0.000000000000000000e+00 0.000000000000000000e+00 0.000000000000000000e+00 1.000000000000000000e+00
5.251593046215971006e-01 9.997350915058854648e-01 -2.301622931149127985e-02 0.000000000000000000e+00 2.301622931149127985e-02 9.997350915058854648e-01 -0.000000000000000000e+00 0.000000000000000000e+00 0.000000000000000000e+00 1.000000000000000000e+00
5.301593046215965499e-01 9.997293375051166109e-01 -2.326481746287516195e-02 0.000000000000000000e+00 2.326481746287516195e-02 9.997293375051166109e-01 -0.000000000000000000e+00 0.000000000000000000e+00 0.000000000000000000e+00 1.000000000000000000e+00
5.351593046215959992e-01 9.997233763202194590e-01 -2.351958415663584975e-02 0.000000000000000000e+00 2.351958415663584975e-02 9.997233763202194590e-01 -0.000000000000000000e+00 0.000000000000000000e+00 0.000000000000000000e+00 1.000000000000000000e+00
5.401593046215954486e-01 9.997173119761206816e-01 -2.377595708358027152e-02 0.000000000000000000e+00 2.377595708358027152e-02 9.997173119761206816e-01 -0.000000000000000000e+00 0.000000000000000000e+00 0.000000000000000000e+00 1.000000000000000000e+00
5.451593046215948979e-01 9.997109527764368453e-01 -2.404185722503937583e-02 0.000000000000000000e+00 2.404185722503937583e-02 9.997109527764368453e-01 -0.000000000000000000e+00 0.000000000000000000e+00 0.000000000000000000e+00 1.000000000000000000e+00
5.501593046215943472e-01 9.997047152252098723e-01 -2.429984272547036639e-02 0.000000000000000000e+00 2.429984272547036639e-02 9.997047152252098723e-01 -0.000000000000000000e+00 0.000000000000000000e+00 0.000000000000000000e+00 1.000000000000000000e+00
5.550570761415948295e-01 9.996983124323517433e-01 -2.456184276287488172e-02 0.000000000000000000e+00 2.456184276287488172e-02 9.996983124323517433e-01 -0.000000000000000000e+00 0.000000000000000000e+00 0.000000000000000000e+00 1.000000000000000000e+00
5.601745967836436746e-01 9.996917302077915624e-01 -2.482830147538458293e-02 0.000000000000000000e+00 2.482830147538458293e-02 9.996917302077915624e-01 -0.000000000000000000e+00 0.000000000000000000e+00 0.000000000000000000e+00 1.000000000000000000e+00
5.651358018104591929e-01 9.996853053451870696e-01 -2.508565878944732028e-02 0.000000000000000000e+00 2.508565878944732028e-02 9.996853053451870696e-01 -0.000000000000000000e+00 0.000000000000000000e+00 0.000000000000000000e+00 1.000000000000000000e+00
5.701358018104586423e-01 9.996787197801396685e-01 -2.534673980498079737e-02 0.000000000000000000e+00 2.534673980498079737e-02 9.996787197801396685e-01 -0.000000000000000000e+00 0.000000000000000000e+00 0.000000000000000000e+00 1.000000000000000000e+00
5.751047618104584425e-01 9.996720061205848218e-01 -2.561015772785736611e-02 0.000000000000000000e+00 2.561015772785736611e-02 9.996720061205848218e-01 -0.000000000000000000e+00 0.000000000000000000e+00 0.000000000000000000e+00 1.000000000000000000e+00
5.801950018104581330e-01 9.996650314124125858e-01 -2.588097701441395213e-02 0.000000000000000000e+00 2.588097701441395213e-02 9.996650314124125858e-01 -0.000000000000000000e+00 0.000000000000000000e+00 0.000000000000000000e+00 1.000000000000000000e+00
5.851950018104575824e-01 9.996581074101824615e-01 -2.614705125043177009e-02 0.000000000000000000e+00 2.614705125043177009e-02 9.996581074101824615e-01 -0.000000000000000000e+00 0.000000000000000000e+00 0.000000000000000000e+00 1.000000000000000000e+00
5.901950018104570317e-01 9.996511748983836210e-01 -2.641076531041139375e-02 0.000000000000000000e+00 2.641076531041139375e-02 9.996511748983836210e-01 -0.000000000000000000e+00 0.000000000000000000e+00 0.000000000000000000e+00 1.000000000000000000e+00
5.951950018104564810e-01 9.996442054545955358e-01 -2.667325441431133912e-02 0.000000000000000000e+00 2.667325441431133912e-02 9.996442054545955358e-01 -0.000000000000000000e+00 0.000000000000000000e+00 0.000000000000000000e+00 1.000000000000000000e+00
6.001950018104559303e-01 9.996371792454941119e-01 -2.693529042190085862e-02 0.000000000000000000e+00 2.693529042190085862e-02 9.996371792454941119e-01 -0.000000000000000000e+00 0.000000000000000000e+00 0.000000000000000000e+00 1.000000000000000000e+00
6.051950018104553797e-01 9.996300953328546290e-01 -2.719692087035557176e-02 0.000000000000000000e+00 2.719692087035557176e-02 9.996300953328546290e-01 -0.000000000000000000e+00 0.000000000000000000e+00 0.000000000000000000e+00 1.000000000000000000e+00
6.101950018104548290e-01 9.996223659937926165e-01 -2.747954521043742201e-02 0.000000000000000000e+00 2.747954521043742201e-02 9.996223659937926165e-01 -0.000000000000000000e+00 0.000000000000000000e+00 0.000000000000000000e+00 1.000000000000000000e+00
6.151950018104542783e-01 9.996140460660721816e-01 -2.778054908415222152e-02 0.000000000000000000e+00 2.778054908415222152e-02 9.996140460660721816e-01 -0.000000000000000000e+00 0.000000000000000000e+00 0.000000000000000000e+00 1.000000000000000000e+00
6.201950018104537277e-01 9.996039925687608685e-01 -2.813997229197244890e-02 0.000000000000000000e+00 2.813997229197244890e-02 9.996039925687608685e-01 -0.000000000000000000e+00 0.000000000000000000e+00 0.000000000000000000e+00 1.000000000000000000e+00
6.251950018104531770e-01 9.995968888615078818e-01 -2.839119191571229731e-02 0.000000000000000000e+00 2.839119191571229731e-02 9.995968888615078818e-01 -0.000000000000000000e+00 0.000000000000000000e+00 0.000000000000000000e+00 1.000000000000000000e+00
6.301950018104526263e-01 9.995897891135390179e-01 -2.864006808565484202e-02 0.000000000000000000e+00 2.864006808565484202e-02 9.995897891135390179e-01 -0.000000000000000000e+00 0.000000000000000000e+00 0.000000000000000000e+00 1.000000000000000000e+00
6.351950018104520757e-01 9.995825985552961868e-01 -2.888994055794997032e-02 0.000000000000000000e+00 2.888994055794997032e-02 9.995825985552961868e-01 -0.000000000000000000e+00 0.000000000000000000e+00 0.000000000000000000e+00 1.000000000000000000e+00
6.401950018104515250e-01 9.995752182247282791e-01 -2.914417799471004378e-02 0.000000000000000000e+00 2.914417799471004378e-02 9.995752182247282791e-01 -0.000000000000000000e+00 0.000000000000000000e+00 0.000000000000000000e+00 1.000000000000000000e+00
6.451950018104509743e-01 9.995675847498247668e-01 -2.940482132920246849e-02 0.000000000000000000e+00 2.940482132920246849e-02 9.995675847498247668e-01 -0.000000000000000000e+00 0.000000000000000000e+00 0.000000000000000000e+00 1.000000000000000000e+00
6.501950018104504236e-01 9.995593689641077972e-01 -2.968278821261547198e-02 0.000000000000000000e+00 2.968278821261547198e-02 9.995593689641077972e-01 -0.000000000000000000e+00 0.000000000000000000e+00 0.000000000000000000e+00 1.000000000000000000e+00
6.551950018104498730e-01 9.995514855194804760e-01 -2.994708326031395376e-02 0.000000000000000000e+00 2.994708326031395376e-02 9.995514855194804760e-01 -0.000000000000000000e+00 0.000000000000000000e+00 0.000000000000000000e+00 1.000000000000000000e+00
6.601950018104493223e-01 9.995436925616636437e-01 -3.020606992302510632e-02 0.000000000000000000e+00 3.020606992302510632e-02 9.995436925616636437e-01 -0.000000000000000000e+00 0.000000000000000000e+00 0.000000000000000000e+00 1.000000000000000000e+00
6.651950018104487716e-01 9.995354068358953681e-01 -3.047901706750895390e-02 0.000000000000000000e+00 3.047901706750895390e-02 9.995354068358953681e-01 -0.000000000000000000e+00 0.000000000000000000e+00 0.000000000000000000e+00 1.000000000000000000e+00
6.700350018104485050e-01 9.995274669958691405e-01 -3.073829404540841942e-02 0.000000000000000000e+00 3.073829404540841942e-02 9.995274669958691405e-01 -0.000000000000000000e+00 0.000000000000000000e+00 0.000000000000000000e+00 1.000000000000000000e+00
6.750830018104482244e-01 9.995193291710542383e-01 -3.100178403650350259e-02 0.000000000000000000e+00 3.100178403650350259e-02 9.995193291710542383e-01 -0.000000000000000000e+00 0.000000000000000000e+00 0.000000000000000000e+00 1.000000000000000000e+00
6.800830018104476737e-01 9.995112557806288267e-01 -3.126099115240309201e-02 0.000000000000000000e+00 3.126099115240309201e-02 9.995112557806288267e-01 -0.000000000000000000e+00 0.000000000000000000e+00 0.000000000000000000e+00 1.000000000000000000e+00
6.850830018104471231e-01 9.995030384614775887e-01 -3.152262847978039989e-02 0.000000000000000000e+00 3.152262847978039989e-02 9.995030384614775887e-01 -0.000000000000000000e+00 0.000000000000000000e+00 0.000000000000000000e+00 1.000000000000000000e+00
6.900830018104465724e-01 9.994947080014996432e-01 -3.178566779222014027e-02 0.000000000000000000e+00 3.178566779222014027e-02 9.994947080014996432e-01 -0.000000000000000000e+00 0.000000000000000000e+00 0.000000000000000000e+00 1.000000000000000000e+00
6.950830018104460217e-01 9.994864011653440405e-01 -3.204580917295178633e-02 0.000000000000000000e+00 3.204580917295178633e-02 9.994864011653440405e-01 -0.000000000000000000e+00 0.000000000000000000e+00 0.000000000000000000e+00 1.000000000000000000e+00
7.000430018104457641e-01 9.994781787068696133e-01 -3.230124283675930158e-02 0.000000000000000000e+00 3.230124283675930158e-02 9.994781787068696133e-01 -0.000000000000000000e+00 0.000000000000000000e+00 0.000000000000000000e+00 1.000000000000000000e+00
7.050001218104456902e-01 9.994698465733148351e-01 -3.255803726754268046e-02 0.000000000000000000e+00 3.255803726754268046e-02 9.994698465733148351e-01 -0.000000000000000000e+00 0.000000000000000000e+00 0.000000000000000000e+00 1.000000000000000000e+00
7.100001218104451395e-01 9.994612547282416548e-01 -3.282072968489959525e-02 0.000000000000000000e+00 3.282072968489959525e-02 9.994612547282416548e-01 -0.000000000000000000e+00 0.000000000000000000e+00 0.000000000000000000e+00 1.000000000000000000e+00
7.150001218104445888e-01 9.994525334714563503e-01 -3.308524350050458945e-02 0.000000000000000000e+00 3.308524350050458945e-02 9.994525334714563503e-01 -0.000000000000000000e+00 0.000000000000000000e+00 0.000000000000000000e+00 1.000000000000000000e+00
7.200001218104440381e-01 9.994437687426616090e-01 -3.334895982583593876e-02 0.000000000000000000e+00 3.334895982583593876e-02 9.994437687426616090e-01 -0.000000000000000000e+00 0.000000000000000000e+00 0.000000000000000000e+00 1.000000000000000000e+00
7.250001218104434875e-01 9.994341179094133887e-01 -3.363694336043537847e-02 0.000000000000000000e+00 3.363694336043537847e-02 9.994341179094133887e-01 -0.000000000000000000e+00 0.000000000000000000e+00 0.000000000000000000e+00 1.000000000000000000e+00
7.300001218104429368e-01 9.994237230717980536e-01 -3.394439219232224525e-02 0.000000000000000000e+00 3.394439219232224525e-02 9.994237230717980536e-01 -0.000000000000000000e+00 0.000000000000000000e+00 0.000000000000000000e+00 1.000000000000000000e+00
7.350001218104423861e-01 9.994150750676831230e-01 -3.419806613622634883e-02 0.000000000000000000e+00 3.419806613622634883e-02 9.994150750676831230e-01 -0.000000000000000000e+00 0.000000000000000000e+00 0.000000000000000000e+00 1.000000000000000000e+00
7.400001218104418355e-01 9.994063224091599418e-01 -3.445290595289005053e-02 0.000000000000000000e+00 3.445290595289005053e-02 9.994063224091599418e-01 -0.000000000000000000e+00 0.000000000000000000e+00 0.000000000000000000e+00 1.000000000000000000e+00
7.450001218104412848e-01 9.993947957871471832e-01 -3.478566017149026940e-02 0.000000000000000000e+00 3.478566017149026940e-02 9.993947957871471832e-01 -0.000000000000000000e+00 0.000000000000000000e+00 0.000000000000000000e+00 1.000000000000000000e+00
7.500001218104407341e-01 9.993854131021606690e-01 -3.505418774731616088e-02 0.000000000000000000e+00 3.505418774731616088e-02 9.993854131021606690e-01 -0.000000000000000000e+00 0.000000000000000000e+00 0.000000000000000000e+00 1.000000000000000000e+00
7.550369218104411306e-01 9.993757371619146346e-01 -3.532896788869070021e-02 0.000000000000000000e+00 3.532896788869070021e-02 9.993757371619146346e-01 -0.000000000000000000e+00 0.000000000000000000e+00 0.000000000000000000e+00 1.000000000000000000e+00
7.600474818104410168e-01 9.993668737910689215e-01 -3.557880786459829969e-02 0.000000000000000000e+00 3.557880786459829969e-02 9.993668737910689215e-01 -0.000000000000000000e+00 0.000000000000000000e+00 0.000000000000000000e+00 1.000000000000000000e+00
7.650474818104404662e-01 9.993578188461880174e-01 -3.583224680354277908e-02 0.000000000000000000e+00 3.583224680354277908e-02 9.993578188461880174e-01 -0.000000000000000000e+00 0.000000000000000000e+00 0.000000000000000000e+00 1.000000000000000000e+00
7.700474818104399155e-01 9.993486914668177068e-01 -3.608590948776839447e-02 0.000000000000000000e+00 3.608590948776839447e-02 9.993486914668177068e-01 -0.000000000000000000e+00 0.000000000000000000e+00 0.000000000000000000e+00 1.000000000000000000e+00
7.750474818104393648e-01 9.993393696616723609e-01 -3.634314576659097157e-02 0.000000000000000000e+00 3.634314576659097157e-02 9.993393696616723609e-01 -0.000000000000000000e+00 0.000000000000000000e+00 0.000000000000000000e+00 1.000000000000000000e+00
7.801066818104394063e-01 9.993291296413332470e-01 -3.662363513218714478e-02 0.000000000000000000e+00 3.662363513218714478e-02 9.993291296413332470e-01 -0.000000000000000000e+00 0.000000000000000000e+00 0.000000000000000000e+00 1.000000000000000000e+00
7.851322818104391477e-01 9.993193376907518743e-01 -3.688985385329257571e-02 0.000000000000000000e+00 3.688985385329257571e-02 9.993193376907518743e-01 -0.000000000000000000e+00 0.000000000000000000e+00 0.000000000000000000e+00 1.000000000000000000e+00
7.901402818104393821e-01 9.993097523420827466e-01 -3.714860527671930146e-02 0.000000000000000000e+00 3.714860527671930146e-02 9.993097523420827466e-01 -0.000000000000000000e+00 0.000000000000000000e+00 0.000000000000000000e+00 1.000000000000000000e+00
7.950522818104387435e-01 9.993002496993973471e-01 -3.740335480571820720e-02 0.000000000000000000e+00 3.740335480571820720e-02 9.993002496993973471e-01 -0.000000000000000000e+00 0.000000000000000000e+00 0.000000000000000000e+00 1.000000000000000000e+00
8.000522818104381928e-01 9.992906544444194461e-01 -3.765883614829547421e-02 0.000000000000000000e+00 3.765883614829547421e-02 9.992906544444194461e-01 -0.000000000000000000e+00 0.000000000000000000e+00 0.000000000000000000e+00 1.000000000000000000e+00
8.050122818104383793e-01 9.992809057586844457e-01 -3.791663732589616725e-02 0.000000000000000000e+00 3.791663732589616725e-02 9.992809057586844457e-01 -0.000000000000000000e+00 0.000000000000000000e+00 0.000000000000000000e+00 1.000000000000000000e+00
8.100098154245178872e-01 9.992711567493496316e-01 -3.817270345177278812e-02 0.000000000000000000e+00 3.817270345177278812e-02 9.992711567493496316e-01 -0.000000000000000000e+00 0.000000000000000000e+00 0.000000000000000000e+00 1.000000000000000000e+00
8.150838253635029895e-01 9.992612433469701960e-01 -3.843133545256355310e-02 0.000000000000000000e+00 3.843133545256355310e-02 9.992612433469701960e-01 -0.000000000000000000e+00 0.000000000000000000e+00 0.000000000000000000e+00 1.000000000000000000e+00
8.201867203197187317e-01 9.992514526326813362e-01 -3.868506703466326885e-02 0.000000000000000000e+00 3.868506703466326885e-02 9.992514526326813362e-01 -0.000000000000000000e+00 0.000000000000000000e+00 0.000000000000000000e+00 1.000000000000000000e+00
8.251867203197181810e-01 9.992415375479763995e-01 -3.894033434315141706e-02 0.000000000000000000e+00 3.894033434315141706e-02 9.992415375479763995e-01 -0.000000000000000000e+00 0.000000000000000000e+00 0.000000000000000000e+00 1.000000000000000000e+00
8.301867203197176304e-01 9.992312919898346246e-01 -3.920236100448672850e-02 0.000000000000000000e+00 3.920236100448672850e-02 9.992312919898346246e-01 -0.000000000000000000e+00 0.000000000000000000e+00 0.000000000000000000e+00 1.000000000000000000e+00
8.351867203197170797e-01 9.992210400811593063e-01 -3.946280602195743892e-02 0.000000000000000000e+00 3.946280602195743892e-02 9.992210400811593063e-01 -0.000000000000000000e+00 0.000000000000000000e+00 0.000000000000000000e+00 1.000000000000000000e+00
8.400267203197172572e-01 9.992108207992562718e-01 -3.972072000451082330e-02 0.000000000000000000e+00 3.972072000451082330e-02 9.992108207992562718e-01 -0.000000000000000000e+00 0.000000000000000000e+00 0.000000000000000000e+00 1.000000000000000000e+00
8.450267203197173727e-01 9.991999692723276816e-01 -3.999276692327817517e-02 0.000000000000000000e+00 3.999276692327817517e-02 9.991999692723276816e-01 -0.000000000000000000e+00 0.000000000000000000e+00 0.000000000000000000e+00 1.000000000000000000e+00
8.500827203197187654e-01 9.991878475134350346e-01 -4.029448326345391046e-02 0.000000000000000000e+00 4.029448326345391046e-02 9.991878475134350346e-01 -0.000000000000000000e+00 0.000000000000000000e+00 0.000000000000000000e+00 1.000000000000000000e+00
8.551208003197185992e-01 9.991729321301754396e-01 -4.066265729619994440e-02 0.000000000000000000e+00 4.066265729619994440e-02 9.991729321301754396e-01 -0.000000000000000000e+00 0.000000000000000000e+00 0.000000000000000000e+00 1.000000000000000000e+00
8.600136387197190313e-01 9.991629126739761668e-01 -4.090811578228176898e-02 0.000000000000000000e+00 4.090811578228176898e-02 9.991629126739761668e-01 -0.000000000000000000e+00 0.000000000000000000e+00 0.000000000000000000e+00 1.000000000000000000e+00
8.650325187197192012e-01 9.991535102758460907e-01 -4.113712317913027772e-02 0.000000000000000000e+00 4.113712317913027772e-02 9.991535102758460907e-01 -0.000000000000000000e+00 0.000000000000000000e+00 0.000000000000000000e+00 1.000000000000000000e+00
8.700357926407294995e-01 9.991434419584005466e-01 -4.138094237110074430e-02 0.000000000000000000e+00 4.138094237110074430e-02 9.991434419584005466e-01 -0.000000000000000000e+00 0.000000000000000000e+00 0.000000000000000000e+00 1.000000000000000000e+00
8.751683715060650792e-01 9.991318144663611234e-01 -4.166074076582342023e-02 0.000000000000000000e+00 4.166074076582342023e-02 9.991318144663611234e-01 -0.000000000000000000e+00 0.000000000000000000e+00 0.000000000000000000e+00 1.000000000000000000e+00
8.800550619964572219e-01 9.991216142538889011e-01 -4.190465285267787332e-02 0.000000000000000000e+00 4.190465285267787332e-02 9.991216142538889011e-01 -0.000000000000000000e+00 0.000000000000000000e+00 0.000000000000000000e+00 1.000000000000000000e+00
8.850550619964566712e-01 9.991107151805552755e-01 -4.216371439282366046e-02 0.000000000000000000e+00 4.216371439282366046e-02 9.991107151805552755e-01 -0.000000000000000000e+00 0.000000000000000000e+00 0.000000000000000000e+00 1.000000000000000000e+00
8.900550619964561205e-01 9.990999293011486593e-01 -4.241852508562451302e-02 0.000000000000000000e+00 4.241852508562451302e-02 9.990999293011486593e-01 -0.000000000000000000e+00 0.000000000000000000e+00 0.000000000000000000e+00 1.000000000000000000e+00
8.950150619964556409e-01 9.990886718341553951e-01 -4.268285150577028064e-02 0.000000000000000000e+00 4.268285150577028064e-02 9.990886718341553951e-01 -0.000000000000000000e+00 0.000000000000000000e+00 0.000000000000000000e+00 1.000000000000000000e+00
9.000198619964558944e-01 9.990771084112828326e-01 -4.295266520892869477e-02 0.000000000000000000e+00 4.295266520892869477e-02 9.990771084112828326e-01 -0.000000000000000000e+00 0.000000000000000000e+00 0.000000000000000000e+00 1.000000000000000000e+00
9.050276880274310543e-01 9.990675164469203784e-01 -4.317519635835938285e-02 0.000000000000000000e+00 4.317519635835938285e-02 9.990675164469203784e-01 -0.000000000000000000e+00 0.000000000000000000e+00 0.000000000000000000e+00 1.000000000000000000e+00
9.101129974696364755e-01 9.990579057749946479e-01 -4.339701497202521491e-02 0.000000000000000000e+00 4.339701497202521491e-02 9.990579057749946479e-01 -0.000000000000000000e+00 0.000000000000000000e+00 0.000000000000000000e+00 1.000000000000000000e+00
9.151833739999439832e-01 9.990460088070765021e-01 -4.367003877546907914e-02 0.000000000000000000e+00 4.367003877546907914e-02 9.990460088070765021e-01 -0.000000000000000000e+00 0.000000000000000000e+00 0.000000000000000000e+00 1.000000000000000000e+00
9.201033739999435745e-01 9.990343274449460242e-01 -4.393646078856063703e-02 0.000000000000000000e+00 4.393646078856063703e-02 9.990343274449460242e-01 -0.000000000000000000e+00 0.000000000000000000e+00 0.000000000000000000e+00 1.000000000000000000e+00
9.251529739999433399e-01 9.990223271872279431e-01 -4.420848087658892089e-02 0.000000000000000000e+00 4.420848087658892089e-02 9.990223271872279431e-01 -0.000000000000000000e+00 0.000000000000000000e+00 0.000000000000000000e+00 1.000000000000000000e+00
9.300681739999425712e-01 9.990104004603602705e-01 -4.447718259997070905e-02 0.000000000000000000e+00 4.447718259997070905e-02 9.990104004603602705e-01 -0.000000000000000000e+00 0.000000000000000000e+00 0.000000000000000000e+00 1.000000000000000000e+00
9.351369739999417785e-01 9.989979785367076870e-01 -4.475532236027198602e-02 0.000000000000000000e+00 4.475532236027198602e-02 9.989979785367076870e-01 -0.000000000000000000e+00 0.000000000000000000e+00 0.000000000000000000e+00 1.000000000000000000e+00
9.400540939999415535e-01 9.989858672999851752e-01 -4.502484797194539895e-02 0.000000000000000000e+00 4.502484797194539895e-02 9.989858672999851752e-01 -0.000000000000000000e+00 0.000000000000000000e+00 0.000000000000000000e+00 1.000000000000000000e+00
9.450540939999410028e-01 9.989734319437010290e-01 -4.529991468671904636e-02 0.000000000000000000e+00 4.529991468671904636e-02 9.989734319437010290e-01 -0.000000000000000000e+00 0.000000000000000000e+00 0.000000000000000000e+00 1.000000000000000000e+00
9.500380939999411023e-01 9.989609776067219782e-01 -4.557373387185428143e-02 0.000000000000000000e+00 4.557373387185428143e-02 9.989609776067219782e-01 -0.000000000000000000e+00 0.000000000000000000e+00 0.000000000000000000e+00 1.000000000000000000e+00
9.551420939999404336e-01 9.989480204869296553e-01 -4.585686824506342296e-02 0.000000000000000000e+00 4.585686824506342296e-02 9.989480204869296553e-01 -0.000000000000000000e+00 0.000000000000000000e+00 0.000000000000000000e+00 1.000000000000000000e+00
9.600374539999412260e-01 9.989352670230687847e-01 -4.613385196957579815e-02 0.000000000000000000e+00 4.613385196957579815e-02 9.989352670230687847e-01 -0.000000000000000000e+00 0.000000000000000000e+00 0.000000000000000000e+00 1.000000000000000000e+00
9.650827218649336015e-01 9.989228314930362895e-01 -4.640233530691425384e-02 0.000000000000000000e+00 4.640233530691425384e-02 9.989228314930362895e-01 -0.000000000000000000e+00 0.000000000000000000e+00 0.000000000000000000e+00 1.000000000000000000e+00
9.701268809444942853e-01 9.989101040463418402e-01 -4.667551857373122837e-02 0.000000000000000000e+00 4.667551857373122837e-02 9.989101040463418402e-01 -0.000000000000000000e+00 0.000000000000000000e+00 0.000000000000000000e+00 1.000000000000000000e+00
9.750245425344807870e-01 9.988977493737805080e-01 -4.693917655856767734e-02 0.000000000000000000e+00 4.693917655856767734e-02 9.988977493737805080e-01 -0.000000000000000000e+00 0.000000000000000000e+00 0.000000000000000000e+00 1.000000000000000000e+00
9.800245425344802364e-01 9.988857400363051475e-01 -4.719404996525924240e-02 0.000000000000000000e+00 4.719404996525924240e-02 9.988857400363051475e-01 -0.000000000000000000e+00 0.000000000000000000e+00 0.000000000000000000e+00 1.000000000000000000e+00
9.850245425344796857e-01 9.988729826951621149e-01 -4.746329573123559548e-02 0.000000000000000000e+00 4.746329573123559548e-02 9.988729826951621149e-01 -0.000000000000000000e+00 0.000000000000000000e+00 0.000000000000000000e+00 1.000000000000000000e+00
9.901045425344798812e-01 9.988599373044293461e-01 -4.773704691527902444e-02 0.000000000000000000e+00 4.773704691527902444e-02 9.988599373044293461e-01 -0.000000000000000000e+00 0.000000000000000000e+00 0.000000000000000000e+00 1.000000000000000000e+00
9.950245425344792505e-01 9.988470809390479488e-01 -4.800530074422096338e-02 0.000000000000000000e+00 4.800530074422096338e-02 9.988470809390479488e-01 -0.000000000000000000e+00 0.000000000000000000e+00 0.000000000000000000e+00 1.000000000000000000e+00
1.000000000000000000e+00 9.988341855087010668e-01 -4.827286876880074878e-02 0.000000000000000000e+00 4.827286876880074878e-02 9.988341855087010668e-01 -0.000000000000000000e+00 0.000000000000000000e+00 0.000000000000000000e+00 1.000000000000000000e+00
