time R11 R12 R13 R21 R22 R23 R31 R32 R33
0.000000000000000000e+00 1.000000000000000000e+00 -0.000000000000000000e+00 0.000000000000000000e+00 0.000000000000000000e+00 1.000000000000000000e+00 -0.000000000000000000e+00 0.000000000000000000e+00 0.000000000000000000e+00 1.000000000000000000e+00
5.040000000000002811e-03 9.999999203965483918e-01 -3.990073891596773530e-04 0.000000000000000000e+00 3.990073891596773530e-04 9.999999203965483918e-01 -0.000000000000000000e+00 0.000000000000000000e+00 0.000000000000000000e+00 1.000000000000000000e+00
1.013600000000001305e-02 9.999986978048553965e-01 -1.613811820872654941e-03 0.000000000000000000e+00 1.613811820872654941e-03 9.999986978048553965e-01 -0.000000000000000000e+00 0.000000000000000000e+00 0.000000000000000000e+00 1.000000000000000000e+00
1.513600000000002617e-02 9.999935247913689373e-01 -3.598662992525689976e-03 0.000000000000000000e+00 3.598662992525689976e-03 9.999935247913689373e-01 -0.000000000000000000e+00 0.000000000000000000e+00 0.000000000000000000e+00 1.000000000000000000e+00
2.013600000000000112e-02 9.999797184519607640e-01 -6.368884104553549849e-03 0.000000000000000000e+00 6.368884104553549849e-03 9.999797184519607640e-01 -0.000000000000000000e+00 0.000000000000000000e+00 0.000000000000000000e+00 1.000000000000000000e+00
2.513599999999997087e-02 9.999507517430075154e-01 -9.924418803860003691e-03 0.000000000000000000e+00 9.924418803860003691e-03 9.999507517430075154e-01 -0.000000000000000000e+00 0.000000000000000000e+00 0.000000000000000000e+00 1.000000000000000000e+00
3.013599999999994061e-02 9.998982475624252908e-01 -1.426515059826695929e-02 0.000000000000000000e+00 1.426515059826695929e-02 9.998982475624252908e-01 -0.000000000000000000e+00 0.000000000000000000e+00 0.000000000000000000e+00 1.000000000000000000e+00
3.513599999999991036e-02 9.998119794051801845e-01 -1.939086996232788560e-02 0.000000000000000000e+00 1.939086996232788560e-02 9.998119794051801845e-01 -0.000000000000000000e+00 0.000000000000000000e+00 0.000000000000000000e+00 1.000000000000000000e+00
4.013599999999988011e-02 9.996798725335743763e-01 -2.530123418446088637e-02 0.000000000000000000e+00 2.530123418446088637e-02 9.996798725335743763e-01 -0.000000000000000000e+00 0.000000000000000000e+00 0.000000000000000000e+00 1.000000000000000000e+00
4.513599999999984985e-02 9.994880058830112324e-01 -3.199571996380342481e-02 0.000000000000000000e+00 3.199571996380342481e-02 9.994880058830112324e-01 -0.000000000000000000e+00 0.000000000000000000e+00 0.000000000000000000e+00 1.000000000000000000e+00
5.013599999999981960e-02 9.992206149637465895e-01 -3.947356877041211659e-02 0.000000000000000000e+00 3.947356877041211659e-02 9.992206149637465895e-01 -0.000000000000000000e+00 0.000000000000000000e+00 0.000000000000000000e+00 1.000000000000000000e+00
5.513599999999978934e-02 9.988600960588162048e-01 -4.773372498949323556e-02 0.000000000000000000e+00 4.773372498949323556e-02 9.988600960588162048e-01 -0.000000000000000000e+00 0.000000000000000000e+00 0.000000000000000000e+00 1.000000000000000000e+00
6.013599999999975909e-02 9.983870120578367535e-01 -5.677476687953151441e-02 0.000000000000000000e+00 5.677476687953151441e-02 9.983870120578367535e-01 -0.000000000000000000e+00 0.000000000000000000e+00 0.000000000000000000e+00 1.000000000000000000e+00
6.513599999999981904e-02 9.977801003056190332e-01 -6.659483038576506642e-02 0.000000000000000000e+00 6.659483038576506642e-02 9.977801003056190332e-01 -0.000000000000000000e+00 0.000000000000000000e+00 0.000000000000000000e+00 1.000000000000000000e+00
7.013599999999996226e-02 9.970162828834232549e-01 -7.719152586470608146e-02 0.000000000000000000e+00 7.719152586470608146e-02 9.970162828834232549e-01 -0.000000000000000000e+00 0.000000000000000000e+00 0.000000000000000000e+00 1.000000000000000000e+00
7.513600000000010548e-02 9.960706797790803702e-01 -8.856184779260607709e-02 0.000000000000000000e+00 8.856184779260607709e-02 9.960706797790803702e-01 -0.000000000000000000e+00 0.000000000000000000e+00 0.000000000000000000e+00 1.000000000000000000e+00
8.013600000000024870e-02 9.949166254399801623e-01 -1.007020775511711513e-01 0.000000000000000000e+00 1.007020775511711513e-01 9.949166254399801623e-01 -0.000000000000000000e+00 0.000000000000000000e+00 0.000000000000000000e+00 1.000000000000000000e+00
8.513600000000039192e-02 9.935256892398880435e-01 -1.136076794077109930e-01 0.000000000000000000e+00 1.136076794077109930e-01 9.935256892398880435e-01 -0.000000000000000000e+00 0.000000000000000000e+00 0.000000000000000000e+00 1.000000000000000000e+00
9.007200000000036011e-02 9.918907415767082014e-01 -1.270934961924007345e-01 0.000000000000000000e+00 1.270934961924007345e-01 9.918907415767082014e-01 -0.000000000000000000e+00 0.000000000000000000e+00 0.000000000000000000e+00 1.000000000000000000e+00
9.505600000000048733e-02 9.899446146182535600e-01 -1.414555053305354415e-01 0.000000000000000000e+00 1.414555053305354415e-01 9.899446146182535600e-01 -0.000000000000000000e+00 0.000000000000000000e+00 0.000000000000000000e+00 1.000000000000000000e+00
1.000560000000006305e-01 9.876607962072161406e-01 -1.566082744791219561e-01 0.000000000000000000e+00 1.566082744791219561e-01 9.876607962072161406e-01 -0.000000000000000000e+00 0.000000000000000000e+00 0.000000000000000000e+00 1.000000000000000000e+00
1.050560000000007738e-01 9.850098773215157921e-01 -1.724979465937276912e-01 0.000000000000000000e+00 1.724979465937276912e-01 9.850098773215157921e-01 -0.000000000000000000e+00 0.000000000000000000e+00 0.000000000000000000e+00 1.000000000000000000e+00
1.100560000000009170e-01 9.819551124357759342e-01 -1.891141379200479977e-01 0.000000000000000000e+00 1.891141379200479977e-01 9.819551124357759342e-01 -0.000000000000000000e+00 0.000000000000000000e+00 0.000000000000000000e+00 1.000000000000000000e+00
1.150560000000010602e-01 9.784582290464631793e-01 -2.064448934007791780e-01 0.000000000000000000e+00 2.064448934007791780e-01 9.784582290464631793e-01 -0.000000000000000000e+00 0.000000000000000000e+00 0.000000000000000000e+00 1.000000000000000000e+00
1.200560000000012034e-01 9.744794930844610237e-01 -2.244765412194609788e-01 0.000000000000000000e+00 2.244765412194609788e-01 9.744794930844610237e-01 -0.000000000000000000e+00 0.000000000000000000e+00 0.000000000000000000e+00 1.000000000000000000e+00
1.250560000000013328e-01 9.699777836269776188e-01 -2.431935428215485917e-01 0.000000000000000000e+00 2.431935428215485917e-01 9.699777836269776188e-01 -0.000000000000000000e+00 0.000000000000000000e+00 0.000000000000000000e+00 1.000000000000000000e+00
1.300560000000014760e-01 9.649106776905389538e-01 -2.625783389367552512e-01 0.000000000000000000e+00 2.625783389367552512e-01 9.649106776905389538e-01 -0.000000000000000000e+00 0.000000000000000000e+00 0.000000000000000000e+00 1.000000000000000000e+00
1.351619200000013232e-01 9.591073911530425544e-01 -2.830424212650907712e-01 0.000000000000000000e+00 2.830424212650907712e-01 9.591073911530425544e-01 -0.000000000000000000e+00 0.000000000000000000e+00 0.000000000000000000e+00 1.000000000000000000e+00
1.400992000000013948e-01 9.528469882919553546e-01 -3.034511771322538909e-01 0.000000000000000000e+00 3.034511771322538909e-01 9.528469882919553546e-01 -0.000000000000000000e+00 0.000000000000000000e+00 0.000000000000000000e+00 1.000000000000000000e+00
1.450992000000015381e-01 9.458113951916229389e-01 -3.247164990044019706e-01 0.000000000000000000e+00 3.247164990044019706e-01 9.458113951916229389e-01 -0.000000000000000000e+00 0.000000000000000000e+00 0.000000000000000000e+00 1.000000000000000000e+00
1.500992000000016813e-01 9.380293808588517912e-01 -3.465557395940214724e-01 0.000000000000000000e+00 3.465557395940214724e-01 9.380293808588517912e-01 -0.000000000000000000e+00 0.000000000000000000e+00 0.000000000000000000e+00 1.000000000000000000e+00
1.550992000000018245e-01 9.294536871469396555e-01 -3.689388071875318587e-01 0.000000000000000000e+00 3.689388071875318587e-01 9.294536871469396555e-01 -0.000000000000000000e+00 0.000000000000000000e+00 0.000000000000000000e+00 1.000000000000000000e+00
1.600992000000019677e-01 9.200365203498032107e-01 -3.918326188854447945e-01 0.000000000000000000e+00 3.918326188854447945e-01 9.200365203498032107e-01 -0.000000000000000000e+00 0.000000000000000000e+00 0.000000000000000000e+00 1.000000000000000000e+00
1.650992000000021109e-01 9.097297288611163602e-01 -4.152009398186369826e-01 0.000000000000000000e+00 4.152009398186369826e-01 9.097297288611163602e-01 -0.000000000000000000e+00 0.000000000000000000e+00 0.000000000000000000e+00 1.000000000000000000e+00
1.700992000000020321e-01 8.984849970905560701e-01 -4.390042254958183565e-01 0.000000000000000000e+00 4.390042254958183565e-01 8.984849970905560701e-01 -0.000000000000000000e+00 0.000000000000000000e+00 0.000000000000000000e+00 1.000000000000000000e+00
1.750912000000021673e-01 8.862744390864532029e-01 -4.631604674645632969e-01 0.000000000000000000e+00 4.631604674645632969e-01 8.862744390864532029e-01 -0.000000000000000000e+00 0.000000000000000000e+00 0.000000000000000000e+00 1.000000000000000000e+00
1.800912000000023105e-01 8.730109884609255078e-01 -4.877005372423508511e-01 0.000000000000000000e+00 4.877005372423508511e-01 8.730109884609255078e-01 -0.000000000000000000e+00 0.000000000000000000e+00 0.000000000000000000e+00 1.000000000000000000e+00
1.850912000000024538e-01 8.586659384813484230e-01 -5.125356632391010470e-01 0.000000000000000000e+00 5.125356632391010470e-01 8.586659384813484230e-01 -0.000000000000000000e+00 0.000000000000000000e+00 0.000000000000000000e+00 1.000000000000000000e+00
1.900912000000025970e-01 8.431926018015332147e-01 -5.376116035458694542e-01 0.000000000000000000e+00 5.376116035458694542e-01 8.431926018015332147e-01 -0.000000000000000000e+00 0.000000000000000000e+00 0.000000000000000000e+00 1.000000000000000000e+00
1.950912000000027402e-01 8.265453604151056233e-01 -5.628701157249894615e-01 0.000000000000000000e+00 5.628701157249894615e-01 8.265453604151056233e-01 -0.000000000000000000e+00 0.000000000000000000e+00 0.000000000000000000e+00 1.000000000000000000e+00
2.000192000000025894e-01 8.089460797458760677e-01 -5.878828455260272090e-01 0.000000000000000000e+00 5.878828455260272090e-01 8.089460797458760677e-01 -0.000000000000000000e+00 0.000000000000000000e+00 0.000000000000000000e+00 1.000000000000000000e+00
2.051262976000024774e-01 7.896683904941085297e-01 -6.135338890839237003e-01 0.000000000000000000e+00 6.135338890839237003e-01 7.896683904941085297e-01 -0.000000000000000000e+00 0.000000000000000000e+00 0.000000000000000000e+00 1.000000000000000000e+00
2.100801920000026080e-01 7.701919717679885924e-01 -6.378121405430738911e-01 0.000000000000000000e+00 6.378121405430738911e-01 7.701919717679885924e-01 -0.000000000000000000e+00 0.000000000000000000e+00 0.000000000000000000e+00 1.000000000000000000e+00
2.150801920000027512e-01 7.497777650394187310e-01 -6.616897332228259820e-01 0.000000000000000000e+00 6.616897332228259820e-01 7.497777650394187310e-01 -0.000000000000000000e+00 0.000000000000000000e+00 0.000000000000000000e+00 1.000000000000000000e+00
2.200801920000028944e-01 7.286236181785210597e-01 -6.849143180226566763e-01 0.000000000000000000e+00 6.849143180226566763e-01 7.286236181785210597e-01 -0.000000000000000000e+00 0.000000000000000000e+00 0.000000000000000000e+00 1.000000000000000000e+00
2.250801920000030376e-01 7.067504077742768898e-01 -7.074629750813066220e-01 0.000000000000000000e+00 7.074629750813066220e-01 7.067504077742768898e-01 -0.000000000000000000e+00 0.000000000000000000e+00 0.000000000000000000e+00 1.000000000000000000e+00
2.300801920000031808e-01 6.841797200445703941e-01 -7.293134515965914444e-01 0.000000000000000000e+00 7.293134515965914444e-01 6.841797200445703941e-01 -0.000000000000000000e+00 0.000000000000000000e+00 0.000000000000000000e+00 1.000000000000000000e+00
2.350801920000033240e-01 6.609338295331981250e-01 -7.504441837862304565e-01 0.000000000000000000e+00 7.504441837862304565e-01 6.609338295331981250e-01 -0.000000000000000000e+00 0.000000000000000000e+00 0.000000000000000000e+00 1.000000000000000000e+00
2.400801920000034673e-01 6.370356771275847985e-01 -7.708343181686967416e-01 0.000000000000000000e+00 7.708343181686967416e-01 6.370356771275847985e-01 -0.000000000000000000e+00 0.000000000000000000e+00 0.000000000000000000e+00 1.000000000000000000e+00
2.451761920000034567e-01 6.120319395319820943e-01 -7.908330449549514363e-01 0.000000000000000000e+00 7.908330449549514363e-01 6.120319395319820943e-01 -0.000000000000000000e+00 0.000000000000000000e+00 0.000000000000000000e+00 1.000000000000000000e+00
2.500481920000034441e-01 5.875402555976098062e-01 -8.091949382270600122e-01 0.000000000000000000e+00 8.091949382270600122e-01 5.875402555976098062e-01 -0.000000000000000000e+00 0.000000000000000000e+00 0.000000000000000000e+00 1.000000000000000000e+00
2.550081920000029090e-01 5.620408057369608024e-01 -8.271095046525267502e-01 0.000000000000000000e+00 8.271095046525267502e-01 5.620408057369608024e-01 -0.000000000000000000e+00 0.000000000000000000e+00 0.000000000000000000e+00 1.000000000000000000e+00
2.600330092581916164e-01 5.356516670693862725e-01 -8.444390395794045823e-01 0.000000000000000000e+00 8.444390395794045823e-01 5.356516670693862725e-01 -0.000000000000000000e+00 0.000000000000000000e+00 0.000000000000000000e+00 1.000000000000000000e+00
2.650525047213497798e-01 5.087574319345122831e-01 -8.609099113446190277e-01 0.000000000000000000e+00 8.609099113446190277e-01 5.087574319345122831e-01 -0.000000000000000000e+00 0.000000000000000000e+00 0.000000000000000000e+00 1.000000000000000000e+00
2.701306777957217520e-01 4.810340002081605060e-01 -8.767019394547588274e-01 0.000000000000000000e+00 8.767019394547588274e-01 4.810340002081605060e-01 -0.000000000000000000e+00 0.000000000000000000e+00 0.000000000000000000e+00 1.000000000000000000e+00
2.751306777957212013e-01 4.532587655634888191e-01 -8.913789830593170649e-01 0.000000000000000000e+00 8.913789830593170649e-01 4.532587655634888191e-01 -0.000000000000000000e+00 0.000000000000000000e+00 0.000000000000000000e+00 1.000000000000000000e+00
2.801306777957206506e-01 4.250362192397999506e-01 -9.051763432250847785e-01 0.000000000000000000e+00 9.051763432250847785e-01 4.250362192397999506e-01 -0.000000000000000000e+00 0.000000000000000000e+00 0.000000000000000000e+00 1.000000000000000000e+00
2.850266777957206066e-01 3.969940496178890332e-01 -9.178211833292958532e-01 0.000000000000000000e+00 9.178211833292958532e-01 3.969940496178890332e-01 -0.000000000000000000e+00 0.000000000000000000e+00 0.000000000000000000e+00 1.000000000000000000e+00
2.900106777957201509e-01 3.680621726225837831e-01 -9.298011814814730602e-01 0.000000000000000000e+00 9.298011814814730602e-01 3.680621726225837831e-01 -0.000000000000000000e+00 0.000000000000000000e+00 0.000000000000000000e+00 1.000000000000000000e+00
2.950106777957196003e-01 3.386747952566667719e-01 -9.409034929565597283e-01 0.000000000000000000e+00 9.409034929565597283e-01 3.386747952566667719e-01 -0.000000000000000000e+00 0.000000000000000000e+00 0.000000000000000000e+00 1.000000000000000000e+00
3.000106777957190496e-01 3.089531867565346590e-01 -9.510772462807539629e-01 0.000000000000000000e+00 9.510772462807539629e-01 3.089531867565346590e-01 -0.000000000000000000e+00 0.000000000000000000e+00 0.000000000000000000e+00 1.000000000000000000e+00
3.050106777957184989e-01 2.789266787614445575e-01 -9.603124011878167998e-01 0.000000000000000000e+00 9.603124011878167998e-01 2.789266787614445575e-01 -0.000000000000000000e+00 0.000000000000000000e+00 0.000000000000000000e+00 1.000000000000000000e+00
3.100106777957179482e-01 2.486249038096426112e-01 -9.685998436948285439e-01 0.000000000000000000e+00 9.685998436948285439e-01 2.486249038096426112e-01 -0.000000000000000000e+00 0.000000000000000000e+00 0.000000000000000000e+00 1.000000000000000000e+00
3.150106777957173976e-01 2.180777660946289775e-01 -9.759313950965899931e-01 0.000000000000000000e+00 9.759313950965899931e-01 2.180777660946289775e-01 -0.000000000000000000e+00 0.000000000000000000e+00 0.000000000000000000e+00 1.000000000000000000e+00
3.200106777957168469e-01 1.873154119533281814e-01 -9.822998200370165467e-01 0.000000000000000000e+00 9.822998200370165467e-01 1.873154119533281814e-01 -0.000000000000000000e+00 0.000000000000000000e+00 0.000000000000000000e+00 1.000000000000000000e+00
3.250106777957162962e-01 1.563682001152928436e-01 -9.876988336495612364e-01 0.000000000000000000e+00 9.876988336495612364e-01 1.563682001152928436e-01 -0.000000000000000000e+00 0.000000000000000000e+00 0.000000000000000000e+00 1.000000000000000000e+00
3.300106777957157456e-01 1.252666717423052967e-01 -9.921231077596193160e-01 0.000000000000000000e+00 9.921231077596193160e-01 1.252666717423052967e-01 -0.000000000000000000e+00 0.000000000000000000e+00 0.000000000000000000e+00 1.000000000000000000e+00
3.350106777957151949e-01 9.404152028793714979e-02 -9.955682761427933070e-01 0.000000000000000000e+00 9.955682761427933070e-01 9.404152028793714979e-02 -0.000000000000000000e+00 0.000000000000000000e+00 0.000000000000000000e+00 1.000000000000000000e+00
3.400106777957146442e-01 6.272356120681471525e-02 -9.980309388338294285e-01 0.000000000000000000e+00 9.980309388338294285e-01 6.272356120681471525e-02 -0.000000000000000000e+00 0.000000000000000000e+00 0.000000000000000000e+00 1.000000000000000000e+00
3.450106777957140936e-01 3.134370154348892906e-02 -9.995086654819722582e-01 0.000000000000000000e+00 9.995086654819722582e-01 3.134370154348892906e-02 -0.000000000000000000e+00 0.000000000000000000e+00 0.000000000000000000e+00 1.000000000000000000e+00
3.500106777957135429e-01 -6.709056908977363348e-05 -9.999999977494276049e-01 0.000000000000000000e+00 9.999999977494276049e-01 -6.709056908977363348e-05 -0.000000000000000000e+00 0.000000000000000000e+00 0.000000000000000000e+00 1.000000000000000000e+00
3.550106777957129922e-01 -3.147781647137627703e-02 -9.995044507505680409e-01 0.000000000000000000e+00 9.995044507505680409e-01 -3.147781647137627703e-02 -0.000000000000000000e+00 0.000000000000000000e+00 0.000000000000000000e+00 1.000000000000000000e+00
3.600106777957124415e-01 -6.285747756916883200e-02 -9.980225135304521267e-01 0.000000000000000000e+00 9.980225135304521267e-01 -6.285747756916883200e-02 -0.000000000000000000e+00 0.000000000000000000e+00 0.000000000000000000e+00 1.000000000000000000e+00
3.650106777957118909e-01 -9.417510592547585768e-02 -9.955556485822001367e-01 0.000000000000000000e+00 9.955556485822001367e-01 -9.417510592547585768e-02 -0.000000000000000000e+00 0.000000000000000000e+00 0.000000000000000000e+00 1.000000000000000000e+00
3.700106777957113402e-01 -1.253997948221323711e-01 -9.921062904036880292e-01 0.000000000000000000e+00 9.921062904036880292e-01 -1.253997948221323711e-01 -0.000000000000000000e+00 0.000000000000000000e+00 0.000000000000000000e+00 1.000000000000000000e+00
3.750106777957107895e-01 -1.565007292610005873e-01 -9.876778430949917365e-01 0.000000000000000000e+00 9.876778430949917365e-01 -1.565007292610005873e-01 -0.000000000000000000e+00 0.000000000000000000e+00 0.000000000000000000e+00 1.000000000000000000e+00
3.800106777957102389e-01 -1.874472163746502551e-01 -9.822746769989518789e-01 0.000000000000000000e+00 9.822746769989518789e-01 -1.874472163746502551e-01 -0.000000000000000000e+00 0.000000000000000000e+00 0.000000000000000000e+00 1.000000000000000000e+00
3.850506777957098392e-01 -2.184539797778733139e-01 -9.758472517352337894e-01 0.000000000000000000e+00 9.758472517352337894e-01 -2.184539797778733139e-01 -0.000000000000000000e+00 0.000000000000000000e+00 0.000000000000000000e+00 1.000000000000000000e+00
3.901258777957097856e-01 -2.494558748157280625e-01 -9.683861660101926727e-01 0.000000000000000000e+00 9.683861660101926727e-01 -2.494558748157280625e-01 -0.000000000000000000e+00 0.000000000000000000e+00 0.000000000000000000e+00 1.000000000000000000e+00
3.950788377957093478e-01 -2.794667556495767924e-01 -9.601553689308308659e-01 0.000000000000000000e+00 9.601553689308308659e-01 -2.794667556495767924e-01 -0.000000000000000000e+00 0.000000000000000000e+00 0.000000000000000000e+00 1.000000000000000000e+00
4.000788377957087971e-01 -3.094880646469334584e-01 -9.509033272846907359e-01 0.000000000000000000e+00 9.509033272846907359e-01 -3.094880646469334584e-01 -0.000000000000000000e+00 0.000000000000000000e+00 0.000000000000000000e+00 1.000000000000000000e+00
4.050788377957082464e-01 -3.392039462894305135e-01 -9.407128588584707796e-01 0.000000000000000000e+00 9.407128588584707796e-01 -3.392039462894305135e-01 -0.000000000000000000e+00 0.000000000000000000e+00 0.000000000000000000e+00 1.000000000000000000e+00
4.100788377957076958e-01 -3.685850745895282721e-01 -9.295940204141976970e-01 0.000000000000000000e+00 9.295940204141976970e-01 -3.685850745895282721e-01 -0.000000000000000000e+00 0.000000000000000000e+00 0.000000000000000000e+00 1.000000000000000000e+00
4.150788377957071451e-01 -3.976024539208220521e-01 -9.175577849030220889e-01 0.000000000000000000e+00 9.175577849030220889e-01 -3.976024539208220521e-01 -0.000000000000000000e+00 0.000000000000000000e+00 0.000000000000000000e+00 1.000000000000000000e+00
4.200788377957065944e-01 -4.262274476332220119e-01 -9.046160306362411863e-01 0.000000000000000000e+00 9.046160306362411863e-01 -4.262274476332220119e-01 -0.000000000000000000e+00 0.000000000000000000e+00 0.000000000000000000e+00 1.000000000000000000e+00
4.250788377957060438e-01 -4.544318063138710895e-01 -8.907815295628396246e-01 0.000000000000000000e+00 8.907815295628396246e-01 -4.544318063138710895e-01 -0.000000000000000000e+00 0.000000000000000000e+00 0.000000000000000000e+00 1.000000000000000000e+00
4.300788377957054931e-01 -4.821876956659056912e-01 -8.760679346651170096e-01 0.000000000000000000e+00 8.760679346651170096e-01 -4.821876956659056912e-01 -0.000000000000000000e+00 0.000000000000000000e+00 0.000000000000000000e+00 1.000000000000000000e+00
4.351188377957055375e-01 -5.096839725511970176e-01 -8.603616961048594636e-01 0.000000000000000000e+00 8.603616961048594636e-01 -5.096839725511970176e-01 -0.000000000000000000e+00 0.000000000000000000e+00 0.000000000000000000e+00 1.000000000000000000e+00
4.401188377957049869e-01 -5.364570882345852665e-01 -8.439275990764079083e-01 0.000000000000000000e+00 8.439275990764079083e-01 -5.364570882345852665e-01 -0.000000000000000000e+00 0.000000000000000000e+00 0.000000000000000000e+00 1.000000000000000000e+00
4.451188377957044362e-01 -5.627007855391360502e-01 -8.266606473962814228e-01 0.000000000000000000e+00 8.266606473962814228e-01 -5.627007855391360502e-01 -0.000000000000000000e+00 0.000000000000000000e+00 0.000000000000000000e+00 1.000000000000000000e+00
4.500308377957042971e-01 -5.879419960549333579e-01 -8.089030901628084802e-01 0.000000000000000000e+00 8.089030901628084802e-01 -5.879419960549333579e-01 -0.000000000000000000e+00 0.000000000000000000e+00 0.000000000000000000e+00 1.000000000000000000e+00
4.551988377957039145e-01 -6.138937431605223649e-01 -7.893886698631813470e-01 0.000000000000000000e+00 7.893886698631813470e-01 -6.138937431605223649e-01 -0.000000000000000000e+00 0.000000000000000000e+00 0.000000000000000000e+00 1.000000000000000000e+00
4.601988377957033638e-01 -6.383861209844915452e-01 -7.697162857406448788e-01 0.000000000000000000e+00 7.697162857406448788e-01 -6.383861209844915452e-01 -0.000000000000000000e+00 0.000000000000000000e+00 0.000000000000000000e+00 1.000000000000000000e+00
4.651988377957028131e-01 -6.622484887803393727e-01 -7.492842845730562917e-01 0.000000000000000000e+00 7.492842845730562917e-01 -6.622484887803393727e-01 -0.000000000000000000e+00 0.000000000000000000e+00 0.000000000000000000e+00 1.000000000000000000e+00
4.701988377957022625e-01 -6.854572972719903401e-01 -7.281128302787819306e-01 0.000000000000000000e+00 7.281128302787819306e-01 -6.854572972719903401e-01 -0.000000000000000000e+00 0.000000000000000000e+00 0.000000000000000000e+00 1.000000000000000000e+00
4.751988377957017118e-01 -7.079896421674964913e-01 -7.062228165271497993e-01 0.000000000000000000e+00 7.062228165271497993e-01 -7.079896421674964913e-01 -0.000000000000000000e+00 0.000000000000000000e+00 0.000000000000000000e+00 1.000000000000000000e+00
4.801988377957011611e-01 -7.298232867628084986e-01 -6.836358461189198099e-01 0.000000000000000000e+00 6.836358461189198099e-01 -7.298232867628084986e-01 -0.000000000000000000e+00 0.000000000000000000e+00 0.000000000000000000e+00 1.000000000000000000e+00
4.851428377957008320e-01 -7.507042792091538352e-01 -6.606383921458582886e-01 0.000000000000000000e+00 6.606383921458582886e-01 -7.507042792091538352e-01 -0.000000000000000000e+00 0.000000000000000000e+00 0.000000000000000000e+00 1.000000000000000000e+00
4.901828377957012095e-01 -7.712450092430750415e-01 -6.365384008193446519e-01 0.000000000000000000e+00 6.365384008193446519e-01 -7.712450092430750415e-01 -0.000000000000000000e+00 0.000000000000000000e+00 0.000000000000000000e+00 1.000000000000000000e+00
4.951428377957006743e-01 -7.907047636600638141e-01 -6.121976614830235697e-01 0.000000000000000000e+00 6.121976614830235697e-01 -7.907047636600638141e-01 -0.000000000000000000e+00 0.000000000000000000e+00 0.000000000000000000e+00 1.000000000000000000e+00
5.000628377957007098e-01 -8.092490015761226729e-01 -5.874657891724832659e-01 0.000000000000000000e+00 5.874657891724832659e-01 -8.092490015761226729e-01 -0.000000000000000000e+00 0.000000000000000000e+00 0.000000000000000000e+00 1.000000000000000000e+00
5.050628377957001591e-01 -8.273024324150901609e-01 -5.617567848456084256e-01 0.000000000000000000e+00 5.617567848456084256e-01 -8.273024324150901609e-01 -0.000000000000000000e+00 0.000000000000000000e+00 0.000000000000000000e+00 1.000000000000000000e+00
5.101028377957002036e-01 -8.446739731295287434e-01 -5.352811215777890652e-01 0.000000000000000000e+00 5.352811215777890652e-01 -8.446739731295287434e-01 -0.000000000000000000e+00 0.000000000000000000e+00 0.000000000000000000e+00 1.000000000000000000e+00
5.151348377956995739e-01 -8.611729834605683642e-01 -5.083120031610732781e-01 0.000000000000000000e+00 5.083120031610732781e-01 -8.611729834605683642e-01 -0.000000000000000000e+00 0.000000000000000000e+00 0.000000000000000000e+00 1.000000000000000000e+00
5.201348377956990232e-01 -8.767145124463792127e-01 -4.810110847640695630e-01 0.000000000000000000e+00 4.810110847640695630e-01 -8.767145124463792127e-01 -0.000000000000000000e+00 0.000000000000000000e+00 0.000000000000000000e+00 1.000000000000000000e+00
5.251348377956984725e-01 -8.913908300554318487e-01 -4.532354664995755233e-01 0.000000000000000000e+00 4.532354664995755233e-01 -8.913908300554318487e-01 -0.000000000000000000e+00 0.000000000000000000e+00 0.000000000000000000e+00 1.000000000000000000e+00
5.301348377956979219e-01 -9.051874525341390143e-01 -4.250125595494275155e-01 0.000000000000000000e+00 4.250125595494275155e-01 -9.051874525341390143e-01 -0.000000000000000000e+00 0.000000000000000000e+00 0.000000000000000000e+00 1.000000000000000000e+00
5.351348377956973712e-01 -9.180907642818005865e-01 -3.963702165153928370e-01 0.000000000000000000e+00 3.963702165153928370e-01 -9.180907642818005865e-01 -0.000000000000000000e+00 0.000000000000000000e+00 0.000000000000000000e+00 1.000000000000000000e+00
5.401348377956968205e-01 -9.300880312875572375e-01 -3.673367039320133420e-01 0.000000000000000000e+00 3.673367039320133420e-01 -9.300880312875572375e-01 -0.000000000000000000e+00 0.000000000000000000e+00 0.000000000000000000e+00 1.000000000000000000e+00
5.451348377956962699e-01 -9.411674136973223748e-01 -3.379406743709511551e-01 0.000000000000000000e+00 3.379406743709511551e-01 -9.411674136973223748e-01 -0.000000000000000000e+00 0.000000000000000000e+00 0.000000000000000000e+00 1.000000000000000000e+00
5.501348377956957192e-01 -9.513179774982871706e-01 -3.082111381643565795e-01 0.000000000000000000e+00 3.082111381643565795e-01 -9.513179774982871706e-01 -0.000000000000000000e+00 0.000000000000000000e+00 0.000000000000000000e+00 1.000000000000000000e+00
5.551348377956951685e-01 -9.605297053094730142e-01 -2.781774347751754806e-01 0.000000000000000000e+00 2.781774347751754806e-01 -9.605297053094730142e-01 -0.000000000000000000e+00 0.000000000000000000e+00 0.000000000000000000e+00 1.000000000000000000e+00
5.601348377956946178e-01 -9.687935062676751308e-01 -2.478692038426404676e-01 0.000000000000000000e+00 2.478692038426404676e-01 -9.687935062676751308e-01 -0.000000000000000000e+00 0.000000000000000000e+00 0.000000000000000000e+00 1.000000000000000000e+00
5.651348377956940672e-01 -9.761012249990488332e-01 -2.173163559315240412e-01 0.000000000000000000e+00 2.173163559315240412e-01 -9.761012249990488332e-01 -0.000000000000000000e+00 0.000000000000000000e+00 0.000000000000000000e+00 1.000000000000000000e+00
5.701348377956935165e-01 -9.824456496674772721e-01 -1.865490430140252787e-01 0.000000000000000000e+00 1.865490430140252787e-01 -9.824456496674772721e-01 -0.000000000000000000e+00 0.000000000000000000e+00 0.000000000000000000e+00 1.000000000000000000e+00
5.751348377956929658e-01 -9.878205190917850320e-01 -1.555976287134101799e-01 0.000000000000000000e+00 1.555976287134101799e-01 -9.878205190917850320e-01 -0.000000000000000000e+00 0.000000000000000000e+00 0.000000000000000000e+00 1.000000000000000000e+00
5.801348377956924152e-01 -9.922205289247658655e-01 -1.244926583387843955e-01 0.000000000000000000e+00 1.244926583387843955e-01 -9.922205289247658655e-01 -0.000000000000000000e+00 0.000000000000000000e+00 0.000000000000000000e+00 1.000000000000000000e+00
5.851348377956918645e-01 -9.956413368879346582e-01 -9.326482874055944117e-02 0.000000000000000000e+00 9.326482874055944117e-02 -9.956413368879346582e-01 -0.000000000000000000e+00 0.000000000000000000e+00 0.000000000000000000e+00 1.000000000000000000e+00
5.901348377956913138e-01 -9.980795670568306521e-01 -6.194495801636638876e-02 0.000000000000000000e+00 6.194495801636638876e-02 -9.980795670568306521e-01 -0.000000000000000000e+00 0.000000000000000000e+00 0.000000000000000000e+00 1.000000000000000000e+00
5.951348377956907632e-01 -9.995328131926483062e-01 -3.056395509731704013e-02 0.000000000000000000e+00 3.056395509731704013e-02 -9.995328131926483062e-01 -0.000000000000000000e+00 0.000000000000000000e+00 0.000000000000000000e+00 1.000000000000000000e+00
6.001348377956902125e-01 -9.999996411169034261e-01 8.472107553827728675e-04 0.000000000000000000e+00 -8.472107553827728675e-04 -9.999996411169034261e-01 -0.000000000000000000e+00 0.000000000000000000e+00 -0.000000000000000000e+00 1.000000000000000000e+00
6.051348377956896618e-01 -9.994795901267967686e-01 3.225754051335201489e-02 0.000000000000000000e+00 -3.225754051335201489e-02 -9.994795901267967686e-01 -0.000000000000000000e+00 0.000000000000000000e+00 -0.000000000000000000e+00 1.000000000000000000e+00
6.101348377956891111e-01 -9.979731734498681339e-01 6.363603597333421236e-02 0.000000000000000000e+00 -6.363603597333421236e-02 -9.979731734498681339e-01 -0.000000000000000000e+00 0.000000000000000000e+00 -0.000000000000000000e+00 1.000000000000000000e+00
6.151348377956885605e-01 -9.954818777375059602e-01 9.495173034868291395e-02 0.000000000000000000e+00 -9.495173034868291395e-02 -9.954818777375059602e-01 -0.000000000000000000e+00 0.000000000000000000e+00 -0.000000000000000000e+00 1.000000000000000000e+00
6.200724377956886579e-01 -9.920575543772763849e-01 1.257847717451411051e-01 0.000000000000000000e+00 -1.257847717451411051e-01 -9.920575543772763849e-01 -0.000000000000000000e+00 0.000000000000000000e+00 -0.000000000000000000e+00 1.000000000000000000e+00
6.250393497956889810e-01 -9.876496332284154800e-01 1.566786583545331513e-01 0.000000000000000000e+00 -1.566786583545331513e-01 -9.876496332284154800e-01 -0.000000000000000000e+00 0.000000000000000000e+00 -0.000000000000000000e+00 1.000000000000000000e+00
6.300393497956884303e-01 -9.822408921643519530e-01 1.876241715775933128e-01 0.000000000000000000e+00 -1.876241715775933128e-01 -9.822408921643519530e-01 -0.000000000000000000e+00 0.000000000000000000e+00 -0.000000000000000000e+00 1.000000000000000000e+00
6.350393497956878797e-01 -9.758627979271026209e-01 2.183845223954467840e-01 0.000000000000000000e+00 -2.183845223954467840e-01 -9.758627979271026209e-01 -0.000000000000000000e+00 0.000000000000000000e+00 -0.000000000000000000e+00 1.000000000000000000e+00
6.400393497956873290e-01 -9.685216449256426330e-01 2.489293540555793105e-01 0.000000000000000000e+00 -2.489293540555793105e-01 -9.685216449256426330e-01 -0.000000000000000000e+00 0.000000000000000000e+00 -0.000000000000000000e+00 1.000000000000000000e+00
6.450393497956867783e-01 -9.602246779916763231e-01 2.792285224968641399e-01 0.000000000000000000e+00 -2.792285224968641399e-01 -9.602246779916763231e-01 -0.000000000000000000e+00 0.000000000000000000e+00 -0.000000000000000000e+00 1.000000000000000000e+00
6.501593497956867918e-01 -9.507466443312171389e-01 3.099690602188067690e-01 0.000000000000000000e+00 -3.099690602188067690e-01 -9.507466443312171389e-01 -0.000000000000000000e+00 0.000000000000000000e+00 -0.000000000000000000e+00 1.000000000000000000e+00
6.551593497956862411e-01 -9.405411447825504645e-01 3.396797829885215836e-01 0.000000000000000000e+00 -3.396797829885215836e-01 -9.405411447825504645e-01 -0.000000000000000000e+00 0.000000000000000000e+00 -0.000000000000000000e+00 1.000000000000000000e+00
6.601593497956860235e-01 -9.294074446768918474e-01 3.690552828224656357e-01 0.000000000000000000e+00 -3.690552828224656357e-01 -9.294074446768918474e-01 -0.000000000000000000e+00 0.000000000000000000e+00 -0.000000000000000000e+00 1.000000000000000000e+00
6.650899097956862738e-01 -9.175301225028029695e-01 3.976662850934073457e-01 0.000000000000000000e+00 -3.976662850934073457e-01 -9.175301225028029695e-01 -0.000000000000000000e+00 0.000000000000000000e+00 -0.000000000000000000e+00 1.000000000000000000e+00
6.700035097956865693e-01 -9.048176626644287568e-01 4.257992453380816666e-01 0.000000000000000000e+00 -4.257992453380816666e-01 -9.048176626644287568e-01 -0.000000000000000000e+00 0.000000000000000000e+00 -0.000000000000000000e+00 1.000000000000000000e+00
6.751155097956859086e-01 -8.906767971165431286e-01 4.546370454309855424e-01 0.000000000000000000e+00 -4.546370454309855424e-01 -8.906767971165431286e-01 -0.000000000000000000e+00 0.000000000000000000e+00 -0.000000000000000000e+00 1.000000000000000000e+00
6.800105497956864253e-01 -8.762747444398902852e-01 4.818117601893964208e-01 0.000000000000000000e+00 -4.818117601893964208e-01 -8.762747444398902852e-01 -0.000000000000000000e+00 0.000000000000000000e+00 -0.000000000000000000e+00 1.000000000000000000e+00
6.851457561956871833e-01 -8.602754792696690744e-01 5.098294810692504120e-01 0.000000000000000000e+00 -5.098294810692504120e-01 -8.602754792696690744e-01 -0.000000000000000000e+00 0.000000000000000000e+00 -0.000000000000000000e+00 1.000000000000000000e+00
6.901457561956866327e-01 -8.438368542510162884e-01 5.365998168167304128e-01 0.000000000000000000e+00 -5.365998168167304128e-01 -8.438368542510162884e-01 -0.000000000000000000e+00 0.000000000000000000e+00 -0.000000000000000000e+00 1.000000000000000000e+00
6.951457561956860820e-01 -8.265654641348765264e-01 5.628405933294935437e-01 0.000000000000000000e+00 -5.628405933294935437e-01 -8.265654641348765264e-01 -0.000000000000000000e+00 0.000000000000000000e+00 -0.000000000000000000e+00 1.000000000000000000e+00
7.001457561956855313e-01 -8.084783536980935104e-01 5.885259141292080720e-01 0.000000000000000000e+00 -5.885259141292080720e-01 -8.084783536980935104e-01 -0.000000000000000000e+00 0.000000000000000000e+00 -0.000000000000000000e+00 1.000000000000000000e+00
7.051457561956849807e-01 -7.895933727349853104e-01 6.136304309052726946e-01 0.000000000000000000e+00 -6.136304309052726946e-01 -7.895933727349853104e-01 -0.000000000000000000e+00 0.000000000000000000e+00 -0.000000000000000000e+00 1.000000000000000000e+00
7.101457561956844300e-01 -7.699291584417510270e-01 6.381293685305337027e-01 0.000000000000000000e+00 -6.381293685305337027e-01 -7.699291584417510270e-01 -0.000000000000000000e+00 0.000000000000000000e+00 -0.000000000000000000e+00 1.000000000000000000e+00
7.151697561956846805e-01 -7.494052814730393086e-01 6.621115646930768595e-01 0.000000000000000000e+00 -6.621115646930768595e-01 -7.494052814730393086e-01 -0.000000000000000000e+00 0.000000000000000000e+00 -0.000000000000000000e+00 1.000000000000000000e+00
7.200839961956844171e-01 -7.286072468288998794e-01 6.849317337285597551e-01 0.000000000000000000e+00 -6.849317337285597551e-01 -7.286072468288998794e-01 -0.000000000000000000e+00 0.000000000000000000e+00 -0.000000000000000000e+00 1.000000000000000000e+00
7.251647897956851052e-01 -7.063742605142069308e-01 7.078385437958347737e-01 0.000000000000000000e+00 -7.078385437958347737e-01 -7.063742605142069308e-01 -0.000000000000000000e+00 0.000000000000000000e+00 -0.000000000000000000e+00 1.000000000000000000e+00
7.301647897956845545e-01 -6.837919614920601186e-01 7.296770199196636053e-01 0.000000000000000000e+00 -7.296770199196636053e-01 -6.837919614920601186e-01 -0.000000000000000000e+00 0.000000000000000000e+00 -0.000000000000000000e+00 1.000000000000000000e+00
7.351647897956840039e-01 -6.605348423591252960e-01 7.507953929198057930e-01 0.000000000000000000e+00 -7.507953929198057930e-01 -6.605348423591252960e-01 -0.000000000000000000e+00 0.000000000000000000e+00 -0.000000000000000000e+00 1.000000000000000000e+00
7.401647897956834532e-01 -6.366258550841195074e-01 7.711728215117632512e-01 0.000000000000000000e+00 -7.711728215117632512e-01 -6.366258550841195074e-01 -0.000000000000000000e+00 0.000000000000000000e+00 -0.000000000000000000e+00 1.000000000000000000e+00
7.451647897956829025e-01 -6.120885949509174973e-01 7.907891956337110839e-01 0.000000000000000000e+00 -7.907891956337110839e-01 -6.120885949509174973e-01 -0.000000000000000000e+00 0.000000000000000000e+00 -0.000000000000000000e+00 1.000000000000000000e+00
7.501647897956823519e-01 -5.869472772728506760e-01 8.096251562927052614e-01 0.000000000000000000e+00 -8.096251562927052614e-01 -5.869472772728506760e-01 -0.000000000000000000e+00 0.000000000000000000e+00 -0.000000000000000000e+00 1.000000000000000000e+00
7.551647897956818012e-01 -5.612267134951193226e-01 8.276621146696684361e-01 0.000000000000000000e+00 -8.276621146696684361e-01 -5.612267134951193226e-01 -0.000000000000000000e+00 0.000000000000000000e+00 -0.000000000000000000e+00 1.000000000000000000e+00
7.601647897956812505e-01 -5.349522867088906120e-01 8.448822704643108583e-01 0.000000000000000000e+00 -8.448822704643108583e-01 -5.349522867088906120e-01 -0.000000000000000000e+00 0.000000000000000000e+00 -0.000000000000000000e+00 1.000000000000000000e+00
7.651647897956806998e-01 -5.081499266012519112e-01 8.612686294618782101e-01 0.000000000000000000e+00 -8.612686294618782101e-01 -5.081499266012519112e-01 -0.000000000000000000e+00 0.000000000000000000e+00 -0.000000000000000000e+00 1.000000000000000000e+00
7.701647897956801492e-01 -4.808460838657419023e-01 8.768050203043887825e-01 0.000000000000000000e+00 -8.768050203043887825e-01 -4.808460838657419023e-01 -0.000000000000000000e+00 0.000000000000000000e+00 -0.000000000000000000e+00 1.000000000000000000e+00
7.751647897956795985e-01 -4.530677040987085569e-01 8.914761104498116762e-01 0.000000000000000000e+00 -8.914761104498116762e-01 -4.530677040987085569e-01 -0.000000000000000000e+00 0.000000000000000000e+00 -0.000000000000000000e+00 1.000000000000000000e+00
7.800175897956792559e-01 -4.256792875281346644e-01 9.048741040440595462e-01 0.000000000000000000e+00 -9.048741040440595462e-01 -4.256792875281346644e-01 -0.000000000000000000e+00 0.000000000000000000e+00 -0.000000000000000000e+00 1.000000000000000000e+00
7.851372621156799125e-01 -3.963562316961921073e-01 9.180968018654647178e-01 0.000000000000000000e+00 -9.180968018654647178e-01 -3.963562316961921073e-01 -0.000000000000000000e+00 0.000000000000000000e+00 -0.000000000000000000e+00 1.000000000000000000e+00
7.901593216356803673e-01 -3.671936180951253514e-01 9.301445300759507706e-01 0.000000000000000000e+00 -9.301445300759507706e-01 -3.671936180951253514e-01 -0.000000000000000000e+00 0.000000000000000000e+00 -0.000000000000000000e+00 1.000000000000000000e+00
7.951593216356798166e-01 -3.377958844684557649e-01 9.412193901722243350e-01 0.000000000000000000e+00 -9.412193901722243350e-01 -3.377958844684557649e-01 -0.000000000000000000e+00 0.000000000000000000e+00 -0.000000000000000000e+00 1.000000000000000000e+00
8.001593216356792659e-01 -3.080647870864063886e-01 9.513653803651924701e-01 0.000000000000000000e+00 -9.513653803651924701e-01 -3.080647870864063886e-01 -0.000000000000000000e+00 0.000000000000000000e+00 -0.000000000000000000e+00 1.000000000000000000e+00
8.051593216356787153e-01 -2.780296669526161613e-01 9.605724877874743939e-01 0.000000000000000000e+00 -9.605724877874743939e-01 -2.780296669526161613e-01 -0.000000000000000000e+00 0.000000000000000000e+00 -0.000000000000000000e+00 1.000000000000000000e+00
8.101593216356781646e-01 -2.477201651044713127e-01 9.688316261356324510e-01 0.000000000000000000e+00 -9.688316261356324510e-01 -2.477201651044713127e-01 -0.000000000000000000e+00 0.000000000000000000e+00 -0.000000000000000000e+00 1.000000000000000000e+00
8.150393216356778270e-01 -2.179021197457787495e-01 9.759706277395322482e-01 0.000000000000000000e+00 -9.759706277395322482e-01 -2.179021197457787495e-01 -0.000000000000000000e+00 0.000000000000000000e+00 -0.000000000000000000e+00 1.000000000000000000e+00
8.200793216356776494e-01 -1.868917266998857685e-01 9.823805181756890548e-01 0.000000000000000000e+00 -9.823805181756890548e-01 -1.868917266998857685e-01 -0.000000000000000000e+00 0.000000000000000000e+00 -0.000000000000000000e+00 1.000000000000000000e+00
8.250793216356770987e-01 -1.559421891351554512e-01 9.877661836931528327e-01 0.000000000000000000e+00 -9.877661836931528327e-01 -1.559421891351554512e-01 -0.000000000000000000e+00 0.000000000000000000e+00 -0.000000000000000000e+00 1.000000000000000000e+00
8.301193216356771432e-01 -1.245893902279412990e-01 9.922083873071370075e-01 0.000000000000000000e+00 -9.922083873071370075e-01 -1.245893902279412990e-01 -0.000000000000000000e+00 0.000000000000000000e+00 -0.000000000000000000e+00 1.000000000000000000e+00
8.350793216356764415e-01 -9.361212099892557426e-02 9.956087438356908681e-01 0.000000000000000000e+00 -9.956087438356908681e-01 -9.361212099892557426e-02 -0.000000000000000000e+00 0.000000000000000000e+00 -0.000000000000000000e+00 1.000000000000000000e+00
8.400790016356757262e-01 -6.229510939382707640e-02 9.980577735510159920e-01 0.000000000000000000e+00 -9.980577735510159920e-01 -6.229510939382707640e-02 -0.000000000000000000e+00 0.000000000000000000e+00 -0.000000000000000000e+00 1.000000000000000000e+00
8.450085176306937340e-01 -3.135726758897493249e-02 9.995082399707135856e-01 0.000000000000000000e+00 -9.995082399707135856e-01 -3.135726758897493249e-02 -0.000000000000000000e+00 0.000000000000000000e+00 -0.000000000000000000e+00 1.000000000000000000e+00
8.500791329313404088e-01 4.972068510257287655e-04 9.999998763926659651e-01 0.000000000000000000e+00 -9.999998763926659651e-01 4.972068510257287655e-04 -0.000000000000000000e+00 -0.000000000000000000e+00 0.000000000000000000e+00 1.000000000000000000e+00
8.551295710370446779e-01 3.222446569657445858e-02 9.994806570467338336e-01 0.000000000000000000e+00 -9.994806570467338336e-01 3.222446569657445858e-02 -0.000000000000000000e+00 -0.000000000000000000e+00 0.000000000000000000e+00 1.000000000000000000e+00
8.600146144990021835e-01 6.288216367300639154e-02 9.980209584431587455e-01 0.000000000000000000e+00 -9.980209584431587455e-01 6.288216367300639154e-02 -0.000000000000000000e+00 -0.000000000000000000e+00 0.000000000000000000e+00 1.000000000000000000e+00
8.650146144990016328e-01 9.419973100173949232e-02 9.955533188529882560e-01 0.000000000000000000e+00 -9.955533188529882560e-01 9.419973100173949232e-02 -0.000000000000000000e+00 -0.000000000000000000e+00 0.000000000000000000e+00 1.000000000000000000e+00
8.700768455390018863e-01 1.258122464015278552e-01 9.920540704293294709e-01 0.000000000000000000e+00 -9.920540704293294709e-01 1.258122464015278552e-01 -0.000000000000000000e+00 -0.000000000000000000e+00 0.000000000000000000e+00 1.000000000000000000e+00
8.750820259427146697e-01 1.569434832049287076e-01 9.876075855720753971e-01 0.000000000000000000e+00 -9.876075855720753971e-01 1.569434832049287076e-01 -0.000000000000000000e+00 -0.000000000000000000e+00 0.000000000000000000e+00 1.000000000000000000e+00
8.800916757967688353e-01 1.879470966603505322e-01 9.821791531370154260e-01 0.000000000000000000e+00 -9.821791531370154260e-01 1.879470966603505322e-01 -0.000000000000000000e+00 -0.000000000000000000e+00 0.000000000000000000e+00 1.000000000000000000e+00
8.850916757967682846e-01 2.187053488644567500e-01 9.757909460422742320e-01 0.000000000000000000e+00 -9.757909460422742320e-01 2.187053488644567500e-01 -0.000000000000000000e+00 -0.000000000000000000e+00 0.000000000000000000e+00 1.000000000000000000e+00
8.900916757967677340e-01 2.492477652938496768e-01 9.684397510924582786e-01 0.000000000000000000e+00 -9.684397510924582786e-01 2.492477652938496768e-01 -0.000000000000000000e+00 -0.000000000000000000e+00 0.000000000000000000e+00 1.000000000000000000e+00
8.950916757967671833e-01 2.795442042709450070e-01 9.601328230294621235e-01 0.000000000000000000e+00 -9.601328230294621235e-01 2.795442042709450070e-01 -0.000000000000000000e+00 -0.000000000000000000e+00 0.000000000000000000e+00 1.000000000000000000e+00
9.000916757967666326e-01 3.095647668682066089e-01 9.508783597883764260e-01 0.000000000000000000e+00 -9.508783597883764260e-01 3.095647668682066089e-01 -0.000000000000000000e+00 -0.000000000000000000e+00 0.000000000000000000e+00 1.000000000000000000e+00
9.051796757967675022e-01 3.397998986382096409e-01 9.404977559172922330e-01 0.000000000000000000e+00 -9.404977559172922330e-01 3.397998986382096409e-01 -0.000000000000000000e+00 -0.000000000000000000e+00 0.000000000000000000e+00 1.000000000000000000e+00
9.100779797967678553e-01 3.685800631741049105e-01 9.295960074304174814e-01 0.000000000000000000e+00 -9.295960074304174814e-01 3.685800631741049105e-01 -0.000000000000000000e+00 -0.000000000000000000e+00 0.000000000000000000e+00 1.000000000000000000e+00
9.151874325967687129e-01 3.982284305003994662e-01 9.172862787271965912e-01 0.000000000000000000e+00 -9.172862787271965912e-01 3.982284305003994662e-01 -0.000000000000000000e+00 -0.000000000000000000e+00 0.000000000000000000e+00 1.000000000000000000e+00
9.201874325967681623e-01 4.268445871160683192e-01 9.043249960327940373e-01 0.000000000000000000e+00 -9.043249960327940373e-01 4.268445871160683192e-01 -0.000000000000000000e+00 -0.000000000000000000e+00 0.000000000000000000e+00 1.000000000000000000e+00
9.251874325967676116e-01 4.550394996578243645e-01 8.904712537477874612e-01 0.000000000000000000e+00 -8.904712537477874612e-01 4.550394996578243645e-01 -0.000000000000000000e+00 -0.000000000000000000e+00 0.000000000000000000e+00 1.000000000000000000e+00
9.301874325967670609e-01 4.827853431510027993e-01 8.757387238432294829e-01 0.000000000000000000e+00 -8.757387238432294829e-01 4.827853431510027993e-01 -0.000000000000000000e+00 -0.000000000000000000e+00 0.000000000000000000e+00 1.000000000000000000e+00
9.351874325967665103e-01 5.100547357978729712e-01 8.601419455474554887e-01 0.000000000000000000e+00 -8.601419455474554887e-01 5.100547357978729712e-01 -0.000000000000000000e+00 -0.000000000000000000e+00 0.000000000000000000e+00 1.000000000000000000e+00
9.401874325967659596e-01 5.368207660001644843e-01 8.436963109976222119e-01 0.000000000000000000e+00 -8.436963109976222119e-01 5.368207660001644843e-01 -0.000000000000000000e+00 -0.000000000000000000e+00 0.000000000000000000e+00 1.000000000000000000e+00
9.451874325967654089e-01 5.630570189175705398e-01 8.264180500495246218e-01 0.000000000000000000e+00 -8.264180500495246218e-01 5.630570189175705398e-01 -0.000000000000000000e+00 -0.000000000000000000e+00 0.000000000000000000e+00 1.000000000000000000e+00
9.501874325967648582e-01 5.887376025360027132e-01 8.083242142606886782e-01 0.000000000000000000e+00 -8.083242142606886782e-01 5.887376025360027132e-01 -0.000000000000000000e+00 -0.000000000000000000e+00 0.000000000000000000e+00 1.000000000000000000e+00
9.551874325967643076e-01 6.138371732198848463e-01 7.894326600625420909e-01 0.000000000000000000e+00 -7.894326600625420909e-01 6.138371732198848463e-01 -0.000000000000000000e+00 -0.000000000000000000e+00 0.000000000000000000e+00 1.000000000000000000e+00
9.601874325967637569e-01 6.383309607232584559e-01 7.697620311382745717e-01 0.000000000000000000e+00 -7.697620311382745717e-01 6.383309607232584559e-01 -0.000000000000000000e+00 -0.000000000000000000e+00 0.000000000000000000e+00 1.000000000000000000e+00
9.651874325967632062e-01 6.621947926350292279e-01 7.493317400237698989e-01 0.000000000000000000e+00 -7.493317400237698989e-01 6.621947926350292279e-01 -0.000000000000000000e+00 -0.000000000000000000e+00 0.000000000000000000e+00 1.000000000000000000e+00
9.701874325967626556e-01 6.854051182342162374e-01 7.281619489497788145e-01 0.000000000000000000e+00 -7.281619489497788145e-01 6.854051182342162374e-01 -0.000000000000000000e+00 -0.000000000000000000e+00 0.000000000000000000e+00 1.000000000000000000e+00
9.751874325967621049e-01 7.079390317316682779e-01 7.062735499442324150e-01 0.000000000000000000e+00 -7.062735499442324150e-01 7.079390317316682779e-01 -0.000000000000000000e+00 -0.000000000000000000e+00 0.000000000000000000e+00 1.000000000000000000e+00
9.801874325967615542e-01 7.297742948753164205e-01 6.836881442143303289e-01 0.000000000000000000e+00 -6.836881442143303289e-01 7.297742948753164205e-01 -0.000000000000000000e+00 -0.000000000000000000e+00 0.000000000000000000e+00 1.000000000000000000e+00
9.851874325967610035e-01 7.508893588966416566e-01 6.604280208287580667e-01 0.000000000000000000e+00 -6.604280208287580667e-01 7.508893588966416566e-01 -0.000000000000000000e+00 -0.000000000000000000e+00 0.000000000000000000e+00 1.000000000000000000e+00
9.901874325967604529e-01 7.712633857767065004e-01 6.365161347210699372e-01 0.000000000000000000e+00 -6.365161347210699372e-01 7.712633857767065004e-01 -0.000000000000000000e+00 -0.000000000000000000e+00 0.000000000000000000e+00 1.000000000000000000e+00
9.951874325967599022e-01 7.908762688107668914e-01 6.119760840359365073e-01 0.000000000000000000e+00 -6.119760840359365073e-01 7.908762688107668914e-01 -0.000000000000000000e+00 -0.000000000000000000e+00 0.000000000000000000e+00 1.000000000000000000e+00
1.000000000000000000e+00 8.090169943749474513e-01 5.877852522924732481e-01 0.000000000000000000e+00 -5.877852522924732481e-01 8.090169943749474513e-01 -0.000000000000000000e+00 -0.000000000000000000e+00 0.000000000000000000e+00 1.000000000000000000e+00
