time torque_Nm angle_arcmin
0.000000000000000000e+00 0.000000000000000000e+00 0.000000000000000000e+00
1.012237021192913125e-04 3.239158467817321707e+01 6.091789870463924263e-03
2.016325817114230734e-04 6.452242614765538065e+01 4.768650278829802275e-02
3.015288561896481141e-04 9.648923398068738777e+01 1.595089711785694919e-01
4.028302027348360436e-04 1.289056648751475507e+02 3.795761471695657807e-01
5.007392012513511327e-04 1.602365444004323649e+02 6.826259770451154063e-01
6.001666071488160996e-04 1.920533142876211627e+02 9.661530742304490493e-01
7.009826545262660361e-04 2.243144494484050995e+02 1.087069381059702522e+00
8.005049506189539478e-04 2.561615841980652704e+02 1.203976735386806940e+00
9.016396741612434096e-04 2.885246957315978875e+02 1.315765050850008500e+00
1.006653395326285961e-03 3.221290865044115321e+02 1.418796445218326152e+00
1.100254080614498529e-03 3.520813057966395263e+02 1.489768234055510288e+00
1.202335155984460497e-03 3.847472499150273393e+02 1.545345477684429092e+00
1.300897379444119649e-03 4.162871614221182313e+02 1.585418967396659218e+00
1.403863155959833575e-03 4.492362099071467583e+02 1.623194606095000658e+00
1.501697523285257111e-03 4.805432074512822282e+02 1.658569889971911238e+00
1.601498786760736015e-03 5.124796117634355141e+02 1.694504372218194055e+00
1.704125380369865507e-03 5.453201217183569725e+02 1.731013777386226637e+00
1.803392416572370364e-03 5.770855733031585260e+02 1.764456500425979346e+00
1.903726100304262408e-03 6.091923520973639370e+02 1.796906905111520292e+00
2.001145900168136826e-03 6.403666880538037276e+02 1.826976872393697215e+00
2.100432146896865065e-03 6.721382870069968476e+02 1.852358902053973910e+00
2.202101263547081005e-03 7.046724043350659485e+02 1.882119374085983399e+00
2.300752078296746782e-03 7.362406650549589813e+02 1.915533060393439735e+00
2.403120170123944788e-03 7.689984544396622823e+02 1.953010021205135782e+00
2.503315084582743901e-03 8.010608270664780548e+02 1.989940389652342656e+00
2.602137465966756959e-03 8.326839891093621873e+02 2.025432267762083516e+00
2.700959847350770018e-03 8.643071511522464334e+02 2.059782541196824024e+00
2.803076308114250959e-03 8.969844185965602037e+02 2.094214111156204261e+00
2.900238473491016655e-03 9.280763115171251911e+02 2.126195447615299994e+00
3.006112820010595470e-03 9.619561024033904459e+02 2.160597315766516591e+00
3.105839623829037902e-03 9.938686796252922022e+02 2.192869938807818997e+00
3.202560962326924873e-03 1.024819507944615907e+03 2.224139249920753958e+00
3.300921645545116558e-03 1.056294926574437113e+03 2.255910175521996130e+00
3.409282328763308268e-03 1.090970345204258592e+03 2.290794618984726139e+00
3.509282328763308530e-03 1.122970345204258820e+03 2.322696999864970024e+00
3.609282328763308793e-03 1.154970345204258820e+03 2.354215191443641331e+00
3.709282328763309055e-03 1.186970345204259047e+03 2.385374057340698961e+00
3.809282328763309317e-03 1.218970345204259047e+03 2.416268455565864226e+00
3.909282328763309146e-03 1.250970345204258820e+03 2.447023958620389017e+00
4.009282328763305071e-03 1.282970345204257683e+03 2.477788212116896371e+00
4.109282328763300997e-03 1.314970345204256319e+03 2.508703015803445346e+00
4.209282328763296922e-03 1.346970345204254954e+03 2.539812775819111579e+00
4.309282328763292848e-03 1.378970345204253590e+03 2.571195407020874679e+00
4.409282328763288773e-03 1.410970345204252453e+03 2.602778515976898355e+00
4.509282328763284699e-03 1.442970345204251089e+03 2.634437000843306897e+00
4.609282328763280624e-03 1.474970345204249725e+03 2.666036577932027196e+00
4.709282328763276550e-03 1.506970345204248360e+03 2.697435870686255122e+00
4.809282328763272475e-03 1.538970345204247224e+03 2.728497100778743967e+00
4.909282328763268401e-03 1.570970345204245859e+03 2.759134280836449626e+00
5.009282328763264326e-03 1.602970345204244495e+03 2.789299301270673492e+00
5.109282328763260252e-03 1.634970345204243358e+03 2.818975977322012660e+00
5.209282328763256177e-03 1.666970345204241994e+03 2.848325694242270778e+00
5.309282328763252103e-03 1.698970345204240630e+03 2.877540865607732812e+00
5.409282328763248028e-03 1.730970345204239266e+03 2.906727263172878217e+00
5.509282328763243954e-03 1.762970345204238129e+03 2.936003525489522481e+00
5.609282328763239879e-03 1.794970345204236764e+03 2.965455011941937169e+00
5.709282328763235805e-03 1.826970345204235400e+03 2.995097195439771376e+00
5.801282328763234138e-03 1.856410345204235000e+03 3.022679136633715125e+00
5.902402328763238157e-03 1.888768745204235984e+03 3.055146290466417724e+00
6.002242328763241104e-03 1.920717545204237013e+03 3.087558602379462780e+00
6.103618328763243950e-03 1.953157865204238078e+03 3.120062004304319458e+00
6.204994328763246796e-03 1.985598185204239144e+03 3.151671772323670684e+00
6.307154328763248975e-03 2.018289385204239807e+03 3.182493841835726922e+00
6.406354328763251386e-03 2.050033385204240403e+03 3.211477736014679341e+00
6.503154328763252438e-03 2.081009385204240516e+03 3.239059757106729442e+00
6.603154328763248364e-03 2.113009385204239152e+03 3.267111590148632949e+00
6.703154328763244289e-03 2.145009385204238242e+03 3.294998896038751734e+00
6.803154328763240215e-03 2.177009385204236878e+03 3.322976167529458014e+00
6.903154328763236140e-03 2.209009385204235514e+03 3.351188182782813385e+00
7.003154328763232066e-03 2.241009385204234150e+03 3.379680463403408552e+00
7.103154328763227991e-03 2.273009385204232785e+03 3.408384175398293969e+00
7.203154328763223917e-03 2.305009385204231421e+03 3.437095305598361961e+00
7.303154328763219842e-03 2.337009385204230057e+03 3.465634785333736367e+00
7.403154328763215768e-03 2.369009385204228693e+03 3.493847586247829096e+00
7.503154328763211693e-03 2.401009385204227783e+03 3.521617835867289159e+00
7.603154328763207619e-03 2.433009385204226419e+03 3.548911378791130833e+00
7.703154328763203544e-03 2.465009385204225055e+03 3.575775242050141411e+00
7.803154328763199470e-03 2.497009385204223690e+03 3.602334991044728429e+00
7.903154328763196262e-03 2.529009385204222781e+03 3.628760382039080135e+00
8.003154328763192188e-03 2.561009385204221417e+03 3.655247831988445384e+00
8.103154328763188113e-03 2.593009385204220052e+03 3.681961283553338848e+00
8.203154328763184039e-03 2.625009385204218688e+03 3.708977825948480245e+00
8.303154328763179964e-03 2.657009385204217324e+03 3.736371852275564898e+00
8.403154328763175890e-03 2.689009385204216414e+03 3.764040840181194447e+00
8.503154328763171815e-03 2.721009385204215050e+03 3.791848736901248795e+00
8.603154328763167741e-03 2.753009385204213686e+03 3.819609703489169394e+00
8.703154328763163666e-03 2.785009385204212322e+03 3.847197398332416807e+00
8.803154328763159592e-03 2.817009385204210957e+03 3.874462548065775724e+00
8.903154328763155517e-03 2.849009385204209593e+03 3.901322243254700339e+00
9.003154328763151443e-03 2.881009385204208229e+03 3.927757463824424811e+00
9.103154328763147368e-03 2.913009385204206865e+03 3.953831869637281393e+00
9.203154328763143294e-03 2.945009385204205955e+03 3.979695926050639709e+00
9.303154328763139219e-03 2.977009385204204591e+03 4.005537814412456044e+00
9.403154328763135145e-03 3.009009385204203227e+03 4.031538178575826414e+00
9.503154328763131070e-03 3.041009385204201863e+03 4.057830915619855539e+00
9.603154328763126996e-03 3.073009385204200498e+03 4.084443217409166493e+00
9.703154328763122921e-03 3.105009385204199134e+03 4.111346302702391320e+00
9.803154328763118847e-03 3.137009385204197770e+03 4.138419916299947765e+00
9.903154328763114772e-03 3.169009385204196406e+03 4.165453107811297073e+00
1.000315432876311070e-02 3.198990614795804504e+03 4.192289950033904589e+00
1.010315432876310662e-02 3.166990614795805868e+03 4.213598688554426097e+00
1.020315432876310255e-02 3.134990614795807232e+03 4.222888626685888269e+00
1.030315432876309847e-02 3.102990614795808597e+03 4.222092449827189675e+00
1.040315432876309440e-02 3.070990614795809961e+03 4.213600202612040491e+00
1.050315432876309032e-02 3.038990614795811325e+03 4.199395364938266262e+00
1.060315432876308625e-02 3.006990614795812689e+03 4.180955314176070026e+00
1.070315432876308218e-02 2.974990614795814054e+03 4.159404722291994538e+00
1.080315432876307810e-02 2.942990614795814963e+03 4.135631081481446536e+00
1.090315432876307403e-02 2.910990614795816327e+03 4.110444701589022642e+00
1.100315432876306995e-02 2.878990614795817692e+03 4.084330170757988654e+00
1.110315432876306588e-02 2.846990614795819056e+03 4.057508844467457187e+00
1.120315432876306180e-02 2.814990614795819965e+03 4.030082485348293275e+00
1.130315432876305773e-02 2.782990614795821784e+03 4.002231147375058917e+00
1.140315432876305365e-02 2.750990614795823149e+03 3.973944557327997895e+00
1.150315432876304958e-02 2.718990614795824058e+03 3.945197648776740174e+00
1.160315432876304551e-02 2.686990614795825422e+03 3.916136912400749015e+00
1.170315432876304143e-02 2.654990614795826787e+03 3.886865349352846888e+00
1.180315432876303736e-02 2.622990614795828151e+03 3.857523412633491855e+00
1.190315432876303328e-02 2.590990614795829515e+03 3.828391633206878364e+00
1.200315432876302921e-02 2.558990614795830425e+03 3.799737270304275327e+00
1.210315432876302513e-02 2.526990614795831789e+03 3.771669061846591564e+00
1.220315432876302106e-02 2.494990614795833608e+03 3.744212027275093391e+00
1.230315432876301698e-02 2.462990614795834517e+03 3.717312525556446090e+00
1.240315432876301291e-02 2.430990614795835882e+03 3.690841904654588390e+00
1.250315432876300883e-02 2.398990614795837246e+03 3.664604036877079807e+00
1.260315432876300476e-02 2.366990614795838610e+03 3.638381485119750458e+00
1.270315432876300069e-02 2.334990614795839974e+03 3.611995039769070992e+00
1.280315432876299661e-02 2.302990614795841338e+03 3.585285083043718846e+00
1.290315432876299254e-02 2.270990614795842248e+03 3.558139142659766829e+00
1.300315432876298846e-02 2.238990614795843612e+03 3.530553846158325459e+00
1.310315432876298439e-02 2.206990614795844976e+03 3.502613334143771517e+00
1.320315432876298031e-02 2.174990614795846341e+03 3.474465511482028646e+00
1.330315432876297624e-02 2.142990614795847705e+03 3.446301676903970268e+00
1.340315432876297216e-02 2.110990614795849069e+03 3.418311820794702083e+00
1.350315432876296809e-02 2.078990614795850433e+03 3.390630124136723378e+00
1.360315432876296401e-02 2.046990614795851798e+03 3.363305620846289035e+00
1.370315432876295994e-02 2.014990614795852935e+03 3.336318601030637154e+00
1.380315432876295587e-02 1.982990614795854299e+03 3.309559977128256225e+00
1.390315432876295179e-02 1.950990614795855208e+03 3.282836964126707446e+00
1.400315432876294772e-02 1.918990614795856800e+03 3.255934002990935827e+00
1.410315432876294364e-02 1.886990614795858164e+03 3.228671870033507307e+00
1.420315432876293957e-02 1.854990614795859528e+03 3.200939118283749885e+00
1.430315432876293549e-02 1.822990614795860893e+03 3.172737613550767222e+00
1.440315432876293142e-02 1.790990614795862257e+03 3.144170477975031908e+00
1.450315432876292734e-02 1.758990614795863394e+03 3.114453905775594666e+00
1.460315432876292327e-02 1.726990614795864758e+03 3.083647643916903824e+00
1.470315432876291920e-02 1.694990614795865667e+03 3.053042094928155592e+00
1.480315432876291512e-02 1.662990614795867032e+03 3.023088816907427478e+00
1.490315432876291105e-02 1.630990614795868623e+03 2.993858637913012100e+00
1.500315432876290697e-02 1.598990614795869988e+03 2.965286310394402935e+00
1.510315432876290290e-02 1.566990614795871352e+03 2.937213203912131920e+00
1.520315432876289882e-02 1.534990614795872261e+03 2.909397357623907610e+00
1.530315432876289475e-02 1.502990614795873626e+03 2.881581400805092397e+00
1.540315432876289067e-02 1.470990614795875217e+03 2.853522065100740690e+00
1.550315432876288660e-02 1.438990614795876581e+03 2.825039520884077060e+00
1.560315432876288252e-02 1.406990614795877491e+03 2.796051286959627014e+00
1.570315432876287845e-02 1.374990614795878855e+03 2.766593331995615301e+00
1.580315432876287438e-02 1.342990614795880447e+03 2.736784039023662185e+00
1.590315432876287030e-02 1.310990614795881811e+03 2.706791642879499360e+00
1.600315432876286623e-02 1.278990614795882721e+03 2.676801559551893472e+00
1.610315432876286215e-02 1.246990614795884085e+03 2.647004635055966837e+00
1.620315432876285808e-02 1.214990614795885449e+03 2.617535372111575054e+00
1.630315432876285400e-02 1.182990614795887041e+03 2.588432527320357668e+00
1.640315432876284993e-02 1.150990614795887950e+03 2.559630500235790418e+00
1.650315432876284585e-02 1.118990614795889314e+03 2.530974727566316140e+00
1.660315432876284178e-02 1.086990614795890679e+03 2.502256936172940094e+00
1.670315432876283770e-02 1.054990614795892270e+03 2.473262152238202116e+00
1.680315432876283363e-02 1.022990614795893180e+03 2.443816821537082795e+00
1.690315432876282956e-02 9.909906147958945439e+02 2.413827093920731137e+00
1.700315432876282548e-02 9.589906147958960219e+02 2.383293973449329251e+00
1.710315432876282141e-02 9.269906147958973861e+02 2.352277279664772180e+00
1.720315432876281733e-02 8.949906147958984093e+02 2.320932182456907800e+00
1.730315432876281326e-02 8.629906147958997735e+02 2.289451436694828868e+00
1.740315432876280918e-02 8.309906147959011378e+02 2.258021957029901827e+00
1.750315432876280511e-02 7.989906147959026157e+02 2.226792043475511740e+00
1.760315432876280103e-02 7.669906147959036389e+02 2.195829280235402692e+00
1.770315432876279696e-02 7.349906147959050031e+02 2.165089526723697144e+00
1.780315432876279289e-02 7.029906147959063674e+02 2.134406930577264383e+00
1.790315432876278881e-02 6.709906147959078453e+02 2.103611836143090663e+00
1.800315432876278474e-02 6.389906147959088685e+02 2.072491431532777817e+00
1.810315432876278066e-02 6.069906147959102327e+02 2.040746532637525146e+00
1.820315432876277659e-02 5.749906147959115970e+02 2.008194458595703225e+00
1.830315432876277251e-02 5.429906147959129612e+02 1.974686470610697686e+00
1.840315432876276844e-02 5.109906147959140412e+02 1.940145705235764684e+00
1.850315432876276436e-02 4.789906147959154623e+02 1.904726050035911111e+00
1.860315432876276029e-02 4.469906147959168266e+02 1.868611596144402753e+00
1.870315432876275621e-02 4.149906147959182476e+02 1.831934998041114149e+00
1.880315432876275214e-02 3.829906147959192708e+02 1.794902366627232126e+00
1.890315432876274807e-02 3.509906147959206919e+02 1.757804839007586439e+00
1.900315432876274399e-02 3.189906147959220561e+02 1.720748707378246367e+00
1.910315432876273992e-02 2.869906147959234204e+02 1.683738957228599009e+00
1.920315432876273584e-02 2.549906147959245004e+02 1.646307798976473613e+00
1.930315432876273177e-02 2.229906147959258647e+02 1.607831029570708337e+00
1.940315432876272769e-02 1.909906147959272857e+02 1.567597260473299281e+00
1.950315432876272362e-02 1.589906147959286500e+02 1.524734005321922492e+00
1.960315432876271954e-02 1.269906147959297016e+02 1.477521767289821986e+00
1.970315432876271547e-02 9.499061479593109425e+01 1.425051978926328733e+00
1.980315432876271139e-02 6.299061479593248691e+01 1.366999651839913454e+00
1.990315432876270732e-02 3.099061479593387958e+01 1.302216428548858884e+00
2.000315432876270325e-02 -1.009385204064905395e+00 1.230433060649126720e+00
2.010315432876269917e-02 -3.300938520406360510e+01 1.151317439514858876e+00
2.020315432876269510e-02 -6.500938520406229770e+01 1.058086783827840938e+00
2.030315432876269102e-02 -9.700938520406099030e+01 9.315322122417191153e-01
2.040206715820271077e-02 -1.286614906248673265e+02 7.513370055143702153e-01
2.050130985587762106e-02 -1.604191538808385928e+02 4.864879609566998275e-01
2.060008018048798545e-02 -1.920256577561551978e+02 9.567837843365230299e-02
2.070007123622868636e-02 -2.240227955931794952e+02 -4.497873470515328376e-01
2.080017302048893513e-02 -2.560553665564590915e+02 -1.081525386007068601e+00
2.090039346519671770e-02 -2.881259088629495295e+02 -1.471403431379123328e+00
2.100036117123720361e-02 -3.201155747959050473e+02 -1.612891836858483696e+00
2.110059519495844152e-02 -3.521904623867011423e+02 -1.681584006799412778e+00
2.120088909061714627e-02 -3.842845089974866823e+02 -1.717869510375338082e+00
2.130295338142745853e-02 -4.169450820567865321e+02 -1.754280765832395117e+00
2.140177890370014227e-02 -4.485692491840454181e+02 -1.789086540377213153e+00
2.150158411424124907e-02 -4.805069165571995882e+02 -1.824129230750107578e+00
2.160218776646668018e-02 -5.127000852693374782e+02 -1.859314277632163392e+00
2.170615856133803825e-02 -5.459707396281720548e+02 -1.894565277186758490e+00
2.180478791821695642e-02 -5.775321338294259021e+02 -1.925620375825033204e+00
2.190333212744962482e-02 -6.090662807838797335e+02 -1.955689451707059545e+00
2.200469188551753760e-02 -6.415014033656118499e+02 -1.987037299582579353e+00
2.210094647756519551e-02 -6.723028728208623761e+02 -2.014875812416268452e+00
2.220067216152131137e-02 -7.042150916868195054e+02 -2.038512260086816852e+00
2.230143606420004893e-02 -7.364595405440154536e+02 -2.067646112234145850e+00
2.240106778819694888e-02 -7.683416922230234150e+02 -2.102450687191333323e+00
2.250269214667384096e-02 -8.008614869356289319e+02 -2.141879634036411240e+00
2.260703373398698784e-02 -8.342507948758360499e+02 -2.184011831027594219e+00
2.270094116256881484e-02 -8.643011720220206371e+02 -2.221220293562114811e+00
2.280484859115064142e-02 -8.975515491682051561e+02 -2.260557420187029543e+00
2.290084859115064722e-02 -9.282715491682068887e+02 -2.294843688359392786e+00
2.300164859115063840e-02 -9.605275491682041320e+02 -2.328730644957343277e+00
2.310609659115063150e-02 -9.939509091682019744e+02 -2.361815397981905207e+00
2.320060859115062601e-02 -1.024194749168200133e+03 -2.390371946847058560e+00
2.330060859115062194e-02 -1.056194749168198996e+03 -2.419718979032634110e+00
2.340060859115061787e-02 -1.088194749168197632e+03 -2.448584820146573637e+00
2.350060859115061379e-02 -1.120194749168196267e+03 -2.477498105609225121e+00
2.360060859115060972e-02 -1.152194749168194903e+03 -2.506947604566727161e+00
2.370060859115060564e-02 -1.184194749168193766e+03 -2.537086999925146191e+00
2.380060859115060157e-02 -1.216194749168192402e+03 -2.567815348480512405e+00
2.390060859115059749e-02 -1.248194749168191038e+03 -2.598880077161426438e+00
2.400060859115059342e-02 -1.280194749168189674e+03 -2.629973728929095866e+00
2.410060859115058934e-02 -1.312194749168188537e+03 -2.660807946350889353e+00
2.420060859115058527e-02 -1.344194749168187172e+03 -2.691142270829357308e+00
2.430060859115058119e-02 -1.376194749168185808e+03 -2.720868244456142282e+00
2.440060859115057712e-02 -1.408194749168184444e+03 -2.750029430860239543e+00
2.450060859115057305e-02 -1.440194749168183307e+03 -2.778808468072047511e+00
2.460060859115056897e-02 -1.472194749168181943e+03 -2.807460773019926581e+00
2.470060859115056490e-02 -1.504194749168180579e+03 -2.836383091024317071e+00
2.480060859115056082e-02 -1.536194749168179214e+03 -2.865832301361191270e+00
2.490060859115055675e-02 -1.568194749168178078e+03 -2.895938529082044521e+00
2.500060859115055267e-02 -1.600194749168176941e+03 -2.926681490986605461e+00
2.510060859115054860e-02 -1.632194749168175349e+03 -2.957900323320509894e+00
2.520060859115054452e-02 -1.664194749168173985e+03 -2.989308617533703583e+00
2.530060859115054045e-02 -1.696194749168172621e+03 -3.020536212376947471e+00
2.540060859115053638e-02 -1.728194749168171711e+03 -3.051266144993057594e+00
2.550060859115053230e-02 -1.760194749168170347e+03 -3.081266735130726353e+00
2.560060859115052823e-02 -1.792194749168168755e+03 -3.110426598570153800e+00
2.570060859115052415e-02 -1.824194749168167391e+03 -3.138741175214877721e+00
2.580060859115052008e-02 -1.856194749168166481e+03 -3.166375595877081395e+00
2.590060859115051600e-02 -1.888194749168165117e+03 -3.193661055146850725e+00
2.600260859115052434e-02 -1.920834749168167491e+03 -3.221530318552613625e+00
2.610660859115051038e-02 -1.954114749168163144e+03 -3.250350437441993368e+00
2.620300859115049646e-02 -1.984962749168158780e+03 -3.277651000007061555e+00
2.630300859115049239e-02 -2.016962749168157416e+03 -3.306645153057032438e+00
2.640300859115048832e-02 -2.048962749168155824e+03 -3.336202852549839726e+00
2.650300859115048424e-02 -2.080962749168154915e+03 -3.366052311021264565e+00
2.660300859115048017e-02 -2.112962749168153550e+03 -3.395840017028927349e+00
2.670300859115047609e-02 -2.144962749168152186e+03 -3.425239951908763292e+00
2.680300859115047202e-02 -2.176962749168150822e+03 -3.453973561230076594e+00
2.690300859115046794e-02 -2.208962749168149458e+03 -3.481889557500593924e+00
2.700300859115046387e-02 -2.240962749168148548e+03 -3.509015192889648027e+00
2.710300859115045979e-02 -2.272962749168146729e+03 -3.535513861615519282e+00
2.720300859115045572e-02 -2.304962749168145365e+03 -3.561657497461465205e+00
2.730300859115045164e-02 -2.336962749168144001e+03 -3.587804783962276645e+00
2.740300859115044757e-02 -2.368962749168143091e+03 -3.614297570145926120e+00
2.750300859115044350e-02 -2.400962749168141727e+03 -3.641383847424327413e+00
2.760300859115043942e-02 -2.432962749168140363e+03 -3.669160202250291380e+00
2.770300859115043535e-02 -2.464962749168138998e+03 -3.697548062252690393e+00
2.780300859115043127e-02 -2.496962749168138089e+03 -3.726331728160695800e+00
2.790300859115042720e-02 -2.528962749168136725e+03 -3.755177764082998859e+00
2.800300859115042312e-02 -2.560962749168134906e+03 -3.783726952916559583e+00
2.810300859115041905e-02 -2.592962749168133541e+03 -3.811687934566719616e+00
2.820300859115041497e-02 -2.624962749168132632e+03 -3.838891444884708459e+00
2.830300859115041090e-02 -2.656962749168131268e+03 -3.865322717913903361e+00
2.840300859115040683e-02 -2.688962749168129903e+03 -3.891124748254465970e+00
2.850300859115040275e-02 -2.720962749168128539e+03 -3.916568385218820225e+00
2.860300859115039868e-02 -2.752962749168127630e+03 -3.941994350687045401e+00
2.870300859115039460e-02 -2.784962749168126265e+03 -3.967739621252801108e+00
2.880300859115039053e-02 -2.816962749168124901e+03 -3.994064876199577174e+00
2.890300859115038645e-02 -2.848962749168123082e+03 -4.021096706355169914e+00
2.900300859115038238e-02 -2.880962749168122173e+03 -4.048802992072586981e+00
2.910300859115037830e-02 -2.912962749168120808e+03 -4.076993463060175849e+00
2.920300859115037423e-02 -2.944962749168119444e+03 -4.105363061650371570e+00
2.930300859115037015e-02 -2.976962749168118080e+03 -4.133560618661771713e+00
2.940300859115036608e-02 -3.008962749168117170e+03 -4.161266014115425627e+00
2.950300859115036201e-02 -3.040962749168115806e+03 -4.188262293100907918e+00
2.960300859115035793e-02 -3.072962749168114442e+03 -4.214483008014273224e+00
2.970300859115035386e-02 -3.104962749168113078e+03 -4.240028022171369315e+00
2.980300859115034978e-02 -3.136962749168111714e+03 -4.265139229235756169e+00
2.990300859115034571e-02 -3.168962749168110349e+03 -4.290146933472108515e+00
3.000300859115034163e-02 -3.199037250831890105e+03 -4.315393284833030307e+00
3.010300859115033756e-02 -3.167037250831891470e+03 -4.335967823072456540e+00
3.020300859115033348e-02 -3.135037250831892834e+03 -4.345485029552031087e+00
3.030300859115032941e-02 -3.103037250831894198e+03 -4.345806020043188056e+00
3.040300859115032533e-02 -3.071037250831895562e+03 -4.339125437222757675e+00
3.050300859115032126e-02 -3.039037250831896927e+03 -4.326978492129905263e+00
3.060300859115031719e-02 -3.007037250831898291e+03 -4.310207310516055657e+00
3.070300859115031311e-02 -2.975037250831899655e+03 -4.289500331196041572e+00
3.080300859115030904e-02 -2.943037250831900565e+03 -4.265626108567053265e+00
3.090300859115030496e-02 -2.911037250831901929e+03 -4.239108185712715304e+00
3.100300859115030089e-02 -2.879037250831903293e+03 -4.210395263889367357e+00
3.110300859115029681e-02 -2.847037250831904657e+03 -4.180098070026610380e+00
3.120300859115029274e-02 -2.815037250831906022e+03 -4.148976839817923867e+00
3.130300859115030948e-02 -2.783037250831900565e+03 -4.117742795883600593e+00
3.140300859115034010e-02 -2.751037250831891015e+03 -4.086837720398040830e+00
3.150300859115037072e-02 -2.719037250831881011e+03 -4.056673390901669229e+00
3.160300859115040134e-02 -2.687037250831871461e+03 -4.027497670746269520e+00
3.170300859115043196e-02 -2.655037250831861456e+03 -3.999258102949127647e+00
3.180300859115046258e-02 -2.623037250831851907e+03 -3.971678286409164205e+00
3.190300859115049320e-02 -2.591037250831841902e+03 -3.944382925135333284e+00
3.200300859115052382e-02 -2.559037250831831898e+03 -3.917049167612565608e+00
3.210300859115055444e-02 -2.527037250831822348e+03 -3.889517946476602539e+00
3.220300859115058506e-02 -2.495037250831812344e+03 -3.861665626788188810e+00
3.230300859115061568e-02 -2.463037250831802339e+03 -3.833451131096253128e+00
3.240300859115064630e-02 -2.431037250831792790e+03 -3.804957620809849228e+00
3.250300859115067692e-02 -2.399037250831783240e+03 -3.776396614547308239e+00
3.260300859115070754e-02 -2.367037250831773235e+03 -3.748054575411610134e+00
3.270300859115073816e-02 -2.335037250831763231e+03 -3.720215816385480601e+00
3.280300859115076878e-02 -2.303037250831753681e+03 -3.693085673907881006e+00
3.290300859115079940e-02 -2.271037250831744132e+03 -3.666686211633978232e+00
3.300300859115083002e-02 -2.239037250831734127e+03 -3.641011675800489122e+00
3.310300859115086064e-02 -2.207037250831724123e+03 -3.615760845474362384e+00
3.320300859115089126e-02 -2.175037250831714573e+03 -3.590600717775091599e+00
3.330300859115092188e-02 -2.143037250831705023e+03 -3.565191012947985794e+00
3.340300859115095250e-02 -2.111037250831695019e+03 -3.539225999812073198e+00
3.350300859115098312e-02 -2.079037250831685014e+03 -3.512508832201908682e+00
3.360300859115101374e-02 -2.047037250831675237e+03 -3.484997004798287445e+00
3.370300859115104436e-02 -2.015037250831665688e+03 -3.456809473484112161e+00
3.380300859115107498e-02 -1.983037250831655683e+03 -3.428216088323931210e+00
3.390300859115110560e-02 -1.951037250831645679e+03 -3.399572975236630601e+00
3.400300859115113622e-02 -1.919037250831636129e+03 -3.371238976147188815e+00
3.410300859115116684e-02 -1.887037250831626579e+03 -3.343496644598432876e+00
3.420300859115119746e-02 -1.855037250831616575e+03 -3.316488013983442062e+00
3.430300859115122808e-02 -1.823037250831606571e+03 -3.290181369879531914e+00
3.440300859115125870e-02 -1.791037250831597021e+03 -3.264381634789175202e+00
3.450300859115128932e-02 -1.759037250831587244e+03 -3.238767567825740379e+00
3.460300859115131994e-02 -1.727037250831577239e+03 -3.212955041924543398e+00
3.470300859115135056e-02 -1.695037250831567462e+03 -3.186593046187998990e+00
3.480300859115138118e-02 -1.663037250831557685e+03 -3.159435890678434777e+00
3.490300859115141180e-02 -1.631037250831548135e+03 -3.131392929499696276e+00
3.500300859115144242e-02 -1.599037250831538131e+03 -3.102552745439493442e+00
3.510300859115147304e-02 -1.567037250831528127e+03 -3.073147967188025742e+00
3.520300859115150366e-02 -1.535037250831518577e+03 -3.043525709765207754e+00
3.530300859115153428e-02 -1.503037250831508572e+03 -3.014074733347607893e+00
3.540300859115156490e-02 -1.471037250831499023e+03 -2.985125316309824584e+00
3.550300859115159552e-02 -1.439037250831489018e+03 -2.956869193235796001e+00
3.560300859115162614e-02 -1.407037250831479469e+03 -2.929360965688267537e+00
3.570300859115165676e-02 -1.375037250831469464e+03 -2.902461022651871669e+00
3.580300859115168738e-02 -1.343037250831459687e+03 -2.875864197032377056e+00
3.590300859115171800e-02 -1.311037250831449910e+03 -2.849188338273636933e+00
3.600300859115174862e-02 -1.279037250831440133e+03 -2.822057155241064486e+00
3.610300859115177924e-02 -1.247037250831430129e+03 -2.794178258132672177e+00
3.620300859115180986e-02 -1.215037250831420579e+03 -2.765410922822327588e+00
3.630300859115184048e-02 -1.183037250831410574e+03 -2.735822325136700872e+00
3.640300859115187110e-02 -1.151037250831401025e+03 -2.705612814285158763e+00
3.650300859115190172e-02 -1.119037250831391020e+03 -2.675112594780708619e+00
3.660300859115193234e-02 -1.087037250831381471e+03 -2.644690581264238283e+00
3.670300859115196296e-02 -1.055037250831371466e+03 -2.614677391840013687e+00
3.680300859115199358e-02 -1.023037250831361803e+03 -2.585301779830867730e+00
3.690300859115202420e-02 -9.910372508313517983e+02 -2.556646801871603092e+00
3.700300859115205482e-02 -9.590372508313421349e+02 -2.528613887405285254e+00
3.710300859115208544e-02 -9.270372508313322442e+02 -2.500947540881318432e+00
3.720300859115211606e-02 -8.950372508313225808e+02 -2.473331776080783584e+00
3.730300859115214668e-02 -8.630372508313125763e+02 -2.445364475435782836e+00
3.740300859115217730e-02 -8.310372508313030266e+02 -2.416707459458570462e+00
3.750300859115220792e-02 -7.990372508312930222e+02 -2.387141579396137914e+00
3.760300859115223854e-02 -7.670372508312833588e+02 -2.356621226016942128e+00
3.770300859115226916e-02 -7.350372508312734681e+02 -2.325285493135486270e+00
3.780300859115229978e-02 -7.030372508312638047e+02 -2.293411383989603092e+00
3.790300859115233040e-02 -6.710372508312538002e+02 -2.261317832566904329e+00
3.800300859115236102e-02 -6.390372508312442505e+02 -2.229315693693878053e+00
3.810300859115239164e-02 -6.070372508312342461e+02 -2.197625167281264336e+00
3.820300859115242226e-02 -5.750372508312245827e+02 -2.166295889910191175e+00
3.830300859115245288e-02 -5.430372508312145783e+02 -2.135296890408625359e+00
3.840300859115248350e-02 -5.110372508312050286e+02 -2.104440859123784868e+00
3.850300859115251412e-02 -4.790372508311950241e+02 -2.073342097570352482e+00
3.860300859115254474e-02 -4.470372508311854176e+02 -2.041535166214655472e+00
3.870300859115257536e-02 -4.150372508311754700e+02 -2.008611032966640231e+00
3.880300859115260598e-02 -3.830372508311658066e+02 -1.974243654467386699e+00
3.890300859115263660e-02 -3.510372508311558590e+02 -1.938186203297635801e+00
3.900300859115266722e-02 -3.190372508311462525e+02 -1.900354603644215379e+00
3.910300859115269784e-02 -2.870372508311362481e+02 -1.860893761959971249e+00
3.920300859115272846e-02 -2.550372508311266415e+02 -1.820042609145426704e+00
3.930300859115275908e-02 -2.230372508311166371e+02 -1.778127103478800208e+00
3.940300859115278970e-02 -1.910372508311070305e+02 -1.735772764293101789e+00
3.950300859115282032e-02 -1.590372508310970545e+02 -1.692967259167327265e+00
3.960300859115285094e-02 -1.270372508310874338e+02 -1.649308672925669850e+00
3.970300859115288156e-02 -9.503725083107745775e+01 -1.603767790569793128e+00
3.980300859115291218e-02 -6.303725083106783700e+01 -1.554697890098982738e+00
3.990300859115294280e-02 -3.103725083105786098e+01 -1.501310638062630654e+00
4.000300859115297342e-02 9.627491689512268636e-01 -1.442480552014241413e+00
4.010300859115300404e-02 3.296274916896102525e+01 -1.375339023068511635e+00
4.020300859115303466e-02 6.496274916897081653e+01 -1.288211985856705377e+00
4.030300859115306528e-02 9.696274916898062202e+01 -1.149825233801622160e+00
4.040031305545518231e-02 1.281001777456580726e+02 -9.449433059895429032e-01
4.050036256402270163e-02 1.601160204872642510e+02 -6.630209092296517337e-01
4.060030629031194382e-02 1.920980128998217538e+02 -2.692257652526542921e-01
4.070023323419462435e-02 2.240746349422795163e+02 1.842116711310561594e-01
4.080042854396175728e-02 2.561371340677620765e+02 6.698540013653101477e-01
4.090011851355974254e-02 2.880379243391173532e+02 1.059963308336782983e+00
4.100038563723771429e-02 3.201234039160682983e+02 1.286775526878609188e+00
4.110043640028101380e-02 3.521396480899241510e+02 1.445699448190431058e+00
4.120146442309288032e-02 3.844686153897214353e+02 1.548665564095396796e+00
4.130071475098569256e-02 4.162287203154213557e+02 1.596488080453439817e+00
4.140035914210529744e-02 4.481149254736949388e+02 1.628461423221520654e+00
4.150085373302169617e-02 4.802731945669424931e+02 1.660252615808478271e+00
4.160289207640747305e-02 5.129254644503911322e+02 1.696402049281811486e+00
4.170439557254573132e-02 5.454065832146337698e+02 1.735349329845842670e+00
4.180363393803330357e-02 5.771628601706569270e+02 1.772824254894059814e+00
4.190477398754791777e-02 6.095276760153334408e+02 1.808332005601227976e+00
4.200106105168034676e-02 6.403395365377107282e+02 1.839457480472178830e+00
4.210182891025422008e-02 6.725852512813501107e+02 1.866433504130182053e+00
4.220062615129448885e-02 7.042003684142362090e+02 1.884831985118373243e+00
4.230035868077609840e-02 7.361147778483511956e+02 1.906799158270220618e+00
4.240085838356141140e-02 7.682746827396513254e+02 1.935832973703792259e+00
4.250212525965042093e-02 8.006800830881344382e+02 1.970184142077855860e+00
4.260081443343895907e-02 8.322606187004666936e+02 2.006588286749479533e+00
4.270024009359903866e-02 8.640768299516921616e+02 2.044346160350352992e+00
4.280205196960298192e-02 8.966566302729539757e+02 2.083175157534483901e+00
4.290886601323059407e-02 9.308371242337898366e+02 2.123437208771889573e+00
4.300886601323062469e-02 9.628371242337996136e+02 2.160290946945406798e+00
4.310886601323065531e-02 9.948371242338093907e+02 2.196319961304562529e+00
4.320886601323068593e-02 1.026837124233819168e+03 2.231336661068680449e+00
4.330886601323071655e-02 1.058837124233828945e+03 2.265240528157495881e+00
4.340886601323074717e-02 1.090837124233838722e+03 2.297720320555575402e+00
4.350886601323077779e-02 1.122837124233848726e+03 2.328921349723502843e+00
4.360886601323080841e-02 1.154837124233858503e+03 2.359015565474741116e+00
4.370886601323083903e-02 1.186837124233868280e+03 2.388464544518602128e+00
4.380886601323086965e-02 1.218837124233878058e+03 2.417735368137732266e+00
4.390886601323090027e-02 1.250837124233887835e+03 2.447280762963781608e+00
4.400886601323093089e-02 1.282837124233897612e+03 2.477495232966417049e+00
4.410886601323096151e-02 1.314837124233907389e+03 2.508577570928828493e+00
4.420886601323099213e-02 1.346837124233917166e+03 2.540562939647781793e+00
4.430886601323102275e-02 1.378837124233926943e+03 2.573223770075900863e+00
4.440886601323105337e-02 1.410837124233936720e+03 2.606194549900197277e+00
4.450886601323108399e-02 1.442837124233946724e+03 2.639024376981594422e+00
4.460886601323111461e-02 1.474837124233956501e+03 2.671285698148845089e+00
4.470886601323114523e-02 1.506837124233966279e+03 2.702649805297107743e+00
4.480886601323117585e-02 1.538837124233976056e+03 2.732978030150815307e+00
4.490886601323120647e-02 1.570837124233985833e+03 2.762356872204053460e+00
4.500886601323123709e-02 1.602837124233995382e+03 2.791050130816399300e+00
4.510886601323126771e-02 1.634837124234005387e+03 2.819391775907429842e+00
4.520886601323129833e-02 1.666837124234014937e+03 2.847843484586695340e+00
4.530886601323132895e-02 1.698837124234024941e+03 2.876808895718952819e+00
4.540886601323135957e-02 1.730837124234034718e+03 2.906496687150740499e+00
4.550886601323139019e-02 1.762837124234044495e+03 2.936952146766870886e+00
4.560886601323142081e-02 1.794837124234054272e+03 2.968030700720779347e+00
4.570886601323145143e-02 1.826837124234064277e+03 2.999530862431716294e+00
4.580086601323147405e-02 1.856277124234071152e+03 3.030373081267545565e+00
4.590646601323147141e-02 1.890069124234070614e+03 3.065746129207103987e+00
4.600246601323145640e-02 1.920789124234065866e+03 3.096943989252077589e+00
4.610806601323143988e-02 1.954581124234060553e+03 3.129653113539891507e+00
4.620686601323145681e-02 1.986197124234065768e+03 3.158629131964538317e+00
4.630686601323148743e-02 2.018197124234075773e+03 3.186615347590362024e+00
4.640686601323151805e-02 2.050197124234085550e+03 3.213750795173544894e+00
4.650686601323154867e-02 2.082197124234095554e+03 3.240642573382913394e+00
4.660686601323157929e-02 2.114197124234105104e+03 3.267837312557852592e+00
4.670686601323160991e-02 2.146197124234115108e+03 3.295720550988024744e+00
4.680686601323164053e-02 2.178197124234124658e+03 3.324490878358111079e+00
4.690686601323167115e-02 2.210197124234134662e+03 3.354118846902807594e+00
4.700686601323170177e-02 2.242197124234144212e+03 3.384302371021667533e+00
4.710686601323173239e-02 2.274197124234154217e+03 3.414534853433862871e+00
4.720686601323176301e-02 2.306197124234163766e+03 3.444247226825658537e+00
4.730686601323179363e-02 2.338197124234173771e+03 3.473094929862414304e+00
4.740686601323182425e-02 2.370197124234183320e+03 3.500843170743394683e+00
4.750686601323185487e-02 2.402197124234193325e+03 3.527492615958208511e+00
4.760686601323188549e-02 2.434197124234202875e+03 3.553262005304937077e+00
4.770686601323191611e-02 2.466197124234212879e+03 3.578534811408125460e+00
4.780686601323194673e-02 2.498197124234222429e+03 3.603788926895484135e+00
4.790686601323197735e-02 2.530197124234232433e+03 3.629493715711185953e+00
4.800686601323200797e-02 2.562197124234241983e+03 3.655997985626315838e+00
4.810686601323203859e-02 2.594197124234251987e+03 3.683461932424932250e+00
4.820686601323206921e-02 2.626197124234261992e+03 3.711810097475734871e+00
4.830686601323209983e-02 2.658197124234271541e+03 3.740762024678947029e+00
4.840686601323213045e-02 2.690197124234281546e+03 3.769914208727257687e+00
4.850686601323216107e-02 2.722197124234291550e+03 3.798814699146515927e+00
4.860686601323219169e-02 2.754197124234301100e+03 3.827055101497875977e+00
4.870686601323222231e-02 2.786197124234311104e+03 3.854359545354201444e+00
4.880686601323225293e-02 2.818197124234320654e+03 3.880639060894208736e+00
4.890686601323228355e-02 2.850197124234330659e+03 3.906006210350666308e+00
4.900686601323231417e-02 2.882197124234340208e+03 3.930776503444216807e+00
4.910686601323234479e-02 2.914197124234350213e+03 3.955390468940652493e+00
4.920686601323237541e-02 2.946197124234359762e+03 3.980314867833551595e+00
4.930686601323240603e-02 2.978197124234369767e+03 4.005933793867167303e+00
4.940686601323243665e-02 3.010197124234379316e+03 4.032466056247091757e+00
4.950686601323246727e-02 3.042197124234389321e+03 4.059920904428858890e+00
4.960686601323249789e-02 3.074197124234398871e+03 4.088084070815078519e+00
4.970686601323252851e-02 3.106197124234408875e+03 4.116548879426059848e+00
4.980686601323255913e-02 3.138197124234418425e+03 4.144859768453367010e+00
4.990686601323258975e-02 3.170197124234428429e+03 4.172589610621621148e+00
5.000000000000000278e-02 3.200000000000000000e+03 4.197617311643786486e+00
