time torque_Nm angle_arcmin
0.000000000000000000e+00 0.000000000000000000e+00 0.000000000000000000e+00
1.000000000000000048e-04 3.200000000000000000e+01 5.903884543482132430e-03
2.000000000000000096e-04 6.400000000000000000e+01 4.660908727910826471e-02
3.000000000000001363e-04 9.600000000000004263e+01 1.572031095162965686e-01
4.006740858388485138e-04 1.282157074684315035e+02 3.536125561091904013e-01
5.006126351001212536e-04 1.601960432320387895e+02 5.170685853426645329e-01
6.011182153925804942e-04 1.923578289256257676e+02 5.807634484466370761e-01
7.021319968249947708e-04 2.246822389839983316e+02 6.406743077742450554e-01
8.037731930489153175e-04 2.572074217756529038e+02 7.024648033467632002e-01
9.008066550440178150e-04 2.882581296140857035e+02 7.604079984775259371e-01
1.003690313250579563e-03 3.211809002401854514e+02 8.212644953792895830e-01
1.103407840063470001e-03 3.530905088203103901e+02 8.679986231854748269e-01
1.207002160503956251e-03 3.862406913612659878e+02 9.072062313243867138e-01
1.308799320724199399e-03 4.188157826317437866e+02 9.430630039211966853e-01
1.408799320724199661e-03 4.508157826317439003e+02 9.775672911797863573e-01
1.501413720724199992e-03 4.804523906317440378e+02 1.008631672891318942e+00
1.602077016724198343e-03 5.126646453517433883e+02 1.041334636202342567e+00
1.704187347604197832e-03 5.453399512333432995e+02 1.073916327120117975e+00
1.800446395375066488e-03 5.761428465200212941e+02 1.103916281625741291e+00
1.903126102489311952e-03 6.090003527965798185e+02 1.131441818537506361e+00
2.003116930942433482e-03 6.409974179015787286e+02 1.159774941836607898e+00
2.100129309186314630e-03 6.720413789396206994e+02 1.190490623649980595e+00
2.202247602074613314e-03 7.047192326638762552e+02 1.224925940398716717e+00
2.302323529105144897e-03 7.367435293136463770e+02 1.259281018498219273e+00
2.405258768336545391e-03 7.696828058676944693e+02 1.294385575911412678e+00
2.500841490479987096e-03 8.002692769535958632e+02 1.326582602866071880e+00
2.603776729711385855e-03 8.332085535076433871e+02 1.360762118727722347e+00
2.706714852744676776e-03 8.661487528782964773e+02 1.394524065138489588e+00
2.806714852744677038e-03 8.981487528782967047e+02 1.427083683946990256e+00
2.906714852744677301e-03 9.301487528782967047e+02 1.459351924580462256e+00
3.006714852744677563e-03 9.621487528782968184e+02 1.491328776760806996e+00
3.106714852744677825e-03 9.941487528782968184e+02 1.523081094792337220e+00
3.206714852744678088e-03 1.026148752878297046e+03 1.554651654129468374e+00
3.306714852744678350e-03 1.058148752878297046e+03 1.585987941439154003e+00
3.406714852744678612e-03 1.090148752878297046e+03 1.617137184380576409e+00
3.506714852744678874e-03 1.122148752878297273e+03 1.648108596643310442e+00
3.606714852744679137e-03 1.154148752878297273e+03 1.678932043407310948e+00
3.706714852744679399e-03 1.186148752878297273e+03 1.709536273363632564e+00
3.806714852744679661e-03 1.218148752878297501e+03 1.739855804618758217e+00
3.906714852744679924e-03 1.250148752878297501e+03 1.769962727506155131e+00
4.006714852744675849e-03 1.282148752878296136e+03 1.799957008390401736e+00
4.106714852744671775e-03 1.314148752878294999e+03 1.829893099038299553e+00
4.206714852744667700e-03 1.346148752878293635e+03 1.859849534388082537e+00
4.306714852744663626e-03 1.378148752878292271e+03 1.889820849114518087e+00
4.406714852744659551e-03 1.410148752878290907e+03 1.919769118981428546e+00
4.506714852744655476e-03 1.442148752878289770e+03 1.949667632013600604e+00
4.606714852744651402e-03 1.474148752878288406e+03 1.979444491690717456e+00
4.706714852744647327e-03 1.506148752878287041e+03 2.008985056651300560e+00
4.806714852744643253e-03 1.538148752878285677e+03 2.038293136092659719e+00
4.906714852744639178e-03 1.570148752878284540e+03 2.067374278303039326e+00
5.006714852744635104e-03 1.602148752878283176e+03 2.096274193399324304e+00
5.106714852744631029e-03 1.634148752878281812e+03 2.125048005764521353e+00
5.206714852744626955e-03 1.666148752878280675e+03 2.153750748862570674e+00
5.306714852744622880e-03 1.698148752878279311e+03 2.182410121491336508e+00
5.406714852744618806e-03 1.730148752878277946e+03 2.211085436025360007e+00
5.506714852744614731e-03 1.762148752878276582e+03 2.239801866235841210e+00
5.606714852744610657e-03 1.794148752878275445e+03 2.268552648719408982e+00
5.706714852744606582e-03 1.826148752878274081e+03 2.297305412868343666e+00
5.806714852744602508e-03 1.858148752878272717e+03 2.327742799410408736e+00
5.906714852744598433e-03 1.890148752878271353e+03 2.359247013415531669e+00
6.006714852744594359e-03 1.922148752878270216e+03 2.390464389573716986e+00
6.106714852744590284e-03 1.954148752878268851e+03 2.421025107528919307e+00
6.206714852744586210e-03 1.986148752878267487e+03 2.450843907990666537e+00
6.306714852744582135e-03 2.018148752878266123e+03 2.479879095129291056e+00
6.406714852744578061e-03 2.050148752878264986e+03 2.508337264446428794e+00
6.506714852744573986e-03 2.082148752878263622e+03 2.536472423651163322e+00
6.606714852744569912e-03 2.114148752878262258e+03 2.564468899462795104e+00
6.706714852744565837e-03 2.146148752878260893e+03 2.592468019257125444e+00
6.806714852744561763e-03 2.178148752878259984e+03 2.620564377129663836e+00
6.906714852744557688e-03 2.210148752878258620e+03 2.648746740241696873e+00
7.006714852744553614e-03 2.242148752878257255e+03 2.676827334786965551e+00
7.106714852744549539e-03 2.274148752878255436e+03 2.704661860404873774e+00
7.206714852744545464e-03 2.306148752878254527e+03 2.732212132209453692e+00
7.306714852744541390e-03 2.338148752878253163e+03 2.759470783227417456e+00
7.406714852744537315e-03 2.370148752878251798e+03 2.786424121549458288e+00
7.506714852744533241e-03 2.402148752878250434e+03 2.813061411266046807e+00
7.606714852744529166e-03 2.434148752878249525e+03 2.839428110320577403e+00
7.706714852744525092e-03 2.466148752878248160e+03 2.865619282070595464e+00
7.806714852744521017e-03 2.498148752878246796e+03 2.891735456216630862e+00
7.906714852744517810e-03 2.530148752878245432e+03 2.917881136570792844e+00
8.006714852744513736e-03 2.562148752878244068e+03 2.944135687612886798e+00
8.106714852744509661e-03 2.594148752878243158e+03 2.970540445948627983e+00
8.206714852744505587e-03 2.626148752878241794e+03 2.997101558352956108e+00
8.306714852744501512e-03 2.658148752878240430e+03 3.023787689248674138e+00
8.406714852744497438e-03 2.690148752878239065e+03 3.050535127467416174e+00
8.506714852744493363e-03 2.722148752878238156e+03 3.077261956238408924e+00
8.606714852744489289e-03 2.754148752878236337e+03 3.103884621870780069e+00
8.706714852744485214e-03 2.786148752878234973e+03 3.130336532854754772e+00
8.806714852744481140e-03 2.818148752878233608e+03 3.156579981731036266e+00
8.906714852744477065e-03 2.850148752878232699e+03 3.182620188179734466e+00
9.006714852744472991e-03 2.882148752878231335e+03 3.208500579162463673e+00
9.106714852744468916e-03 2.914148752878229971e+03 3.234290030808260052e+00
9.206714852744464841e-03 2.946148752878228606e+03 3.260070704973678790e+00
9.306714852744460767e-03 2.978148752878227697e+03 3.285920421005643632e+00
9.406714852744456692e-03 3.010148752878226333e+03 3.311895287416111167e+00
9.506714852744452618e-03 3.042148752878224514e+03 3.338017198527560847e+00
9.606714852744448543e-03 3.074148752878223149e+03 3.364268929933417862e+00
9.706714852744444469e-03 3.106148752878222240e+03 3.390581675132444239e+00
9.806714852744440394e-03 3.138148752878220876e+03 3.416842768503355110e+00
9.906714852744436320e-03 3.170148752878219511e+03 3.442965874598763243e+00
1.000671485274443225e-02 3.197851247121781853e+03 3.468876738313943164e+00
1.010671485274442817e-02 3.165851247121782762e+03 3.489084223471788704e+00
1.020671485274442410e-02 3.133851247121784127e+03 3.497596275791912124e+00
1.030671485274442002e-02 3.101851247121785491e+03 3.496427377247005808e+00
1.040671485274441595e-02 3.069851247121787310e+03 3.488024180143357800e+00
1.050671485274441187e-02 3.037851247121788219e+03 3.474311906486518886e+00
1.060671485274440780e-02 3.005851247121789584e+03 3.456645283785904077e+00
1.070671485274440372e-02 2.973851247121790948e+03 3.436024568313077232e+00
1.080671485274439965e-02 2.941851247121792312e+03 3.413223435469474154e+00
1.090671485274439557e-02 2.909851247121793222e+03 3.388932284066232814e+00
1.100671485274439150e-02 2.877851247121794586e+03 3.363560567139411983e+00
1.110671485274438743e-02 2.845851247121795950e+03 3.337323594486862444e+00
1.120671485274438335e-02 2.813851247121797314e+03 3.310332268219334573e+00
1.130671485274437928e-02 2.781851247121798679e+03 3.282737849724928658e+00
1.140671485274437520e-02 2.749851247121800043e+03 3.254782179485156579e+00
1.150671485274437113e-02 2.717851247121801407e+03 3.226544124415151149e+00
1.160671485274436705e-02 2.685851247121802771e+03 3.198170855586409456e+00
1.170671485274436298e-02 2.653851247121804136e+03 3.169853723101307086e+00
1.180671485274435890e-02 2.621851247121805045e+03 3.141662271409296991e+00
1.190671485274435483e-02 2.589851247121806409e+03 3.113629893612530619e+00
1.200671485274435075e-02 2.557851247121807774e+03 3.085919096412932383e+00
1.210671485274434668e-02 2.525851247121809138e+03 3.058663195942008084e+00
1.220671485274434261e-02 2.493851247121810502e+03 3.031841543481262669e+00
1.230671485274433853e-02 2.461851247121811866e+03 3.005356985600229347e+00
1.240671485274433446e-02 2.429851247121813230e+03 2.979079803021250861e+00
1.250671485274433038e-02 2.397851247121814595e+03 2.952874640452031851e+00
1.260671485274432631e-02 2.365851247121815504e+03 2.926612312391450921e+00
1.270671485274432223e-02 2.333851247121816868e+03 2.900186031721963431e+00
1.280671485274431816e-02 2.301851247121818233e+03 2.873549252458563075e+00
1.290671485274431408e-02 2.269851247121819597e+03 2.846734262220607992e+00
1.300671485274431001e-02 2.237851247121820961e+03 2.819749490736999320e+00
1.310671485274430594e-02 2.205851247121822325e+03 2.792674846456136173e+00
1.320671485274430186e-02 2.173851247121823690e+03 2.765622622831961142e+00
1.330671485274429779e-02 2.141851247121825054e+03 2.738671456862306286e+00
1.340671485274429371e-02 2.109851247121825963e+03 2.711871358866736248e+00
1.350671485274428964e-02 2.077851247121827328e+03 2.685228829572389397e+00
1.360671485274428556e-02 2.045851247121828465e+03 2.658704012556184271e+00
1.370671485274428149e-02 2.013851247121829829e+03 2.632227761295745871e+00
1.380671485274427741e-02 1.981851247121831193e+03 2.605704933128239809e+00
1.390671485274427334e-02 1.949851247121832557e+03 2.579035362402946951e+00
1.400671485274426926e-02 1.917851247121834149e+03 2.552143164575601642e+00
1.410671485274426519e-02 1.885851247121835513e+03 2.525020452565282625e+00
1.420671485274426112e-02 1.853851247121836423e+03 2.497712989307422582e+00
1.430671485274425704e-02 1.821851247121837787e+03 2.470248307813149413e+00
1.440671485274425297e-02 1.789851247121838924e+03 2.442687301637696429e+00
1.450671485274424889e-02 1.757851247121840288e+03 2.415102637927108997e+00
1.460671485274424482e-02 1.725851247121841652e+03 2.387567830967971982e+00
1.470671485274424074e-02 1.693851247121843016e+03 2.360148490950102484e+00
1.480671485274423667e-02 1.661851247121844381e+03 2.332450802532203049e+00
1.490671485274423259e-02 1.629851247121845972e+03 2.303294405491677743e+00
1.500671485274422852e-02 1.597851247121846882e+03 2.274332581961753252e+00
1.510671485274422444e-02 1.565851247121848246e+03 2.245754504753158187e+00
1.520671485274422037e-02 1.533851247121849610e+03 2.217433091784301702e+00
1.530671485274421630e-02 1.501851247121850747e+03 2.189206854689592419e+00
1.540671485274421222e-02 1.469851247121852111e+03 2.160967119894166899e+00
1.550671485274420815e-02 1.437851247121853476e+03 2.132662892287525480e+00
1.560671485274420407e-02 1.405851247121854840e+03 2.104248030054845842e+00
1.570671485274420173e-02 1.373851247121855522e+03 2.075721477143603444e+00
1.580671485274419766e-02 1.341851247121856886e+03 2.047132772429808956e+00
1.590671485274419358e-02 1.309851247121858023e+03 2.018555526569437930e+00
1.600671485274418951e-02 1.277851247121859387e+03 1.990056722916918819e+00
1.610671485274418543e-02 1.245851247121860752e+03 1.961677599490631030e+00
1.620671485274418136e-02 1.213851247121862116e+03 1.933428105646590955e+00
1.630671485274417729e-02 1.181851247121863253e+03 1.905277096633173795e+00
1.640671485274417321e-02 1.149851247121864617e+03 1.877144540874938761e+00
1.650671485274416914e-02 1.117851247121865981e+03 1.848932873372686414e+00
1.660671485274416506e-02 1.085851247121867345e+03 1.820560345091625454e+00
1.670671485274416099e-02 1.053851247121868482e+03 1.791959237657208881e+00
1.680671485274415691e-02 1.021851247121869847e+03 1.763088239736623652e+00
1.690671485274415284e-02 9.898512471218712108e+02 1.733923617111318149e+00
1.700671485274414876e-02 9.578512471218725750e+02 1.704467813423691247e+00
1.710671485274414469e-02 9.258512471218737119e+02 1.674762689334909460e+00
1.720671485274414061e-02 8.938512471218750761e+02 1.644890031413019704e+00
1.730671485274413654e-02 8.618512471218764404e+02 1.614945290667710864e+00
1.740671485274413247e-02 8.298512471218778046e+02 1.585006672011716633e+00
1.750671485274412839e-02 7.978512471218788278e+02 1.555116325747265105e+00
1.760671485274412432e-02 7.658512471218803057e+02 1.525267252683266683e+00
1.770671485274412024e-02 7.338512471218816700e+02 1.495404342788066776e+00
1.780671485274411617e-02 7.018512471218830342e+02 1.465413892139764584e+00
1.790671485274411209e-02 6.698512471218840574e+02 1.435193749890925297e+00
1.800671485274410802e-02 6.378512471218855353e+02 1.404672317461705067e+00
1.810671485274410394e-02 6.058512471218868995e+02 1.373822601998511583e+00
1.820671485274409987e-02 5.738512471218882638e+02 1.342521289359579706e+00
1.830671485274409580e-02 5.418512471218892870e+02 1.310736030729393375e+00
1.840671485274409172e-02 5.098512471218907081e+02 1.278519146033017861e+00
1.850671485274408765e-02 4.778512471218920723e+02 1.245868331517751226e+00
1.860671485274408357e-02 4.458512471218934934e+02 1.212811607448274431e+00
1.870671485274407950e-02 4.138512471218945166e+02 1.179348285723242240e+00
1.880671485274407542e-02 3.818512471218958808e+02 1.145410046062142140e+00
1.890671485274407135e-02 3.498512471218973019e+02 1.110925563665709603e+00
1.900671485274406727e-02 3.178512471218987230e+02 1.075620650514490961e+00
1.910671485274406320e-02 2.858512471218997462e+02 1.039423724824581008e+00
1.920671485274405912e-02 2.538512471219011104e+02 1.002759994752030037e+00
1.930671485274405505e-02 2.218512471219025315e+02 9.654561016627514203e-01
1.940671485274405098e-02 1.898512471219038957e+02 9.269425676474675191e-01
1.950671485274404690e-02 1.578512471219049473e+02 8.867170969767463884e-01
1.960671485274404283e-02 1.258512471219063400e+02 8.440699202368929788e-01
1.970671485274403875e-02 9.385124712190773266e+01 7.977405329518583166e-01
1.980671485274403468e-02 6.185124712190912533e+01 7.468570674734522630e-01
1.990671485274403060e-02 2.985124712191016272e+01 6.914899046198798027e-01
2.000671485274402653e-02 -2.148752878088355800e+00 6.307460028139502128e-01
2.010279485274401798e-02 -3.289435287808561981e+01 5.654406799938673789e-01
2.020322877274401130e-02 -6.503320727808348067e+01 4.854308139897854923e-01
2.030184734554401488e-02 -9.659115057408462235e+01 3.834336475713014947e-01
2.040147407971122651e-02 -1.284717055075923611e+02 2.209508676767865665e-01
2.050131815535249577e-02 -1.604218097127985061e+02 -5.336909482299562191e-02
2.060006802164340498e-02 -1.920217669258894659e+02 -4.347146682547434193e-01
2.070028378407765338e-02 -2.240908109048489507e+02 -7.658044165318355079e-01
2.080125476931814210e-02 -2.564015261818053659e+02 -8.779884708294006801e-01
2.090084395112091001e-02 -2.882700643586910587e+02 -9.330063140504818442e-01
2.100053029310104680e-02 -3.201696937923348401e+02 -9.693962366370688644e-01
2.110218174383218792e-02 -3.526981580263000069e+02 -1.006346499057448884e+00
2.120064628421607089e-02 -3.842068109491425503e+02 -1.044376907254276121e+00
2.130293687531203614e-02 -4.169398000998514249e+02 -1.084365840126040981e+00
2.140016357575967934e-02 -4.480523442430972523e+02 -1.120549955808061604e+00
2.150225161122969533e-02 -4.807205155935023981e+02 -1.155061467290774635e+00
2.160225161122970514e-02 -5.127205155935055245e+02 -1.186168813964787905e+00
2.170465161122969375e-02 -5.454885155935019156e+02 -1.216549848247948207e+00
2.180202295202969195e-02 -5.766473446495012922e+02 -1.244993042212127810e+00
2.190092464034970252e-02 -6.082958849119046363e+02 -1.271167308917068084e+00
2.200116112397468293e-02 -6.403715596718983534e+02 -1.300086007720625103e+00
2.210761618337335130e-02 -6.744371786794722539e+02 -1.334825393480614686e+00
2.220276093118416297e-02 -7.048834979789320414e+02 -1.368460625060535119e+00
2.230276093118415889e-02 -7.368834979789306772e+02 -1.404882553885991925e+00
2.240276093118415482e-02 -7.688834979789294266e+02 -1.440920616033991131e+00
2.250276093118415074e-02 -8.008834979789280624e+02 -1.475874730919670474e+00
2.260276093118414667e-02 -8.328834979789266981e+02 -1.509835244294194467e+00
2.270276093118414260e-02 -8.648834979789254476e+02 -1.543112938740923479e+00
2.280276093118413852e-02 -8.968834979789240833e+02 -1.575802077312842719e+00
2.290276093118413445e-02 -9.288834979789228328e+02 -1.607932833374908554e+00
2.300276093118413037e-02 -9.608834979789214685e+02 -1.639555611820348258e+00
2.310276093118412630e-02 -9.928834979789203317e+02 -1.670589793393880473e+00
2.320276093118412222e-02 -1.024883497978918967e+03 -1.700916650124991714e+00
2.330276093118411815e-02 -1.056883497978917603e+03 -1.730712092735929186e+00
2.340276093118411407e-02 -1.088883497978916239e+03 -1.760261662647024661e+00
2.350276093118411000e-02 -1.120883497978915102e+03 -1.789762005212121032e+00
2.360276093118410592e-02 -1.152883497978913738e+03 -1.819254207976401583e+00
2.370276093118410185e-02 -1.184883497978912374e+03 -1.848694603042023266e+00
2.380276093118409778e-02 -1.216883497978911009e+03 -1.877987721084071859e+00
2.390276093118409370e-02 -1.248883497978909872e+03 -1.907061526752109604e+00
2.400276093118408963e-02 -1.280883497978908508e+03 -1.935934307796214782e+00
2.410276093118408555e-02 -1.312883497978907144e+03 -1.964647547659265303e+00
2.420276093118408148e-02 -1.344883497978905780e+03 -1.993184060293326176e+00
2.430276093118407740e-02 -1.376883497978904643e+03 -2.021589436719292809e+00
2.440276093118407333e-02 -1.408883497978903279e+03 -2.049965004713372618e+00
2.450276093118406925e-02 -1.440883497978902142e+03 -2.078442759577239229e+00
2.460276093118406518e-02 -1.472883497978900550e+03 -2.107132500320224811e+00
2.470276093118406111e-02 -1.504883497978899413e+03 -2.136034677585191055e+00
2.480276093118405703e-02 -1.536883497978898049e+03 -2.165245639320029447e+00
2.490276093118405296e-02 -1.568883497978896912e+03 -2.194691954046993576e+00
2.500276093118404888e-02 -1.600883497978895321e+03 -2.224219950345269758e+00
2.510276093118404481e-02 -1.632883497978893956e+03 -2.253665967400260151e+00
2.520276093118404073e-02 -1.664883497978893047e+03 -2.282926074940136996e+00
2.530276093118403666e-02 -1.696883497978891683e+03 -2.311916046771068434e+00
2.540276093118403258e-02 -1.728883497978890318e+03 -2.340574433315983249e+00
2.550276093118402851e-02 -1.760883497978888727e+03 -2.368895845356456586e+00
2.560276093118402443e-02 -1.792883497978887817e+03 -2.397003912922649249e+00
2.570276093118402730e-02 -1.824883497978888499e+03 -2.424999561029863582e+00
2.580036093118402360e-02 -1.856115497978887333e+03 -2.452306181178231181e+00
2.590876093118401474e-02 -1.890803497978884479e+03 -2.482730818001397388e+00
2.600876093118401067e-02 -1.922803497978883343e+03 -2.510938747503325796e+00
2.610876093118400659e-02 -1.954803497978881978e+03 -2.539315181380940256e+00
2.620876093118400252e-02 -1.986803497978880614e+03 -2.567808807740671995e+00
2.630876093118399844e-02 -2.018803497978879250e+03 -2.596324007913936249e+00
2.640876093118399437e-02 -2.050803497978878113e+03 -2.624735603470259360e+00
2.650876093118399029e-02 -2.082803497978876749e+03 -2.652919282448757965e+00
2.660876093118398622e-02 -2.114803497978875384e+03 -2.680786002051635197e+00
2.670876093118398215e-02 -2.146803497978874020e+03 -2.708291956912591392e+00
2.680876093118397807e-02 -2.178803497978872656e+03 -2.735449432336078956e+00
2.690876093118397400e-02 -2.210803497978871746e+03 -2.762320240228190560e+00
2.700876093118396992e-02 -2.242803497978870382e+03 -2.789015166100356158e+00
2.710876093118396585e-02 -2.274803497978869018e+03 -2.815665696065560830e+00
2.720876093118396177e-02 -2.306803497978867199e+03 -2.842386520673592099e+00
2.730876093118395770e-02 -2.338803497978866289e+03 -2.869272295580175935e+00
2.740876093118395362e-02 -2.370803497978864925e+03 -2.896370408280525499e+00
2.750876093118394955e-02 -2.402803497978863561e+03 -2.923667983453012376e+00
2.760876093118394548e-02 -2.434803497978862197e+03 -2.951094702129962055e+00
2.770876093118394140e-02 -2.466803497978861287e+03 -2.978539675103625939e+00
2.780876093118393733e-02 -2.498803497978859923e+03 -3.005879718159509828e+00
2.790876093118393325e-02 -2.530803497978858559e+03 -3.033004153663614755e+00
2.800876093118392918e-02 -2.562803497978857195e+03 -3.059833282095254070e+00
2.810876093118392510e-02 -2.594803497978855830e+03 -3.086341579794508405e+00
2.820876093118392103e-02 -2.626803497978854466e+03 -3.112574717329453566e+00
2.830876093118391695e-02 -2.658803497978853102e+03 -3.138629600334474024e+00
2.840876093118391288e-02 -2.690803497978851738e+03 -3.164633256921956406e+00
2.850876093118390880e-02 -2.722803497978850828e+03 -3.190717243552388727e+00
2.860876093118390473e-02 -2.754803497978849464e+03 -3.216987470732870502e+00
2.870876093118390066e-02 -2.786803497978848100e+03 -3.243501274652563104e+00
2.880876093118389658e-02 -2.818803497978846735e+03 -3.270255027504319401e+00
2.890876093118389251e-02 -2.850803497978845371e+03 -3.297184317721547853e+00
2.900876093118388843e-02 -2.882803497978844007e+03 -3.324179828288018168e+00
2.910876093118388436e-02 -2.914803497978842643e+03 -3.351110816553318106e+00
2.920876093118388028e-02 -2.946803497978841278e+03 -3.377854254726825545e+00
2.930876093118387621e-02 -2.978803497978840369e+03 -3.404321943832510300e+00
2.940876093118387213e-02 -3.010803497978839005e+03 -3.430480154373115376e+00
2.950876093118386806e-02 -3.042803497978837640e+03 -3.456357349038982285e+00
2.960876093118386398e-02 -3.074803497978836276e+03 -3.482038175900561416e+00
2.970876093118385991e-02 -3.106803497978834912e+03 -3.507645004983107384e+00
2.980876093118385584e-02 -3.138803497978833548e+03 -3.533311011473208918e+00
2.990876093118385176e-02 -3.170803497978832183e+03 -3.559144385808877153e+00
3.000876093118384769e-02 -3.197196502021168271e+03 -3.585185927975034215e+00
3.010876093118384361e-02 -3.165196502021169636e+03 -3.605747739534795659e+00
3.020876093118383954e-02 -3.133196502021171000e+03 -3.614949369032116611e+00
3.030876093118383546e-02 -3.101196502021172364e+03 -3.614685284465905202e+00
3.040876093118383139e-02 -3.069196502021173728e+03 -3.607217973657535381e+00
3.050876093118382731e-02 -3.037196502021175093e+03 -3.594189923533929854e+00
3.060876093118382324e-02 -3.005196502021176002e+03 -3.576645014287794577e+00
3.070876093118381917e-02 -2.973196502021177366e+03 -3.555424341156713908e+00
3.080876093118381509e-02 -2.941196502021178731e+03 -3.531454692804789186e+00
3.090876093118381102e-02 -2.909196502021180095e+03 -3.505435685053943207e+00
3.100876093118380694e-02 -2.877196502021181459e+03 -3.477870214047038999e+00
3.110876093118380287e-02 -2.845196502021182823e+03 -3.449197139088053810e+00
3.120876093118379879e-02 -2.813196502021184187e+03 -3.420014736602483119e+00
3.130876093118381553e-02 -2.781196502021178731e+03 -3.390854606095234036e+00
3.140876093118384615e-02 -2.749196502021168726e+03 -3.361897995073426682e+00
3.150876093118387677e-02 -2.717196502021159176e+03 -3.333149928720994914e+00
3.160876093118390739e-02 -2.685196502021149627e+03 -3.304704335198721754e+00
3.170876093118393801e-02 -2.653196502021139622e+03 -3.276629896528851393e+00
3.180876093118396863e-02 -2.621196502021129618e+03 -3.248778484969862657e+00
3.190876093118399925e-02 -2.589196502021120068e+03 -3.220998917533016925e+00
3.200876093118402987e-02 -2.557196502021110064e+03 -3.193146139730778987e+00
3.210876093118406049e-02 -2.525196502021100059e+03 -3.165191444631274553e+00
3.220876093118409111e-02 -2.493196502021090510e+03 -3.137307614791812860e+00
3.230876093118412173e-02 -2.461196502021080505e+03 -3.109614869341427390e+00
3.240876093118415235e-02 -2.429196502021070955e+03 -3.082229080529949705e+00
3.250876093118418297e-02 -2.397196502021060951e+03 -3.055214012561093373e+00
3.260876093118421359e-02 -2.365196502021050946e+03 -3.028593675437875721e+00
3.270876093118424421e-02 -2.333196502021041397e+03 -3.002355651601301467e+00
3.280876093118427483e-02 -2.301196502021031847e+03 -2.976440280859465215e+00
3.290876093118430545e-02 -2.269196502021021843e+03 -2.950740822538703956e+00
3.300876093118433607e-02 -2.237196502021011838e+03 -2.925115247141217623e+00
3.310876093118436669e-02 -2.205196502021002289e+03 -2.899408903933009096e+00
3.320876093118439731e-02 -2.173196502020992739e+03 -2.873490389009928592e+00
3.330876093118442793e-02 -2.141196502020982734e+03 -2.847272909707167621e+00
3.340876093118445855e-02 -2.109196502020972730e+03 -2.820729986694023417e+00
3.350876093118448917e-02 -2.077196502020963180e+03 -2.793902307678037378e+00
3.360876093118451979e-02 -2.045196502020953403e+03 -2.766886959624744957e+00
3.370876093118455041e-02 -2.013196502020943626e+03 -2.739815561575167369e+00
3.380876093118458103e-02 -1.981196502020933622e+03 -2.712824398045321050e+00
3.390876093118461165e-02 -1.949196502020923845e+03 -2.686025392019313784e+00
3.400876093118464227e-02 -1.917196502020914295e+03 -2.659502712441583316e+00
3.410876093118467289e-02 -1.885196502020904290e+03 -2.633258539190263647e+00
3.420876093118470351e-02 -1.853196502020894286e+03 -2.607211210480727903e+00
3.430876093118473413e-02 -1.821196502020884736e+03 -2.581236727825957367e+00
3.440876093118476475e-02 -1.789196502020875187e+03 -2.555191711637934127e+00
3.450876093118479537e-02 -1.757196502020865182e+03 -2.528939201940231030e+00
3.460876093118482599e-02 -1.725196502020855178e+03 -2.502376370205115830e+00
3.470876093118485661e-02 -1.693196502020845628e+03 -2.475461156800713880e+00
3.480876093118488723e-02 -1.661196502020835851e+03 -2.448216336823486383e+00
3.490876093118491785e-02 -1.629196502020825847e+03 -2.420720954576478512e+00
3.500876093118494847e-02 -1.597196502020816297e+03 -2.393101841720731038e+00
3.510876093118497909e-02 -1.565196502020806292e+03 -2.365507923321512163e+00
3.520876093118500971e-02 -1.533196502020796743e+03 -2.338057830207041832e+00
3.530876093118504033e-02 -1.501196502020786738e+03 -2.310807899677575161e+00
3.540876093118507095e-02 -1.469196502020777189e+03 -2.283771825362347130e+00
3.550876093118510157e-02 -1.437196502020767184e+03 -2.256932971120734432e+00
3.560876093118513219e-02 -1.405196502020757634e+03 -2.230224826217220624e+00
3.570876093118516281e-02 -1.373196502020747630e+03 -2.203511428081504242e+00
3.580876093118519343e-02 -1.341196502020737853e+03 -2.176638511785833341e+00
3.590876093118522405e-02 -1.309196502020727849e+03 -2.149463863545683306e+00
3.600876093118525467e-02 -1.277196502020718299e+03 -2.121907673980049758e+00
3.610876093118528529e-02 -1.245196502020708294e+03 -2.093964629323687987e+00
3.620876093118531591e-02 -1.213196502020698745e+03 -2.065686705742995510e+00
3.630876093118534653e-02 -1.181196502020688740e+03 -2.037229568654499889e+00
3.640876093118537715e-02 -1.149196502020679191e+03 -2.008779473704040974e+00
3.650876093118540777e-02 -1.117196502020669186e+03 -1.980474045771991154e+00
3.660876093118543839e-02 -1.085196502020659636e+03 -1.952392114509768462e+00
3.670876093118546901e-02 -1.053196502020649632e+03 -1.924558645526609935e+00
3.680876093118549963e-02 -1.021196502020639969e+03 -1.896939117159491817e+00
3.690876093118553025e-02 -9.891965020206299641e+02 -1.869463996640095438e+00
3.700876093118556087e-02 -9.571965020206203008e+02 -1.842000986878711277e+00
3.710876093118559149e-02 -9.251965020206104100e+02 -1.814385541513930722e+00
3.720876093118562211e-02 -8.931965020206007466e+02 -1.786467580697453261e+00
3.730876093118565273e-02 -8.611965020205907422e+02 -1.758133713945026599e+00
3.740876093118568335e-02 -8.291965020205811925e+02 -1.729351681126356954e+00
3.750876093118571397e-02 -7.971965020205711880e+02 -1.700152374301310054e+00
3.760876093118574459e-02 -7.651965020205615247e+02 -1.670623108354935216e+00
3.770876093118577521e-02 -7.331965020205516339e+02 -1.640885950500873047e+00
3.780876093118580583e-02 -7.011965020205419705e+02 -1.611066179298138001e+00
3.790876093118583645e-02 -6.691965020205319661e+02 -1.581266193503424677e+00
3.800876093118586707e-02 -6.371965020205223027e+02 -1.551543472899363119e+00
3.810876093118589769e-02 -6.051965020205124119e+02 -1.521915626165042390e+00
3.820876093118592831e-02 -5.731965020205027486e+02 -1.492310884160173545e+00
3.830876093118595893e-02 -5.411965020204927441e+02 -1.462548709441277905e+00
3.840876093118598955e-02 -5.091965020204831944e+02 -1.432430315877244897e+00
3.850876093118602017e-02 -4.771965020204731900e+02 -1.401787590665792393e+00
3.860876093118605079e-02 -4.451965020204635834e+02 -1.370421743056409625e+00
3.870876093118608141e-02 -4.131965020204535790e+02 -1.338148384240777755e+00
3.880876093118611203e-02 -3.811965020204439725e+02 -1.304894035925302731e+00
3.890876093118614265e-02 -3.491965020204339680e+02 -1.270626364953266307e+00
3.900876093118617327e-02 -3.171965020204243615e+02 -1.235378769872449656e+00
3.910876093118620389e-02 -2.851965020204144139e+02 -1.199293973164724747e+00
3.920876093118623451e-02 -2.531965020204047789e+02 -1.162517316999184924e+00
3.930876093118626513e-02 -2.211965020203948029e+02 -1.125132295573858077e+00
3.940876093118629575e-02 -1.891965020203851964e+02 -1.087091436434857394e+00
3.950876093118632637e-02 -1.571965020203751919e+02 -1.048248649564672341e+00
3.960876093118635699e-02 -1.251965020203655854e+02 -1.008235257948972396e+00
3.970876093118638761e-02 -9.319650202035560937e+01 -9.659690095021143952e-01
3.980876093118641823e-02 -6.119650202034598863e+01 -9.202605775833251345e-01
3.990876093118644885e-02 -2.919650202033601261e+01 -8.700409228111694038e-01
4.000876093118647947e-02 2.803497979673164053e+00 -8.139405170647953103e-01
4.010876093118651009e-02 3.480349797968295888e+01 -7.494082721568366967e-01
4.020876093118654071e-02 6.680349797969276437e+01 -6.686998272099281548e-01
4.030011275712704066e-02 9.603608228065274943e+01 -5.662413318624955894e-01
4.040007954068580709e-02 1.280254530194580127e+02 -3.957440150858270167e-01
4.050009002396865593e-02 1.600288076699696376e+02 -1.515598881729923186e-01
4.060006723124142541e-02 1.920215139972558518e+02 1.199018700684129357e-01
4.070046732133552475e-02 2.241495428273676680e+02 3.702451790242767826e-01
4.080141776079442700e-02 2.564536834542163888e+02 5.920083250584586843e-01
4.090075524872691104e-02 2.882416795926112627e+02 7.118299727551171685e-01
4.100105991140896855e-02 3.203391716508696732e+02 8.020166591651833876e-01
4.110310354753096695e-02 3.529931352099091555e+02 8.583653331133760389e-01
4.120330573092622489e-02 3.850578338963916849e+02 8.947214675748703661e-01
4.130379198823020542e-02 4.172134362336654476e+02 9.319766403267291111e-01
4.140045753196853334e-02 4.481464102299303818e+02 9.686718671303794492e-01
4.150462737449705369e-02 4.814807598390569296e+02 1.007320118159461320e+00
4.160490515697506247e-02 5.135696502320197396e+02 1.042521590250053531e+00
4.170605109778902780e-02 5.459363512924886663e+02 1.074423711851633989e+00
4.180226502010699063e-02 5.767248064342367115e+02 1.102643655666539324e+00
4.190184072724086051e-02 6.085890327170750425e+02 1.127081134798646689e+00
4.200067147019584390e-02 6.402148704626697509e+02 1.152537666018616402e+00
4.210024212245633973e-02 6.720774791860284267e+02 1.182196443829914401e+00
4.220298381459781228e-02 7.049548206712996716e+02 1.215915152481445771e+00
4.230192025888219326e-02 7.366144828423015269e+02 1.249538668863031665e+00
4.240146554282370889e-02 7.684689737035865846e+02 1.283730882955257613e+00
4.250009756727952254e-02 8.000312215294469524e+02 1.317654804644551092e+00
4.260092141450103759e-02 8.322948526403317828e+02 1.352241147889931661e+00
4.270533985105824659e-02 8.657087523386385328e+02 1.387971314448238624e+00
4.280108924584030694e-02 8.963485586688979083e+02 1.420774619413357032e+00
4.290108924584033756e-02 9.283485586689076854e+02 1.454773742864219566e+00
4.300108924584036818e-02 9.603485586689174625e+02 1.488252908504863026e+00
4.310108924584039880e-02 9.923485586689272395e+02 1.521119653045782893e+00
4.320108924584042942e-02 1.024348558668937130e+03 1.553287453633281467e+00
4.330108924584046004e-02 1.056348558668946907e+03 1.584750770669646869e+00
4.340108924584049066e-02 1.088348558668956684e+03 1.615592291610594922e+00
4.350108924584052128e-02 1.120348558668966461e+03 1.645991833946151450e+00
4.360108924584055190e-02 1.152348558668976239e+03 1.676142370582996755e+00
4.370108924584058252e-02 1.184348558668986016e+03 1.706194082555052116e+00
4.380108924584061314e-02 1.216348558668995793e+03 1.736300524882346874e+00
4.390108924584064376e-02 1.248348558669005570e+03 1.766602915852979905e+00
4.400108924584067438e-02 1.280348558669015347e+03 1.797131207191851265e+00
4.410108924584070500e-02 1.312348558669025351e+03 1.827962094169274465e+00
4.420108924584073562e-02 1.344348558669035128e+03 1.858802723959960934e+00
4.430108924584076624e-02 1.376348558669044905e+03 1.889579397726958598e+00
4.440108924584079686e-02 1.408348558669054682e+03 1.920068480778643671e+00
4.450108924584082748e-02 1.440348558669064460e+03 1.950114025806001905e+00
4.460108924584085810e-02 1.472348558669074237e+03 1.979639924806559481e+00
4.470108924584088872e-02 1.504348558669084014e+03 2.008653326798880645e+00
4.480108924584091934e-02 1.536348558669093791e+03 2.037360798143700524e+00
4.490108924584094996e-02 1.568348558669103568e+03 2.065844492105330943e+00
4.500108924584098058e-02 1.600348558669113345e+03 2.094296141069796224e+00
4.510108924584101120e-02 1.632348558669123349e+03 2.122896451377618732e+00
4.520108924584104182e-02 1.664348558669133126e+03 2.151787680386517465e+00
4.530108924584107244e-02 1.696348558669142903e+03 2.180969102750529576e+00
4.540108924584110306e-02 1.728348558669152681e+03 2.210396705884961843e+00
4.550708924584112580e-02 1.762268558669159802e+03 2.241724298018939798e+00
4.560788924584111698e-02 1.794524558669156932e+03 2.271453181838115398e+00
4.570388924584110196e-02 1.825244558669152184e+03 2.299544294487177343e+00
4.580308924584112346e-02 1.856988558669159147e+03 2.330142733076136174e+00
4.590308924584114714e-02 1.888988558669166878e+03 2.361440959658378080e+00
4.600068924584114344e-02 1.920220558669165484e+03 2.391364171757192292e+00
4.610908924584115887e-02 1.954908558669170588e+03 2.423627376073278494e+00
4.620908924584118949e-02 1.986908558669180366e+03 2.452552712704948235e+00
4.630908924584122011e-02 2.018908558669190370e+03 2.480840417070589332e+00
4.640908924584125073e-02 2.050908558669199920e+03 2.508888268777484054e+00
4.650908924584128135e-02 2.082908558669209924e+03 2.537010027145987223e+00
4.660908924584131197e-02 2.114908558669219474e+03 2.565363831352795998e+00
4.670908924584134259e-02 2.146908558669229478e+03 2.594002054451905792e+00
4.680908924584137321e-02 2.178908558669239028e+03 2.622866941619731662e+00
4.690908924584140383e-02 2.210908558669249032e+03 2.651733718170597331e+00
4.700908924584143445e-02 2.242908558669258582e+03 2.680280448191497467e+00
4.710908924584146507e-02 2.274908558669268587e+03 2.708261751758488156e+00
4.720908924584149569e-02 2.306908558669278136e+03 2.735607533343418662e+00
4.730908924584152631e-02 2.338908558669288141e+03 2.762352510965056407e+00
4.740908924584155693e-02 2.370908558669297690e+03 2.788591166614717398e+00
4.750908924584158755e-02 2.402908558669307695e+03 2.814469814955173899e+00
4.760908924584161817e-02 2.434908558669317244e+03 2.840207826459636653e+00
4.770908924584164879e-02 2.466908558669327249e+03 2.866037167792870655e+00
4.780908924584167941e-02 2.498908558669337253e+03 2.892130211389716266e+00
4.790908924584171003e-02 2.530908558669347258e+03 2.918596713629728168e+00
4.800908924584174065e-02 2.562908558669356808e+03 2.945448919634688689e+00
4.810908924584177127e-02 2.594908558669366812e+03 2.972599975295081798e+00
4.820908924584180189e-02 2.626908558669376362e+03 2.999894812974079006e+00
4.830908924584183251e-02 2.658908558669386366e+03 3.027142256295330291e+00
4.840908924584186313e-02 2.690908558669395916e+03 3.054156256327160257e+00
4.850908924584189374e-02 2.722908558669405920e+03 3.080796852150018417e+00
4.860908924584192436e-02 2.754908558669415470e+03 3.107000869123023978e+00
4.870908924584195498e-02 2.786908558669425474e+03 3.132794535557125837e+00
4.880908924584198560e-02 2.818908558669435024e+03 3.158289086632908749e+00
4.890908924584201622e-02 2.850908558669445028e+03 3.183653472539990759e+00
4.900908924584204684e-02 2.882908558669454578e+03 3.209077252025755556e+00
4.910908924584207746e-02 2.914908558669464583e+03 3.234732081611702448e+00
4.920908924584210808e-02 2.946908558669474132e+03 3.260730468632544898e+00
4.930908924584213870e-02 2.978908558669484137e+03 3.287102659512103120e+00
4.940908924584216932e-02 3.010908558669493686e+03 3.313790111491721646e+00
4.950908924584219994e-02 3.042908558669503691e+03 3.340658073612169598e+00
4.960908924584223056e-02 3.074908558669513241e+03 3.367525094984666012e+00
4.970908924584226118e-02 3.106908558669523245e+03 3.394191971025644960e+00
4.980908924584229180e-02 3.138908558669532795e+03 3.420466005281801447e+00
4.990908924584232242e-02 3.170908558669542799e+03 3.446256494557744077e+00
5.000000000000000278e-02 3.200000000000000000e+03 3.469292818375182552e+00
