time torque_Nm angle_arcmin
0.000000000000000000e+00 0.000000000000000000e+00 0.000000000000000000e+00
1.000000000000000048e-04 3.200000000000000000e+01 5.903885137269354079e-03
2.000000000000000096e-04 6.400000000000000000e+01 4.660908901973880719e-02
3.000840455108334326e-04 9.602689456346669772e+01 1.568087701717988947e-01
4.011701135720611077e-04 1.283744363430595570e+02 3.499428581622389123e-01
5.007608321124536448e-04 1.602434662759851562e+02 5.139724797129354705e-01
6.017774871244966186e-04 1.925687958798389161e+02 5.766679313515608030e-01
7.015781006749968870e-04 2.245049922159990103e+02 6.336119902682690874e-01
8.006454852279829048e-04 2.562065552729545175e+02 6.923503475185123213e-01
9.052919277531623968e-04 2.896934168810119559e+02 7.540563204298202926e-01
1.000932206489359199e-03 3.202983060765949404e+02 8.084460560782268379e-01
1.100279527585063108e-03 3.520894488272202238e+02 8.565775179115843185e-01
1.200436007652861238e-03 3.841395224489156135e+02 8.960093784126307304e-01
1.300230063294009015e-03 4.160736202540828685e+02 9.321541084887705608e-01
1.401787264794540936e-03 4.485719247342531162e+02 9.679164960718804611e-01
1.500805536257558562e-03 4.802577716024186998e+02 1.002112186537014615e+00
1.602637023447903196e-03 5.128438475033290160e+02 1.035806831034657094e+00
1.703989303639704030e-03 5.452765771647052588e+02 1.068491024734442574e+00
1.801632521662784644e-03 5.765224069320910303e+02 1.099605553085978293e+00
1.900789231856858967e-03 6.082525541941948859e+02 1.127348988383032546e+00
2.003192353856094593e-03 6.410215532339502715e+02 1.155770560649387990e+00
2.102444610563047357e-03 6.727822753801751787e+02 1.186489686299520896e+00
2.202101978521867412e-03 7.046726331269975390e+02 1.219484056845173914e+00
2.304190013991874730e-03 7.373408044773999563e+02 1.254056882909757809e+00
2.403361248448450740e-03 7.690755995035042361e+02 1.287491326681924786e+00
2.502999171067177026e-03 8.009597347414965043e+02 1.320522366002465864e+00
2.600202266416577410e-03 8.320647252533048004e+02 1.352122852214770132e+00
2.700202266416577672e-03 8.640647252533048004e+02 1.384149825248913501e+00
2.800202266416577934e-03 8.960647252533048004e+02 1.415865673461955021e+00
2.900202266416578196e-03 9.280647252533050278e+02 1.447416784039354365e+00
3.000202266416578459e-03 9.600647252533051415e+02 1.478917674213837463e+00
3.100202266416578721e-03 9.920647252533051415e+02 1.510426882094445755e+00
3.200202266416578983e-03 1.024064725253305369e+03 1.541939733551969116e+00
3.300202266416579246e-03 1.056064725253305369e+03 1.573352686248872034e+00
3.400202266416579508e-03 1.088064725253305369e+03 1.604522201643551416e+00
3.500202266416579770e-03 1.120064725253305596e+03 1.635476191771083387e+00
3.600202266416580033e-03 1.152064725253305596e+03 1.666251057142707603e+00
3.700202266416580295e-03 1.184064725253305596e+03 1.696946516847224418e+00
3.800202266416580557e-03 1.216064725253305596e+03 1.727546113948293938e+00
3.900202266416580819e-03 1.248064725253305824e+03 1.757978989759080291e+00
4.000202266416576745e-03 1.280064725253304459e+03 1.788298575085990105e+00
4.100202266416572670e-03 1.312064725253303322e+03 1.818581888663830082e+00
4.200202266416568596e-03 1.344064725253301958e+03 1.848848476325533063e+00
4.300202266416564521e-03 1.376064725253300594e+03 1.879089017985030363e+00
4.400202266416560447e-03 1.408064725253299230e+03 1.909272623507412447e+00
4.500202266416556372e-03 1.440064725253298093e+03 1.939335196237846226e+00
4.600202266416552298e-03 1.472064725253296729e+03 1.969276177534229788e+00
4.700202266416548223e-03 1.504064725253295364e+03 1.999081703915353447e+00
4.800202266416544149e-03 1.536064725253294000e+03 2.028648547282235537e+00
4.900202266416540074e-03 1.568064725253292863e+03 2.058001390519119678e+00
5.000202266416536000e-03 1.600064725253291499e+03 2.087160583384662704e+00
5.100202266416531925e-03 1.632064725253290135e+03 2.116185721904816575e+00
5.200202266416527851e-03 1.664064725253288998e+03 2.145146321029043790e+00
5.300202266416523776e-03 1.696064725253287634e+03 2.174078021885120560e+00
5.400202266416519702e-03 1.728064725253286269e+03 2.203003536521761507e+00
5.500202266416515627e-03 1.760064725253284905e+03 2.231939720687203366e+00
5.600202266416511553e-03 1.792064725253283768e+03 2.261775812187952095e+00
5.700202266416507478e-03 1.824064725253282404e+03 2.293356857521502423e+00
5.800202266416503404e-03 1.856064725253281040e+03 2.324880616264014765e+00
5.901402266416502611e-03 1.888448725253280827e+03 2.356187088176145750e+00
6.000218266416506782e-03 1.920069845253282210e+03 2.386050677770775952e+00
6.102378266416508962e-03 1.952761045253283100e+03 2.416253347221649417e+00
6.202378266416504887e-03 1.984761045253281509e+03 2.445269134717859671e+00
6.302378266416500813e-03 2.016761045253280145e+03 2.473820260963793150e+00
6.402378266416496738e-03 2.048761045253279008e+03 2.502006147840880157e+00
6.502378266416492664e-03 2.080761045253277643e+03 2.530005462648582171e+00
6.602378266416488589e-03 2.112761045253276279e+03 2.557955180963971564e+00
6.702378266416484515e-03 2.144761045253274915e+03 2.585911016868886581e+00
6.802378266416480440e-03 2.176761045253273551e+03 2.613909951654195041e+00
6.902378266416476366e-03 2.208761045253272187e+03 2.641927135512793345e+00
7.002378266416472291e-03 2.240761045253271277e+03 2.669783365179071222e+00
7.102378266416468217e-03 2.272761045253269913e+03 2.697385418699278059e+00
7.202378266416464142e-03 2.304761045253268549e+03 2.724691797326859177e+00
7.302378266416460068e-03 2.336761045253267184e+03 2.751700818814208027e+00
7.402378266416455993e-03 2.368761045253265820e+03 2.778416689729236388e+00
7.502378266416451918e-03 2.400761045253264456e+03 2.804860280819050811e+00
7.602378266416447844e-03 2.432761045253263092e+03 2.831079830888270532e+00
7.702378266416443769e-03 2.464761045253261727e+03 2.857149195451008872e+00
7.802378266416439695e-03 2.496761045253260818e+03 2.883185524674316547e+00
7.902378266416435620e-03 2.528761045253259454e+03 2.909286759292003310e+00
8.002378266416431546e-03 2.560761045253258089e+03 2.935512319246239343e+00
8.102378266416427471e-03 2.592761045253256725e+03 2.961890944510547907e+00
8.202378266416423397e-03 2.624761045253255361e+03 2.988415457242042272e+00
8.302378266416419322e-03 2.656761045253253997e+03 3.015046443509692420e+00
8.402378266416415248e-03 2.688761045253252632e+03 3.041717018135396966e+00
8.502378266416411173e-03 2.720761045253251268e+03 3.068346156380606260e+00
8.602378266416407099e-03 2.752761045253250359e+03 3.094856802677202534e+00
8.702378266416403024e-03 2.784761045253248994e+03 3.121192223683123323e+00
8.802378266416398950e-03 2.816761045253247630e+03 3.147329086162576672e+00
8.902378266416394875e-03 2.848761045253246266e+03 3.173281951458616579e+00
9.002378266416390801e-03 2.880761045253244902e+03 3.199098410927244451e+00
9.102378266416386726e-03 2.912761045253243537e+03 3.224849889029898886e+00
9.202378266416382652e-03 2.944761045253242173e+03 3.250614313155928858e+00
9.302378266416378577e-03 2.976761045253240809e+03 3.276460670208172221e+00
9.402378266416374503e-03 3.008761045253239899e+03 3.302433855079987879e+00
9.502378266416370428e-03 3.040761045253238535e+03 3.328521910497968417e+00
9.602378266416366354e-03 3.072761045253237171e+03 3.354662230409060530e+00
9.702378266416362279e-03 3.104761045253235807e+03 3.380797816567717717e+00
9.802378266416358205e-03 3.136761045253234442e+03 3.406863672467289383e+00
9.902378266416354130e-03 3.168761045253233078e+03 3.432794487734104560e+00
1.000237826641635006e-02 3.199238954746768286e+03 3.458534093435259305e+00
1.010237826641634598e-02 3.167238954746769650e+03 3.479062278140671705e+00
1.020237826641634191e-02 3.135238954746770560e+03 3.487953070654904231e+00
1.030237826641633783e-02 3.103238954746771924e+03 3.487158644449032785e+00
1.040237826641633376e-02 3.071238954746773288e+03 3.479110692276903283e+00
1.050237826641632968e-02 3.039238954746774652e+03 3.465733792255857537e+00
1.060237826641632561e-02 3.007238954746775562e+03 3.448400369331130477e+00
1.070237826641632153e-02 2.975238954746777381e+03 3.428113359469303401e+00
1.080237826641631746e-02 2.943238954746778745e+03 3.405654522513578364e+00
1.090237826641631338e-02 2.911238954746780109e+03 3.381702018459854298e+00
1.100237826641630931e-02 2.879238954746781019e+03 3.356644039661926815e+00
1.110237826641630524e-02 2.847238954746782383e+03 3.330693911822509179e+00
1.120237826641630116e-02 2.815238954746783747e+03 3.303971829162677398e+00
1.130237826641629709e-02 2.783238954746784657e+03 3.276617275154574127e+00
1.140237826641629301e-02 2.751238954746786021e+03 3.248878163467485258e+00
1.150237826641628894e-02 2.719238954746787385e+03 3.220849368624034259e+00
1.160237826641628486e-02 2.687238954746789204e+03 3.192663858426039614e+00
1.170237826641628079e-02 2.655238954746790569e+03 3.164527881390302166e+00
1.180237826641627671e-02 2.623238954746791478e+03 3.136536646557754437e+00
1.190237826641627264e-02 2.591238954746792842e+03 3.108746136301141050e+00
1.200237826641626857e-02 2.559238954746794207e+03 3.081264489279689656e+00
1.210237826641626449e-02 2.527238954746795116e+03 3.054215914884260030e+00
1.220237826641626042e-02 2.495238954746796480e+03 3.027574595459474160e+00
1.230237826641625634e-02 2.463238954746797845e+03 3.001231586289192954e+00
1.240237826641625227e-02 2.431238954746799209e+03 2.975056226613606913e+00
1.250237826641624819e-02 2.399238954746801028e+03 2.948917808545551189e+00
1.260237826641624412e-02 2.367238954746802392e+03 2.922706147419968925e+00
1.270237826641624004e-02 2.335238954746803302e+03 2.896337631709472671e+00
1.280237826641623597e-02 2.303238954746804666e+03 2.869765277391298941e+00
1.290237826641623189e-02 2.271238954746805575e+03 2.842954915512581060e+00
1.300237826641622782e-02 2.239238954746806940e+03 2.815936817025932903e+00
1.310237826641622375e-02 2.207238954746808304e+03 2.788836993750592796e+00
1.320237826641621967e-02 2.175238954746809668e+03 2.761791440783520457e+00
1.330237826641621560e-02 2.143238954746811032e+03 2.734880106296470270e+00
1.340237826641621152e-02 2.111238954746812851e+03 2.708137807405476938e+00
1.350237826641620745e-02 2.079238954746813761e+03 2.681552645773751742e+00
1.360237826641620337e-02 2.047238954746815125e+03 2.655074121811552779e+00
1.370237826641619930e-02 2.015238954746816034e+03 2.628624978754189101e+00
1.380237826641619522e-02 1.983238954746817399e+03 2.602097115803091221e+00
1.390237826641619115e-02 1.951238954746818763e+03 2.575392314041363928e+00
1.400237826641618707e-02 1.919238954746820355e+03 2.548444409371361186e+00
1.410237826641618300e-02 1.887238954746821719e+03 2.521247784282878879e+00
1.420237826641617893e-02 1.855238954746823083e+03 2.493818527753751013e+00
1.430237826641617485e-02 1.823238954746823993e+03 2.466216695586176844e+00
1.440237826641617078e-02 1.791238954746825584e+03 2.438545008972957007e+00
1.450237826641616670e-02 1.759238954746826494e+03 2.410884946204113088e+00
1.460237826641616263e-02 1.727238954746827858e+03 2.383305225792711646e+00
1.470237826641615855e-02 1.695238954746829222e+03 2.355857576685053356e+00
1.480237826641615448e-02 1.663238954746830586e+03 2.328554331730211757e+00
1.490237826641615040e-02 1.631238954746832178e+03 2.301386677369726019e+00
1.500237826641614633e-02 1.599238954746833087e+03 2.274046168989984018e+00
1.510237826641614226e-02 1.567238954746834452e+03 2.244958101191045774e+00
1.520237826641613818e-02 1.535238954746835816e+03 2.215678843782987073e+00
1.530237826641613411e-02 1.503238954746837408e+03 2.186540585156459215e+00
1.540237826641613003e-02 1.471238954746838317e+03 2.157508271428807856e+00
1.550237826641612596e-02 1.439238954746839681e+03 2.128515367157279847e+00
1.560237826641612188e-02 1.407238954746841046e+03 2.099534548601734052e+00
1.570237826641611781e-02 1.375238954746842410e+03 2.070586653277947331e+00
1.580237826641611373e-02 1.343238954746843547e+03 2.041710894473202309e+00
1.590237826641610966e-02 1.311238954746844911e+03 2.012946531830545283e+00
1.600237826641610558e-02 1.279238954746846275e+03 1.984324506828411661e+00
1.610237826641610151e-02 1.247238954746847639e+03 1.955848869745855145e+00
1.620237826641609744e-02 1.215238954746848776e+03 1.927490803671668695e+00
1.630237826641609336e-02 1.183238954746850141e+03 1.899192615779219606e+00
1.640237826641608929e-02 1.151238954746851505e+03 1.870874766698164882e+00
1.650237826641608521e-02 1.119238954746852869e+03 1.842456127625971440e+00
1.660237826641608114e-02 1.087238954746854006e+03 1.813861860375992396e+00
1.670237826641607706e-02 1.055238954746855370e+03 1.785038802735456676e+00
1.680237826641607299e-02 1.023238954746856734e+03 1.755962353651638885e+00
1.690237826641606891e-02 9.912389547468582123e+02 1.726645157928372365e+00
1.700237826641606484e-02 9.592389547468592355e+02 1.697123440491739688e+00
1.710237826641606076e-02 9.272389547468605997e+02 1.667449839805021705e+00
1.720237826641605669e-02 8.952389547468619639e+02 1.637688659131414370e+00
1.730237826641605262e-02 8.632389547468633282e+02 1.607900427990720527e+00
1.740237826641604854e-02 8.312389547468644651e+02 1.578133682545052263e+00
1.750237826641604447e-02 7.992389547468658293e+02 1.548388558739154375e+00
1.760237826641604039e-02 7.672389547468671935e+02 1.518615721576348943e+00
1.770237826641603632e-02 7.352389547468685578e+02 1.488743915027358922e+00
1.780237826641603224e-02 7.032389547468696946e+02 1.458678575113218301e+00
1.790237826641602817e-02 6.712389547468710589e+02 1.428350505847328256e+00
1.800237826641602409e-02 6.392389547468724231e+02 1.397673306010621008e+00
1.810237826641602002e-02 6.072389547468737874e+02 1.366648892488335321e+00
1.820237826641601595e-02 5.752389547468748106e+02 1.335302321268415415e+00
1.830237826641601187e-02 5.432389547468762885e+02 1.303628404826508547e+00
1.840237826641600780e-02 5.112389547468776527e+02 1.271607707625382888e+00
1.850237826641600372e-02 4.792389547468790170e+02 1.239190965129125743e+00
1.860237826641599965e-02 4.472389547468800401e+02 1.206332906668259319e+00
1.870237826641599557e-02 4.152389547468814612e+02 1.173009397809224863e+00
1.880237826641599150e-02 3.832389547468828823e+02 1.139152981129808007e+00
1.890237826641598742e-02 3.512389547468842466e+02 1.104550757397259719e+00
1.900237826641598335e-02 3.192389547468852697e+02 1.069018637613925682e+00
1.910237826641597927e-02 2.872389547468866908e+02 1.032826465032457675e+00
1.920237826641597520e-02 2.552389547468880551e+02 9.961914956923096920e-01
1.930237826641597113e-02 2.232389547468894762e+02 9.587396551994860072e-01
1.940237826641596705e-02 1.912389547468904993e+02 9.200047315958048699e-01
1.950237826641596298e-02 1.592389547468918920e+02 8.795404631708333421e-01
1.960237826641595890e-02 1.272389547468932847e+02 8.366340989701761544e-01
1.970237826641595483e-02 9.523895474689467733e+01 7.899483451800213274e-01
1.980237826641595075e-02 6.323895474689571472e+01 7.391272772485798503e-01
1.990237826641594668e-02 3.123895474689710738e+01 6.839043214601210341e-01
2.000237826641594260e-02 -7.610452531014999522e-01 6.232151439794284542e-01
2.010309826641594466e-02 -3.299144525310215670e+01 5.540512887149827703e-01
2.020467906641594188e-02 -6.549730125310126994e+01 4.723551923478956915e-01
2.030269837803193311e-02 -9.686348097021846115e+01 3.674442713661272841e-01
2.040000391684099537e-02 -1.280012533891183750e+02 2.054478178120052734e-01
2.050065212587923874e-02 -1.602086802813562656e+02 -6.737064028217157330e-02
2.060119344432647173e-02 -1.923819021844708175e+02 -4.519576332772117788e-01
2.070108486283283450e-02 -2.243471561065069011e+02 -7.708527013409351980e-01
2.080129383437767654e-02 -2.564140270008563789e+02 -8.800104598895952535e-01
2.090194824503412152e-02 -2.886234384109187658e+02 -9.357268259627975482e-01
2.100256181308512993e-02 -3.208197801872414630e+02 -9.725874937579583879e-01
2.110060436258165070e-02 -3.521933960261280845e+02 -1.006992005729584694e+00
2.120139604204568720e-02 -3.844467334546197890e+02 -1.045344562929280796e+00
2.130523415812377724e-02 -4.176749305996085582e+02 -1.085540891889489101e+00
2.140603880114789331e-02 -4.499324163673256862e+02 -1.122522277857953776e+00
2.150123996190391948e-02 -4.803967878092540786e+02 -1.154583353054154271e+00
2.160123996190391540e-02 -5.123967878092528281e+02 -1.186240309138010929e+00
2.170123996190391133e-02 -5.443967878092514638e+02 -1.216532366670300735e+00
2.180070236190389393e-02 -5.762247558092458348e+02 -1.245839585073081457e+00
2.190172296227307566e-02 -6.085513479273840858e+02 -1.273068942228981149e+00
2.200117378900542583e-02 -6.403756124817360842e+02 -1.299881525154327644e+00
2.210261363227242551e-02 -6.728363623271760616e+02 -1.331293569284226042e+00
2.220008137983290122e-02 -7.040260415465282904e+02 -1.364515914796115226e+00
2.230319199698902258e-02 -7.370214390364870951e+02 -1.401714239985363486e+00
2.240107013506557540e-02 -7.683424432209840234e+02 -1.437645354041173995e+00
2.250301113925095783e-02 -8.009635645603063949e+02 -1.474539947775168169e+00
2.260007670410571837e-02 -8.320245453138296625e+02 -1.508510298633412461e+00
2.270379059532038474e-02 -8.652129905025229846e+02 -1.543291919150290070e+00
2.280910008486144308e-02 -8.989120271556616899e+02 -1.577181598739996637e+00
2.290483598444423285e-02 -9.295475150221543572e+02 -1.606976381579115154e+00
2.300440957440250817e-02 -9.614110638088025098e+02 -1.637225356153234612e+00
2.310440957440250409e-02 -9.934110638088011456e+02 -1.667199722178861476e+00
2.320488957440250410e-02 -1.025564663808801242e+03 -1.697156753151451980e+00
2.330442237440250378e-02 -1.057415159808801036e+03 -1.726860388000309054e+00
2.340026877440248843e-02 -1.088086007808796012e+03 -1.755627132088093179e+00
2.350496253440248831e-02 -1.121588011008796002e+03 -1.787197590638452294e+00
2.360228349440250326e-02 -1.152730718208800909e+03 -1.816596334090901266e+00
2.370190973440251467e-02 -1.184611115008804518e+03 -1.846626901142292887e+00
2.380190973440251059e-02 -1.216611115008803154e+03 -1.876567857071286483e+00
2.390190973440250652e-02 -1.248611115008802017e+03 -1.906229795858746634e+00
2.400190973440250244e-02 -1.280611115008800653e+03 -1.935554507985584705e+00
2.410190973440249837e-02 -1.312611115008799288e+03 -1.964379143227648283e+00
2.420190973440249430e-02 -1.344611115008797924e+03 -1.992871877238109102e+00
2.430190973440249022e-02 -1.376611115008796787e+03 -2.021098361917854636e+00
2.440190973440248615e-02 -1.408611115008795423e+03 -2.049231419345094007e+00
2.450190973440248207e-02 -1.440611115008794059e+03 -2.077444302735224735e+00
2.460190973440247800e-02 -1.472611115008792694e+03 -2.105878104838081910e+00
2.470190973440247392e-02 -1.504611115008791558e+03 -2.134617570660994446e+00
2.480190973440246985e-02 -1.536611115008790193e+03 -2.163678332717347441e+00
2.490190973440246577e-02 -1.568611115008788829e+03 -2.192981653543426113e+00
2.500190973440246170e-02 -1.600611115008787465e+03 -2.222378334621077034e+00
2.510190973440245762e-02 -1.632611115008786101e+03 -2.251687286911473684e+00
2.520190973440245355e-02 -1.664611115008785191e+03 -2.280805263583919551e+00
2.530190973440244948e-02 -1.696611115008783599e+03 -2.309566408711581253e+00
2.540190973440244540e-02 -1.728611115008782235e+03 -2.337909229959590274e+00
2.550190973440244133e-02 -1.760611115008780871e+03 -2.365894230029726319e+00
2.560190973440243725e-02 -1.792611115008779961e+03 -2.393516394470259545e+00
2.570190973440243318e-02 -1.824611115008778597e+03 -2.421025392236106466e+00
2.580190973440242910e-02 -1.856611115008777006e+03 -2.448542599380120421e+00
2.590190973440242503e-02 -1.888611115008775641e+03 -2.476167456490222296e+00
2.600190973440242095e-02 -1.920611115008774732e+03 -2.504000577149136042e+00
2.610190973440241688e-02 -1.952611115008773368e+03 -2.532059119246174994e+00
2.620190973440241280e-02 -1.984611115008771776e+03 -2.560293655331129070e+00
2.630190973440240873e-02 -2.016611115008770412e+03 -2.588622339675474837e+00
2.640190973440240466e-02 -2.048611115008769502e+03 -2.616885118720872150e+00
2.650190973440240058e-02 -2.080611115008768138e+03 -2.644857029577295737e+00
2.660190973440239651e-02 -2.112611115008766774e+03 -2.672504103040152401e+00
2.670190973440239243e-02 -2.144611115008765410e+03 -2.699770350708358801e+00
2.680190973440238836e-02 -2.176611115008764045e+03 -2.726668478785327920e+00
2.690190973440238428e-02 -2.208611115008762681e+03 -2.753277664639484534e+00
2.700190973440238021e-02 -2.240611115008761317e+03 -2.779730586958530481e+00
2.710190973440237613e-02 -2.272611115008759953e+03 -2.806178372265693000e+00
2.720190973440237206e-02 -2.304611115008759043e+03 -2.832762236784656551e+00
2.730190973440236799e-02 -2.336611115008757679e+03 -2.859570162286844131e+00
2.740190973440236391e-02 -2.368611115008756315e+03 -2.886631799436615520e+00
2.750190973440235984e-02 -2.400611115008754950e+03 -2.913914063490476547e+00
2.760190973440235576e-02 -2.432611115008753586e+03 -2.941324055714140240e+00
2.770190973440235169e-02 -2.464611115008752222e+03 -2.968724307580429045e+00
2.780190973440234761e-02 -2.496611115008750858e+03 -2.995967860088485590e+00
2.790190973440234354e-02 -2.528611115008749493e+03 -3.022935069579539391e+00
2.800190973440233946e-02 -2.560611115008748584e+03 -3.049557220849810513e+00
2.810190973440233539e-02 -2.592611115008747220e+03 -3.075831381984617696e+00
2.820190973440233131e-02 -2.624611115008745855e+03 -3.101821679067464643e+00
2.830190973440232724e-02 -2.656611115008744491e+03 -3.127645952202573021e+00
2.840190973440232317e-02 -2.688611115008743582e+03 -3.153452111993572338e+00
2.850190973440231909e-02 -2.720611115008741763e+03 -3.179383818267781159e+00
2.860190973440231502e-02 -2.752611115008740398e+03 -3.205548646172811988e+00
2.870190973440231094e-02 -2.784611115008739034e+03 -3.231997821970999052e+00
2.880190973440230687e-02 -2.816611115008738125e+03 -3.258715121086429800e+00
2.890190973440230279e-02 -2.848611115008736761e+03 -3.285616678414916780e+00
2.900190973440229872e-02 -2.880611115008735396e+03 -3.312570625025462956e+00
2.910190973440229464e-02 -2.912611115008734032e+03 -3.339427655916501259e+00
2.920190973440229057e-02 -2.944611115008733123e+03 -3.366053910894627244e+00
2.930190973440228649e-02 -2.976611115008731758e+03 -3.392360429010226941e+00
2.940190973440228242e-02 -3.008611115008729939e+03 -3.418322951261526743e+00
2.950190973440227835e-02 -3.040611115008728575e+03 -3.443986232418394522e+00
2.960190973440227427e-02 -3.072611115008727666e+03 -3.469456539412355323e+00
2.970190973440227020e-02 -3.104611115008726301e+03 -3.494877163053733859e+00
2.980190973440226612e-02 -3.136611115008724937e+03 -3.520395961093286452e+00
2.990190973440226205e-02 -3.168611115008723573e+03 -3.546134164193530225e+00
3.000190973440225797e-02 -3.199388884991277337e+03 -3.572155720345786989e+00
3.010190973440225390e-02 -3.167388884991278701e+03 -3.593494420337667528e+00
3.020190973440224982e-02 -3.135388884991279610e+03 -3.603502132616152931e+00
3.030190973440224575e-02 -3.103388884991280975e+03 -3.603889776154190372e+00
3.040190973440224168e-02 -3.071388884991282339e+03 -3.596881438082249804e+00
3.050190973440223760e-02 -3.039388884991283703e+03 -3.584169975411258591e+00
3.060190973440223353e-02 -3.007388884991284613e+03 -3.566854527301981381e+00
3.070190973440222945e-02 -2.975388884991285977e+03 -3.545837404581964503e+00
3.080190973440222538e-02 -2.943388884991287341e+03 -3.522069252880154711e+00
3.090190973440222130e-02 -2.911388884991289160e+03 -3.496239460365213603e+00
3.100190973440221723e-02 -2.879388884991290070e+03 -3.468877678182006985e+00
3.110190973440221315e-02 -2.847388884991291434e+03 -3.440452726421024732e+00
3.120190973440220908e-02 -2.815388884991292798e+03 -3.411570137059188657e+00
3.130190973440222235e-02 -2.783388884991288705e+03 -3.382741613596270902e+00
3.140190973440225297e-02 -2.751388884991278701e+03 -3.354143879511712889e+00
3.150190973440228359e-02 -2.719388884991268696e+03 -3.325766086660006504e+00
3.160190973440231421e-02 -2.687388884991259147e+03 -3.297643371777373211e+00
3.170190973440234483e-02 -2.655388884991249142e+03 -3.269814669472645985e+00
3.180190973440237545e-02 -2.623388884991239593e+03 -3.242147542652523029e+00
3.190190973440240607e-02 -2.591388884991229588e+03 -3.214468931430841891e+00
3.200190973440243669e-02 -2.559388884991219584e+03 -3.186674220317501138e+00
3.210190973440246731e-02 -2.527388884991210034e+03 -3.158726593049403952e+00
3.220190973440249793e-02 -2.495388884991200484e+03 -3.130805685862943832e+00
3.230190973440252855e-02 -2.463388884991190480e+03 -3.103085227815906233e+00
3.240190973440255917e-02 -2.431388884991180475e+03 -3.075661484594645056e+00
3.250190973440258979e-02 -2.399388884991170926e+03 -3.048631734072907218e+00
3.260190973440262041e-02 -2.367388884991161376e+03 -3.022057476048872982e+00
3.270190973440265103e-02 -2.335388884991151372e+03 -2.995920557135253848e+00
3.280190973440268165e-02 -2.303388884991141367e+03 -2.970141093980494418e+00
3.290190973440271227e-02 -2.271388884991131818e+03 -2.944584131994762100e+00
3.300190973440274289e-02 -2.239388884991122268e+03 -2.919086430029396162e+00
3.310190973440277351e-02 -2.207388884991112263e+03 -2.893480847144720869e+00
3.320190973440280413e-02 -2.175388884991102259e+03 -2.867626878732577822e+00
3.330190973440283475e-02 -2.143388884991092709e+03 -2.841438013966295806e+00
3.340190973440286537e-02 -2.111388884991082705e+03 -2.814897820572892506e+00
3.350190973440289599e-02 -2.079388884991072700e+03 -2.788073931300772301e+00
3.360190973440292661e-02 -2.047388884991062923e+03 -2.761116984924525841e+00
3.370190973440295723e-02 -2.015388884991053374e+03 -2.734177361567261322e+00
3.380190973440298785e-02 -1.983388884991043597e+03 -2.707394418903359856e+00
3.390190973440301847e-02 -1.951388884991033819e+03 -2.680869302383654951e+00
3.400190973440304909e-02 -1.919388884991023815e+03 -2.654640973077886823e+00
3.410190973440307971e-02 -1.887388884991014038e+03 -2.628676397191286540e+00
3.420190973440311033e-02 -1.855388884991004488e+03 -2.602885701943924879e+00
3.430190973440314095e-02 -1.823388884990994484e+03 -2.577134763326979883e+00
3.440190973440317157e-02 -1.791388884990984479e+03 -2.551267467449059190e+00
3.450190973440320219e-02 -1.759388884990974930e+03 -2.525139536772534665e+00
3.460190973440323281e-02 -1.727388884990965380e+03 -2.498650308159136024e+00
3.470190973440326343e-02 -1.695388884990955376e+03 -2.471763623481723737e+00
3.480190973440329405e-02 -1.663388884990945371e+03 -2.444511273953291486e+00
3.490190973440332467e-02 -1.631388884990935821e+03 -2.416984145613453094e+00
3.500190973440335529e-02 -1.599388884990926044e+03 -2.389334805235741932e+00
3.510190973440338591e-02 -1.567388884990916267e+03 -2.361730758734570834e+00
3.520190973440341653e-02 -1.535388884990906490e+03 -2.334308447581903145e+00
3.530190973440344715e-02 -1.503388884990896486e+03 -2.307151572748974644e+00
3.540190973440347777e-02 -1.471388884990886936e+03 -2.280264886751264264e+00
3.550190973440350839e-02 -1.439388884990876932e+03 -2.253563322651496836e+00
3.560190973440353901e-02 -1.407388884990867382e+03 -2.226939390166132959e+00
3.570190973440356963e-02 -1.375388884990857377e+03 -2.200259649402399376e+00
3.580190973440360025e-02 -1.343388884990847828e+03 -2.173365236280796697e+00
3.590190973440363087e-02 -1.311388884990837823e+03 -2.146118733134484646e+00
3.600190973440366149e-02 -1.279388884990828046e+03 -2.118449542743313430e+00
3.610190973440369211e-02 -1.247388884990818269e+03 -2.090362080275914192e+00
3.620190973440372273e-02 -1.215388884990808492e+03 -2.061935279169276658e+00
3.630190973440375335e-02 -1.183388884990798488e+03 -2.033344085609169127e+00
3.640190973440378397e-02 -1.151388884990788938e+03 -2.004780778929181384e+00
3.650190973440381459e-02 -1.119388884990778934e+03 -1.976395689578142045e+00
3.660190973440384521e-02 -1.087388884990769384e+03 -1.948275532237186747e+00
3.670190973440387583e-02 -1.055388884990759379e+03 -1.920428338037597937e+00
3.680190973440390645e-02 -1.023388884990749716e+03 -1.892813140329646426e+00
3.690190973440393707e-02 -9.913888849907398253e+02 -1.865375459265110392e+00
3.700190973440396769e-02 -9.593888849907301619e+02 -1.837936683151168094e+00
3.710190973440399831e-02 -9.273888849907201575e+02 -1.810301271862413852e+00
3.720190973440402893e-02 -8.953888849907106078e+02 -1.782319060422294044e+00
3.730190973440405955e-02 -8.633888849907006033e+02 -1.753887396675690935e+00
3.740190973440409017e-02 -8.313888849906909400e+02 -1.724985791812934099e+00
3.750190973440412079e-02 -7.993888849906809355e+02 -1.695674201481382148e+00
3.760190973440415141e-02 -7.673888849906713858e+02 -1.666079460154597847e+00
3.770190973440418203e-02 -7.353888849906613814e+02 -1.636339233614318989e+00
3.780190973440421265e-02 -7.033888849906518317e+02 -1.606592997997239536e+00
3.790190973440424327e-02 -6.713888849906418272e+02 -1.576966299815935280e+00
3.800190973440427389e-02 -6.393888849906321639e+02 -1.547517735581421361e+00
3.810190973440430451e-02 -6.073888849906221594e+02 -1.518211713529710183e+00
3.820190973440433513e-02 -5.753888849906126097e+02 -1.488927950534844058e+00
3.830190973440436575e-02 -5.433888849906026053e+02 -1.459446963863499258e+00
3.840190973440439637e-02 -5.113888849905929987e+02 -1.429509371347813307e+00
3.850190973440442699e-02 -4.793888849905829943e+02 -1.398929924352389165e+00
3.860190973440445761e-02 -4.473888849905733878e+02 -1.367563026726173137e+00
3.870190973440448823e-02 -4.153888849905633833e+02 -1.335298504636801331e+00
3.880190973440451885e-02 -3.833888849905537768e+02 -1.302037228839166172e+00
3.890190973440454947e-02 -3.513888849905438292e+02 -1.267736237190301152e+00
3.900190973440458009e-02 -3.193888849905341658e+02 -1.232449216004805059e+00
3.910190973440461071e-02 -2.873888849905242182e+02 -1.196371094403410940e+00
3.920190973440464133e-02 -2.553888849905146117e+02 -1.159636099877879856e+00
3.930190973440467195e-02 -2.233888849905046072e+02 -1.122291470460795582e+00
3.940190973440470257e-02 -1.913888849904950007e+02 -1.084477711288352353e+00
3.950190973440473319e-02 -1.593888849904850247e+02 -1.046114720966555334e+00
3.960190973440476381e-02 -1.273888849904754039e+02 -1.006430574382506826e+00
3.970190973440479443e-02 -9.538888499046542790e+01 -9.643421635049100882e-01
3.980190973440482505e-02 -6.338888499045580716e+01 -9.187213444905635296e-01
3.990190973440485567e-02 -3.138888499044583114e+01 -8.687573835630324481e-01
4.000190973440488629e-02 6.111150095633455237e-01 -8.132848876435981866e-01
4.010190973440491691e-02 3.261111500957314036e+01 -7.497224643475857153e-01
4.020190973440494753e-02 6.461111500958294585e+01 -6.715347031032876668e-01
4.030123552870900488e-02 9.639536918688129674e+01 -5.621853769125639833e-01
4.040083533995413034e-02 1.282673087853214327e+02 -3.921464122989337664e-01
4.050066935994742212e-02 1.602141951831748088e+02 -1.414202866369313194e-01
4.060031016996858838e-02 1.920992543899480154e+02 1.278268804581042251e-01
4.070002849476608842e-02 2.240091183251480231e+02 3.717676947006796073e-01
4.080110359740780901e-02 2.563531511704986201e+02 5.886524833549136027e-01
4.090052433629903089e-02 2.881677876156896332e+02 7.043064696116682066e-01
4.100080838422325707e-02 3.202586829514419833e+02 7.907229215508773112e-01
4.110125017111779938e-02 3.524000547576955569e+02 8.465934704174686853e-01
4.120014156619220685e-02 3.840453011815059199e+02 8.828048296444925835e-01
4.130188459480688135e-02 4.166030703382017464e+02 9.198684897740033728e-01
4.140579985081915132e-02 4.498559522621281417e+02 9.598825757269572323e-01
4.150707766378543967e-02 4.822648524113404278e+02 9.984755011136934311e-01
4.160734269862204071e-02 5.143496635590527148e+02 1.034595161463187862e+00
4.170734269862207133e-02 5.463496635590626056e+02 1.066588601777385348e+00
4.180214269862206344e-02 5.766856635590600035e+02 1.095049781030623892e+00
4.190042261414207714e-02 6.081352365254643928e+02 1.120303131931434049e+00
4.200189121651014268e-02 6.406051892832454087e+02 1.146827966592615544e+00
4.210321486373191924e-02 6.730287563942139286e+02 1.177200330679305740e+00
4.220236418376009657e-02 7.047565388032306828e+02 1.209883006925524418e+00
4.230151350378826003e-02 7.364843212122428895e+02 1.243630698386233524e+00
4.240671615072341000e-02 7.701491682314908758e+02 1.279512396928863760e+00
4.250590721783368414e-02 8.018903097067786803e+02 1.313100776323007368e+00
4.260706354546935776e-02 8.342603345501942158e+02 1.347186654653086402e+00
4.270706354546938838e-02 8.662603345502039929e+02 1.380746567249060863e+00
4.280706354546941900e-02 8.982603345502137699e+02 1.414206079304786590e+00
4.290706354546944962e-02 9.302603345502236607e+02 1.447457830752306052e+00
4.300706354546948024e-02 9.622603345502334378e+02 1.480364094163695077e+00
4.310706354546951086e-02 9.942603345502432148e+02 1.512818676081433278e+00
4.320706354546954148e-02 1.026260334550252992e+03 1.544725777828596991e+00
4.330706354546957210e-02 1.058260334550262769e+03 1.576063417478283490e+00
4.340127154546954275e-02 1.088406894550253355e+03 1.605033691205790092e+00
4.350080434546956670e-02 1.120257390550261107e+03 1.635203048138229365e+00
4.360254898546959273e-02 1.152815675350269430e+03 1.665781240555442855e+00
4.370563314546961620e-02 1.185802606550276778e+03 1.696858955520979206e+00
4.380563314546964682e-02 1.217802606550286555e+03 1.727216298342988399e+00
4.390563314546967744e-02 1.249802606550296332e+03 1.757809460345380437e+00
4.400563314546970806e-02 1.281802606550306336e+03 1.788725838041832050e+00
4.410563314546973868e-02 1.313802606550316113e+03 1.819863898393026203e+00
4.420563314546976930e-02 1.345802606550325891e+03 1.851083765726800667e+00
4.430563314546979992e-02 1.377802606550335668e+03 1.882123372444139520e+00
4.440563314546983054e-02 1.409802606550345445e+03 1.912795147148886876e+00
4.450563314546986116e-02 1.441802606550355222e+03 1.942966111397035345e+00
4.460563314546989178e-02 1.473802606550364999e+03 1.972555474513714380e+00
4.470563314546992240e-02 1.505802606550374776e+03 2.001713666281394133e+00
4.480563314546995302e-02 1.537802606550384553e+03 2.030507564640481988e+00
4.490563314546998364e-02 1.569802606550394330e+03 2.059084934032881176e+00
4.500563314547001426e-02 1.601802606550404107e+03 2.087687828999347683e+00
4.510563314547004488e-02 1.633802606550414112e+03 2.116532453505246991e+00
4.520563314547007550e-02 1.665802606550423889e+03 2.145711169395989160e+00
4.530563314547010612e-02 1.697802606550433666e+03 2.175234614889455464e+00
4.540563314547013674e-02 1.729802606550443443e+03 2.205019037484803324e+00
4.550563314547016042e-02 1.761802606550450946e+03 2.234907785178959383e+00
4.560163314547015928e-02 1.792522606550450746e+03 2.264268818939595196e+00
4.570963314547017015e-02 1.827082606550454102e+03 2.298927535075382167e+00
4.580963314547020077e-02 1.859082606550463879e+03 2.330563077073435796e+00
4.590523314547020894e-02 1.889674606550466478e+03 2.359865006129429510e+00
4.600507314547017806e-02 1.921623406550456593e+03 2.389423889240496202e+00
4.610491314547021657e-02 1.953572206550468991e+03 2.418109469824746949e+00
4.620168114547022059e-02 1.984537966550470173e+03 2.445356986493229190e+00
4.630305714547021390e-02 2.016978286550468283e+03 2.473567476230730477e+00
4.640913714547022922e-02 2.050923886550473071e+03 2.503037849743752208e+00
4.650913714547025984e-02 2.082923886550482621e+03 2.531063844364950910e+00
4.660913714547029046e-02 2.114923886550492625e+03 2.559443903389378772e+00
4.670913714547032108e-02 2.146923886550502175e+03 2.588145961109808546e+00
4.680913714547035170e-02 2.178923886550512179e+03 2.617036494623826925e+00
4.690913714547038232e-02 2.210923886550521729e+03 2.645858562846475692e+00
4.700913714547041294e-02 2.242923886550531734e+03 2.674236932746151041e+00
4.710913714547044356e-02 2.274923886550541283e+03 2.701988569697318709e+00
4.720913714547047418e-02 2.306923886550551288e+03 2.729046814008347699e+00
4.730913714547050480e-02 2.338923886550561292e+03 2.755460297160342797e+00
4.740913714547053542e-02 2.370923886550571297e+03 2.781358824128829177e+00
4.750913714547056604e-02 2.402923886550580846e+03 2.806942150487043097e+00
4.760913714547059666e-02 2.434923886550590851e+03 2.832445209691912158e+00
4.770913714547062728e-02 2.466923886550600400e+03 2.858101557553668570e+00
4.780913714547065790e-02 2.498923886550610405e+03 2.884119261662985156e+00
4.790913714547068852e-02 2.530923886550619955e+03 2.910595660433486387e+00
4.800913714547071914e-02 2.562923886550629959e+03 2.937509284216633265e+00
4.810913714547074976e-02 2.594923886550639509e+03 2.964738341868265792e+00
4.820913714547078038e-02 2.626923886550649513e+03 2.992093052025176725e+00
4.830913714547081100e-02 2.658923886550659063e+03 3.019353606279664426e+00
4.840913714547084162e-02 2.690923886550669067e+03 3.046315665930088290e+00
4.850913714547087224e-02 2.722923886550678617e+03 3.072835629556017523e+00
4.860913714547090286e-02 2.754923886550688621e+03 3.098862056296109113e+00
4.870913714547093348e-02 2.786923886550698171e+03 3.124445634231797442e+00
4.880913714547096410e-02 2.818923886550708175e+03 3.149729757358208371e+00
4.890913714547099472e-02 2.850923886550717725e+03 3.174916051697862951e+00
4.900913714547102534e-02 2.882923886550727730e+03 3.200221467558938215e+00
4.910913714547105596e-02 2.914923886550737279e+03 3.225829395526658150e+00
4.920913714547108658e-02 2.946923886550747284e+03 3.251849288096036794e+00
4.930913714547111720e-02 2.978923886550756833e+03 3.278293837563665214e+00
4.940913714547114782e-02 3.010923886550766838e+03 3.305075887840366988e+00
4.950913714547117844e-02 3.042923886550776842e+03 3.332016034939465854e+00
4.960913714547120906e-02 3.074923886550786847e+03 3.358859362724851305e+00
4.970913714547123968e-02 3.106923886550796396e+03 3.385387253103876670e+00
4.980913714547127030e-02 3.138923886550806401e+03 3.411452518737536188e+00
4.990913714547130092e-02 3.170923886550815951e+03 3.436992714117111714e+00
5.000000000000000278e-02 3.200000000000000000e+03 3.459772973150455844e+00
