time R11 R12 R13 R21 R22 R23 R31 R32 R33
0.000000000000000000e+00 1.000000000000000000e+00 -0.000000000000000000e+00 0.000000000000000000e+00 0.000000000000000000e+00 1.000000000000000000e+00 -0.000000000000000000e+00 0.000000000000000000e+00 0.000000000000000000e+00 1.000000000000000000e+00
5.040000000000002811e-03 9.999999203965483918e-01 -3.990073891596773530e-04 0.000000000000000000e+00 3.990073891596773530e-04 9.999999203965483918e-01 -0.000000000000000000e+00 0.000000000000000000e+00 0.000000000000000000e+00 1.000000000000000000e+00
1.013600000000001305e-02 9.999986978048553965e-01 -1.613811820872654941e-03 0.000000000000000000e+00 1.613811820872654941e-03 9.999986978048553965e-01 -0.000000000000000000e+00 0.000000000000000000e+00 0.000000000000000000e+00 1.000000000000000000e+00
1.513600000000002617e-02 9.999935247913689373e-01 -3.598662992525689976e-03 0.000000000000000000e+00 3.598662992525689976e-03 9.999935247913689373e-01 -0.000000000000000000e+00 0.000000000000000000e+00 0.000000000000000000e+00 1.000000000000000000e+00
2.013600000000000112e-02 9.999797184519607640e-01 -6.368884104553549849e-03 0.000000000000000000e+00 6.368884104553549849e-03 9.999797184519607640e-01 -0.000000000000000000e+00 0.000000000000000000e+00 0.000000000000000000e+00 1.000000000000000000e+00
2.513599999999997087e-02 9.999507517430075154e-01 -9.924418803860003691e-03 0.000000000000000000e+00 9.924418803860003691e-03 9.999507517430075154e-01 -0.000000000000000000e+00 0.000000000000000000e+00 0.000000000000000000e+00 1.000000000000000000e+00
3.013599999999994061e-02 9.998982475624252908e-01 -1.426515059826695929e-02 0.000000000000000000e+00 1.426515059826695929e-02 9.998982475624252908e-01 -0.000000000000000000e+00 0.000000000000000000e+00 0.000000000000000000e+00 1.000000000000000000e+00
3.513599999999991036e-02 9.998119794051801845e-01 -1.939086996232788560e-02 0.000000000000000000e+00 1.939086996232788560e-02 9.998119794051801845e-01 -0.000000000000000000e+00 0.000000000000000000e+00 0.000000000000000000e+00 1.000000000000000000e+00
4.013599999999988011e-02 9.996798725335743763e-01 -2.530123418446088637e-02 0.000000000000000000e+00 2.530123418446088637e-02 9.996798725335743763e-01 -0.000000000000000000e+00 0.000000000000000000e+00 0.000000000000000000e+00 1.000000000000000000e+00
4.513599999999984985e-02 9.994880058830112324e-01 -3.199571996380342481e-02 0.000000000000000000e+00 3.199571996380342481e-02 9.994880058830112324e-01 -0.000000000000000000e+00 0.000000000000000000e+00 0.000000000000000000e+00 1.000000000000000000e+00
5.013599999999981960e-02 9.992206149637465895e-01 -3.947356877041211659e-02 0.000000000000000000e+00 3.947356877041211659e-02 9.992206149637465895e-01 -0.000000000000000000e+00 0.000000000000000000e+00 0.000000000000000000e+00 1.000000000000000000e+00
5.513599999999978934e-02 9.988600960588162048e-01 -4.773372498949323556e-02 0.000000000000000000e+00 4.773372498949323556e-02 9.988600960588162048e-01 -0.000000000000000000e+00 0.000000000000000000e+00 0.000000000000000000e+00 1.000000000000000000e+00
6.013599999999975909e-02 9.983870120578367535e-01 -5.677476687953151441e-02 0.000000000000000000e+00 5.677476687953151441e-02 9.983870120578367535e-01 -0.000000000000000000e+00 0.000000000000000000e+00 0.000000000000000000e+00 1.000000000000000000e+00
6.513599999999981904e-02 9.977801003056190332e-01 -6.659483038576506642e-02 0.000000000000000000e+00 6.659483038576506642e-02 9.977801003056190332e-01 -0.000000000000000000e+00 0.000000000000000000e+00 0.000000000000000000e+00 1.000000000000000000e+00
7.013599999999996226e-02 9.970162828834232549e-01 -7.719152586470608146e-02 0.000000000000000000e+00 7.719152586470608146e-02 9.970162828834232549e-01 -0.000000000000000000e+00 0.000000000000000000e+00 0.000000000000000000e+00 1.000000000000000000e+00
7.513600000000010548e-02 9.960706797790803702e-01 -8.856184779260607709e-02 0.000000000000000000e+00 8.856184779260607709e-02 9.960706797790803702e-01 -0.000000000000000000e+00 0.000000000000000000e+00 0.000000000000000000e+00 1.000000000000000000e+00
8.013600000000024870e-02 9.949166254399801623e-01 -1.007020775511711513e-01 0.000000000000000000e+00 1.007020775511711513e-01 9.949166254399801623e-01 -0.000000000000000000e+00 0.000000000000000000e+00 0.000000000000000000e+00 1.000000000000000000e+00
8.513600000000039192e-02 9.935256892398880435e-01 -1.136076794077109930e-01 0.000000000000000000e+00 1.136076794077109930e-01 9.935256892398880435e-01 -0.000000000000000000e+00 0.000000000000000000e+00 0.000000000000000000e+00 1.000000000000000000e+00
9.007200000000036011e-02 9.918907415767082014e-01 -1.270934961924007345e-01 0.000000000000000000e+00 1.270934961924007345e-01 9.918907415767082014e-01 -0.000000000000000000e+00 0.000000000000000000e+00 0.000000000000000000e+00 1.000000000000000000e+00
9.505600000000048733e-02 9.899446146182535600e-01 -1.414555053305354415e-01 0.000000000000000000e+00 1.414555053305354415e-01 9.899446146182535600e-01 -0.000000000000000000e+00 0.000000000000000000e+00 0.000000000000000000e+00 1.000000000000000000e+00
1.000560000000006305e-01 9.876607962072161406e-01 -1.566082744791219561e-01 0.000000000000000000e+00 1.566082744791219561e-01 9.876607962072161406e-01 -0.000000000000000000e+00 0.000000000000000000e+00 0.000000000000000000e+00 1.000000000000000000e+00
1.050560000000007738e-01 9.850098773215157921e-01 -1.724979465937276912e-01 0.000000000000000000e+00 1.724979465937276912e-01 9.850098773215157921e-01 -0.000000000000000000e+00 0.000000000000000000e+00 0.000000000000000000e+00 1.000000000000000000e+00
1.100560000000009170e-01 9.819551124357759342e-01 -1.891141379200479977e-01 0.000000000000000000e+00 1.891141379200479977e-01 9.819551124357759342e-01 -0.000000000000000000e+00 0.000000000000000000e+00 0.000000000000000000e+00 1.000000000000000000e+00
1.150560000000010602e-01 9.784582290464631793e-01 -2.064448934007791780e-01 0.000000000000000000e+00 2.064448934007791780e-01 9.784582290464631793e-01 -0.000000000000000000e+00 0.000000000000000000e+00 0.000000000000000000e+00 1.000000000000000000e+00
1.200560000000012034e-01 9.744794930844610237e-01 -2.244765412194609788e-01 0.000000000000000000e+00 2.244765412194609788e-01 9.744794930844610237e-01 -0.000000000000000000e+00 0.000000000000000000e+00 0.000000000000000000e+00 1.000000000000000000e+00
1.250560000000013328e-01 9.699777836269776188e-01 -2.431935428215485917e-01 0.000000000000000000e+00 2.431935428215485917e-01 9.699777836269776188e-01 -0.000000000000000000e+00 0.000000000000000000e+00 0.000000000000000000e+00 1.000000000000000000e+00
1.300560000000014760e-01 9.649106776905389538e-01 -2.625783389367552512e-01 0.000000000000000000e+00 2.625783389367552512e-01 9.649106776905389538e-01 -0.000000000000000000e+00 0.000000000000000000e+00 0.000000000000000000e+00 1.000000000000000000e+00
1.351619200000013232e-01 9.591073911530425544e-01 -2.830424212650907712e-01 0.000000000000000000e+00 2.830424212650907712e-01 9.591073911530425544e-01 -0.000000000000000000e+00 0.000000000000000000e+00 0.000000000000000000e+00 1.000000000000000000e+00
1.400992000000013948e-01 9.528469882919553546e-01 -3.034511771322538909e-01 0.000000000000000000e+00 3.034511771322538909e-01 9.528469882919553546e-01 -0.000000000000000000e+00 0.000000000000000000e+00 0.000000000000000000e+00 1.000000000000000000e+00
1.450992000000015381e-01 9.458113951916229389e-01 -3.247164990044019706e-01 0.000000000000000000e+00 3.247164990044019706e-01 9.458113951916229389e-01 -0.000000000000000000e+00 0.000000000000000000e+00 0.000000000000000000e+00 1.000000000000000000e+00
1.500992000000016813e-01 9.380293808588517912e-01 -3.465557395940214724e-01 0.000000000000000000e+00 3.465557395940214724e-01 9.380293808588517912e-01 -0.000000000000000000e+00 0.000000000000000000e+00 0.000000000000000000e+00 1.000000000000000000e+00
1.551712000000016189e-01 9.293241665100420157e-01 -3.692649367871470578e-01 0.000000000000000000e+00 3.692649367871470578e-01 9.293241665100420157e-01 -0.000000000000000000e+00 0.000000000000000000e+00 0.000000000000000000e+00 1.000000000000000000e+00
1.601712000000017622e-01 9.198945314489734848e-01 -3.921658463077496437e-01 0.000000000000000000e+00 3.921658463077496437e-01 9.198945314489734848e-01 -0.000000000000000000e+00 0.000000000000000000e+00 0.000000000000000000e+00 1.000000000000000000e+00
1.651712000000019054e-01 9.095745766301044366e-01 -4.155407194826593598e-01 0.000000000000000000e+00 4.155407194826593598e-01 9.095745766301044366e-01 -0.000000000000000000e+00 0.000000000000000000e+00 0.000000000000000000e+00 1.000000000000000000e+00
1.701712000000020486e-01 8.983159856002067567e-01 -4.393499630307586834e-01 0.000000000000000000e+00 4.393499630307586834e-01 8.983159856002067567e-01 -0.000000000000000000e+00 0.000000000000000000e+00 0.000000000000000000e+00 1.000000000000000000e+00
1.750912000000021118e-01 8.862744390864532029e-01 -4.631604674645630193e-01 0.000000000000000000e+00 4.631604674645630193e-01 8.862744390864532029e-01 -0.000000000000000000e+00 0.000000000000000000e+00 0.000000000000000000e+00 1.000000000000000000e+00
1.800473600000019603e-01 8.731319136748186827e-01 -4.874840113506789807e-01 0.000000000000000000e+00 4.874840113506789807e-01 8.731319136748186827e-01 -0.000000000000000000e+00 0.000000000000000000e+00 0.000000000000000000e+00 1.000000000000000000e+00
1.850473600000021035e-01 8.587965513900506220e-01 -5.123167802449535291e-01 0.000000000000000000e+00 5.123167802449535291e-01 8.587965513900506220e-01 -0.000000000000000000e+00 0.000000000000000000e+00 0.000000000000000000e+00 1.000000000000000000e+00
1.900073600000022345e-01 8.434616099718396098e-01 -5.371894568061739150e-01 0.000000000000000000e+00 5.371894568061739150e-01 8.434616099718396098e-01 -0.000000000000000000e+00 0.000000000000000000e+00 0.000000000000000000e+00 1.000000000000000000e+00
1.951673600000022046e-01 8.262824811863515029e-01 -5.632559465150164257e-01 0.000000000000000000e+00 5.632559465150164257e-01 8.262824811863515029e-01 -0.000000000000000000e+00 0.000000000000000000e+00 0.000000000000000000e+00 1.000000000000000000e+00
2.000473600000023111e-01 8.088420503277578000e-01 -5.880259667919340849e-01 0.000000000000000000e+00 5.880259667919340849e-01 8.088420503277578000e-01 -0.000000000000000000e+00 0.000000000000000000e+00 0.000000000000000000e+00 1.000000000000000000e+00
2.050393600000022798e-01 7.900034125158841292e-01 -6.131024451209259318e-01 0.000000000000000000e+00 6.131024451209259318e-01 7.900034125158841292e-01 -0.000000000000000000e+00 0.000000000000000000e+00 0.000000000000000000e+00 1.000000000000000000e+00
2.100393600000024230e-01 7.703555803270362157e-01 -6.376145229360726807e-01 0.000000000000000000e+00 6.376145229360726807e-01 7.703555803270362157e-01 -0.000000000000000000e+00 0.000000000000000000e+00 0.000000000000000000e+00 1.000000000000000000e+00
2.150093745277371071e-01 7.500721158072385375e-01 -6.613560471398538532e-01 0.000000000000000000e+00 6.613560471398538532e-01 7.500721158072385375e-01 -0.000000000000000000e+00 0.000000000000000000e+00 0.000000000000000000e+00 1.000000000000000000e+00
2.200474598276595806e-01 7.287644638251572493e-01 -6.847644531264974743e-01 0.000000000000000000e+00 6.847644531264974743e-01 7.287644638251572493e-01 -0.000000000000000000e+00 0.000000000000000000e+00 0.000000000000000000e+00 1.000000000000000000e+00
2.251108985557458142e-01 7.066139002662570334e-01 -7.075993187888950375e-01 0.000000000000000000e+00 7.075993187888950375e-01 7.066139002662570334e-01 -0.000000000000000000e+00 0.000000000000000000e+00 0.000000000000000000e+00 1.000000000000000000e+00
2.301108985557459574e-01 6.840389972354143922e-01 -7.294454402223438105e-01 0.000000000000000000e+00 7.294454402223438105e-01 6.840389972354143922e-01 -0.000000000000000000e+00 0.000000000000000000e+00 0.000000000000000000e+00 1.000000000000000000e+00
2.351108985557461006e-01 6.607890302993290055e-01 -7.505716870733083468e-01 0.000000000000000000e+00 7.505716870733083468e-01 6.607890302993290055e-01 -0.000000000000000000e+00 0.000000000000000000e+00 0.000000000000000000e+00 1.000000000000000000e+00
2.401108985557462439e-01 6.368869443683650156e-01 -7.709572102867495724e-01 0.000000000000000000e+00 7.709572102867495724e-01 6.368869443683650156e-01 -0.000000000000000000e+00 0.000000000000000000e+00 0.000000000000000000e+00 1.000000000000000000e+00
2.450228985557463268e-01 6.127933630706327017e-01 -7.902431867321502157e-01 0.000000000000000000e+00 7.902431867321502157e-01 6.127933630706327017e-01 -0.000000000000000000e+00 0.000000000000000000e+00 0.000000000000000000e+00 1.000000000000000000e+00
2.500456185557461408e-01 5.875533397394039348e-01 -8.091854379319198820e-01 0.000000000000000000e+00 8.091854379319198820e-01 5.875533397394039348e-01 -0.000000000000000000e+00 0.000000000000000000e+00 0.000000000000000000e+00 1.000000000000000000e+00
2.550299385557456278e-01 5.619277862003612123e-01 -8.271862928602971010e-01 0.000000000000000000e+00 8.271862928602971010e-01 5.619277862003612123e-01 -0.000000000000000000e+00 0.000000000000000000e+00 0.000000000000000000e+00 1.000000000000000000e+00
2.600299385557450771e-01 5.356679594012915269e-01 -8.444287046701198785e-01 0.000000000000000000e+00 8.444287046701198785e-01 5.356679594012915269e-01 -0.000000000000000000e+00 0.000000000000000000e+00 0.000000000000000000e+00 1.000000000000000000e+00
2.650299385557445264e-01 5.088794929982689563e-01 -8.608377672975464634e-01 0.000000000000000000e+00 8.608377672975464634e-01 5.088794929982689563e-01 -0.000000000000000000e+00 0.000000000000000000e+00 0.000000000000000000e+00 1.000000000000000000e+00
2.700102502416595329e-01 4.816972353001648943e-01 -8.763377051708874932e-01 0.000000000000000000e+00 8.763377051708874932e-01 4.816972353001648943e-01 -0.000000000000000000e+00 0.000000000000000000e+00 0.000000000000000000e+00 1.000000000000000000e+00
2.750104642504747066e-01 4.539319161264251390e-01 -8.910363716043199211e-01 0.000000000000000000e+00 8.910363716043199211e-01 4.539319161264251390e-01 -0.000000000000000000e+00 0.000000000000000000e+00 0.000000000000000000e+00 1.000000000000000000e+00
2.801408350006165948e-01 4.249784503816005365e-01 -9.052034670234384572e-01 0.000000000000000000e+00 9.052034670234384572e-01 4.249784503816005365e-01 -0.000000000000000000e+00 0.000000000000000000e+00 0.000000000000000000e+00 1.000000000000000000e+00
2.850210295593237908e-01 3.970266218467057850e-01 -9.178070938628621889e-01 0.000000000000000000e+00 9.178070938628621889e-01 3.970266218467057850e-01 -0.000000000000000000e+00 0.000000000000000000e+00 0.000000000000000000e+00 1.000000000000000000e+00
2.900210295593232401e-01 3.680016956701065434e-01 -9.298251190325663718e-01 0.000000000000000000e+00 9.298251190325663718e-01 3.680016956701065434e-01 -0.000000000000000000e+00 0.000000000000000000e+00 0.000000000000000000e+00 1.000000000000000000e+00
2.950210295593226895e-01 3.386135962492641260e-01 -9.409255190689326254e-01 0.000000000000000000e+00 9.409255190689326254e-01 3.386135962492641260e-01 -0.000000000000000000e+00 0.000000000000000000e+00 0.000000000000000000e+00 1.000000000000000000e+00
3.000210295593221388e-01 3.088913260902390601e-01 -9.510973392172926699e-01 0.000000000000000000e+00 9.510973392172926699e-01 3.088913260902390601e-01 -0.000000000000000000e+00 0.000000000000000000e+00 0.000000000000000000e+00 1.000000000000000000e+00
3.050210295593215881e-01 2.788642174852642985e-01 -9.603305411192188945e-01 0.000000000000000000e+00 9.603305411192188945e-01 2.788642174852642985e-01 -0.000000000000000000e+00 0.000000000000000000e+00 0.000000000000000000e+00 1.000000000000000000e+00
3.100210295593210374e-01 2.485619035653170716e-01 -9.686160127191716374e-01 0.000000000000000000e+00 9.686160127191716374e-01 2.485619035653170716e-01 -0.000000000000000000e+00 0.000000000000000000e+00 0.000000000000000000e+00 1.000000000000000000e+00
3.150210295593204868e-01 2.180142890557927871e-01 -9.759455772569992638e-01 0.000000000000000000e+00 9.759455772569992638e-01 2.180142890557927871e-01 -0.000000000000000000e+00 0.000000000000000000e+00 0.000000000000000000e+00 1.000000000000000000e+00
3.200210295593199361e-01 1.872515207641550217e-01 -9.823120013374118109e-01 0.000000000000000000e+00 9.823120013374118109e-01 1.872515207641550217e-01 -0.000000000000000000e+00 0.000000000000000000e+00 0.000000000000000000e+00 1.000000000000000000e+00
3.250210295593193854e-01 1.563039578286727072e-01 -9.877090020684697880e-01 0.000000000000000000e+00 9.877090020684697880e-01 1.563039578286727072e-01 -0.000000000000000000e+00 0.000000000000000000e+00 0.000000000000000000e+00 1.000000000000000000e+00
3.300210295593188348e-01 1.252021417576190399e-01 -9.921312532620393254e-01 0.000000000000000000e+00 9.921312532620393254e-01 1.252021417576190399e-01 -0.000000000000000000e+00 0.000000000000000000e+00 0.000000000000000000e+00 1.000000000000000000e+00
3.350210295593182841e-01 9.397676628848886105e-02 -9.955743906900973439e-01 0.000000000000000000e+00 9.955743906900973439e-01 9.397676628848886105e-02 -0.000000000000000000e+00 0.000000000000000000e+00 0.000000000000000000e+00 1.000000000000000000e+00
3.400210295593177334e-01 6.265864709698398816e-02 -9.980350163916974493e-01 0.000000000000000000e+00 9.980350163916974493e-01 6.265864709698398816e-02 -0.000000000000000000e+00 0.000000000000000000e+00 0.000000000000000000e+00 1.000000000000000000e+00
3.450210295593171828e-01 3.127869138566456014e-02 -9.995107020263468423e-01 0.000000000000000000e+00 9.995107020263468423e-01 3.127869138566456014e-02 -0.000000000000000000e+00 0.000000000000000000e+00 0.000000000000000000e+00 1.000000000000000000e+00
3.500210295593166321e-01 -1.321326177299040683e-04 -9.999999912704855554e-01 0.000000000000000000e+00 9.999999912704855554e-01 -1.321326177299040683e-04 -0.000000000000000000e+00 0.000000000000000000e+00 0.000000000000000000e+00 1.000000000000000000e+00
3.550210295593160814e-01 -3.154282622218322618e-02 -9.995024012547031322e-01 0.000000000000000000e+00 9.995024012547031322e-01 -3.154282622218322618e-02 -0.000000000000000000e+00 0.000000000000000000e+00 0.000000000000000000e+00 1.000000000000000000e+00
3.600210295593155307e-01 -6.292239086536727255e-02 -9.980184230402693313e-01 0.000000000000000000e+00 9.980184230402693313e-01 -6.292239086536727255e-02 -0.000000000000000000e+00 0.000000000000000000e+00 0.000000000000000000e+00 1.000000000000000000e+00
3.650210295593149801e-01 -9.423985870547951782e-02 -9.955495211345194440e-01 0.000000000000000000e+00 9.955495211345194440e-01 -9.423985870547951782e-02 -0.000000000000000000e+00 0.000000000000000000e+00 0.000000000000000000e+00 1.000000000000000000e+00
3.700210295593144294e-01 -1.254643231827650696e-01 -9.920981320455604102e-01 0.000000000000000000e+00 9.920981320455604102e-01 -1.254643231827650696e-01 -0.000000000000000000e+00 0.000000000000000000e+00 0.000000000000000000e+00 1.000000000000000000e+00
3.751010295593139032e-01 -1.570614056359754540e-01 -9.875888389707792037e-01 0.000000000000000000e+00 9.875888389707792037e-01 -1.570614056359754540e-01 -0.000000000000000000e+00 0.000000000000000000e+00 0.000000000000000000e+00 1.000000000000000000e+00
3.800610295593143673e-01 -1.877579686990834273e-01 -9.822153252673234691e-01 0.000000000000000000e+00 9.822153252673234691e-01 -1.877579686990834273e-01 -0.000000000000000000e+00 0.000000000000000000e+00 0.000000000000000000e+00 1.000000000000000000e+00
3.850450295593148553e-01 -2.184193478792376131e-01 -9.758550038156329487e-01 0.000000000000000000e+00 9.758550038156329487e-01 -2.184193478792376131e-01 -0.000000000000000000e+00 0.000000000000000000e+00 0.000000000000000000e+00 1.000000000000000000e+00
3.901090295593149793e-01 -2.493533594859543290e-01 -9.684125681304784905e-01 0.000000000000000000e+00 9.684125681304784905e-01 -2.493533594859543290e-01 -0.000000000000000000e+00 0.000000000000000000e+00 0.000000000000000000e+00 1.000000000000000000e+00
3.950290295593144596e-01 -2.791662571416169691e-01 -9.602427822553737391e-01 0.000000000000000000e+00 9.602427822553737391e-01 -2.791662571416169691e-01 -0.000000000000000000e+00 0.000000000000000000e+00 0.000000000000000000e+00 1.000000000000000000e+00
4.001090295593145441e-01 -3.096684458619926028e-01 -9.508446001515802326e-01 0.000000000000000000e+00 9.508446001515802326e-01 -3.096684458619926028e-01 -0.000000000000000000e+00 0.000000000000000000e+00 0.000000000000000000e+00 1.000000000000000000e+00
4.051490295593144775e-01 -3.396187938643772108e-01 -9.405631689865948664e-01 0.000000000000000000e+00 9.405631689865948664e-01 -3.396187938643772108e-01 -0.000000000000000000e+00 0.000000000000000000e+00 0.000000000000000000e+00 1.000000000000000000e+00
4.101490295593139268e-01 -3.689950155897377959e-01 -9.294313737280064380e-01 0.000000000000000000e+00 9.294313737280064380e-01 -3.689950155897377959e-01 -0.000000000000000000e+00 0.000000000000000000e+00 0.000000000000000000e+00 1.000000000000000000e+00
4.151490295593133761e-01 -3.980070837840191111e-01 -9.173823419151583280e-01 0.000000000000000000e+00 9.173823419151583280e-01 -3.980070837840191111e-01 -0.000000000000000000e+00 0.000000000000000000e+00 0.000000000000000000e+00 1.000000000000000000e+00
4.201490295593128255e-01 -4.266263670385836426e-01 -9.044279644877526447e-01 0.000000000000000000e+00 9.044279644877526447e-01 -4.266263670385836426e-01 -0.000000000000000000e+00 0.000000000000000000e+00 0.000000000000000000e+00 1.000000000000000000e+00
4.251490295593122748e-01 -4.548246215761067024e-01 -8.905810258523090273e-01 0.000000000000000000e+00 8.905810258523090273e-01 -4.548246215761067024e-01 -0.000000000000000000e+00 0.000000000000000000e+00 0.000000000000000000e+00 1.000000000000000000e+00
4.300690295593117551e-01 -4.821337053407707129e-01 -8.760976487666078949e-01 0.000000000000000000e+00 8.760976487666078949e-01 -4.821337053407707129e-01 -0.000000000000000000e+00 0.000000000000000000e+00 0.000000000000000000e+00 1.000000000000000000e+00
4.351442295593116460e-01 -5.098212291636108340e-01 -8.602803695854653876e-01 0.000000000000000000e+00 8.602803695854653876e-01 -5.098212291636108340e-01 -0.000000000000000000e+00 0.000000000000000000e+00 0.000000000000000000e+00 1.000000000000000000e+00
4.400482295593114435e-01 -5.360826315036050227e-01 -8.441655123257346682e-01 0.000000000000000000e+00 8.441655123257346682e-01 -5.360826315036050227e-01 -0.000000000000000000e+00 0.000000000000000000e+00 0.000000000000000000e+00 1.000000000000000000e+00
4.450482295593108928e-01 -5.623339866157034406e-01 -8.269102052199439612e-01 0.000000000000000000e+00 8.269102052199439612e-01 -5.623339866157034406e-01 -0.000000000000000000e+00 0.000000000000000000e+00 0.000000000000000000e+00 1.000000000000000000e+00
4.500482295593103421e-01 -5.880303859744177020e-01 -8.088388375756800919e-01 0.000000000000000000e+00 8.088388375756800919e-01 -5.880303859744177020e-01 -0.000000000000000000e+00 0.000000000000000000e+00 0.000000000000000000e+00 1.000000000000000000e+00
4.550482295593097914e-01 -6.131464703359442714e-01 -7.899692436510253879e-01 0.000000000000000000e+00 7.899692436510253879e-01 -6.131464703359442714e-01 -0.000000000000000000e+00 0.000000000000000000e+00 0.000000000000000000e+00 1.000000000000000000e+00
4.600482295593092408e-01 -6.376574531573193649e-01 -7.703200454570301448e-01 0.000000000000000000e+00 7.703200454570301448e-01 -6.376574531573193649e-01 -0.000000000000000000e+00 0.000000000000000000e+00 0.000000000000000000e+00 1.000000000000000000e+00
4.650482295593086901e-01 -6.615391450577461363e-01 -7.499106343800349128e-01 0.000000000000000000e+00 7.499106343800349128e-01 -6.615391450577461363e-01 -0.000000000000000000e+00 0.000000000000000000e+00 0.000000000000000000e+00 1.000000000000000000e+00
4.700482295593081394e-01 -6.847679776905898352e-01 -7.287611520447148106e-01 0.000000000000000000e+00 7.287611520447148106e-01 -6.847679776905898352e-01 -0.000000000000000000e+00 0.000000000000000000e+00 0.000000000000000000e+00 1.000000000000000000e+00
4.750482295593075888e-01 -7.073210270024925528e-01 -7.068924704367272049e-01 0.000000000000000000e+00 7.068924704367272049e-01 -7.073210270024925528e-01 -0.000000000000000000e+00 0.000000000000000000e+00 0.000000000000000000e+00 1.000000000000000000e+00
4.800482295593070381e-01 -7.291760358566468092e-01 -6.843261713045806216e-01 0.000000000000000000e+00 6.843261713045806216e-01 -7.291760358566468092e-01 -0.000000000000000000e+00 0.000000000000000000e+00 0.000000000000000000e+00 1.000000000000000000e+00
4.850482295593064874e-01 -7.503114359979004000e-01 -6.610845248610563996e-01 0.000000000000000000e+00 6.610845248610563996e-01 -7.503114359979004000e-01 -0.000000000000000000e+00 0.000000000000000000e+00 0.000000000000000000e+00 1.000000000000000000e+00
4.900482295593059368e-01 -7.707063693380213909e-01 -6.371904678051967252e-01 0.000000000000000000e+00 6.371904678051967252e-01 -7.707063693380213909e-01 -0.000000000000000000e+00 0.000000000000000000e+00 0.000000000000000000e+00 1.000000000000000000e+00
4.950322295593055921e-01 -7.902791124833802305e-01 -6.127470313045023653e-01 0.000000000000000000e+00 6.127470313045023653e-01 -7.902791124833802305e-01 -0.000000000000000000e+00 0.000000000000000000e+00 0.000000000000000000e+00 1.000000000000000000e+00
5.001682295593053995e-01 -8.096378416027492086e-01 -5.869297789726141135e-01 0.000000000000000000e+00 5.869297789726141135e-01 -8.096378416027492086e-01 -0.000000000000000000e+00 0.000000000000000000e+00 0.000000000000000000e+00 1.000000000000000000e+00
5.051682295593048488e-01 -8.276742440853845917e-01 -5.612088253740199484e-01 0.000000000000000000e+00 5.612088253740199484e-01 -8.276742440853845917e-01 -0.000000000000000000e+00 0.000000000000000000e+00 0.000000000000000000e+00 1.000000000000000000e+00
5.101682295593042982e-01 -8.448938320154307791e-01 -5.349340264203439332e-01 0.000000000000000000e+00 5.349340264203439332e-01 -8.448938320154307791e-01 -0.000000000000000000e+00 0.000000000000000000e+00 0.000000000000000000e+00 1.000000000000000000e+00
5.151682295593037475e-01 -8.612796117385459471e-01 -5.081313121659588594e-01 0.000000000000000000e+00 5.081313121659588594e-01 -8.612796117385459471e-01 -0.000000000000000000e+00 0.000000000000000000e+00 0.000000000000000000e+00 1.000000000000000000e+00
5.201682295593031968e-01 -8.768154124684230943e-01 -4.808271336539033380e-01 0.000000000000000000e+00 4.808271336539033380e-01 -8.768154124684230943e-01 -0.000000000000000000e+00 0.000000000000000000e+00 0.000000000000000000e+00 1.000000000000000000e+00
5.251682295593026462e-01 -8.914859022454018067e-01 -4.530484368118944394e-01 0.000000000000000000e+00 4.530484368118944394e-01 -8.914859022454018067e-01 -0.000000000000000000e+00 0.000000000000000000e+00 0.000000000000000000e+00 1.000000000000000000e+00
5.301682295593020955e-01 -9.052766030672622088e-01 -4.248226358599528907e-01 0.000000000000000000e+00 4.248226358599528907e-01 -9.052766030672622088e-01 -0.000000000000000000e+00 0.000000000000000000e+00 0.000000000000000000e+00 1.000000000000000000e+00
5.351682295593015448e-01 -9.181739051772639382e-01 -3.961775862558765127e-01 0.000000000000000000e+00 3.961775862558765127e-01 -9.181739051772639382e-01 -0.000000000000000000e+00 0.000000000000000000e+00 0.000000000000000000e+00 1.000000000000000000e+00
5.401682295593009941e-01 -9.301650804953351948e-01 -3.671415572052648679e-01 0.000000000000000000e+00 3.671415572052648679e-01 -9.301650804953351948e-01 -0.000000000000000000e+00 0.000000000000000000e+00 0.000000000000000000e+00 1.000000000000000000e+00
5.450722295593010136e-01 -9.410344020636799423e-01 -3.383108838518978922e-01 0.000000000000000000e+00 3.383108838518978922e-01 -9.410344020636799423e-01 -0.000000000000000000e+00 0.000000000000000000e+00 0.000000000000000000e+00 1.000000000000000000e+00
5.500722295593004629e-01 -9.511966600586714282e-01 -3.085853429656513769e-01 0.000000000000000000e+00 3.085853429656513769e-01 -9.511966600586714282e-01 -0.000000000000000000e+00 0.000000000000000000e+00 0.000000000000000000e+00 1.000000000000000000e+00
5.550722295592999123e-01 -9.604202017895493437e-01 -2.785552656018581708e-01 0.000000000000000000e+00 2.785552656018581708e-01 -9.604202017895493437e-01 -0.000000000000000000e+00 0.000000000000000000e+00 0.000000000000000000e+00 1.000000000000000000e+00
5.600722295592993616e-01 -9.686959247341973001e-01 -2.482502878213003195e-01 0.000000000000000000e+00 2.482502878213003195e-01 -9.686959247341973001e-01 -0.000000000000000000e+00 0.000000000000000000e+00 0.000000000000000000e+00 1.000000000000000000e+00
5.650722295592988109e-01 -9.760156617532093071e-01 -2.177003169782837921e-01 0.000000000000000000e+00 2.177003169782837921e-01 -9.760156617532093071e-01 -0.000000000000000000e+00 0.000000000000000000e+00 0.000000000000000000e+00 1.000000000000000000e+00
5.700722295592982602e-01 -9.823721891498697900e-01 -1.869355022056871374e-01 0.000000000000000000e+00 1.869355022056871374e-01 -9.823721891498697900e-01 -0.000000000000000000e+00 0.000000000000000000e+00 0.000000000000000000e+00 1.000000000000000000e+00
5.750722295592977096e-01 -9.877592337990713789e-01 -1.559862046614101661e-01 0.000000000000000000e+00 1.559862046614101661e-01 -9.877592337990713789e-01 -0.000000000000000000e+00 0.000000000000000000e+00 0.000000000000000000e+00 1.000000000000000000e+00
5.800722295592971589e-01 -9.921714793381308795e-01 -1.248829675655755839e-01 0.000000000000000000e+00 1.248829675655755839e-01 -9.921714793381308795e-01 -0.000000000000000000e+00 0.000000000000000000e+00 0.000000000000000000e+00 1.000000000000000000e+00
5.850722295592966082e-01 -9.956045714133985314e-01 -9.365648605805676485e-02 0.000000000000000000e+00 9.365648605805676485e-02 -9.956045714133985314e-01 -0.000000000000000000e+00 0.000000000000000000e+00 0.000000000000000000e+00 1.000000000000000000e+00
5.900082295592967707e-01 -9.980299738565752143e-01 -6.273891363295990009e-02 0.000000000000000000e+00 6.273891363295990009e-02 -9.980299738565752143e-01 -0.000000000000000000e+00 0.000000000000000000e+00 0.000000000000000000e+00 1.000000000000000000e+00
5.951362295592961260e-01 -9.995330804273132586e-01 -3.055521447292472784e-02 0.000000000000000000e+00 3.055521447292472784e-02 -9.995330804273132586e-01 -0.000000000000000000e+00 0.000000000000000000e+00 0.000000000000000000e+00 1.000000000000000000e+00
6.001362295592955753e-01 -9.999996336700573973e-01 8.559554608482615023e-04 0.000000000000000000e+00 -8.559554608482615023e-04 -9.999996336700573973e-01 -0.000000000000000000e+00 0.000000000000000000e+00 -0.000000000000000000e+00 1.000000000000000000e+00
6.051362295592950247e-01 -9.994793080057886581e-01 3.226628066992214688e-02 0.000000000000000000e+00 -3.226628066992214688e-02 -9.994793080057886581e-01 -0.000000000000000000e+00 0.000000000000000000e+00 -0.000000000000000000e+00 1.000000000000000000e+00
6.101362295592944740e-01 -9.979726169331173402e-01 6.364476295552966290e-02 0.000000000000000000e+00 -6.364476295552966290e-02 -9.979726169331173402e-01 -0.000000000000000000e+00 0.000000000000000000e+00 -0.000000000000000000e+00 1.000000000000000000e+00
6.151362295592939233e-01 -9.954810473742272681e-01 9.496043554402587572e-02 0.000000000000000000e+00 -9.496043554402587572e-02 -9.954810473742272681e-01 -0.000000000000000000e+00 0.000000000000000000e+00 -0.000000000000000000e+00 1.000000000000000000e+00
6.200561655592937704e-01 -9.920704096129075999e-01 1.256833416586209673e-01 0.000000000000000000e+00 -1.256833416586209673e-01 -9.920704096129075999e-01 -0.000000000000000000e+00 0.000000000000000000e+00 -0.000000000000000000e+00 1.000000000000000000e+00
6.251629175592939847e-01 -9.875276903869767420e-01 1.574454213972678318e-01 0.000000000000000000e+00 -1.574454213972678318e-01 -9.875276903869767420e-01 -0.000000000000000000e+00 0.000000000000000000e+00 -0.000000000000000000e+00 1.000000000000000000e+00
6.301629175592934340e-01 -9.820949248851391644e-01 1.883867259518384740e-01 0.000000000000000000e+00 -1.883867259518384740e-01 -9.820949248851391644e-01 -0.000000000000000000e+00 0.000000000000000000e+00 -0.000000000000000000e+00 1.000000000000000000e+00
6.351629175592928833e-01 -9.756929502621971562e-01 2.191421155521001696e-01 0.000000000000000000e+00 -2.191421155521001696e-01 -9.756929502621971562e-01 -0.000000000000000000e+00 0.000000000000000000e+00 -0.000000000000000000e+00 1.000000000000000000e+00
6.401629175592923326e-01 -9.683280844941840604e-01 2.496812383416598113e-01 0.000000000000000000e+00 -2.496812383416598113e-01 -9.683280844941840604e-01 -0.000000000000000000e+00 0.000000000000000000e+00 -0.000000000000000000e+00 1.000000000000000000e+00
6.451629175592917820e-01 -9.600075958144413946e-01 2.799739558933579398e-01 0.000000000000000000e+00 -2.799739558933579398e-01 -9.600075958144413946e-01 -0.000000000000000000e+00 0.000000000000000000e+00 -0.000000000000000000e+00 1.000000000000000000e+00
6.501629175592912313e-01 -9.507396955407523276e-01 3.099903729522546780e-01 0.000000000000000000e+00 -3.099903729522546780e-01 -9.507396955407523276e-01 -0.000000000000000000e+00 0.000000000000000000e+00 -0.000000000000000000e+00 1.000000000000000000e+00
6.550589175592912428e-01 -9.407553071163161640e-01 3.390862016250228983e-01 0.000000000000000000e+00 -3.390862016250228983e-01 -9.407553071163161640e-01 -0.000000000000000000e+00 0.000000000000000000e+00 -0.000000000000000000e+00 1.000000000000000000e+00
6.600589175592906921e-01 -9.296401461756763629e-01 3.684687213570057018e-01 0.000000000000000000e+00 -3.684687213570057018e-01 -9.296401461756763629e-01 -0.000000000000000000e+00 0.000000000000000000e+00 -0.000000000000000000e+00 1.000000000000000000e+00
6.650589175592901414e-01 -9.176075426475767127e-01 3.974876069467766504e-01 0.000000000000000000e+00 -3.974876069467766504e-01 -9.176075426475767127e-01 -0.000000000000000000e+00 0.000000000000000000e+00 -0.000000000000000000e+00 1.000000000000000000e+00
6.701629175592903609e-01 -9.043907332533227539e-01 4.267052865919492288e-01 0.000000000000000000e+00 -4.267052865919492288e-01 -9.043907332533227539e-01 -0.000000000000000000e+00 0.000000000000000000e+00 -0.000000000000000000e+00 1.000000000000000000e+00
6.750589175592897062e-01 -8.908384004230163189e-01 4.543203102787297665e-01 0.000000000000000000e+00 -4.543203102787297665e-01 -8.908384004230163189e-01 -0.000000000000000000e+00 0.000000000000000000e+00 -0.000000000000000000e+00 1.000000000000000000e+00
6.800589175592891555e-01 -8.761282796380551741e-01 4.820780410042148079e-01 0.000000000000000000e+00 -4.820780410042148079e-01 -8.761282796380551741e-01 -0.000000000000000000e+00 0.000000000000000000e+00 -0.000000000000000000e+00 1.000000000000000000e+00
6.850589175592886049e-01 -8.605535260173406975e-01 5.093600189052155391e-01 0.000000000000000000e+00 -5.093600189052155391e-01 -8.605535260173406975e-01 -0.000000000000000000e+00 0.000000000000000000e+00 -0.000000000000000000e+00 1.000000000000000000e+00
6.900829175592876341e-01 -8.440486524603240115e-01 5.362666055982889812e-01 0.000000000000000000e+00 -5.362666055982889812e-01 -8.440486524603240115e-01 -0.000000000000000000e+00 0.000000000000000000e+00 -0.000000000000000000e+00 1.000000000000000000e+00
6.951530615592884654e-01 -8.265396283443796621e-01 5.628785328792836884e-01 0.000000000000000000e+00 -5.628785328792836884e-01 -8.265396283443796621e-01 -0.000000000000000000e+00 0.000000000000000000e+00 -0.000000000000000000e+00 1.000000000000000000e+00
7.001530615592879148e-01 -8.084513389459417887e-01 5.885630234363304902e-01 0.000000000000000000e+00 -5.885630234363304902e-01 -8.084513389459417887e-01 -0.000000000000000000e+00 0.000000000000000000e+00 -0.000000000000000000e+00 1.000000000000000000e+00
7.051530615592873641e-01 -7.895652056814769226e-01 6.136666733473207236e-01 0.000000000000000000e+00 -6.136666733473207236e-01 -7.895652056814769226e-01 -0.000000000000000000e+00 0.000000000000000000e+00 -0.000000000000000000e+00 1.000000000000000000e+00
7.101530615592868134e-01 -7.698998668843669568e-01 6.381647083405926901e-01 0.000000000000000000e+00 -6.381647083405926901e-01 -7.698998668843669568e-01 -0.000000000000000000e+00 0.000000000000000000e+00 -0.000000000000000000e+00 1.000000000000000000e+00
7.151530615592862627e-01 -7.494747298697803650e-01 6.620329518132912483e-01 0.000000000000000000e+00 -6.620329518132912483e-01 -7.494747298697803650e-01 -0.000000000000000000e+00 0.000000000000000000e+00 -0.000000000000000000e+00 1.000000000000000000e+00
7.201530615592857121e-01 -7.283099517819930924e-01 6.852478486907573885e-01 0.000000000000000000e+00 -6.852478486907573885e-01 -7.283099517819930924e-01 -0.000000000000000000e+00 0.000000000000000000e+00 -0.000000000000000000e+00 1.000000000000000000e+00
7.251210615592860176e-01 -7.065687143391181646e-01 7.076444389078213604e-01 0.000000000000000000e+00 -7.076444389078213604e-01 -7.065687143391181646e-01 -0.000000000000000000e+00 0.000000000000000000e+00 -0.000000000000000000e+00 1.000000000000000000e+00
7.300833015592863573e-01 -6.841654706335695835e-01 7.293268189177928296e-01 0.000000000000000000e+00 -7.293268189177928296e-01 -6.841654706335695835e-01 -0.000000000000000000e+00 0.000000000000000000e+00 -0.000000000000000000e+00 1.000000000000000000e+00
7.350014506792872382e-01 -6.613050281187066171e-01 7.501170973820799892e-01 0.000000000000000000e+00 -7.501170973820799892e-01 -6.613050281187066171e-01 -0.000000000000000000e+00 0.000000000000000000e+00 -0.000000000000000000e+00 1.000000000000000000e+00
7.400208258014289164e-01 -6.373231608082960964e-01 7.705966446185208429e-01 0.000000000000000000e+00 -7.705966446185208429e-01 -6.373231608082960964e-01 -0.000000000000000000e+00 0.000000000000000000e+00 -0.000000000000000000e+00 1.000000000000000000e+00
7.450911215852843439e-01 -6.124545627673464443e-01 7.905057928601526562e-01 0.000000000000000000e+00 -7.905057928601526562e-01 -6.124545627673464443e-01 -0.000000000000000000e+00 0.000000000000000000e+00 -0.000000000000000000e+00 1.000000000000000000e+00
7.500683780297077163e-01 -5.874376186023504420e-01 8.092694509561073613e-01 0.000000000000000000e+00 -8.092694509561073613e-01 -5.874376186023504420e-01 -0.000000000000000000e+00 0.000000000000000000e+00 -0.000000000000000000e+00 1.000000000000000000e+00
7.550247379004568771e-01 -5.619548156028879582e-01 8.271679304837223912e-01 0.000000000000000000e+00 -8.271679304837223912e-01 -5.619548156028879582e-01 -0.000000000000000000e+00 0.000000000000000000e+00 -0.000000000000000000e+00 1.000000000000000000e+00
7.600247379004563264e-01 -5.356955522426264382e-01 8.444112003683201806e-01 0.000000000000000000e+00 -8.444112003683201806e-01 -5.356955522426264382e-01 -0.000000000000000000e+00 0.000000000000000000e+00 -0.000000000000000000e+00 1.000000000000000000e+00
7.650007379004564179e-01 -5.090374250304293691e-01 8.607443870966512423e-01 0.000000000000000000e+00 -8.607443870966512423e-01 -5.090374250304293691e-01 -0.000000000000000000e+00 0.000000000000000000e+00 -0.000000000000000000e+00 1.000000000000000000e+00
7.701447379004557892e-01 -4.809565485149852604e-01 8.767444316564276807e-01 0.000000000000000000e+00 -8.767444316564276807e-01 -4.809565485149852604e-01 -0.000000000000000000e+00 0.000000000000000000e+00 -0.000000000000000000e+00 1.000000000000000000e+00
7.751447379004552385e-01 -4.531800173757398187e-01 8.914190214771747778e-01 0.000000000000000000e+00 -8.914190214771747778e-01 -4.531800173757398187e-01 -0.000000000000000000e+00 0.000000000000000000e+00 -0.000000000000000000e+00 1.000000000000000000e+00
7.800216923787197665e-01 -4.256559621849868025e-01 9.048850766016494074e-01 0.000000000000000000e+00 -9.048850766016494074e-01 -4.256559621849868025e-01 -0.000000000000000000e+00 0.000000000000000000e+00 -0.000000000000000000e+00 1.000000000000000000e+00
7.850570431426653339e-01 -3.968189302786177541e-01 9.178969095560423064e-01 0.000000000000000000e+00 -9.178969095560423064e-01 -3.968189302786177541e-01 -0.000000000000000000e+00 0.000000000000000000e+00 -0.000000000000000000e+00 1.000000000000000000e+00
7.900999522708717082e-01 -3.675405631635903503e-01 9.300074915985304669e-01 0.000000000000000000e+00 -9.300074915985304669e-01 -3.675405631635903503e-01 -0.000000000000000000e+00 0.000000000000000000e+00 -0.000000000000000000e+00 1.000000000000000000e+00
7.951150964639959184e-01 -3.380574127136996010e-01 9.411254888214002357e-01 0.000000000000000000e+00 -9.411254888214002357e-01 -3.380574127136996010e-01 -0.000000000000000000e+00 0.000000000000000000e+00 -0.000000000000000000e+00 1.000000000000000000e+00
8.001150964639953678e-01 -3.083291357959572210e-01 9.512797401497197214e-01 0.000000000000000000e+00 -9.512797401497197214e-01 -3.083291357959572210e-01 -0.000000000000000000e+00 0.000000000000000000e+00 -0.000000000000000000e+00 1.000000000000000000e+00
8.050190964639950542e-01 -2.788758816357535530e-01 9.603271539646691668e-01 0.000000000000000000e+00 -9.603271539646691668e-01 -2.788758816357535530e-01 -0.000000000000000000e+00 0.000000000000000000e+00 -0.000000000000000000e+00 1.000000000000000000e+00
8.101186164639951892e-01 -2.479679435712306423e-01 9.687682380017705874e-01 0.000000000000000000e+00 -9.687682380017705874e-01 -2.479679435712306423e-01 -0.000000000000000000e+00 0.000000000000000000e+00 -0.000000000000000000e+00 1.000000000000000000e+00
8.151029364639946762e-01 -2.175120032255219438e-01 9.760576460705693291e-01 0.000000000000000000e+00 -9.760576460705693291e-01 -2.175120032255219438e-01 -0.000000000000000000e+00 0.000000000000000000e+00 -0.000000000000000000e+00 1.000000000000000000e+00
8.201029364639941255e-01 -1.867459626151164731e-01 9.824082376725846721e-01 0.000000000000000000e+00 -9.824082376725846721e-01 -1.867459626151164731e-01 -0.000000000000000000e+00 0.000000000000000000e+00 -0.000000000000000000e+00 1.000000000000000000e+00
8.251029364639935748e-01 -1.557956262857240759e-01 9.877893109516011627e-01 0.000000000000000000e+00 -9.877893109516011627e-01 -1.557956262857240759e-01 -0.000000000000000000e+00 0.000000000000000000e+00 -0.000000000000000000e+00 1.000000000000000000e+00
8.300069364639935943e-01 -1.252899940223082542e-01 9.921201627816509383e-01 0.000000000000000000e+00 -9.921201627816509383e-01 -1.252899940223082542e-01 -0.000000000000000000e+00 0.000000000000000000e+00 -0.000000000000000000e+00 1.000000000000000000e+00
8.350069364639930436e-01 -9.406492356379536623e-02 9.955660651885123169e-01 0.000000000000000000e+00 -9.955660651885123169e-01 -9.406492356379536623e-02 -0.000000000000000000e+00 0.000000000000000000e+00 -0.000000000000000000e+00 1.000000000000000000e+00
8.400069364639924929e-01 -6.274702238232174323e-02 9.980294640851804511e-01 0.000000000000000000e+00 -9.980294640851804511e-01 -6.274702238232174323e-02 -0.000000000000000000e+00 0.000000000000000000e+00 -0.000000000000000000e+00 1.000000000000000000e+00
8.450069364639919423e-01 -3.136719746529659930e-02 9.995079283943542059e-01 0.000000000000000000e+00 -9.995079283943542059e-01 -3.136719746529659930e-02 -0.000000000000000000e+00 0.000000000000000000e+00 -0.000000000000000000e+00 1.000000000000000000e+00
8.500069364639920577e-01 4.358308862356845086e-05 9.999999990502571601e-01 0.000000000000000000e+00 -9.999999990502571601e-01 4.358308862356845086e-05 -0.000000000000000000e+00 -0.000000000000000000e+00 0.000000000000000000e+00 1.000000000000000000e+00
8.550425674005133203e-01 3.167808484213356646e-02 9.994981235303720402e-01 0.000000000000000000e+00 -9.994981235303720402e-01 3.167808484213356646e-02 -0.000000000000000000e+00 -0.000000000000000000e+00 0.000000000000000000e+00 1.000000000000000000e+00
8.601337079863506929e-01 6.362895155833528382e-02 9.979736251643060996e-01 0.000000000000000000e+00 -9.979736251643060996e-01 6.362895155833528382e-02 -0.000000000000000000e+00 -0.000000000000000000e+00 0.000000000000000000e+00 1.000000000000000000e+00
8.650844644717478049e-01 9.463665067713726564e-02 9.955118805662810377e-01 0.000000000000000000e+00 -9.955118805662810377e-01 9.463665067713726564e-02 -0.000000000000000000e+00 -0.000000000000000000e+00 0.000000000000000000e+00 1.000000000000000000e+00
8.700844644717472542e-01 1.258597370427169404e-01 9.920480465136444215e-01 0.000000000000000000e+00 -9.920480465136444215e-01 1.258597370427169404e-01 -0.000000000000000000e+00 -0.000000000000000000e+00 0.000000000000000000e+00 1.000000000000000000e+00
8.750764644717473617e-01 1.569089723939129655e-01 9.876130691633673298e-01 0.000000000000000000e+00 -9.876130691633673298e-01 1.569089723939129655e-01 -0.000000000000000000e+00 -0.000000000000000000e+00 0.000000000000000000e+00 1.000000000000000000e+00
8.801686116717476471e-01 1.884218624021685995e-01 9.820881843138621337e-01 0.000000000000000000e+00 -9.820881843138621337e-01 1.884218624021685995e-01 -0.000000000000000000e+00 -0.000000000000000000e+00 0.000000000000000000e+00 1.000000000000000000e+00
8.851611364717477670e-01 2.191311966531221123e-01 9.756954025992798929e-01 0.000000000000000000e+00 -9.756954025992798929e-01 2.191311966531221123e-01 -0.000000000000000000e+00 -0.000000000000000000e+00 0.000000000000000000e+00 1.000000000000000000e+00
8.901371364717481915e-01 2.495243781657556781e-01 9.683685169918491153e-01 0.000000000000000000e+00 -9.683685169918491153e-01 2.495243781657556781e-01 -0.000000000000000000e+00 -0.000000000000000000e+00 0.000000000000000000e+00 1.000000000000000000e+00
8.950411364717475449e-01 2.792393019776097662e-01 9.602215433070939721e-01 0.000000000000000000e+00 -9.602215433070939721e-01 2.792393019776097662e-01 -0.000000000000000000e+00 -0.000000000000000000e+00 0.000000000000000000e+00 1.000000000000000000e+00
9.000411364717469942e-01 3.092628017970135423e-01 9.509766135003853149e-01 0.000000000000000000e+00 -9.509766135003853149e-01 3.092628017970135423e-01 -0.000000000000000000e+00 -0.000000000000000000e+00 0.000000000000000000e+00 1.000000000000000000e+00
9.051131364717475147e-01 3.394066666768503215e-01 9.406397368893733013e-01 0.000000000000000000e+00 -9.406397368893733013e-01 3.394066666768503215e-01 -0.000000000000000000e+00 -0.000000000000000000e+00 0.000000000000000000e+00 1.000000000000000000e+00
9.101131364717467420e-01 3.687853981301188466e-01 9.295145669251287934e-01 0.000000000000000000e+00 -9.295145669251287934e-01 3.687853981301188466e-01 -0.000000000000000000e+00 -0.000000000000000000e+00 0.000000000000000000e+00 1.000000000000000000e+00
9.151131364717461913e-01 3.978001829194345307e-01 9.174720783049826744e-01 0.000000000000000000e+00 -9.174720783049826744e-01 3.978001829194345307e-01 -0.000000000000000000e+00 -0.000000000000000000e+00 0.000000000000000000e+00 1.000000000000000000e+00
9.201131364717456407e-01 4.264223869552077328e-01 9.045241555112957244e-01 0.000000000000000000e+00 -9.045241555112957244e-01 4.264223869552077328e-01 -0.000000000000000000e+00 -0.000000000000000000e+00 0.000000000000000000e+00 1.000000000000000000e+00
9.251131364717450900e-01 4.546237635776540498e-01 8.906835765806446759e-01 0.000000000000000000e+00 -8.906835765806446759e-01 4.546237635776540498e-01 -0.000000000000000000e+00 -0.000000000000000000e+00 0.000000000000000000e+00 1.000000000000000000e+00
9.301131364717445393e-01 4.823764814328415640e-01 8.759640004934399204e-01 0.000000000000000000e+00 -8.759640004934399204e-01 4.823764814328415640e-01 -0.000000000000000000e+00 -0.000000000000000000e+00 0.000000000000000000e+00 1.000000000000000000e+00
9.351131364717439887e-01 5.096531519388740605e-01 8.603799536941634241e-01 0.000000000000000000e+00 -8.603799536941634241e-01 5.096531519388740605e-01 -0.000000000000000000e+00 -0.000000000000000000e+00 0.000000000000000000e+00 1.000000000000000000e+00
9.401131364717434380e-01 5.364268563151129987e-01 8.439468157555219952e-01 0.000000000000000000e+00 -8.439468157555219952e-01 5.364268563151129987e-01 -0.000000000000000000e+00 -0.000000000000000000e+00 0.000000000000000000e+00 1.000000000000000000e+00
9.451131364717428873e-01 5.626711721477681838e-01 8.266808042006640322e-01 0.000000000000000000e+00 -8.266808042006640322e-01 5.626711721477681838e-01 -0.000000000000000000e+00 -0.000000000000000000e+00 0.000000000000000000e+00 1.000000000000000000e+00
9.501131364717423367e-01 5.883601994656283418e-01 8.085989584984425438e-01 0.000000000000000000e+00 -8.085989584984425438e-01 5.883601994656283418e-01 -0.000000000000000000e+00 -0.000000000000000000e+00 0.000000000000000000e+00 1.000000000000000000e+00
9.551131364717417860e-01 6.134685863002029560e-01 7.897191232475192502e-01 0.000000000000000000e+00 -7.897191232475192502e-01 6.134685863002029560e-01 -0.000000000000000000e+00 -0.000000000000000000e+00 0.000000000000000000e+00 1.000000000000000000e+00
9.601131364717412353e-01 6.379715537050595353e-01 7.700599305658959448e-01 0.000000000000000000e+00 -7.700599305658959448e-01 6.379715537050595353e-01 -0.000000000000000000e+00 -0.000000000000000000e+00 0.000000000000000000e+00 1.000000000000000000e+00
9.651131364717406846e-01 6.618449202096483575e-01 7.496407817032663123e-01 0.000000000000000000e+00 -7.496407817032663123e-01 6.618449202096483575e-01 -0.000000000000000000e+00 -0.000000000000000000e+00 0.000000000000000000e+00 1.000000000000000000e+00
9.701131364717401340e-01 6.850651256834967562e-01 7.284818278943235859e-01 0.000000000000000000e+00 -7.284818278943235859e-01 6.850651256834967562e-01 -0.000000000000000000e+00 -0.000000000000000000e+00 0.000000000000000000e+00 1.000000000000000000e+00
9.751131364717395833e-01 7.076092545872099127e-01 7.066039504719268116e-01 0.000000000000000000e+00 -7.066039504719268116e-01 7.076092545872099127e-01 -0.000000000000000000e+00 -0.000000000000000000e+00 0.000000000000000000e+00 1.000000000000000000e+00
9.801211364717395957e-01 7.294894407004506309e-01 6.839920729851654002e-01 0.000000000000000000e+00 -6.839920729851654002e-01 7.294894407004506309e-01 -0.000000000000000000e+00 -0.000000000000000000e+00 0.000000000000000000e+00 1.000000000000000000e+00
9.851819364717393501e-01 7.508665517744881335e-01 6.604539510263300883e-01 0.000000000000000000e+00 -6.604539510263300883e-01 7.508665517744881335e-01 -0.000000000000000000e+00 -0.000000000000000000e+00 0.000000000000000000e+00 1.000000000000000000e+00
9.901819364717387995e-01 7.712414043956803411e-01 6.365427685126732182e-01 0.000000000000000000e+00 -6.365427685126732182e-01 7.712414043956803411e-01 -0.000000000000000000e+00 -0.000000000000000000e+00 0.000000000000000000e+00 1.000000000000000000e+00
9.951819364717382488e-01 7.908551348638367395e-01 6.120033951372350067e-01 0.000000000000000000e+00 -6.120033951372350067e-01 7.908551348638367395e-01 -0.000000000000000000e+00 -0.000000000000000000e+00 0.000000000000000000e+00 1.000000000000000000e+00
1.000000000000000000e+00 8.090169943749474513e-01 5.877852522924732481e-01 0.000000000000000000e+00 -5.877852522924732481e-01 8.090169943749474513e-01 -0.000000000000000000e+00 -0.000000000000000000e+00 0.000000000000000000e+00 1.000000000000000000e+00
