time R11 R12 R13 R21 R22 R23 R31 R32 R33
0.000000000000000000e+00 1.000000000000000000e+00 -0.000000000000000000e+00 0.000000000000000000e+00 0.000000000000000000e+00 1.000000000000000000e+00 -0.000000000000000000e+00 0.000000000000000000e+00 0.000000000000000000e+00 1.000000000000000000e+00
5.040000000000002811e-03 9.999999908184982189e-01 1.355101583487935046e-04 0.000000000000000000e+00 -1.355101583487935046e-04 9.999999908184982189e-01 -0.000000000000000000e+00 -0.000000000000000000e+00 0.000000000000000000e+00 1.000000000000000000e+00
1.013600000000001305e-02 9.999999914309889437e-01 1.309122677392948557e-04 0.000000000000000000e+00 -1.309122677392948557e-04 9.999999914309889437e-01 -0.000000000000000000e+00 -0.000000000000000000e+00 0.000000000000000000e+00 1.000000000000000000e+00
1.513600000000002617e-02 9.999999936328092254e-01 1.128467162330185829e-04 0.000000000000000000e+00 -1.128467162330185829e-04 9.999999936328092254e-01 -0.000000000000000000e+00 -0.000000000000000000e+00 0.000000000000000000e+00 1.000000000000000000e+00
2.013600000000000112e-02 9.999999961346175414e-01 8.792476653087456155e-05 0.000000000000000000e+00 -8.792476653087456155e-05 9.999999961346175414e-01 -0.000000000000000000e+00 -0.000000000000000000e+00 0.000000000000000000e+00 1.000000000000000000e+00
2.513599999999997087e-02 9.999999984088788763e-01 5.641136540934008731e-05 0.000000000000000000e+00 -5.641136540934008731e-05 9.999999984088788763e-01 -0.000000000000000000e+00 -0.000000000000000000e+00 0.000000000000000000e+00 1.000000000000000000e+00
3.013599999999994061e-02 9.999999998376182253e-01 1.802119060127727669e-05 0.000000000000000000e+00 -1.802119060127727669e-05 9.999999998376182253e-01 -0.000000000000000000e+00 -0.000000000000000000e+00 0.000000000000000000e+00 1.000000000000000000e+00
3.513599999999991036e-02 9.999999996234676392e-01 -2.744201728983385348e-05 0.000000000000000000e+00 2.744201728983385348e-05 9.999999996234676392e-01 -0.000000000000000000e+00 0.000000000000000000e+00 0.000000000000000000e+00 1.000000000000000000e+00
4.013599999999988011e-02 9.999999968036381581e-01 -7.995450874164292956e-05 0.000000000000000000e+00 7.995450874164292956e-05 9.999999968036381581e-01 -0.000000000000000000e+00 0.000000000000000000e+00 0.000000000000000000e+00 1.000000000000000000e+00
4.513599999999984985e-02 9.999999903047949168e-01 -1.392494521881735778e-04 0.000000000000000000e+00 1.392494521881735778e-04 9.999999903047949168e-01 -0.000000000000000000e+00 0.000000000000000000e+00 0.000000000000000000e+00 1.000000000000000000e+00
5.013599999999981960e-02 9.999999788902855791e-01 -2.054736673342300198e-04 0.000000000000000000e+00 2.054736673342300198e-04 9.999999788902855791e-01 -0.000000000000000000e+00 0.000000000000000000e+00 0.000000000000000000e+00 1.000000000000000000e+00
5.513599999999978934e-02 9.999999613138278454e-01 -2.781588439481146556e-04 0.000000000000000000e+00 2.781588439481146556e-04 9.999999613138278454e-01 -0.000000000000000000e+00 0.000000000000000000e+00 0.000000000000000000e+00 1.000000000000000000e+00
6.013599999999975909e-02 9.999999360588437414e-01 -3.576063592389517416e-04 0.000000000000000000e+00 3.576063592389517416e-04 9.999999360588437414e-01 -0.000000000000000000e+00 0.000000000000000000e+00 0.000000000000000000e+00 1.000000000000000000e+00
6.513599999999981904e-02 9.999999014130823705e-01 -4.440425941041032764e-04 0.000000000000000000e+00 4.440425941041032764e-04 9.999999014130823705e-01 -0.000000000000000000e+00 0.000000000000000000e+00 0.000000000000000000e+00 1.000000000000000000e+00
7.013599999999996226e-02 9.999998554846030174e-01 -5.376158226585525755e-04 0.000000000000000000e+00 5.376158226585525755e-04 9.999998554846030174e-01 -0.000000000000000000e+00 0.000000000000000000e+00 0.000000000000000000e+00 1.000000000000000000e+00
7.513600000000010548e-02 9.999997962001907492e-01 -6.384352564890039949e-04 0.000000000000000000e+00 6.384352564890039949e-04 9.999997962001907492e-01 -0.000000000000000000e+00 0.000000000000000000e+00 0.000000000000000000e+00 1.000000000000000000e+00
8.013600000000024870e-02 9.999997216981872938e-01 -7.460586757374482745e-04 0.000000000000000000e+00 7.460586757374482745e-04 9.999997216981872938e-01 -0.000000000000000000e+00 0.000000000000000000e+00 0.000000000000000000e+00 1.000000000000000000e+00
8.513600000000039192e-02 9.999996291124478853e-01 -8.612635870369317846e-04 0.000000000000000000e+00 8.612635870369317846e-04 9.999996291124478853e-01 -0.000000000000000000e+00 0.000000000000000000e+00 0.000000000000000000e+00 1.000000000000000000e+00
9.007200000000036011e-02 9.999995191632464753e-01 -9.806494152916310492e-04 0.000000000000000000e+00 9.806494152916310492e-04 9.999995191632464753e-01 -0.000000000000000000e+00 0.000000000000000000e+00 0.000000000000000000e+00 1.000000000000000000e+00
9.505600000000048733e-02 9.999993869063942276e-01 -1.107333208929707361e-03 0.000000000000000000e+00 1.107333208929707361e-03 9.999993869063942276e-01 -0.000000000000000000e+00 0.000000000000000000e+00 0.000000000000000000e+00 1.000000000000000000e+00
1.000560000000006305e-01 9.999992292713477671e-01 -1.241554151189220396e-03 0.000000000000000000e+00 1.241554151189220396e-03 9.999992292713477671e-01 -0.000000000000000000e+00 0.000000000000000000e+00 0.000000000000000000e+00 1.000000000000000000e+00
1.050560000000007738e-01 9.999990437102465046e-01 -1.382960083423591304e-03 0.000000000000000000e+00 1.382960083423591304e-03 9.999990437102465046e-01 -0.000000000000000000e+00 0.000000000000000000e+00 0.000000000000000000e+00 1.000000000000000000e+00
1.100560000000009170e-01 9.999988271186103228e-01 -1.531587870012345205e-03 0.000000000000000000e+00 1.531587870012345205e-03 9.999988271186103228e-01 -0.000000000000000000e+00 0.000000000000000000e+00 0.000000000000000000e+00 1.000000000000000000e+00
1.150560000000010602e-01 9.999985746217080473e-01 -1.688417765864099786e-03 0.000000000000000000e+00 1.688417765864099786e-03 9.999985746217080473e-01 -0.000000000000000000e+00 0.000000000000000000e+00 0.000000000000000000e+00 1.000000000000000000e+00
1.200560000000012034e-01 9.999982819990169691e-01 -1.853644791875511989e-03 0.000000000000000000e+00 1.853644791875511989e-03 9.999982819990169691e-01 -0.000000000000000000e+00 0.000000000000000000e+00 0.000000000000000000e+00 1.000000000000000000e+00
1.250560000000013328e-01 9.999979465540607126e-01 -2.026545746226233406e-03 0.000000000000000000e+00 2.026545746226233406e-03 9.999979465540607126e-01 -0.000000000000000000e+00 0.000000000000000000e+00 0.000000000000000000e+00 1.000000000000000000e+00
1.300560000000014760e-01 9.999975559123105429e-01 -2.210920488229965036e-03 0.000000000000000000e+00 2.210920488229965036e-03 9.999975559123105429e-01 -0.000000000000000000e+00 0.000000000000000000e+00 0.000000000000000000e+00 1.000000000000000000e+00
1.351619200000013232e-01 9.999970276275712555e-01 -2.438182934544007394e-03 0.000000000000000000e+00 2.438182934544007394e-03 9.999970276275712555e-01 -0.000000000000000000e+00 0.000000000000000000e+00 0.000000000000000000e+00 1.000000000000000000e+00
1.400992000000013948e-01 9.999963541019992741e-01 -2.700330111060980642e-03 0.000000000000000000e+00 2.700330111060980642e-03 9.999963541019992741e-01 -0.000000000000000000e+00 0.000000000000000000e+00 0.000000000000000000e+00 1.000000000000000000e+00
1.450992000000015381e-01 9.999958330978845344e-01 -2.886829899309518825e-03 0.000000000000000000e+00 2.886829899309518825e-03 9.999958330978845344e-01 -0.000000000000000000e+00 0.000000000000000000e+00 0.000000000000000000e+00 1.000000000000000000e+00
1.500992000000016813e-01 9.999948805928318141e-01 -3.199810639379744009e-03 0.000000000000000000e+00 3.199810639379744009e-03 9.999948805928318141e-01 -0.000000000000000000e+00 0.000000000000000000e+00 0.000000000000000000e+00 1.000000000000000000e+00
1.551712000000016189e-01 9.999942590996544478e-01 -3.388475724143982792e-03 0.000000000000000000e+00 3.388475724143982792e-03 9.999942590996544478e-01 -0.000000000000000000e+00 0.000000000000000000e+00 0.000000000000000000e+00 1.000000000000000000e+00
1.601712000000017622e-01 9.999935551177948634e-01 -3.590226019848208761e-03 0.000000000000000000e+00 3.590226019848208761e-03 9.999935551177948634e-01 -0.000000000000000000e+00 0.000000000000000000e+00 0.000000000000000000e+00 1.000000000000000000e+00
1.651712000000019054e-01 9.999927574083035120e-01 -3.805933648620894033e-03 0.000000000000000000e+00 3.805933648620894033e-03 9.999927574083035120e-01 -0.000000000000000000e+00 0.000000000000000000e+00 0.000000000000000000e+00 1.000000000000000000e+00
1.701712000000020486e-01 9.999919484076419396e-01 -4.012869283678098010e-03 0.000000000000000000e+00 4.012869283678098010e-03 9.999919484076419396e-01 -0.000000000000000000e+00 0.000000000000000000e+00 0.000000000000000000e+00 1.000000000000000000e+00
1.750912000000021118e-01 9.999910951592732022e-01 -4.220142433291058058e-03 0.000000000000000000e+00 4.220142433291058058e-03 9.999910951592732022e-01 -0.000000000000000000e+00 0.000000000000000000e+00 0.000000000000000000e+00 1.000000000000000000e+00
1.800473600000019603e-01 9.999901141681105665e-01 -4.446522916749327987e-03 0.000000000000000000e+00 4.446522916749327987e-03 9.999901141681105665e-01 -0.000000000000000000e+00 0.000000000000000000e+00 0.000000000000000000e+00 1.000000000000000000e+00
1.850473600000021035e-01 9.999890145896408455e-01 -4.687291332848893960e-03 0.000000000000000000e+00 4.687291332848893960e-03 9.999890145896408455e-01 -0.000000000000000000e+00 0.000000000000000000e+00 0.000000000000000000e+00 1.000000000000000000e+00
1.900073600000022345e-01 9.999877708342925775e-01 -4.945521394399101517e-03 0.000000000000000000e+00 4.945521394399101517e-03 9.999877708342925775e-01 -0.000000000000000000e+00 0.000000000000000000e+00 0.000000000000000000e+00 1.000000000000000000e+00
1.951673600000022046e-01 9.999863400901176647e-01 -5.226818647285346245e-03 0.000000000000000000e+00 5.226818647285346245e-03 9.999863400901176647e-01 -0.000000000000000000e+00 0.000000000000000000e+00 0.000000000000000000e+00 1.000000000000000000e+00
2.000473600000023111e-01 9.999848318045650997e-01 -5.507827230006462522e-03 0.000000000000000000e+00 5.507827230006462522e-03 9.999848318045650997e-01 -0.000000000000000000e+00 0.000000000000000000e+00 0.000000000000000000e+00 1.000000000000000000e+00
2.050393600000022798e-01 9.999833578290777680e-01 -5.769234341089402203e-03 0.000000000000000000e+00 5.769234341089402203e-03 9.999833578290777680e-01 -0.000000000000000000e+00 0.000000000000000000e+00 0.000000000000000000e+00 1.000000000000000000e+00
2.100393600000024230e-01 9.999818364570922657e-01 -6.027168149405213310e-03 0.000000000000000000e+00 6.027168149405213310e-03 9.999818364570922657e-01 -0.000000000000000000e+00 0.000000000000000000e+00 0.000000000000000000e+00 1.000000000000000000e+00
2.150093745277371071e-01 9.999802060844287244e-01 -6.291855000197917915e-03 0.000000000000000000e+00 6.291855000197917915e-03 9.999802060844287244e-01 -0.000000000000000000e+00 0.000000000000000000e+00 0.000000000000000000e+00 1.000000000000000000e+00
2.200474598276595806e-01 9.999785282348908622e-01 -6.553096152342358788e-03 0.000000000000000000e+00 6.553096152342358788e-03 9.999785282348908622e-01 -0.000000000000000000e+00 0.000000000000000000e+00 0.000000000000000000e+00 1.000000000000000000e+00
2.251108985557458142e-01 9.999767680338911280e-01 -6.816406127401038184e-03 0.000000000000000000e+00 6.816406127401038184e-03 9.999767680338911280e-01 -0.000000000000000000e+00 0.000000000000000000e+00 0.000000000000000000e+00 1.000000000000000000e+00
2.301108985557459574e-01 9.999749549367562551e-01 -7.077393533805781227e-03 0.000000000000000000e+00 7.077393533805781227e-03 9.999749549367562551e-01 -0.000000000000000000e+00 0.000000000000000000e+00 0.000000000000000000e+00 1.000000000000000000e+00
2.351108985557461006e-01 9.999730730109027688e-01 -7.338477575878116395e-03 0.000000000000000000e+00 7.338477575878116395e-03 9.999730730109027688e-01 -0.000000000000000000e+00 0.000000000000000000e+00 0.000000000000000000e+00 1.000000000000000000e+00
2.401108985557462439e-01 9.999711173897087857e-01 -7.600288571990123851e-03 0.000000000000000000e+00 7.600288571990123851e-03 9.999711173897087857e-01 -0.000000000000000000e+00 0.000000000000000000e+00 0.000000000000000000e+00 1.000000000000000000e+00
2.450228985557463268e-01 9.999691280788903791e-01 -7.857664356764677144e-03 0.000000000000000000e+00 7.857664356764677144e-03 9.999691280788903791e-01 -0.000000000000000000e+00 0.000000000000000000e+00 0.000000000000000000e+00 1.000000000000000000e+00
2.500456185557461408e-01 9.999670095088121213e-01 -8.122800871828289582e-03 0.000000000000000000e+00 8.122800871828289582e-03 9.999670095088121213e-01 -0.000000000000000000e+00 0.000000000000000000e+00 0.000000000000000000e+00 1.000000000000000000e+00
2.550299385557456278e-01 9.999647647546936469e-01 -8.394596422118238629e-03 0.000000000000000000e+00 8.394596422118238629e-03 9.999647647546936469e-01 -0.000000000000000000e+00 0.000000000000000000e+00 0.000000000000000000e+00 1.000000000000000000e+00
2.600299385557450771e-01 9.999622542172544870e-01 -8.688506243718885705e-03 0.000000000000000000e+00 8.688506243718885705e-03 9.999622542172544870e-01 -0.000000000000000000e+00 0.000000000000000000e+00 0.000000000000000000e+00 1.000000000000000000e+00
2.650299385557445264e-01 9.999594552853314777e-01 -9.004875649525564268e-03 0.000000000000000000e+00 9.004875649525564268e-03 9.999594552853314777e-01 -0.000000000000000000e+00 0.000000000000000000e+00 0.000000000000000000e+00 1.000000000000000000e+00
2.700102502416595329e-01 9.999572285666983307e-01 -9.248839776313577676e-03 0.000000000000000000e+00 9.248839776313577676e-03 9.999572285666983307e-01 -0.000000000000000000e+00 0.000000000000000000e+00 0.000000000000000000e+00 1.000000000000000000e+00
2.750104642504747066e-01 9.999544326745606337e-01 -9.546338276931532960e-03 0.000000000000000000e+00 9.546338276931532960e-03 9.999544326745606337e-01 -0.000000000000000000e+00 0.000000000000000000e+00 0.000000000000000000e+00 1.000000000000000000e+00
2.801408350006165948e-01 9.999516652120506999e-01 -9.831949941230490667e-03 0.000000000000000000e+00 9.831949941230490667e-03 9.999516652120506999e-01 -0.000000000000000000e+00 0.000000000000000000e+00 0.000000000000000000e+00 1.000000000000000000e+00
2.850210295593237908e-01 9.999487912749007723e-01 -1.012002113955575398e-02 0.000000000000000000e+00 1.012002113955575398e-02 9.999487912749007723e-01 -0.000000000000000000e+00 0.000000000000000000e+00 0.000000000000000000e+00 1.000000000000000000e+00
2.900210295593232401e-01 9.999461220195690059e-01 -1.038041704486220886e-02 0.000000000000000000e+00 1.038041704486220886e-02 9.999461220195690059e-01 -0.000000000000000000e+00 0.000000000000000000e+00 0.000000000000000000e+00 1.000000000000000000e+00
2.950210295593226895e-01 9.999433225126090896e-01 -1.064667847004897340e-02 0.000000000000000000e+00 1.064667847004897340e-02 9.999433225126090896e-01 -0.000000000000000000e+00 0.000000000000000000e+00 0.000000000000000000e+00 1.000000000000000000e+00
3.000210295593221388e-01 9.999405020015967871e-01 -1.090836636690963556e-02 0.000000000000000000e+00 1.090836636690963556e-02 9.999405020015967871e-01 -0.000000000000000000e+00 0.000000000000000000e+00 0.000000000000000000e+00 1.000000000000000000e+00
3.050210295593215881e-01 9.999376646827842219e-01 -1.116542649164033695e-02 0.000000000000000000e+00 1.116542649164033695e-02 9.999376646827842219e-01 -0.000000000000000000e+00 0.000000000000000000e+00 0.000000000000000000e+00 1.000000000000000000e+00
3.100210295593210374e-01 9.999347678100662939e-01 -1.142191422788501817e-02 0.000000000000000000e+00 1.142191422788501817e-02 9.999347678100662939e-01 -0.000000000000000000e+00 0.000000000000000000e+00 0.000000000000000000e+00 1.000000000000000000e+00
3.150210295593204868e-01 9.999316324886117213e-01 -1.169317530271623412e-02 0.000000000000000000e+00 1.169317530271623412e-02 9.999316324886117213e-01 -0.000000000000000000e+00 0.000000000000000000e+00 0.000000000000000000e+00 1.000000000000000000e+00
3.200210295593199361e-01 9.999285154956807364e-01 -1.195675117263624021e-02 0.000000000000000000e+00 1.195675117263624021e-02 9.999285154956807364e-01 -0.000000000000000000e+00 0.000000000000000000e+00 0.000000000000000000e+00 1.000000000000000000e+00
3.250210295593193854e-01 9.999253296335935959e-01 -1.222027647597894069e-02 0.000000000000000000e+00 1.222027647597894069e-02 9.999253296335935959e-01 -0.000000000000000000e+00 0.000000000000000000e+00 0.000000000000000000e+00 1.000000000000000000e+00
3.300210295593188348e-01 9.999220753408127882e-01 -1.248371924235712818e-02 0.000000000000000000e+00 1.248371924235712818e-02 9.999220753408127882e-01 -0.000000000000000000e+00 0.000000000000000000e+00 0.000000000000000000e+00 1.000000000000000000e+00
3.350210295593182841e-01 9.999187507941855735e-01 -1.274722754937433755e-02 0.000000000000000000e+00 1.274722754937433755e-02 9.999187507941855735e-01 -0.000000000000000000e+00 0.000000000000000000e+00 0.000000000000000000e+00 1.000000000000000000e+00
3.400210295593177334e-01 9.999153401157143684e-01 -1.301201757128974887e-02 0.000000000000000000e+00 1.301201757128974887e-02 9.999153401157143684e-01 -0.000000000000000000e+00 0.000000000000000000e+00 0.000000000000000000e+00 1.000000000000000000e+00
3.450210295593171828e-01 9.999118414218496342e-01 -1.327815440360771010e-02 0.000000000000000000e+00 1.327815440360771010e-02 9.999118414218496342e-01 -0.000000000000000000e+00 0.000000000000000000e+00 0.000000000000000000e+00 1.000000000000000000e+00
3.500210295593166321e-01 9.999082444545888126e-01 -1.354631579959767428e-02 0.000000000000000000e+00 1.354631579959767428e-02 9.999082444545888126e-01 -0.000000000000000000e+00 0.000000000000000000e+00 0.000000000000000000e+00 1.000000000000000000e+00
3.550210295593160814e-01 9.999045923775192746e-01 -1.381325965684417241e-02 0.000000000000000000e+00 1.381325965684417241e-02 9.999045923775192746e-01 -0.000000000000000000e+00 0.000000000000000000e+00 0.000000000000000000e+00 1.000000000000000000e+00
3.600210295593155307e-01 9.999009024994629513e-01 -1.407782585343869512e-02 0.000000000000000000e+00 1.407782585343869512e-02 9.999009024994629513e-01 -0.000000000000000000e+00 0.000000000000000000e+00 0.000000000000000000e+00 1.000000000000000000e+00
3.650210295593149801e-01 9.998971764315801591e-01 -1.434003361759113478e-02 0.000000000000000000e+00 1.434003361759113478e-02 9.998971764315801591e-01 -0.000000000000000000e+00 0.000000000000000000e+00 0.000000000000000000e+00 1.000000000000000000e+00
3.700210295593144294e-01 9.998933773196705399e-01 -1.460253376175345806e-02 0.000000000000000000e+00 1.460253376175345806e-02 9.998933773196705399e-01 -0.000000000000000000e+00 0.000000000000000000e+00 0.000000000000000000e+00 1.000000000000000000e+00
3.751010295593139032e-01 9.998893172428741094e-01 -1.487794554295911349e-02 0.000000000000000000e+00 1.487794554295911349e-02 9.998893172428741094e-01 -0.000000000000000000e+00 0.000000000000000000e+00 0.000000000000000000e+00 1.000000000000000000e+00
3.800610295593143673e-01 9.998845621966195862e-01 -1.519415285150180726e-02 0.000000000000000000e+00 1.519415285150180726e-02 9.998845621966195862e-01 -0.000000000000000000e+00 0.000000000000000000e+00 0.000000000000000000e+00 1.000000000000000000e+00
3.850450295593148553e-01 9.998794230381595760e-01 -1.552866333195970436e-02 0.000000000000000000e+00 1.552866333195970436e-02 9.998794230381595760e-01 -0.000000000000000000e+00 0.000000000000000000e+00 0.000000000000000000e+00 1.000000000000000000e+00
3.901090295593149793e-01 9.998751300016662791e-01 -1.580267079170826969e-02 0.000000000000000000e+00 1.580267079170826969e-02 9.998751300016662791e-01 -0.000000000000000000e+00 0.000000000000000000e+00 0.000000000000000000e+00 1.000000000000000000e+00
3.950290295593144596e-01 9.998709842833259920e-01 -1.606283873707440787e-02 0.000000000000000000e+00 1.606283873707440787e-02 9.998709842833259920e-01 -0.000000000000000000e+00 0.000000000000000000e+00 0.000000000000000000e+00 1.000000000000000000e+00
4.001090295593145441e-01 9.998667654229139723e-01 -1.632333920249210910e-02 0.000000000000000000e+00 1.632333920249210910e-02 9.998667654229139723e-01 -0.000000000000000000e+00 0.000000000000000000e+00 0.000000000000000000e+00 1.000000000000000000e+00
4.051490295593144775e-01 9.998625551619236829e-01 -1.657922751726726221e-02 0.000000000000000000e+00 1.657922751726726221e-02 9.998625551619236829e-01 -0.000000000000000000e+00 0.000000000000000000e+00 0.000000000000000000e+00 1.000000000000000000e+00
4.101490295593139268e-01 9.998583308742802211e-01 -1.683205814208633966e-02 0.000000000000000000e+00 1.683205814208633966e-02 9.998583308742802211e-01 -0.000000000000000000e+00 0.000000000000000000e+00 0.000000000000000000e+00 1.000000000000000000e+00
4.151490295593133761e-01 9.998540723170258326e-01 -1.708315167232640416e-02 0.000000000000000000e+00 1.708315167232640416e-02 9.998540723170258326e-01 -0.000000000000000000e+00 0.000000000000000000e+00 0.000000000000000000e+00 1.000000000000000000e+00
4.201490295593128255e-01 9.998491268552173183e-01 -1.737019075484599537e-02 0.000000000000000000e+00 1.737019075484599537e-02 9.998491268552173183e-01 -0.000000000000000000e+00 0.000000000000000000e+00 0.000000000000000000e+00 1.000000000000000000e+00
4.251490295593122748e-01 9.998445486944603777e-01 -1.763174540341908361e-02 0.000000000000000000e+00 1.763174540341908361e-02 9.998445486944603777e-01 -0.000000000000000000e+00 0.000000000000000000e+00 0.000000000000000000e+00 1.000000000000000000e+00
4.300690295593117551e-01 9.998398755451880504e-01 -1.789478331199304342e-02 0.000000000000000000e+00 1.789478331199304342e-02 9.998398755451880504e-01 -0.000000000000000000e+00 0.000000000000000000e+00 0.000000000000000000e+00 1.000000000000000000e+00
4.351442295593116460e-01 9.998349736303194790e-01 -1.816660413116960582e-02 0.000000000000000000e+00 1.816660413116960582e-02 9.998349736303194790e-01 -0.000000000000000000e+00 0.000000000000000000e+00 0.000000000000000000e+00 1.000000000000000000e+00
4.400482295593114435e-01 9.998302035257884413e-01 -1.842726560238343997e-02 0.000000000000000000e+00 1.842726560238343997e-02 9.998302035257884413e-01 -0.000000000000000000e+00 0.000000000000000000e+00 0.000000000000000000e+00 1.000000000000000000e+00
4.450482295593108928e-01 9.998253186393312175e-01 -1.869043091424092695e-02 0.000000000000000000e+00 1.869043091424092695e-02 9.998253186393312175e-01 -0.000000000000000000e+00 0.000000000000000000e+00 0.000000000000000000e+00 1.000000000000000000e+00
4.500482295593103421e-01 9.998203641291198984e-01 -1.895361371122478156e-02 0.000000000000000000e+00 1.895361371122478156e-02 9.998203641291198984e-01 -0.000000000000000000e+00 0.000000000000000000e+00 0.000000000000000000e+00 1.000000000000000000e+00
4.550482295593097914e-01 9.998153549121708838e-01 -1.921603710055860142e-02 0.000000000000000000e+00 1.921603710055860142e-02 9.998153549121708838e-01 -0.000000000000000000e+00 0.000000000000000000e+00 0.000000000000000000e+00 1.000000000000000000e+00
4.600482295593092408e-01 9.998102602303120534e-01 -1.947931051644286385e-02 0.000000000000000000e+00 1.947931051644286385e-02 9.998102602303120534e-01 -0.000000000000000000e+00 0.000000000000000000e+00 0.000000000000000000e+00 1.000000000000000000e+00
4.650482295593086901e-01 9.998050796410641317e-01 -1.974342229517529398e-02 0.000000000000000000e+00 1.974342229517529398e-02 9.998050796410641317e-01 -0.000000000000000000e+00 0.000000000000000000e+00 0.000000000000000000e+00 1.000000000000000000e+00
4.700482295593081394e-01 9.997998224347571794e-01 -2.000787493534000872e-02 0.000000000000000000e+00 2.000787493534000872e-02 9.997998224347571794e-01 -0.000000000000000000e+00 0.000000000000000000e+00 0.000000000000000000e+00 1.000000000000000000e+00
4.750482295593075888e-01 9.997945111789576789e-01 -2.027154203383350894e-02 0.000000000000000000e+00 2.027154203383350894e-02 9.997945111789576789e-01 -0.000000000000000000e+00 0.000000000000000000e+00 0.000000000000000000e+00 1.000000000000000000e+00
4.800482295593070381e-01 9.997891463493976394e-01 -2.053443064570180734e-02 0.000000000000000000e+00 2.053443064570180734e-02 9.997891463493976394e-01 -0.000000000000000000e+00 0.000000000000000000e+00 0.000000000000000000e+00 1.000000000000000000e+00
4.850482295593064874e-01 9.997837605086720147e-01 -2.079500476409609430e-02 0.000000000000000000e+00 2.079500476409609430e-02 9.997837605086720147e-01 -0.000000000000000000e+00 0.000000000000000000e+00 0.000000000000000000e+00 1.000000000000000000e+00
4.900482295593059368e-01 9.997775748753455760e-01 -2.109030052828224019e-02 0.000000000000000000e+00 2.109030052828224019e-02 9.997775748753455760e-01 -0.000000000000000000e+00 0.000000000000000000e+00 0.000000000000000000e+00 1.000000000000000000e+00
4.950322295593055921e-01 9.997711388470966742e-01 -2.139322155215912097e-02 0.000000000000000000e+00 2.139322155215912097e-02 9.997711388470966742e-01 -0.000000000000000000e+00 0.000000000000000000e+00 0.000000000000000000e+00 1.000000000000000000e+00
5.001682295593053995e-01 9.997653714417131798e-01 -2.166107259610127594e-02 0.000000000000000000e+00 2.166107259610127594e-02 9.997653714417131798e-01 -0.000000000000000000e+00 0.000000000000000000e+00 0.000000000000000000e+00 1.000000000000000000e+00
5.051682295593048488e-01 9.997597185864478542e-01 -2.192042636325403776e-02 0.000000000000000000e+00 2.192042636325403776e-02 9.997597185864478542e-01 -0.000000000000000000e+00 0.000000000000000000e+00 0.000000000000000000e+00 1.000000000000000000e+00
5.101682295593042982e-01 9.997527689868496159e-01 -2.223512768408120524e-02 0.000000000000000000e+00 2.223512768408120524e-02 9.997527689868496159e-01 -0.000000000000000000e+00 0.000000000000000000e+00 0.000000000000000000e+00 1.000000000000000000e+00
5.151682295593037475e-01 9.997463554887541237e-01 -2.252164929471278318e-02 0.000000000000000000e+00 2.252164929471278318e-02 9.997463554887541237e-01 -0.000000000000000000e+00 0.000000000000000000e+00 0.000000000000000000e+00 1.000000000000000000e+00
5.201682295593031968e-01 9.997403298465373789e-01 -2.278755972755472023e-02 0.000000000000000000e+00 2.278755972755472023e-02 9.997403298465373789e-01 -0.000000000000000000e+00 0.000000000000000000e+00 0.000000000000000000e+00 1.000000000000000000e+00
5.251682295593026462e-01 9.997344594236051707e-01 -2.304366813231866970e-02 0.000000000000000000e+00 2.304366813231866970e-02 9.997344594236051707e-01 -0.000000000000000000e+00 0.000000000000000000e+00 0.000000000000000000e+00 1.000000000000000000e+00
5.301682295593020955e-01 9.997285925711992816e-01 -2.329680655389025981e-02 0.000000000000000000e+00 2.329680655389025981e-02 9.997285925711992816e-01 -0.000000000000000000e+00 0.000000000000000000e+00 0.000000000000000000e+00 1.000000000000000000e+00
5.351682295593015448e-01 9.997226396239645707e-01 -2.355087733595283284e-02 0.000000000000000000e+00 2.355087733595283284e-02 9.997226396239645707e-01 -0.000000000000000000e+00 0.000000000000000000e+00 0.000000000000000000e+00 1.000000000000000000e+00
5.401682295593009941e-01 9.997165920730529676e-01 -2.380620788452931028e-02 0.000000000000000000e+00 2.380620788452931028e-02 9.997165920730529676e-01 -0.000000000000000000e+00 0.000000000000000000e+00 0.000000000000000000e+00 1.000000000000000000e+00
5.450722295593010136e-01 9.997103126765428671e-01 -2.406845919807272180e-02 0.000000000000000000e+00 2.406845919807272180e-02 9.997103126765428671e-01 -0.000000000000000000e+00 0.000000000000000000e+00 0.000000000000000000e+00 1.000000000000000000e+00
5.500722295593004629e-01 9.997040221885895583e-01 -2.432833779682806383e-02 0.000000000000000000e+00 2.432833779682806383e-02 9.997040221885895583e-01 -0.000000000000000000e+00 0.000000000000000000e+00 0.000000000000000000e+00 1.000000000000000000e+00
5.550722295592999123e-01 9.996975565537802311e-01 -2.459258872916061239e-02 0.000000000000000000e+00 2.459258872916061239e-02 9.996975565537802311e-01 -0.000000000000000000e+00 0.000000000000000000e+00 0.000000000000000000e+00 1.000000000000000000e+00
5.600722295592993616e-01 9.996910815220417801e-01 -2.485440655680602740e-02 0.000000000000000000e+00 2.485440655680602740e-02 9.996910815220417801e-01 -0.000000000000000000e+00 0.000000000000000000e+00 0.000000000000000000e+00 1.000000000000000000e+00
5.650722295592988109e-01 9.996845664842584078e-01 -2.511508576892913097e-02 0.000000000000000000e+00 2.511508576892913097e-02 9.996845664842584078e-01 -0.000000000000000000e+00 0.000000000000000000e+00 0.000000000000000000e+00 1.000000000000000000e+00
5.700722295592982602e-01 9.996779410426004375e-01 -2.537743471723727384e-02 0.000000000000000000e+00 2.537743471723727384e-02 9.996779410426004375e-01 -0.000000000000000000e+00 0.000000000000000000e+00 0.000000000000000000e+00 1.000000000000000000e+00
5.750722295592977096e-01 9.996711786957566126e-01 -2.564243523998952293e-02 0.000000000000000000e+00 2.564243523998952293e-02 9.996711786957566126e-01 -0.000000000000000000e+00 0.000000000000000000e+00 0.000000000000000000e+00 1.000000000000000000e+00
5.800722295592971589e-01 9.996643291616551519e-01 -2.590808757470136267e-02 0.000000000000000000e+00 2.590808757470136267e-02 9.996643291616551519e-01 -0.000000000000000000e+00 0.000000000000000000e+00 0.000000000000000000e+00 1.000000000000000000e+00
5.850722295592966082e-01 9.996573757106785862e-01 -2.617501074001000322e-02 0.000000000000000000e+00 2.617501074001000322e-02 9.996573757106785862e-01 -0.000000000000000000e+00 0.000000000000000000e+00 0.000000000000000000e+00 1.000000000000000000e+00
5.900082295592967707e-01 9.996505108273441298e-01 -2.643588853491115123e-02 0.000000000000000000e+00 2.643588853491115123e-02 9.996505108273441298e-01 -0.000000000000000000e+00 0.000000000000000000e+00 0.000000000000000000e+00 1.000000000000000000e+00
5.951362295592961260e-01 9.996433695133526420e-01 -2.670456492795053247e-02 0.000000000000000000e+00 2.670456492795053247e-02 9.996433695133526420e-01 -0.000000000000000000e+00 0.000000000000000000e+00 0.000000000000000000e+00 1.000000000000000000e+00
6.001362295592955753e-01 9.996363065472878562e-01 -2.696765901032568274e-02 0.000000000000000000e+00 2.696765901032568274e-02 9.996363065472878562e-01 -0.000000000000000000e+00 0.000000000000000000e+00 0.000000000000000000e+00 1.000000000000000000e+00
6.051362295592950247e-01 9.996291908447483276e-01 -2.723014526355075141e-02 0.000000000000000000e+00 2.723014526355075141e-02 9.996291908447483276e-01 -0.000000000000000000e+00 0.000000000000000000e+00 0.000000000000000000e+00 1.000000000000000000e+00
6.101362295592944740e-01 9.996211849980156661e-01 -2.752247269347346884e-02 0.000000000000000000e+00 2.752247269347346884e-02 9.996211849980156661e-01 -0.000000000000000000e+00 0.000000000000000000e+00 0.000000000000000000e+00 1.000000000000000000e+00
6.151362295592939233e-01 9.996133052126775498e-01 -2.780719406532420127e-02 0.000000000000000000e+00 2.780719406532420127e-02 9.996133052126775498e-01 -0.000000000000000000e+00 0.000000000000000000e+00 0.000000000000000000e+00 1.000000000000000000e+00
6.200561655592937704e-01 9.996036435522943631e-01 -2.815236751994341577e-02 0.000000000000000000e+00 2.815236751994341577e-02 9.996036435522943631e-01 -0.000000000000000000e+00 0.000000000000000000e+00 0.000000000000000000e+00 1.000000000000000000e+00
6.251629175592939847e-01 9.995962619522213988e-01 -2.841325555346326318e-02 0.000000000000000000e+00 2.841325555346326318e-02 9.995962619522213988e-01 -0.000000000000000000e+00 0.000000000000000000e+00 0.000000000000000000e+00 1.000000000000000000e+00
6.301629175592934340e-01 9.995890456358026421e-01 -2.866600503916994641e-02 0.000000000000000000e+00 2.866600503916994641e-02 9.995890456358026421e-01 -0.000000000000000000e+00 0.000000000000000000e+00 0.000000000000000000e+00 1.000000000000000000e+00
6.351629175592928833e-01 9.995817577246980390e-01 -2.891901837897325328e-02 0.000000000000000000e+00 2.891901837897325328e-02 9.995817577246980390e-01 -0.000000000000000000e+00 0.000000000000000000e+00 0.000000000000000000e+00 1.000000000000000000e+00
6.401629175592923326e-01 9.995743730000985483e-01 -2.917315275146193515e-02 0.000000000000000000e+00 2.917315275146193515e-02 9.995743730000985483e-01 -0.000000000000000000e+00 0.000000000000000000e+00 0.000000000000000000e+00 1.000000000000000000e+00
6.451629175592917820e-01 9.995667122689928519e-01 -2.943446489673081159e-02 0.000000000000000000e+00 2.943446489673081159e-02 9.995667122689928519e-01 -0.000000000000000000e+00 0.000000000000000000e+00 0.000000000000000000e+00 1.000000000000000000e+00
6.501629175592912313e-01 9.995587437587099000e-01 -2.970383435703568067e-02 0.000000000000000000e+00 2.970383435703568067e-02 9.995587437587099000e-01 -0.000000000000000000e+00 0.000000000000000000e+00 0.000000000000000000e+00 1.000000000000000000e+00
6.550589175592912428e-01 9.995509462752432128e-01 -2.996507634341255902e-02 0.000000000000000000e+00 2.996507634341255902e-02 9.995509462752432128e-01 -0.000000000000000000e+00 0.000000000000000000e+00 0.000000000000000000e+00 1.000000000000000000e+00
6.600589175592906921e-01 9.995431301606987340e-01 -3.022467449870802625e-02 0.000000000000000000e+00 3.022467449870802625e-02 9.995431301606987340e-01 -0.000000000000000000e+00 0.000000000000000000e+00 0.000000000000000000e+00 1.000000000000000000e+00
6.650589175592901414e-01 9.995347120306362632e-01 -3.050179414121984359e-02 0.000000000000000000e+00 3.050179414121984359e-02 9.995347120306362632e-01 -0.000000000000000000e+00 0.000000000000000000e+00 0.000000000000000000e+00 1.000000000000000000e+00
6.701629175592903609e-01 9.995265283309262561e-01 -3.076880177592903470e-02 0.000000000000000000e+00 3.076880177592903470e-02 9.995265283309262561e-01 -0.000000000000000000e+00 0.000000000000000000e+00 0.000000000000000000e+00 1.000000000000000000e+00
6.750589175592897062e-01 9.995185557470868121e-01 -3.102670973947985536e-02 0.000000000000000000e+00 3.102670973947985536e-02 9.995185557470868121e-01 -0.000000000000000000e+00 0.000000000000000000e+00 0.000000000000000000e+00 1.000000000000000000e+00
6.800589175592891555e-01 9.995104345676446567e-01 -3.128723686103186685e-02 0.000000000000000000e+00 3.128723686103186685e-02 9.995104345676446567e-01 -0.000000000000000000e+00 0.000000000000000000e+00 0.000000000000000000e+00 1.000000000000000000e+00
6.850589175592886049e-01 9.995021908923261700e-01 -3.154949130240198435e-02 0.000000000000000000e+00 3.154949130240198435e-02 9.995021908923261700e-01 -0.000000000000000000e+00 0.000000000000000000e+00 0.000000000000000000e+00 1.000000000000000000e+00
6.900829175592876341e-01 9.994938068108890628e-01 -3.181399293828666985e-02 0.000000000000000000e+00 3.181399293828666985e-02 9.994938068108890628e-01 -0.000000000000000000e+00 0.000000000000000000e+00 0.000000000000000000e+00 1.000000000000000000e+00
6.951530615592884654e-01 9.994853978666057293e-01 -3.207708608076912521e-02 0.000000000000000000e+00 3.207708608076912521e-02 9.994853978666057293e-01 -0.000000000000000000e+00 0.000000000000000000e+00 0.000000000000000000e+00 1.000000000000000000e+00
7.001530615592879148e-01 9.994771344181875294e-01 -3.233353947851378557e-02 0.000000000000000000e+00 3.233353947851378557e-02 9.994771344181875294e-01 -0.000000000000000000e+00 0.000000000000000000e+00 0.000000000000000000e+00 1.000000000000000000e+00
7.051530615592873641e-01 9.994686982213075721e-01 -3.259327040671486375e-02 0.000000000000000000e+00 3.259327040671486375e-02 9.994686982213075721e-01 -0.000000000000000000e+00 0.000000000000000000e+00 0.000000000000000000e+00 1.000000000000000000e+00
7.101530615592868134e-01 9.994601200806784158e-01 -3.285526393618323077e-02 0.000000000000000000e+00 3.285526393618323077e-02 9.994601200806784158e-01 -0.000000000000000000e+00 0.000000000000000000e+00 0.000000000000000000e+00 1.000000000000000000e+00
7.151530615592862627e-01 9.994513487904890248e-01 -3.312101147115956851e-02 0.000000000000000000e+00 3.312101147115956851e-02 9.994513487904890248e-01 -0.000000000000000000e+00 0.000000000000000000e+00 0.000000000000000000e+00 1.000000000000000000e+00
7.201530615592857121e-01 9.994423850886223759e-01 -3.339040114114277119e-02 0.000000000000000000e+00 3.339040114114277119e-02 9.994423850886223759e-01 -0.000000000000000000e+00 0.000000000000000000e+00 0.000000000000000000e+00 1.000000000000000000e+00
7.251210615592860176e-01 9.994328609717181289e-01 -3.367426925542259947e-02 0.000000000000000000e+00 3.367426925542259947e-02 9.994328609717181289e-01 -0.000000000000000000e+00 0.000000000000000000e+00 0.000000000000000000e+00 1.000000000000000000e+00
7.300833015592863573e-01 9.994226302638850035e-01 -3.397655245045193284e-02 0.000000000000000000e+00 3.397655245045193284e-02 9.994226302638850035e-01 -0.000000000000000000e+00 0.000000000000000000e+00 0.000000000000000000e+00 1.000000000000000000e+00
7.350014506792872382e-01 9.994142454942822607e-01 -3.422230125364093128e-02 0.000000000000000000e+00 3.422230125364093128e-02 9.994142454942822607e-01 -0.000000000000000000e+00 0.000000000000000000e+00 0.000000000000000000e+00 1.000000000000000000e+00
7.400208258014289164e-01 9.994053454161082595e-01 -3.448123480546557568e-02 0.000000000000000000e+00 3.448123480546557568e-02 9.994053454161082595e-01 -0.000000000000000000e+00 0.000000000000000000e+00 0.000000000000000000e+00 1.000000000000000000e+00
7.450911215852843439e-01 9.993938021741156641e-01 -3.481419503542971389e-02 0.000000000000000000e+00 3.481419503542971389e-02 9.993938021741156641e-01 -0.000000000000000000e+00 0.000000000000000000e+00 0.000000000000000000e+00 1.000000000000000000e+00
7.500683780297077163e-01 9.993845546311491690e-01 -3.507865397503003718e-02 0.000000000000000000e+00 3.507865397503003718e-02 9.993845546311491690e-01 -0.000000000000000000e+00 0.000000000000000000e+00 0.000000000000000000e+00 1.000000000000000000e+00
7.550247379004568771e-01 9.993751588389530038e-01 -3.534532353251255976e-02 0.000000000000000000e+00 3.534532353251255976e-02 9.993751588389530038e-01 -0.000000000000000000e+00 0.000000000000000000e+00 0.000000000000000000e+00 1.000000000000000000e+00
7.600247379004563264e-01 9.993661230844504972e-01 -3.559988807784961184e-02 0.000000000000000000e+00 3.559988807784961184e-02 9.993661230844504972e-01 -0.000000000000000000e+00 0.000000000000000000e+00 0.000000000000000000e+00 1.000000000000000000e+00
7.650007379004564179e-01 9.993570337114722202e-01 -3.585413743778485124e-02 0.000000000000000000e+00 3.585413743778485124e-02 9.993570337114722202e-01 -0.000000000000000000e+00 0.000000000000000000e+00 0.000000000000000000e+00 1.000000000000000000e+00
7.701447379004557892e-01 9.993475636597030087e-01 -3.611712900295746542e-02 0.000000000000000000e+00 3.611712900295746542e-02 9.993475636597030087e-01 -0.000000000000000000e+00 0.000000000000000000e+00 0.000000000000000000e+00 1.000000000000000000e+00
7.751447379004552385e-01 9.993381162509631377e-01 -3.637759486245558532e-02 0.000000000000000000e+00 3.637759486245558532e-02 9.993381162509631377e-01 -0.000000000000000000e+00 0.000000000000000000e+00 0.000000000000000000e+00 1.000000000000000000e+00
7.800216923787197665e-01 9.993284777463274926e-01 -3.664141871172720694e-02 0.000000000000000000e+00 3.664141871172720694e-02 9.993284777463274926e-01 -0.000000000000000000e+00 0.000000000000000000e+00 0.000000000000000000e+00 1.000000000000000000e+00
7.850570431426653339e-01 9.993183361266938514e-01 -3.691697551231343938e-02 0.000000000000000000e+00 3.691697551231343938e-02 9.993183361266938514e-01 -0.000000000000000000e+00 0.000000000000000000e+00 0.000000000000000000e+00 1.000000000000000000e+00
7.900999522708717082e-01 9.993087989895389489e-01 -3.717424191675585549e-02 0.000000000000000000e+00 3.717424191675585549e-02 9.993087989895389489e-01 -0.000000000000000000e+00 0.000000000000000000e+00 0.000000000000000000e+00 1.000000000000000000e+00
7.951150964639959184e-01 9.992991333417492461e-01 -3.743316847969552219e-02 0.000000000000000000e+00 3.743316847969552219e-02 9.992991333417492461e-01 -0.000000000000000000e+00 0.000000000000000000e+00 0.000000000000000000e+00 1.000000000000000000e+00
8.001150964639953678e-01 9.992894690221356679e-01 -3.769027860680338599e-02 0.000000000000000000e+00 3.769027860680338599e-02 9.992894690221356679e-01 -0.000000000000000000e+00 0.000000000000000000e+00 0.000000000000000000e+00 1.000000000000000000e+00
8.050190964639950542e-01 9.992798738212328447e-01 -3.794382394832260252e-02 0.000000000000000000e+00 3.794382394832260252e-02 9.992798738212328447e-01 -0.000000000000000000e+00 0.000000000000000000e+00 0.000000000000000000e+00 1.000000000000000000e+00
8.101186164639951892e-01 9.992697643967060062e-01 -3.820913454335262555e-02 0.000000000000000000e+00 3.820913454335262555e-02 9.992697643967060062e-01 -0.000000000000000000e+00 0.000000000000000000e+00 0.000000000000000000e+00 1.000000000000000000e+00
8.151029364639946762e-01 9.992597731302473862e-01 -3.846954384557997597e-02 0.000000000000000000e+00 3.846954384557997597e-02 9.992597731302473862e-01 -0.000000000000000000e+00 0.000000000000000000e+00 0.000000000000000000e+00 1.000000000000000000e+00
8.201029364639941255e-01 9.992498517855992191e-01 -3.872639547464377247e-02 0.000000000000000000e+00 3.872639547464377247e-02 9.992498517855992191e-01 -0.000000000000000000e+00 0.000000000000000000e+00 0.000000000000000000e+00 1.000000000000000000e+00
8.251029364639935748e-01 9.992402269805363835e-01 -3.897395006778713727e-02 0.000000000000000000e+00 3.897395006778713727e-02 9.992402269805363835e-01 -0.000000000000000000e+00 0.000000000000000000e+00 0.000000000000000000e+00 1.000000000000000000e+00
8.300069364639935943e-01 9.992317577264158146e-01 -3.919048801658239073e-02 0.000000000000000000e+00 3.919048801658239073e-02 9.992317577264158146e-01 -0.000000000000000000e+00 0.000000000000000000e+00 0.000000000000000000e+00 1.000000000000000000e+00
8.350069364639930436e-01 9.992232532702364223e-01 -3.940672688825223868e-02 0.000000000000000000e+00 3.940672688825223868e-02 9.992232532702364223e-01 -0.000000000000000000e+00 0.000000000000000000e+00 0.000000000000000000e+00 1.000000000000000000e+00
8.400069364639924929e-01 9.992130391844754600e-01 -3.966487518856141176e-02 0.000000000000000000e+00 3.966487518856141176e-02 9.992130391844754600e-01 -0.000000000000000000e+00 0.000000000000000000e+00 0.000000000000000000e+00 1.000000000000000000e+00
8.450069364639919423e-01 9.992023584625394639e-01 -3.993302947309531475e-02 0.000000000000000000e+00 3.993302947309531475e-02 9.992023584625394639e-01 -0.000000000000000000e+00 0.000000000000000000e+00 0.000000000000000000e+00 1.000000000000000000e+00
8.500069364639920577e-01 9.991909773288265573e-01 -4.021679779227312068e-02 0.000000000000000000e+00 4.021679779227312068e-02 9.991909773288265573e-01 -0.000000000000000000e+00 0.000000000000000000e+00 0.000000000000000000e+00 1.000000000000000000e+00
8.550425674005133203e-01 9.991710837299498937e-01 -4.070805126652141809e-02 0.000000000000000000e+00 4.070805126652141809e-02 9.991710837299498937e-01 -0.000000000000000000e+00 0.000000000000000000e+00 0.000000000000000000e+00 1.000000000000000000e+00
8.601337079863506929e-01 9.991615954320738346e-01 -4.094027617924757279e-02 0.000000000000000000e+00 4.094027617924757279e-02 9.991615954320738346e-01 -0.000000000000000000e+00 0.000000000000000000e+00 0.000000000000000000e+00 1.000000000000000000e+00
8.650844644717478049e-01 9.991505462716965269e-01 -4.120905100788787440e-02 0.000000000000000000e+00 4.120905100788787440e-02 9.991505462716965269e-01 -0.000000000000000000e+00 0.000000000000000000e+00 0.000000000000000000e+00 1.000000000000000000e+00
8.700844644717472542e-01 9.991401249730120782e-01 -4.146095354564468399e-02 0.000000000000000000e+00 4.146095354564468399e-02 9.991401249730120782e-01 -0.000000000000000000e+00 0.000000000000000000e+00 0.000000000000000000e+00 1.000000000000000000e+00
8.750764644717473617e-01 9.991304993050580396e-01 -4.169226976821675812e-02 0.000000000000000000e+00 4.169226976821675812e-02 9.991304993050580396e-01 -0.000000000000000000e+00 0.000000000000000000e+00 0.000000000000000000e+00 1.000000000000000000e+00
8.801686116717476471e-01 9.991190313374112009e-01 -4.196619138536977767e-02 0.000000000000000000e+00 4.196619138536977767e-02 9.991190313374112009e-01 -0.000000000000000000e+00 0.000000000000000000e+00 0.000000000000000000e+00 1.000000000000000000e+00
8.851611364717477670e-01 9.991100570891008337e-01 -4.217930562982503268e-02 0.000000000000000000e+00 4.217930562982503268e-02 9.991100570891008337e-01 -0.000000000000000000e+00 0.000000000000000000e+00 0.000000000000000000e+00 1.000000000000000000e+00
8.901371364717481915e-01 9.991023227741245849e-01 -4.236211311241613181e-02 0.000000000000000000e+00 4.236211311241613181e-02 9.991023227741245849e-01 -0.000000000000000000e+00 0.000000000000000000e+00 0.000000000000000000e+00 1.000000000000000000e+00
8.950411364717475449e-01 9.990913542984161122e-01 -4.262001602717954696e-02 0.000000000000000000e+00 4.262001602717954696e-02 9.990913542984161122e-01 -0.000000000000000000e+00 0.000000000000000000e+00 0.000000000000000000e+00 1.000000000000000000e+00
9.000411364717469942e-01 9.990799896523132606e-01 -4.288559520787758178e-02 0.000000000000000000e+00 4.288559520787758178e-02 9.990799896523132606e-01 -0.000000000000000000e+00 0.000000000000000000e+00 0.000000000000000000e+00 1.000000000000000000e+00
9.051131364717475147e-01 9.990696317032523588e-01 -4.312622181837864888e-02 0.000000000000000000e+00 4.312622181837864888e-02 9.990696317032523588e-01 -0.000000000000000000e+00 0.000000000000000000e+00 0.000000000000000000e+00 1.000000000000000000e+00
9.101131364717467420e-01 9.990594613877382679e-01 -4.336118784861305031e-02 0.000000000000000000e+00 4.336118784861305031e-02 9.990594613877382679e-01 -0.000000000000000000e+00 0.000000000000000000e+00 0.000000000000000000e+00 1.000000000000000000e+00
9.151131364717461913e-01 9.990477522692653434e-01 -4.363013506429742200e-02 0.000000000000000000e+00 4.363013506429742200e-02 9.990477522692653434e-01 -0.000000000000000000e+00 0.000000000000000000e+00 0.000000000000000000e+00 1.000000000000000000e+00
9.201131364717456407e-01 9.990359885951676233e-01 -4.389867300587273896e-02 0.000000000000000000e+00 4.389867300587273896e-02 9.990359885951676233e-01 -0.000000000000000000e+00 0.000000000000000000e+00 0.000000000000000000e+00 1.000000000000000000e+00
9.251131364717450900e-01 9.990241491467567458e-01 -4.416728904516573073e-02 0.000000000000000000e+00 4.416728904516573073e-02 9.990241491467567458e-01 -0.000000000000000000e+00 0.000000000000000000e+00 0.000000000000000000e+00 1.000000000000000000e+00
9.301131364717445393e-01 9.990120900329829690e-01 -4.443921655397863046e-02 0.000000000000000000e+00 4.443921655397863046e-02 9.990120900329829690e-01 -0.000000000000000000e+00 0.000000000000000000e+00 0.000000000000000000e+00 1.000000000000000000e+00
9.351131364717439887e-01 9.989998500446355401e-01 -4.471352827496487964e-02 0.000000000000000000e+00 4.471352827496487964e-02 9.989998500446355401e-01 -0.000000000000000000e+00 0.000000000000000000e+00 0.000000000000000000e+00 1.000000000000000000e+00
9.401131364717434380e-01 9.989875676124231330e-01 -4.498710655081693266e-02 0.000000000000000000e+00 4.498710655081693266e-02 9.989875676124231330e-01 -0.000000000000000000e+00 0.000000000000000000e+00 0.000000000000000000e+00 1.000000000000000000e+00
9.451131364717428873e-01 9.989751812343499182e-01 -4.526132209511712912e-02 0.000000000000000000e+00 4.526132209511712912e-02 9.989751812343499182e-01 -0.000000000000000000e+00 0.000000000000000000e+00 0.000000000000000000e+00 1.000000000000000000e+00
9.501131364717423367e-01 9.989626836072849070e-01 -4.553632352454225346e-02 0.000000000000000000e+00 4.553632352454225346e-02 9.989626836072849070e-01 -0.000000000000000000e+00 0.000000000000000000e+00 0.000000000000000000e+00 1.000000000000000000e+00
9.551131364717417860e-01 9.989500974293613611e-01 -4.581160165143630808e-02 0.000000000000000000e+00 4.581160165143630808e-02 9.989500974293613611e-01 -0.000000000000000000e+00 0.000000000000000000e+00 0.000000000000000000e+00 1.000000000000000000e+00
9.601131364717412353e-01 9.989373883871812687e-01 -4.608789518081785747e-02 0.000000000000000000e+00 4.608789518081785747e-02 9.989373883871812687e-01 -0.000000000000000000e+00 0.000000000000000000e+00 0.000000000000000000e+00 1.000000000000000000e+00
9.651131364717406846e-01 9.989248220648111465e-01 -4.635946357310286731e-02 0.000000000000000000e+00 4.635946357310286731e-02 9.989248220648111465e-01 -0.000000000000000000e+00 0.000000000000000000e+00 0.000000000000000000e+00 1.000000000000000000e+00
9.701131364717401340e-01 9.989122540886773427e-01 -4.662948242772917140e-02 0.000000000000000000e+00 4.662948242772917140e-02 9.989122540886773427e-01 -0.000000000000000000e+00 0.000000000000000000e+00 0.000000000000000000e+00 1.000000000000000000e+00
9.751131364717395833e-01 9.988997104291098550e-01 -4.689742535193944240e-02 0.000000000000000000e+00 4.689742535193944240e-02 9.988997104291098550e-01 -0.000000000000000000e+00 0.000000000000000000e+00 0.000000000000000000e+00 1.000000000000000000e+00
9.801211364717395957e-01 9.988870733308313765e-01 -4.716582165685705846e-02 0.000000000000000000e+00 4.716582165685705846e-02 9.988870733308313765e-01 -0.000000000000000000e+00 0.000000000000000000e+00 0.000000000000000000e+00 1.000000000000000000e+00
9.851819364717393501e-01 9.988741385875496981e-01 -4.743896353189894916e-02 0.000000000000000000e+00 4.743896353189894916e-02 9.988741385875496981e-01 -0.000000000000000000e+00 0.000000000000000000e+00 0.000000000000000000e+00 1.000000000000000000e+00
9.901819364717387995e-01 9.988613192903436078e-01 -4.770812116982332818e-02 0.000000000000000000e+00 4.770812116982332818e-02 9.988613192903436078e-01 -0.000000000000000000e+00 0.000000000000000000e+00 0.000000000000000000e+00 1.000000000000000000e+00
9.951819364717382488e-01 9.988483819559722532e-01 -4.797822280927487720e-02 0.000000000000000000e+00 4.797822280927487720e-02 9.988483819559722532e-01 -0.000000000000000000e+00 0.000000000000000000e+00 0.000000000000000000e+00 1.000000000000000000e+00
1.000000000000000000e+00 9.988359806623767767e-01 -4.823571015573711179e-02 0.000000000000000000e+00 4.823571015573711179e-02 9.988359806623767767e-01 -0.000000000000000000e+00 0.000000000000000000e+00 0.000000000000000000e+00 1.000000000000000000e+00
