time error_arcsec
0.000000000000000000e+00 0.000000000000000000e+00
5.000000000000000104e-03 -2.842698964776600334e+01
1.000000000000000021e-02 -2.981581457505801680e+01
1.499999999999999944e-02 -2.962674893214565941e+01
2.000000000000000042e-02 -2.937084878076203864e+01
2.500000000000000139e-02 -2.913849311461198610e+01
2.999999999999999889e-02 -2.887391722500783686e+01
3.500000000000000333e-02 -2.853614002104499647e+01
4.000000000000000083e-02 -2.812882583410649318e+01
4.499999999999999833e-02 -2.770564879542946102e+01
5.000000000000000278e-02 -2.723864584630643293e+01
5.500000000000000028e-02 -2.682096167411049947e+01
5.999999999999999778e-02 -2.639475087063931014e+01
6.500000000000000222e-02 -2.591289805125350654e+01
7.000000000000000666e-02 -2.534438098710418785e+01
7.499999999999999722e-02 -2.466645363943112912e+01
8.000000000000000167e-02 -2.396723619769593228e+01
8.500000000000000611e-02 -2.309319893679534985e+01
8.999999999999999667e-02 -2.240309557910266491e+01
9.500000000000000111e-02 -2.182040289708786318e+01
1.000000000000000056e-01 -2.115182454267459278e+01
1.049999999999999961e-01 -2.038594616111767266e+01
1.100000000000000006e-01 -1.951514651094238673e+01
1.150000000000000050e-01 -1.833941096212835475e+01
1.199999999999999956e-01 -1.681669739928884155e+01
1.250000000000000000e-01 -1.509405351092336822e+01
1.300000000000000044e-01 -1.239814652583498855e+01
1.350000000000000089e-01 -3.289200675731713375e+00
1.400000000000000133e-01 1.311480793165675962e+01
1.449999999999999900e-01 1.244478990985055589e+01
1.499999999999999944e-01 3.563824682872845528e+01
1.549999999999999989e-01 3.228015885560083120e+01
1.600000000000000033e-01 3.016802382522654113e+01
1.650000000000000078e-01 2.956264490182272198e+01
1.700000000000000122e-01 2.592384595893282651e+01
1.750000000000000167e-01 2.158782249677904375e+01
1.799999999999999933e-01 1.948079790777270759e+01
1.849999999999999978e-01 1.858064888040487972e+01
1.900000000000000022e-01 2.031881589715129266e+01
1.950000000000000067e-01 2.320859852080071661e+01
2.000000000000000111e-01 2.781554997759678116e+01
2.050000000000000155e-01 2.649454384160820197e+01
2.099999999999999922e-01 2.431984039574571810e+01
2.149999999999999967e-01 2.384768045366208966e+01
2.200000000000000011e-01 2.194439611077984509e+01
2.250000000000000056e-01 2.019064318797658686e+01
2.300000000000000100e-01 1.863537468996385016e+01
2.350000000000000144e-01 1.710416348378227269e+01
2.399999999999999911e-01 1.572012102286306146e+01
2.449999999999999956e-01 1.437496002417619678e+01
2.500000000000000000e-01 1.343119195230679352e+01
2.550000000000000044e-01 1.427031491879282576e+01
2.600000000000000089e-01 1.948490569040912845e+01
2.650000000000000133e-01 2.933097766002277496e+01
2.700000000000000178e-01 2.455684730685580774e+01
2.750000000000000222e-01 3.051356089669936722e+01
2.800000000000000266e-01 3.255449761969901346e+01
2.850000000000000311e-01 3.795300341857880966e+01
2.899999999999999800e-01 3.631186617046445519e+01
2.949999999999999845e-01 3.584555835670163759e+01
2.999999999999999889e-01 3.444504885320075971e+01
3.049999999999999933e-01 3.209013448636995491e+01
3.099999999999999978e-01 2.961378264626855028e+01
3.150000000000000022e-01 3.017169990485686171e+01
3.200000000000000067e-01 2.916397872728943241e+01
3.250000000000000111e-01 2.813937430089148606e+01
3.300000000000000155e-01 2.709794688344552682e+01
3.350000000000000200e-01 2.607008955290956820e+01
3.400000000000000244e-01 2.530575471814581690e+01
3.450000000000000289e-01 2.481937568293685104e+01
3.500000000000000333e-01 2.475023717927656008e+01
3.549999999999999822e-01 2.443295315956481772e+01
3.599999999999999867e-01 2.362640243876672486e+01
3.649999999999999911e-01 2.233352670804589124e+01
3.699999999999999956e-01 2.109886863578696037e+01
3.750000000000000000e-01 2.162603570053822821e+01
3.800000000000000044e-01 3.179852255283424611e+01
3.850000000000000089e-01 4.559894345450118891e+01
3.900000000000000133e-01 4.614581396919095369e+01
3.950000000000000178e-01 4.533183262627728283e+01
4.000000000000000222e-01 4.284963673395594697e+01
4.050000000000000266e-01 3.984539141796996375e+01
4.100000000000000311e-01 3.662442167608943322e+01
4.150000000000000355e-01 3.304968747076291180e+01
4.199999999999999845e-01 3.665888998347421790e+01
4.249999999999999889e-01 3.538874911066865536e+01
4.299999999999999933e-01 3.511507390510868021e+01
4.349999999999999978e-01 3.497438833968980987e+01
4.400000000000000022e-01 3.442880776641705154e+01
4.450000000000000067e-01 3.334045417150029067e+01
4.500000000000000111e-01 3.225076855048197899e+01
4.550000000000000155e-01 3.100623182817972179e+01
4.600000000000000200e-01 2.993412927703299431e+01
4.650000000000000244e-01 2.903528698716394985e+01
4.700000000000000289e-01 2.820804069629136990e+01
4.750000000000000333e-01 2.722126181018187197e+01
4.799999999999999822e-01 2.607415147872311678e+01
4.849999999999999867e-01 2.445288894522163048e+01
4.899999999999999911e-01 2.992165820966558343e+01
4.949999999999999956e-01 3.721660612031481463e+01
5.000000000000000000e-01 3.568710341684104748e+01
5.050000000000000044e-01 3.382048825370580403e+01
5.100000000000000089e-01 4.297929059875442448e+01
5.150000000000000133e-01 4.690440438007419033e+01
5.200000000000000178e-01 4.652489857670375528e+01
5.250000000000000222e-01 4.404834210587535637e+01
5.300000000000000266e-01 4.091190235120675567e+01
5.350000000000000311e-01 3.794104787544750934e+01
5.400000000000000355e-01 3.522815333008948357e+01
5.450000000000000400e-01 3.492779013383853481e+01
5.500000000000000444e-01 3.318505336584538412e+01
5.550000000000000488e-01 3.230938156828507601e+01
5.600000000000000533e-01 3.095232934870006147e+01
5.650000000000000577e-01 2.935684015967547111e+01
5.700000000000000622e-01 2.809785140643093726e+01
5.750000000000000666e-01 2.738340296277616304e+01
5.799999999999999600e-01 2.680977777133207240e+01
5.849999999999999645e-01 2.649690234401466071e+01
5.899999999999999689e-01 2.564669273084760448e+01
5.949999999999999734e-01 2.431712207880062593e+01
5.999999999999999778e-01 2.321277812284770903e+01
6.049999999999999822e-01 2.199313618493108891e+01
6.099999999999999867e-01 2.676021187546269786e+01
6.149999999999999911e-01 3.016883011471564302e+01
6.199999999999999956e-01 4.679684810561170849e+01
6.250000000000000000e-01 4.434146797346788560e+01
6.300000000000000044e-01 4.112946069004736671e+01
6.350000000000000089e-01 3.795245208225696842e+01
6.400000000000000133e-01 3.500139029758644682e+01
6.450000000000000178e-01 3.349115691339508771e+01
6.500000000000000222e-01 3.363809753693997351e+01
6.550000000000000266e-01 3.332495496283161884e+01
6.600000000000000311e-01 3.152805357697895161e+01
6.650000000000000355e-01 3.328722347545438964e+01
6.700000000000000400e-01 3.191783168370941937e+01
6.750000000000000444e-01 3.087426464573705331e+01
6.800000000000000488e-01 2.926027549753091250e+01
6.850000000000000533e-01 2.799203442871376524e+01
6.900000000000000577e-01 2.692904641320139802e+01
6.950000000000000622e-01 2.510079390220008833e+01
7.000000000000000666e-01 2.265988091138406446e+01
7.049999999999999600e-01 2.085614776570011841e+01
7.099999999999999645e-01 1.952622729321688766e+01
7.149999999999999689e-01 1.896209423978300990e+01
7.199999999999999734e-01 1.915081384045674895e+01
7.249999999999999778e-01 2.262546582804585071e+01
7.299999999999999822e-01 3.000726839919578737e+01
7.349999999999999867e-01 2.637379862377571271e+01
7.399999999999999911e-01 2.422283416027448411e+01
7.449999999999999956e-01 3.654418686126627591e+01
7.500000000000000000e-01 3.622662947518684717e+01
7.550000000000000044e-01 3.635583590654184150e+01
7.600000000000000089e-01 3.352675008426243153e+01
7.650000000000000133e-01 3.087049920948506454e+01
7.700000000000000178e-01 2.824740884733803625e+01
7.750000000000000222e-01 2.659415122368128692e+01
7.800000000000000266e-01 2.697743758850266360e+01
7.850000000000000311e-01 2.806685785468816974e+01
7.900000000000000355e-01 2.537553130287295033e+01
7.950000000000000400e-01 2.326149942417342942e+01
8.000000000000000444e-01 2.095200964801421151e+01
8.050000000000000488e-01 1.892015512301106028e+01
8.100000000000000533e-01 1.722945989471536521e+01
8.150000000000000577e-01 1.576136040720493448e+01
8.200000000000000622e-01 1.341429425855920421e+01
8.250000000000000666e-01 9.169555977206252706e+00
8.300000000000000711e-01 -5.279567536738952738e-01
8.349999999999999645e-01 -1.127432253324979605e+01
8.399999999999999689e-01 -1.338236752918606598e+01
8.449999999999999734e-01 -1.341520040111537959e+01
8.499999999999999778e-01 -1.022581322615905641e+01
8.549999999999999822e-01 3.502493574799373732e+01
8.599999999999999867e-01 2.717833012745111532e+01
8.649999999999999911e-01 2.759172928649713086e+01
8.699999999999999956e-01 2.427834026727008165e+01
8.750000000000000000e-01 1.679443251300051543e+01
8.800000000000000044e-01 1.681867770250983440e+01
8.850000000000000089e-01 5.883448181704846291e+00
8.900000000000000133e-01 -1.138077150949599314e+01
8.950000000000000178e-01 -1.292752486005987578e+01
9.000000000000000222e-01 -1.348683802710497126e+01
9.050000000000000266e-01 -1.984972833738111930e+01
9.100000000000000311e-01 -2.671326670284715377e+01
9.150000000000000355e-01 -2.672974654979821807e+01
9.200000000000000400e-01 -2.666941691354009336e+01
9.250000000000000444e-01 -2.659458479193856917e+01
9.300000000000000488e-01 -2.585048425113820159e+01
9.350000000000000533e-01 -2.460910113568973046e+01
9.400000000000000577e-01 -2.350389416902179818e+01
9.450000000000000622e-01 -2.227281363135693582e+01
9.500000000000000666e-01 -2.087945472179287520e+01
9.550000000000000711e-01 -1.942587159539040442e+01
9.599999999999999645e-01 -1.776535708260049518e+01
9.649999999999999689e-01 -1.705297229027944539e+01
9.699999999999999734e-01 -1.667467974082994431e+01
9.749999999999999778e-01 -1.672188703119172359e+01
9.799999999999999822e-01 -1.677312492191999382e+01
9.849999999999999867e-01 -1.644215141668508195e+01
9.899999999999999911e-01 -1.624083254705956492e+01
9.949999999999999956e-01 -1.585623303259787065e+01
1.000000000000000000e+00 -1.603915749247769185e+01
