time torque_Nm angle_arcmin
0.000000000000000000e+00 0.000000000000000000e+00 0.000000000000000000e+00
1.015987421542941411e-04 3.251159748937412530e+01 6.143986155114551651e-02
2.011673928274935227e-04 6.437356570479792595e+01 1.325369407177484360e-01
3.023099783832204775e-04 9.673919308263054972e+01 1.654961162936680052e-01
4.035478187934167797e-04 1.291353020138933516e+02 1.768877083644910531e-01
5.016956658061684721e-04 1.605426130579739095e+02 1.871475328435666663e-01
6.006520312590127612e-04 1.922086500028840703e+02 2.379669233805337125e-01
7.012017853206590177e-04 2.243845713026108797e+02 3.270429753040057785e-01
8.027575687511761182e-04 2.568824220003763230e+02 3.713104783985528012e-01
9.005360381575245156e-04 2.881715322104078041e+02 3.998790597784512846e-01
1.002798008112262221e-03 3.208953625959238707e+02 4.389335609890608336e-01
1.105365237678804886e-03 3.537168760572175756e+02 4.861893523610084089e-01
1.202771284253560408e-03 3.848868109611393038e+02 5.356712297151413615e-01
1.303887052719091564e-03 4.172438568701093118e+02 5.869192923652066796e-01
1.400724846364928772e-03 4.482319508367772301e+02 6.312369273511251322e-01
1.501529489389028795e-03 4.804894366044892422e+02 6.691858843247330269e-01
1.605022256227103556e-03 5.136071219926731146e+02 7.018672502990666029e-01
1.708246210683781038e-03 5.466387874188098976e+02 7.309919156675905860e-01
1.807923456414094795e-03 5.785355060525102999e+02 7.591935928212452112e-01
1.907923456414095057e-03 6.105355060525104136e+02 7.884354040959760113e-01
2.007923456414095319e-03 6.425355060525104136e+02 8.191310492474525029e-01
2.107923456414095582e-03 6.745355060525105273e+02 8.513460343665030239e-01
2.207923456414095844e-03 7.065355060525107547e+02 8.848807572228692964e-01
2.307923456414096106e-03 7.385355060525107547e+02 9.193487375361031333e-01
2.407923456414096369e-03 7.705355060525108684e+02 9.544382394683192938e-01
2.507923456414096631e-03 8.025355060525109820e+02 9.895445662431605616e-01
2.607923456414096893e-03 8.345355060525109820e+02 1.023641228475386855e+00
2.707923456414097155e-03 8.665355060525109820e+02 1.056264954698836522e+00
2.807923456414097418e-03 8.985355060525112094e+02 1.087678942995853992e+00
2.907923456414097680e-03 9.305355060525112094e+02 1.118305862066201417e+00
3.007923456414097942e-03 9.625355060525113231e+02 1.148804303870280652e+00
3.107923456414098205e-03 9.945355060525114368e+02 1.179527250507029112e+00
3.207923456414098467e-03 1.026535506052511437e+03 1.210420086772518111e+00
3.307923456414098729e-03 1.058535506052511437e+03 1.241828873044221959e+00
3.407923456414098991e-03 1.090535506052511664e+03 1.273660139981924955e+00
3.507923456414099254e-03 1.122535506052511664e+03 1.306287400844305724e+00
3.607923456414099516e-03 1.154535506052511892e+03 1.339639958972608902e+00
3.707923456414099778e-03 1.186535506052511892e+03 1.373108722381662261e+00
3.807923456414100041e-03 1.218535506052512119e+03 1.406313936154511168e+00
3.907923456414099869e-03 1.250535506052511892e+03 1.438946533567292629e+00
4.005923456414098999e-03 1.281895506052511564e+03 1.470034117996704026e+00
4.105123456414101410e-03 1.313639506052512388e+03 1.500497785087143487e+00
4.207923456414103258e-03 1.346535506052513028e+03 1.531486931874776136e+00
4.308723456414105708e-03 1.378791506052513796e+03 1.561323349223466161e+00
4.406723456414104838e-03 1.410151506052513696e+03 1.590998078023189821e+00
4.506723456414100763e-03 1.442151506052512104e+03 1.624378051626496067e+00
4.606723456414096689e-03 1.474151506052510967e+03 1.658024017601282374e+00
4.706723456414092614e-03 1.506151506052509603e+03 1.691344771688868764e+00
4.806723456414088540e-03 1.538151506052508466e+03 1.724985352283726625e+00
4.906723456414084465e-03 1.570151506052507102e+03 1.760800259156498182e+00
5.006723456414080391e-03 1.602151506052505738e+03 1.796126122245072620e+00
5.106723456414076316e-03 1.634151506052504374e+03 1.830551330868878113e+00
5.206723456414072242e-03 1.666151506052503009e+03 1.863825017521206107e+00
5.306723456414068167e-03 1.698151506052501645e+03 1.895818925303150548e+00
5.406723456414064093e-03 1.730151506052500508e+03 1.926573884204307419e+00
5.506723456414060018e-03 1.762151506052499144e+03 1.956273787600098624e+00
5.606723456414055944e-03 1.794151506052497780e+03 1.985262549048376624e+00
5.706723456414051869e-03 1.826151506052496416e+03 2.013960888490305745e+00
5.806723456414047795e-03 1.858151506052495279e+03 2.042637420338172749e+00
5.906723456414043720e-03 1.890151506052493914e+03 2.071463725591163207e+00
6.006723456414039646e-03 1.922151506052492550e+03 2.100557688659915989e+00
6.106723456414035571e-03 1.954151506052491186e+03 2.129950430999258071e+00
6.206723456414031496e-03 1.986151506052490049e+03 2.159548971014739749e+00
6.306723456414027422e-03 2.018151506052488685e+03 2.189150412894558251e+00
6.406723456414023347e-03 2.050151506052487548e+03 2.218557490353637363e+00
6.506723456414019273e-03 2.082151506052486184e+03 2.247578117106177498e+00
6.606723456414015198e-03 2.114151506052484820e+03 2.276088847895150646e+00
6.706723456414011124e-03 2.146151506052483455e+03 2.304035806794778374e+00
6.806723456414007049e-03 2.178151506052482091e+03 2.331479025136070860e+00
6.906723456414002975e-03 2.210151506052480727e+03 2.358540397093841445e+00
7.006723456413998900e-03 2.242151506052479817e+03 2.385441016250620549e+00
7.102723456413996030e-03 2.272871506052478708e+03 2.411392759206201664e+00
7.205123456413998519e-03 2.305639506052479646e+03 2.439458009552149864e+00
7.301123456414000852e-03 2.336359506052480356e+03 2.466262483291126184e+00
7.406723456414003419e-03 2.370151506052480727e+03 2.496286970986846931e+00
7.502723456414005752e-03 2.400871506052481891e+03 2.523945107434828472e+00
7.608323456414008319e-03 2.434663506052482717e+03 2.554520308365684667e+00
7.707923456414004885e-03 2.466535506052481196e+03 2.583227050426945226e+00
7.807923456414000811e-03 2.498535506052480287e+03 2.611717774934554814e+00
7.907923456413997604e-03 2.530535506052479377e+03 2.639703484657716093e+00
8.007923456413993529e-03 2.562535506052478013e+03 2.667103271177502677e+00
8.107923456413989455e-03 2.594535506052476649e+03 2.693970506210296989e+00
8.207923456413985380e-03 2.626535506052475284e+03 2.720481242717786685e+00
8.307923456413981306e-03 2.658535506052473920e+03 2.746893608894148464e+00
8.407923456413977231e-03 2.690535506052472556e+03 2.773488539213867288e+00
8.507923456413973157e-03 2.722535506052471192e+03 2.800501475451055544e+00
8.607923456413969082e-03 2.754535506052469827e+03 2.828069961813576505e+00
8.707923456413965008e-03 2.786535506052468918e+03 2.856185179929995765e+00
8.807923456413960933e-03 2.818535506052467554e+03 2.884687881699614653e+00
8.907923456413956859e-03 2.850535506052466189e+03 2.913330228065921901e+00
9.007923456413952784e-03 2.882535506052464825e+03 2.941815355885418537e+00
9.107923456413948710e-03 2.914535506052463461e+03 2.969883257362079476e+00
9.207923456413944635e-03 2.946535506052462097e+03 2.997350756054811605e+00
9.307923456413940561e-03 2.978535506052460732e+03 3.024147724990303043e+00
9.407923456413936486e-03 3.010535506052459368e+03 3.050335207104746704e+00
9.507923456413932412e-03 3.042535506052458459e+03 3.076089730307711712e+00
9.607923456413928337e-03 3.074535506052457094e+03 3.101673888651752087e+00
9.707923456413924262e-03 3.106535506052455730e+03 3.127386733944346631e+00
9.807923456413920188e-03 3.138535506052454366e+03 3.153492730544290357e+00
9.907923456413916113e-03 3.170535506052453002e+03 3.180152971360815428e+00
1.000792345641391204e-02 3.197464493947548362e+03 3.207367153012194105e+00
1.010792345641390796e-02 3.165464493947549727e+03 3.229371932991585759e+00
1.020792345641390389e-02 3.133464493947551091e+03 3.239877437564126161e+00
1.030792345641389982e-02 3.101464493947552000e+03 3.240464930902162699e+00
1.040792345641389574e-02 3.069464493947553365e+03 3.233260688232431068e+00
1.050792345641389167e-02 3.037464493947554729e+03 3.219966593013348977e+00
1.060792345641388759e-02 3.005464493947556093e+03 3.201843300474277676e+00
1.070792345641388352e-02 2.973464493947557457e+03 3.180034872581193550e+00
1.080792345641387944e-02 2.941464493947558822e+03 3.155400730843934021e+00
1.090792345641387537e-02 2.909464493947560186e+03 3.128596736055890837e+00
1.100792345641387129e-02 2.877464493947561550e+03 3.100276129821066373e+00
1.110792345641386722e-02 2.845464493947562460e+03 3.071155113606427900e+00
1.120792345641386314e-02 2.813464493947563824e+03 3.041945444870651105e+00
1.130792345641385907e-02 2.781464493947565188e+03 3.013116792107328301e+00
1.140792345641385500e-02 2.749464493947566098e+03 2.984744018757035988e+00
1.150792345641385092e-02 2.717464493947567462e+03 2.956844586531230057e+00
1.160792345641384685e-02 2.685464493947569281e+03 2.929216683081031558e+00
1.170792345641384277e-02 2.653464493947570645e+03 2.901531839653367584e+00
1.180792345641383870e-02 2.621464493947572009e+03 2.873503093642116202e+00
1.190792345641383462e-02 2.589464493947572919e+03 2.844985171147321967e+00
1.200792345641383055e-02 2.557464493947574283e+03 2.816135787051689210e+00
1.210792345641382647e-02 2.525464493947575647e+03 2.787129526626641596e+00
1.220792345641382240e-02 2.493464493947576557e+03 2.758145491370874947e+00
1.230792345641381832e-02 2.461464493947577921e+03 2.729385318567011165e+00
1.240792345641381425e-02 2.429464493947579285e+03 2.701061722470152748e+00
1.250792345641381018e-02 2.397464493947581104e+03 2.673330598266639324e+00
1.260792345641380610e-02 2.365464493947582469e+03 2.646262184451767752e+00
1.270792345641380203e-02 2.333464493947583833e+03 2.619791055435988447e+00
1.280792345641379795e-02 2.301464493947584742e+03 2.593709629975650355e+00
1.290792345641379388e-02 2.269464493947586107e+03 2.567737650720630427e+00
1.300792345641378980e-02 2.237464493947587016e+03 2.541557887510476732e+00
1.310792345641378573e-02 2.205464493947588380e+03 2.514898251028759191e+00
1.320792345641378165e-02 2.173464493947589744e+03 2.487616886102101077e+00
1.330792345641377758e-02 2.141464493947591109e+03 2.459719419239805305e+00
1.340792345641377351e-02 2.109464493947592928e+03 2.431334539111154491e+00
1.350792345641376943e-02 2.077464493947594292e+03 2.402705181478689500e+00
1.360792345641376536e-02 2.045464493947595201e+03 2.374102220787565276e+00
1.370792345641376128e-02 2.013464493947596566e+03 2.345823492665362053e+00
1.380792345641375721e-02 1.981464493947597475e+03 2.318094928608413152e+00
1.390792345641375313e-02 1.949464493947598839e+03 2.290997983923316550e+00
1.400792345641374906e-02 1.917464493947600431e+03 2.264468780722592722e+00
1.410792345641374498e-02 1.885464493947601795e+03 2.238302307063973817e+00
1.420792345641374091e-02 1.853464493947603160e+03 2.212228747078194058e+00
1.430792345641373683e-02 1.821464493947604524e+03 2.185949240348703082e+00
1.440792345641373276e-02 1.789464493947605661e+03 2.159195897140794962e+00
1.450792345641372869e-02 1.757464493947607025e+03 2.131750959520555710e+00
1.460792345641372461e-02 1.725464493947607934e+03 2.103531248774098472e+00
1.470792345641372054e-02 1.693464493947609299e+03 2.074657958127736013e+00
1.480792345641371646e-02 1.661464493947610663e+03 2.045308442669301563e+00
1.490792345641371239e-02 1.629464493947612254e+03 2.015769354385828827e+00
1.500792345641370831e-02 1.597464493947613619e+03 1.986382766403218314e+00
1.510792345641370424e-02 1.565464493947614528e+03 1.957379405551030738e+00
1.520792345641370016e-02 1.533464493947615892e+03 1.928904096971649995e+00
1.530792345641369609e-02 1.501464493947617484e+03 1.900968089872498101e+00
1.540792345641369201e-02 1.469464493947618848e+03 1.873430368895530718e+00
1.550792345641368794e-02 1.437464493947619758e+03 1.846013077707965300e+00
1.560792345641368387e-02 1.405464493947621122e+03 1.818343018524153809e+00
1.570792345641367979e-02 1.373464493947622486e+03 1.790114059246658673e+00
1.580792345641367572e-02 1.341464493947624078e+03 1.761086147908647703e+00
1.590792345641367164e-02 1.309464493947624987e+03 1.729830356192326501e+00
1.600792345641366757e-02 1.277464493947626352e+03 1.696392587174132327e+00
1.610792345641366349e-02 1.245464493947627716e+03 1.662564243698917199e+00
1.620792345641365942e-02 1.213464493947629308e+03 1.628878626907320326e+00
1.630792345641365534e-02 1.181464493947630217e+03 1.595993694834815679e+00
1.640792345641365127e-02 1.149464493947631581e+03 1.564008075074905246e+00
1.650792345641364720e-02 1.117464493947632945e+03 1.531284378580414884e+00
1.660792345641364312e-02 1.085464493947634310e+03 1.498441925868923885e+00
1.670792345641363905e-02 1.053464493947635447e+03 1.466516594775870930e+00
1.680792345641363497e-02 1.021464493947636811e+03 1.435067254925725955e+00
1.690792345641363090e-02 9.894644939476382888e+02 1.403872454280429061e+00
1.700792345641362682e-02 9.574644939476396530e+02 1.372707579119766264e+00
1.710792345641362275e-02 9.254644939476406762e+02 1.341208387013842263e+00
1.720792345641361867e-02 8.934644939476420404e+02 1.309151558101155022e+00
1.730792345641361460e-02 8.614644939476434047e+02 1.276347861464758759e+00
1.740792345641361052e-02 8.294644939476448826e+02 1.243028623324557991e+00
1.750792345641360645e-02 7.974644939476459058e+02 1.209813248018274168e+00
1.760792345641360238e-02 7.654644939476472700e+02 1.177013398504530128e+00
1.770792345641359830e-02 7.334644939476486343e+02 1.144921117404579025e+00
1.780792345641359423e-02 7.014644939476501122e+02 1.113480147647024410e+00
1.790792345641359015e-02 6.694644939476511354e+02 1.082155449860460639e+00
1.800792345641358608e-02 6.374644939476524996e+02 1.050734552781773523e+00
1.810792345641358200e-02 6.054644939476538639e+02 1.018997956228250956e+00
1.820792345641357793e-02 5.734644939476552281e+02 9.865698922124038761e-01
1.830792345641357385e-02 5.414644939476563650e+02 9.530590068152938743e-01
1.840792345641356978e-02 5.094644939476577292e+02 9.185777371734813457e-01
1.850792345641356570e-02 4.774644939476590935e+02 8.834397968625351538e-01
1.860792345641356163e-02 4.454644939476605146e+02 8.474559958833486339e-01
1.870792345641355756e-02 4.134644939476615377e+02 8.106583354493298588e-01
1.880792345641355348e-02 3.814644939476629588e+02 7.729249037939832645e-01
1.890792345641354941e-02 3.494644939476643231e+02 7.342567223347251648e-01
1.900792345641354533e-02 3.174644939476656873e+02 6.950761299832873830e-01
1.910792345641354126e-02 2.854644939476667673e+02 6.552800859943793688e-01
1.920792345641353718e-02 2.534644939476681316e+02 6.151628360893974801e-01
1.930792345641353311e-02 2.214644939476695527e+02 5.750015929997568387e-01
1.940792345641352903e-02 1.894644939476709169e+02 5.342646018518413253e-01
1.950792345641352496e-02 1.574644939476719685e+02 4.923155186351570456e-01
1.960792345641352089e-02 1.254644939476733612e+02 4.474884208003024333e-01
1.970792345641351681e-02 9.346449394767475383e+01 3.973168272703087034e-01
1.980792345641351274e-02 6.146449394767614649e+01 3.400573309579418835e-01
1.990792345641350866e-02 2.946449394767718388e+01 2.750126623509673851e-01
2.000456345641350719e-02 -1.460306052322168924e+00 2.030834923985028739e-01
2.010266265641349331e-02 -3.285205005231772901e+01 1.174894413460198933e-01
2.020085655593349336e-02 -6.427409789871774137e+01 2.047796828940416473e-03
2.030370861021719986e-02 -9.718675526950381993e+01 -1.920115893420311359e-01
2.040062788367360408e-02 -1.282009227755531811e+02 -4.512499125807188927e-01
2.050057543134453306e-02 -1.601841380302504376e+02 -7.371571012358797415e-01
2.060233435893641871e-02 -1.927469948596538529e+02 -8.790956910843799044e-01
2.070243815101091567e-02 -2.247802083234928716e+02 -9.944952439315186687e-01
2.080208063528780557e-02 -2.566658032920976211e+02 -1.082332192375287772e+00
2.090055865763646922e-02 -2.881787704436700324e+02 -1.145864371447452568e+00
2.100581846544171891e-02 -3.218619089413498955e+02 -1.203548744685238425e+00
2.110229780686721443e-02 -3.527352981975084845e+02 -1.253286713600298974e+00
2.120131607833022902e-02 -3.844211450656731586e+02 -1.301508084528711251e+00
2.130701681900546221e-02 -4.182453820817477776e+02 -1.350772819269029812e+00
2.140301681900546107e-02 -4.489653820817474070e+02 -1.393652668991826493e+00
2.150059497749506887e-02 -4.801903927984218399e+02 -1.431898583621521448e+00
2.160125183104407917e-02 -5.124005859341051519e+02 -1.467720792840415900e+00
2.170322603696215116e-02 -5.450323318278882425e+02 -1.502437904920411516e+00
2.180341903404325529e-02 -5.770940908938415532e+02 -1.534476954602290943e+00
2.190345172232903079e-02 -6.091045511452897472e+02 -1.565503412938422656e+00
2.200040648174443267e-02 -6.401300741582183491e+02 -1.595274469884299773e+00
2.210290151312644183e-02 -6.729284842004612983e+02 -1.626986004530952101e+00
2.220262640852516470e-02 -7.048404507280525877e+02 -1.658126520787414515e+00
2.230235130392387369e-02 -7.367524172556394433e+02 -1.689446803700335842e+00
2.240224126208335484e-02 -7.687172038666734579e+02 -1.720897505732150501e+00
2.250224126208335076e-02 -8.007172038666719800e+02 -1.752366664880415037e+00
2.260224126208334669e-02 -8.327172038666708431e+02 -1.783895199961387235e+00
2.270224126208334262e-02 -8.647172038666693652e+02 -1.815480172935342695e+00
2.280224126208333854e-02 -8.967172038666682283e+02 -1.846929080271390466e+00
2.290224126208333447e-02 -9.287172038666667504e+02 -1.877891046961154498e+00
2.300224126208333039e-02 -9.607172038666656135e+02 -1.908178395890700374e+00
2.310224126208332632e-02 -9.927172038666642493e+02 -1.937775509549746866e+00
2.320224126208332224e-02 -1.024717203866662885e+03 -1.966786869369203883e+00
2.330224126208331817e-02 -1.056717203866661521e+03 -1.995349254792149862e+00
2.340224126208331409e-02 -1.088717203866660384e+03 -2.023627764445303345e+00
2.350224126208331002e-02 -1.120717203866659020e+03 -2.051816566453229296e+00
2.360224126208330594e-02 -1.152717203866657655e+03 -2.080104510472161827e+00
2.370224126208330187e-02 -1.184717203866656291e+03 -2.108648031905731024e+00
2.380224126208329780e-02 -1.216717203866655154e+03 -2.137540429918244556e+00
2.390224126208329372e-02 -1.248717203866653790e+03 -2.166754941612355267e+00
2.400224126208328965e-02 -1.280717203866652653e+03 -2.196189620982096802e+00
2.410224126208328557e-02 -1.312717203866651062e+03 -2.225679589997385577e+00
2.420224126208328150e-02 -1.344717203866649925e+03 -2.255057096969078856e+00
2.430224126208327742e-02 -1.376717203866648561e+03 -2.284186794516824381e+00
2.440224126208327335e-02 -1.408717203866647424e+03 -2.312957570018046471e+00
2.450224126208326927e-02 -1.440717203866645832e+03 -2.341321333388894921e+00
2.460224126208326520e-02 -1.472717203866644695e+03 -2.369317310083314698e+00
2.470224126208326113e-02 -1.504717203866643331e+03 -2.397065818470001108e+00
2.480224126208325705e-02 -1.536717203866642194e+03 -2.424739017831515131e+00
2.490224126208325298e-02 -1.568717203866640830e+03 -2.452516845043062332e+00
2.500224126208324890e-02 -1.600717203866639238e+03 -2.480549994770810063e+00
2.510224126208324483e-02 -1.632717203866638329e+03 -2.508940134906981978e+00
2.520224126208324075e-02 -1.664717203866636964e+03 -2.537694820779197169e+00
2.530224126208323668e-02 -1.696717203866635600e+03 -2.566642783606176703e+00
2.540224126208323954e-02 -1.728717203866636510e+03 -2.595569136077281236e+00
2.550784126208323691e-02 -1.762509203866635517e+03 -2.625868317679919794e+00
2.560624126208322845e-02 -1.793997203866633072e+03 -2.653720562176150821e+00
2.570624126208322438e-02 -1.825997203866631480e+03 -2.681556430076638797e+00
2.580624126208322031e-02 -1.857997203866630116e+03 -2.708907188642669883e+00
2.590624126208321623e-02 -1.889997203866629206e+03 -2.735841579626444364e+00
2.600624126208321216e-02 -1.921997203866627842e+03 -2.762499140465044967e+00
2.610624126208320808e-02 -1.953997203866626478e+03 -2.789064380749775029e+00
2.620624126208320401e-02 -1.985997203866624886e+03 -2.815734334534460093e+00
2.630624126208319993e-02 -2.017997203866623977e+03 -2.842662781157138330e+00
2.640624126208319586e-02 -2.049997203866622385e+03 -2.869930227296926706e+00
2.650624126208319178e-02 -2.081997203866621021e+03 -2.897526066325899929e+00
2.660624126208318771e-02 -2.113997203866619657e+03 -2.925361434719767395e+00
2.670624126208318364e-02 -2.145997203866618747e+03 -2.953252756556474790e+00
2.680624126208317956e-02 -2.177997203866617383e+03 -2.981024330026065261e+00
2.690624126208317549e-02 -2.209997203866616019e+03 -3.008495181403883389e+00
2.700624126208317141e-02 -2.241997203866614655e+03 -3.035528281203058842e+00
2.710624126208316734e-02 -2.273997203866613290e+03 -3.062072805815446497e+00
2.720624126208316326e-02 -2.305997203866611926e+03 -3.088179635338884843e+00
2.730624126208315919e-02 -2.337997203866610562e+03 -3.113991497133189679e+00
2.740624126208315511e-02 -2.369997203866609198e+03 -3.139701243082464455e+00
2.750624126208315104e-02 -2.401997203866608288e+03 -3.165518318171830270e+00
2.760624126208314696e-02 -2.433997203866606924e+03 -3.191635647965952227e+00
2.770624126208314289e-02 -2.465997203866605560e+03 -3.218173828387975721e+00
2.780624126208313882e-02 -2.497997203866604195e+03 -3.245150517734861850e+00
2.790624126208313474e-02 -2.529997203866603286e+03 -3.272474319423890332e+00
2.800624126208313067e-02 -2.561997203866601467e+03 -3.299963069133261317e+00
2.810624126208312659e-02 -2.593997203866600103e+03 -3.327382606081155991e+00
2.820624126208312252e-02 -2.625997203866598738e+03 -3.354497874443197691e+00
2.830624126208311844e-02 -2.657997203866597829e+03 -3.381125688667466100e+00
2.840624126208311437e-02 -2.689997203866596465e+03 -3.407177929982244002e+00
2.850624126208311029e-02 -2.721997203866595100e+03 -3.432678823796824652e+00
2.860624126208310622e-02 -2.753997203866593736e+03 -3.457770175784428801e+00
2.870624126208310214e-02 -2.785997203866592827e+03 -3.482680842992031067e+00
2.880624126208309807e-02 -2.817997203866591462e+03 -3.507673694484950921e+00
2.890624126208309400e-02 -2.849997203866589643e+03 -3.532990265603379587e+00
2.900624126208308992e-02 -2.881997203866588279e+03 -3.558795810267697757e+00
2.910624126208308585e-02 -2.913997203866587370e+03 -3.585142456521306364e+00
2.920624126208308177e-02 -2.945997203866586005e+03 -3.611962252419718133e+00
2.930624126208307770e-02 -2.977997203866584641e+03 -3.639074019368832236e+00
2.940624126208307362e-02 -3.009997203866583277e+03 -3.666226193506966879e+00
2.950624126208306955e-02 -3.041997203866582367e+03 -3.693151737919816213e+00
2.960624126208306547e-02 -3.073997203866581003e+03 -3.719629447938525679e+00
2.970624126208306140e-02 -3.105997203866579639e+03 -3.745530884389352444e+00
2.980624126208305733e-02 -3.137997203866577820e+03 -3.770852000539030247e+00
2.990624126208305325e-02 -3.169997203866576911e+03 -3.795716336074079766e+00
3.000624126208304918e-02 -3.198002796133423999e+03 -3.820334174723269527e+00
3.010624126208304510e-02 -3.166002796133424908e+03 -3.839570228536805185e+00
3.020624126208304103e-02 -3.134002796133426273e+03 -3.847595639511992793e+00
3.030624126208303695e-02 -3.102002796133428092e+03 -3.846603881553670945e+00
3.040624126208303288e-02 -3.070002796133429456e+03 -3.839035061855577524e+00
3.050624126208302880e-02 -3.038002796133430365e+03 -3.826575689539787994e+00
3.060624126208302473e-02 -3.006002796133431730e+03 -3.810296430425367031e+00
3.070624126208302065e-02 -2.974002796133433094e+03 -3.790968957273173956e+00
3.080624126208301658e-02 -2.942002796133434458e+03 -3.769117404281379535e+00
3.090624126208301251e-02 -2.910002796133435368e+03 -3.745026460489368159e+00
3.100624126208300843e-02 -2.878002796133436732e+03 -3.718919657658083633e+00
3.110624126208300436e-02 -2.846002796133438096e+03 -3.691095193616440451e+00
3.120624126208300028e-02 -2.814002796133439915e+03 -3.662101177259663221e+00
3.130624126208301355e-02 -2.782002796133435368e+03 -3.632449904820049813e+00
3.140624126208304417e-02 -2.750002796133425363e+03 -3.602707816617892078e+00
3.150624126208307479e-02 -2.718002796133415814e+03 -3.573252609989031825e+00
3.160624126208310541e-02 -2.686002796133405809e+03 -3.544484657701760355e+00
3.170624126208313603e-02 -2.654002796133396259e+03 -3.516688339258490892e+00
3.180624126208316665e-02 -2.622002796133386255e+03 -3.489834486166950800e+00
3.190624126208319727e-02 -2.590002796133376705e+03 -3.463687386176412364e+00
3.200624126208322789e-02 -2.558002796133366701e+03 -3.437882867380130492e+00
3.210624126208325851e-02 -2.526002796133357151e+03 -3.412022799242083515e+00
3.220624126208328913e-02 -2.494002796133347147e+03 -3.385760020596227271e+00
3.230624126208331975e-02 -2.462002796133337597e+03 -3.358983448134341909e+00
3.240624126208335037e-02 -2.430002796133327593e+03 -3.331750470795712626e+00
3.250624126208338099e-02 -2.398002796133318043e+03 -3.304153040212138404e+00
3.260624126208341161e-02 -2.366002796133308038e+03 -3.276376735825285103e+00
3.270624126208344223e-02 -2.334002796133298034e+03 -3.248695871889133890e+00
3.280624126208347285e-02 -2.302002796133288484e+03 -3.221409980085308877e+00
3.290624126208350347e-02 -2.270002796133278480e+03 -3.194764490884969721e+00
3.300624126208353409e-02 -2.238002796133268475e+03 -3.168889925695496323e+00
3.310624126208356471e-02 -2.206002796133258926e+03 -3.143761142829629929e+00
3.320624126208359533e-02 -2.174002796133249376e+03 -3.119189636526707332e+00
3.330624126208362595e-02 -2.142002796133239372e+03 -3.094864114491002294e+00
3.340624126208365657e-02 -2.110002796133229367e+03 -3.070412098966520453e+00
3.350624126208368719e-02 -2.078002796133219817e+03 -3.045493593288183920e+00
3.360624126208371781e-02 -2.046002796133210268e+03 -3.019884672995618136e+00
3.370624126208374843e-02 -2.014002796133200263e+03 -2.993473804660104154e+00
3.380624126208377905e-02 -1.982002796133190259e+03 -2.966326606663350685e+00
3.390624126208380967e-02 -1.950002796133180709e+03 -2.938674197716414582e+00
3.400624126208384029e-02 -1.918002796133170932e+03 -2.910849363122058886e+00
3.410624126208387091e-02 -1.886002796133161155e+03 -2.883227486882034896e+00
3.420624126208390153e-02 -1.854002796133151151e+03 -2.856136271999355714e+00
3.430624126208393215e-02 -1.822002796133141374e+03 -2.829772955584974881e+00
3.440624126208396277e-02 -1.790002796133131824e+03 -2.804156307905968593e+00
3.450624126208399339e-02 -1.758002796133121819e+03 -2.779123809337659790e+00
3.460624126208402401e-02 -1.726002796133111815e+03 -2.754359454180121514e+00
3.470624126208405463e-02 -1.694002796133102265e+03 -2.729441989366070853e+00
3.480624126208408525e-02 -1.662002796133092716e+03 -2.703976103027685873e+00
3.490624126208411587e-02 -1.630002796133082711e+03 -2.677722245672550017e+00
3.500624126208414649e-02 -1.598002796133072707e+03 -2.650576152567366783e+00
3.510624126208417711e-02 -1.566002796133063157e+03 -2.622609849609712107e+00
3.520624126208420773e-02 -1.534002796133053153e+03 -2.594067545898491645e+00
3.530624126208423835e-02 -1.502002796133043375e+03 -2.565309118410307399e+00
3.540624126208426897e-02 -1.470002796133033371e+03 -2.536752657632588281e+00
3.550624126208429959e-02 -1.438002796133023821e+03 -2.508774904076624512e+00
3.560624126208433021e-02 -1.406002796133013817e+03 -2.481610800107886039e+00
3.570624126208436083e-02 -1.374002796133004267e+03 -2.455303361687789732e+00
3.580624126208439145e-02 -1.342002796132994263e+03 -2.429695934246508759e+00
3.590624126208442207e-02 -1.310002796132984713e+03 -2.404482521664903061e+00
3.600624126208445269e-02 -1.278002796132974709e+03 -2.379235294098246634e+00
3.610624126208448331e-02 -1.246002796132965159e+03 -2.353498562190511567e+00
3.620624126208451393e-02 -1.214002796132955154e+03 -2.326908775983629329e+00
3.630624126208454455e-02 -1.182002796132945377e+03 -2.299282088844039507e+00
3.640624126208457517e-02 -1.150002796132935600e+03 -2.270658110453148026e+00
3.650624126208460579e-02 -1.118002796132925823e+03 -2.241291735449811640e+00
3.660624126208463641e-02 -1.086002796132915819e+03 -2.211593552783854388e+00
3.670624126208466703e-02 -1.054002796132906269e+03 -2.182034334743579773e+00
3.680624126208469765e-02 -1.022002796132896265e+03 -2.153041124124214445e+00
3.690624126208472827e-02 -9.900027961328867150e+02 -2.124886174564768027e+00
3.700624126208475889e-02 -9.580027961328767105e+02 -2.097636097720338544e+00
3.710624126208478951e-02 -9.260027961328670472e+02 -2.071141107276827764e+00
3.720624126208482013e-02 -8.940027961328571564e+02 -2.045131189824707540e+00
3.730624126208485075e-02 -8.620027961328474930e+02 -2.019192801316760377e+00
3.740624126208488137e-02 -8.300027961328374886e+02 -1.992834805864776904e+00
3.750624126208491199e-02 -7.980027961328279389e+02 -1.965603784038107760e+00
3.760624126208494261e-02 -7.660027961328179344e+02 -1.937220658692648589e+00
3.770624126208497323e-02 -7.340027961328082711e+02 -1.907648685962712198e+00
3.780624126208500385e-02 -7.020027961327982666e+02 -1.877074246771739618e+00
3.790624126208503447e-02 -6.700027961327887169e+02 -1.845870420420490765e+00
3.800624126208506509e-02 -6.380027961327787125e+02 -1.814499450451843243e+00
3.810624126208509571e-02 -6.060027961327691628e+02 -1.783439364125699589e+00
3.820624126208512633e-02 -5.740027961327591584e+02 -1.753007204118356421e+00
3.830624126208515695e-02 -5.420027961327494950e+02 -1.723232161263240858e+00
3.840624126208518757e-02 -5.100027961327395474e+02 -1.693961135368764026e+00
3.850624126208521819e-02 -4.780027961327299408e+02 -1.664892622386074272e+00
3.860624126208524881e-02 -4.460027961327199364e+02 -1.635531608834599915e+00
3.870624126208527943e-02 -4.140027961327103299e+02 -1.605215265071742836e+00
3.880624126208531005e-02 -3.820027961327003254e+02 -1.573260124815544003e+00
3.890624126208534067e-02 -3.500027961326907189e+02 -1.538914328913914886e+00
3.900624126208537129e-02 -3.180027961326807144e+02 -1.501742104837288316e+00
3.910624126208540191e-02 -2.860027961326711079e+02 -1.461572292724582223e+00
3.920624126208543253e-02 -2.540027961326611603e+02 -1.418317597999541491e+00
3.930624126208546315e-02 -2.220027961326515253e+02 -1.372230987277360370e+00
3.940624126208549377e-02 -1.900027961326415493e+02 -1.323950286894959749e+00
3.950624126208552439e-02 -1.580027961326319428e+02 -1.274273659179729234e+00
3.960624126208555501e-02 -1.260027961326219526e+02 -1.224132878476416941e+00
3.970624126208558563e-02 -9.400279613261233180e+01 -1.174151334426688065e+00
3.980624126208561625e-02 -6.200279613260235578e+01 -1.124429845642261228e+00
3.990624126208564687e-02 -3.000279613259273503e+01 -1.074456831529772227e+00
4.000624126208567749e-02 1.997203867416530443e+00 -1.022734526055329329e+00
4.010624126208570811e-02 3.399720386742632883e+01 -9.674195679986199448e-01
4.020624126208573873e-02 6.599720386743612721e+01 -9.058636881220440973e-01
4.030624126208576935e-02 9.799720386744593270e+01 -8.316965862502072593e-01
4.040279486208579046e-02 1.288943558674526741e+02 -7.284426825855753185e-01
4.050023378688571984e-02 1.600748118034300944e+02 -5.784236063582499643e-01
4.060129432441094560e-02 1.924141838115023120e+02 -3.641724887185298076e-01
4.070069455882113080e-02 2.242222588227616029e+02 -1.107749022561626412e-01
4.080027605764280363e-02 2.560883384456968770e+02 1.197068194261951268e-01
4.090204066546279660e-02 2.886530129480946698e+02 2.806401455438627957e-01
4.100273484075154379e-02 3.208751490404937385e+02 3.833451727064136061e-01
4.110023512694342684e-02 3.520752406218963415e+02 4.522479486303325191e-01
4.120120617767734916e-02 3.843859768567514834e+02 4.956062567713017675e-01
4.130336762395675487e-02 4.170776396661613035e+02 5.309537507257179323e-01
4.140089162930393751e-02 4.482853213772597201e+02 5.672420993409229562e-01
4.150139094328883504e-02 4.804451018524269443e+02 6.064503180558381557e-01
4.160612180733624932e-02 5.139589783475995546e+02 6.453262021136851878e-01
4.170324773318032086e-02 5.450392746177024037e+02 6.776526757524640177e-01
4.180143973318035250e-02 5.764607146177124832e+02 7.092132307781887635e-01
4.190056293318034086e-02 6.081801386177088489e+02 7.416934445329456116e-01
4.200594482118034934e-02 6.419023427777115103e+02 7.777212314165808937e-01
4.210361967558036433e-02 6.731582961857162672e+02 8.121476054286831392e-01
4.220458046918038747e-02 7.054657501377237168e+02 8.479558904738151437e-01
4.230458046918041809e-02 7.374657501377334938e+02 8.831885319503545162e-01
4.240458046918044871e-02 7.694657501377432709e+02 9.179045979045483694e-01
4.250458046918047933e-02 8.014657501377531617e+02 9.520631459409638619e-01
4.260458046918050995e-02 8.334657501377629387e+02 9.858337852202256890e-01
4.270258046918053163e-02 8.648257501377697736e+02 1.018748684298673046e+00
4.280178046918052537e-02 8.965697501377677554e+02 1.052461117401992885e+00
4.290058046918054230e-02 9.281857501377733115e+02 1.086238377074414396e+00
4.300058046918057292e-02 9.601857501377830886e+02 1.120747676587593222e+00
4.310058046918060354e-02 9.921857501377928656e+02 1.155639983003982740e+00
4.320058046918063416e-02 1.024185750137802643e+03 1.190981683327566376e+00
4.330058046918066478e-02 1.056185750137812420e+03 1.226662842260063613e+00
4.340058046918069540e-02 1.088185750137822197e+03 1.261991060614593652e+00
4.350058046918072602e-02 1.120185750137831974e+03 1.296320949673849032e+00
4.360058046918075664e-02 1.152185750137841751e+03 1.329129734542446206e+00
4.370058046918078726e-02 1.184185750137851755e+03 1.360520278461206045e+00
4.380058046918081788e-02 1.216185750137861532e+03 1.391014968150851017e+00
4.390058046918084850e-02 1.248185750137871310e+03 1.421052872184566995e+00
4.400058046918087912e-02 1.280185750137881087e+03 1.450642325325253612e+00
4.410058046918090974e-02 1.312185750137890864e+03 1.480857006181079072e+00
4.420058046918094036e-02 1.344185750137900641e+03 1.512379713167195661e+00
4.430058046918097098e-02 1.376185750137910418e+03 1.545217649305448360e+00
4.440058046918100160e-02 1.408185750137920195e+03 1.578996941256429309e+00
4.450058046918103222e-02 1.440185750137929972e+03 1.613973263599794539e+00
4.460058046918106284e-02 1.472185750137939749e+03 1.650670871601750855e+00
4.470058046918109346e-02 1.504185750137949526e+03 1.686116995940724506e+00
4.480058046918112408e-02 1.536185750137959531e+03 1.719712568347881332e+00
4.490058046918115470e-02 1.568185750137969308e+03 1.752523391921061435e+00
4.500058046918118532e-02 1.600185750137978857e+03 1.785735546125485573e+00
4.510058046918121594e-02 1.632185750137988862e+03 1.817805905484793705e+00
4.520338046918123687e-02 1.665081750137995414e+03 1.849868923802226561e+00
4.530066046918122813e-02 1.696211350137992895e+03 1.879866741823326137e+00
4.540510846918123511e-02 1.729634710137995171e+03 1.912229905142214026e+00
4.550354046918125839e-02 1.761132950138002343e+03 1.943227296576676144e+00
4.560354046918128901e-02 1.793132950138012347e+03 1.975269894541769489e+00
4.570354046918131963e-02 1.825132950138021897e+03 2.007689428924264607e+00
4.580354046918135025e-02 1.857132950138031902e+03 2.040108882872740725e+00
4.590354046918138087e-02 1.889132950138041451e+03 2.072011455224911369e+00
4.600354046918141149e-02 1.921132950138051456e+03 2.102867789960081168e+00
4.610354046918144211e-02 1.953132950138061005e+03 2.132350079705328305e+00
4.620354046918147273e-02 1.985132950138071010e+03 2.160373354107758104e+00
4.630354046918150335e-02 2.017132950138080787e+03 2.187120122638269937e+00
4.640354046918153397e-02 2.049132950138090564e+03 2.213007314624143351e+00
4.650354046918156459e-02 2.081132950138100114e+03 2.238588067353449951e+00
4.660354046918159521e-02 2.113132950138110118e+03 2.264593314699853366e+00
4.670354046918162583e-02 2.145132950138120123e+03 2.291499481128759008e+00
4.680354046918165645e-02 2.177132950138129672e+03 2.319600476717875281e+00
4.690354046918168707e-02 2.209132950138139677e+03 2.348936210422916115e+00
4.700354046918171769e-02 2.241132950138149681e+03 2.379254786639069419e+00
4.710354046918174831e-02 2.273132950138159231e+03 2.410001763986970857e+00
4.720354046918177893e-02 2.305132950138169235e+03 2.440599015694578267e+00
4.730354046918180955e-02 2.337132950138178785e+03 2.470501189281591792e+00
4.740354046918184017e-02 2.369132950138188789e+03 2.499295718630044405e+00
4.750354046918187079e-02 2.401132950138198339e+03 2.526794613121682964e+00
4.760354046918190141e-02 2.433132950138208344e+03 2.553081801334430079e+00
4.770354046918193203e-02 2.465132950138217893e+03 2.578525583202178062e+00
4.780354046918196265e-02 2.497132950138227898e+03 2.603647371932351184e+00
4.790354046918199327e-02 2.529132950138237447e+03 2.629039329786048818e+00
4.800354046918202389e-02 2.561132950138247452e+03 2.655237407143323569e+00
4.810354046918205451e-02 2.593132950138257002e+03 2.682589412872196100e+00
4.820354046918208513e-02 2.625132950138267006e+03 2.711184380444613407e+00
4.830354046918211575e-02 2.657132950138276556e+03 2.740830101728964685e+00
4.840354046918214637e-02 2.689132950138286560e+03 2.771094284775062366e+00
4.850354046918217699e-02 2.721132950138296110e+03 2.801392350743181048e+00
4.860354046918220761e-02 2.753132950138306114e+03 2.831088434988918490e+00
4.870354046918223823e-02 2.785132950138315664e+03 2.859720291981112439e+00
4.880354046918226885e-02 2.817132950138325668e+03 2.887001046124206827e+00
4.890354046918229947e-02 2.849132950138335673e+03 2.912954856745519461e+00
4.900354046918233009e-02 2.881132950138345223e+03 2.937876145697926322e+00
4.910354046918236071e-02 2.913132950138355227e+03 2.962293198121095372e+00
4.920354046918239133e-02 2.945132950138365231e+03 2.986841615109571801e+00
4.930354046918242195e-02 2.977132950138374781e+03 3.012114361778650995e+00
4.940354046918245257e-02 3.009132950138384786e+03 3.038529236447894633e+00
4.950354046918248319e-02 3.041132950138394335e+03 3.066230839747202452e+00
4.960354046918251381e-02 3.073132950138404340e+03 3.095058957096718633e+00
4.970354046918254443e-02 3.105132950138413889e+03 3.124603397827918183e+00
4.980354046918257505e-02 3.137132950138423894e+03 3.154276069077917910e+00
4.990354046918260567e-02 3.169132950138433443e+03 3.183439549017661019e+00
5.000000000000000278e-02 3.200000000000000000e+03 3.210571041296401251e+00
