time R11 R12 R13 R21 R22 R23 R31 R32 R33
0.000000000000000000e+00 1.000000000000000000e+00 -0.000000000000000000e+00 0.000000000000000000e+00 0.000000000000000000e+00 1.000000000000000000e+00 -0.000000000000000000e+00 0.000000000000000000e+00 0.000000000000000000e+00 1.000000000000000000e+00
5.045185536000001102e-03 9.999999921497391142e-01 1.253017219467971019e-04 0.000000000000000000e+00 -1.253017219467971019e-04 9.999999921497391142e-01 -0.000000000000000000e+00 -0.000000000000000000e+00 0.000000000000000000e+00 1.000000000000000000e+00
1.002813948395520245e-02 9.999999921587141571e-01 1.252300735468578319e-04 0.000000000000000000e+00 -1.252300735468578319e-04 9.999999921587141571e-01 -0.000000000000000000e+00 -0.000000000000000000e+00 0.000000000000000000e+00 1.000000000000000000e+00
1.513296441098240658e-02 9.999999943302647631e-01 1.064869488755083415e-04 0.000000000000000000e+00 -1.064869488755083415e-04 9.999999943302647631e-01 -0.000000000000000000e+00 -0.000000000000000000e+00 0.000000000000000000e+00 1.000000000000000000e+00
2.013296441098237979e-02 9.999999967470994955e-01 8.065854354285144693e-05 0.000000000000000000e+00 -8.065854354285144693e-05 9.999999967470994955e-01 -0.000000000000000000e+00 -0.000000000000000000e+00 0.000000000000000000e+00 1.000000000000000000e+00
2.506096441098238509e-02 9.999999988302079590e-01 4.836924645873307813e-05 0.000000000000000000e+00 -4.836924645873307813e-05 9.999999988302079590e-01 -0.000000000000000000e+00 -0.000000000000000000e+00 0.000000000000000000e+00 1.000000000000000000e+00
3.003696441098236206e-02 9.999999999673130358e-01 8.085390935237437269e-06 0.000000000000000000e+00 -8.085390935237437269e-06 9.999999999673130358e-01 -0.000000000000000000e+00 -0.000000000000000000e+00 0.000000000000000000e+00 1.000000000000000000e+00
3.503696441098233527e-02 9.999999992353419964e-01 -3.910646767980979744e-05 0.000000000000000000e+00 3.910646767980979744e-05 9.999999992353419964e-01 -0.000000000000000000e+00 0.000000000000000000e+00 0.000000000000000000e+00 1.000000000000000000e+00
4.003696441098230502e-02 9.999999956370958509e-01 -9.341203481767281251e-05 0.000000000000000000e+00 9.341203481767281251e-05 9.999999956370958509e-01 -0.000000000000000000e+00 0.000000000000000000e+00 0.000000000000000000e+00 1.000000000000000000e+00
4.503696441098227476e-02 9.999999881187483508e-01 -1.541509094527468416e-04 0.000000000000000000e+00 1.541509094527468416e-04 9.999999881187483508e-01 -0.000000000000000000e+00 0.000000000000000000e+00 0.000000000000000000e+00 1.000000000000000000e+00
5.010096441098225301e-02 9.999999752181027990e-01 -2.226292736628782598e-04 0.000000000000000000e+00 2.226292736628782598e-04 9.999999752181027990e-01 -0.000000000000000000e+00 0.000000000000000000e+00 0.000000000000000000e+00 1.000000000000000000e+00
5.514518841098216967e-02 9.999999560475181237e-01 -2.964877091102115312e-04 0.000000000000000000e+00 2.964877091102115312e-04 9.999999560475181237e-01 -0.000000000000000000e+00 0.000000000000000000e+00 0.000000000000000000e+00 1.000000000000000000e+00
6.008805508874219548e-02 9.999999288389069818e-01 -3.772561208750447497e-04 0.000000000000000000e+00 3.772561208750447497e-04 9.999999288389069818e-01 -0.000000000000000000e+00 0.000000000000000000e+00 0.000000000000000000e+00 1.000000000000000000e+00
6.509335628840946797e-02 9.999998919754871096e-01 -4.648107289597343890e-04 0.000000000000000000e+00 4.648107289597343890e-04 9.999998919754871096e-01 -0.000000000000000000e+00 0.000000000000000000e+00 0.000000000000000000e+00 1.000000000000000000e+00
7.003266563604480799e-02 9.999998441674525784e-01 -5.582697110259564463e-04 0.000000000000000000e+00 5.582697110259564463e-04 9.999998441674525784e-01 -0.000000000000000000e+00 0.000000000000000000e+00 0.000000000000000000e+00 1.000000000000000000e+00
7.503266563604495121e-02 9.999997822350479293e-01 -6.599468586925743077e-04 0.000000000000000000e+00 6.599468586925743077e-04 9.999997822350479293e-01 -0.000000000000000000e+00 0.000000000000000000e+00 0.000000000000000000e+00 1.000000000000000000e+00
8.003266563604509443e-02 9.999997039624508588e-01 -7.694641059214313251e-04 0.000000000000000000e+00 7.694641059214313251e-04 9.999997039624508588e-01 -0.000000000000000000e+00 0.000000000000000000e+00 0.000000000000000000e+00 1.000000000000000000e+00
8.503266563604523764e-02 9.999996064953332597e-01 -8.871353777500112260e-04 0.000000000000000000e+00 8.871353777500112260e-04 9.999996064953332597e-01 -0.000000000000000000e+00 0.000000000000000000e+00 0.000000000000000000e+00 1.000000000000000000e+00
9.003266563604538086e-02 9.999994905231790465e-01 -1.009432207743701142e-03 0.000000000000000000e+00 1.009432207743701142e-03 9.999994905231790465e-01 -0.000000000000000000e+00 0.000000000000000000e+00 0.000000000000000000e+00 1.000000000000000000e+00
9.503266563604552408e-02 9.999993526558816903e-01 -1.137843494299526585e-03 0.000000000000000000e+00 1.137843494299526585e-03 9.999993526558816903e-01 -0.000000000000000000e+00 0.000000000000000000e+00 0.000000000000000000e+00 1.000000000000000000e+00
1.000326656360456673e-01 9.999991882087967410e-01 -1.274198472488339510e-03 0.000000000000000000e+00 1.274198472488339510e-03 9.999991882087967410e-01 -0.000000000000000000e+00 0.000000000000000000e+00 0.000000000000000000e+00 1.000000000000000000e+00
1.050326656360458105e-01 9.999989930570725161e-01 -1.419114104295649556e-03 0.000000000000000000e+00 1.419114104295649556e-03 9.999989930570725161e-01 -0.000000000000000000e+00 0.000000000000000000e+00 0.000000000000000000e+00 1.000000000000000000e+00
1.100326656360459537e-01 9.999987649381151256e-01 -1.571662255152907845e-03 0.000000000000000000e+00 1.571662255152907845e-03 9.999987649381151256e-01 -0.000000000000000000e+00 0.000000000000000000e+00 0.000000000000000000e+00 1.000000000000000000e+00
1.150326656360460970e-01 9.999984991410197921e-01 -1.732546018903820522e-03 0.000000000000000000e+00 1.732546018903820522e-03 9.999984991410197921e-01 -0.000000000000000000e+00 0.000000000000000000e+00 0.000000000000000000e+00 1.000000000000000000e+00
1.200326656360462402e-01 9.999981915576238167e-01 -1.901810054080019631e-03 0.000000000000000000e+00 1.901810054080019631e-03 9.999981915576238167e-01 -0.000000000000000000e+00 0.000000000000000000e+00 0.000000000000000000e+00 1.000000000000000000e+00
1.250326656360463695e-01 9.999978423789536164e-01 -2.077314958679796816e-03 0.000000000000000000e+00 2.077314958679796816e-03 9.999978423789536164e-01 -0.000000000000000000e+00 0.000000000000000000e+00 0.000000000000000000e+00 1.000000000000000000e+00
1.301526656360464940e-01 9.999974232913532157e-01 -2.270112476008428332e-03 0.000000000000000000e+00 2.270112476008428332e-03 9.999974232913532157e-01 -0.000000000000000000e+00 0.000000000000000000e+00 0.000000000000000000e+00 1.000000000000000000e+00
1.350166656360463624e-01 9.999970134015792045e-01 -2.444010622293131020e-03 0.000000000000000000e+00 2.444010622293131020e-03 9.999970134015792045e-01 -0.000000000000000000e+00 0.000000000000000000e+00 0.000000000000000000e+00 1.000000000000000000e+00
1.400006656360464896e-01 9.999965113597208966e-01 -2.641451946827387716e-03 0.000000000000000000e+00 2.641451946827387716e-03 9.999965113597208966e-01 -0.000000000000000000e+00 0.000000000000000000e+00 0.000000000000000000e+00 1.000000000000000000e+00
1.450006656360466328e-01 9.999959676934965236e-01 -2.839823365477454290e-03 0.000000000000000000e+00 2.839823365477454290e-03 9.999959676934965236e-01 -0.000000000000000000e+00 0.000000000000000000e+00 0.000000000000000000e+00 1.000000000000000000e+00
1.500006656360467761e-01 9.999950213547719180e-01 -3.155513534908948713e-03 0.000000000000000000e+00 3.155513534908948713e-03 9.999950213547719180e-01 -0.000000000000000000e+00 0.000000000000000000e+00 0.000000000000000000e+00 1.000000000000000000e+00
1.550166656360467132e-01 9.999944212403161226e-01 -3.340282659459758476e-03 0.000000000000000000e+00 3.340282659459758476e-03 9.999944212403161226e-01 -0.000000000000000000e+00 0.000000000000000000e+00 0.000000000000000000e+00 1.000000000000000000e+00
1.600006656360468404e-01 9.999937275460644148e-01 -3.541873589975212851e-03 0.000000000000000000e+00 3.541873589975212851e-03 9.999937275460644148e-01 -0.000000000000000000e+00 0.000000000000000000e+00 0.000000000000000000e+00 1.000000000000000000e+00
1.650006656360469837e-01 9.999929635916736670e-01 -3.751368702416648000e-03 0.000000000000000000e+00 3.751368702416648000e-03 9.999929635916736670e-01 -0.000000000000000000e+00 0.000000000000000000e+00 0.000000000000000000e+00 1.000000000000000000e+00
1.700006656360471269e-01 9.999922051324049432e-01 -3.948376176355481403e-03 0.000000000000000000e+00 3.948376176355481403e-03 9.999922051324049432e-01 -0.000000000000000000e+00 0.000000000000000000e+00 0.000000000000000000e+00 1.000000000000000000e+00
1.750006656360472701e-01 9.999913359446224170e-01 -4.162695723845658870e-03 0.000000000000000000e+00 4.162695723845658870e-03 9.999913359446224170e-01 -0.000000000000000000e+00 0.000000000000000000e+00 0.000000000000000000e+00 1.000000000000000000e+00
1.800006656360474133e-01 9.999903465040449468e-01 -4.393961620238632203e-03 0.000000000000000000e+00 4.393961620238632203e-03 9.999903465040449468e-01 -0.000000000000000000e+00 0.000000000000000000e+00 0.000000000000000000e+00 1.000000000000000000e+00
1.850006656360475565e-01 9.999892533667028571e-01 -4.636070653477739750e-03 0.000000000000000000e+00 4.636070653477739750e-03 9.999892533667028571e-01 -0.000000000000000000e+00 0.000000000000000000e+00 0.000000000000000000e+00 1.000000000000000000e+00
1.900006656360476998e-01 9.999880253880752967e-01 -4.893779772123564749e-03 0.000000000000000000e+00 4.893779772123564749e-03 9.999880253880752967e-01 -0.000000000000000000e+00 0.000000000000000000e+00 0.000000000000000000e+00 1.000000000000000000e+00
1.950006656360478430e-01 9.999866244214304922e-01 -5.172134784871220206e-03 0.000000000000000000e+00 5.172134784871220206e-03 9.999866244214304922e-01 -0.000000000000000000e+00 0.000000000000000000e+00 0.000000000000000000e+00 1.000000000000000000e+00
2.000006656360479862e-01 9.999850853215644930e-01 -5.461605480386652785e-03 0.000000000000000000e+00 5.461605480386652785e-03 9.999850853215644930e-01 -0.000000000000000000e+00 0.000000000000000000e+00 0.000000000000000000e+00 1.000000000000000000e+00
2.050406656360480862e-01 9.999835990632692795e-01 -5.727268499964279815e-03 0.000000000000000000e+00 5.727268499964279815e-03 9.999835990632692795e-01 -0.000000000000000000e+00 0.000000000000000000e+00 0.000000000000000000e+00 1.000000000000000000e+00
2.100326656360480548e-01 9.999820974583693012e-01 -5.983708111229140390e-03 0.000000000000000000e+00 5.983708111229140390e-03 9.999820974583693012e-01 -0.000000000000000000e+00 0.000000000000000000e+00 0.000000000000000000e+00 1.000000000000000000e+00
2.150326656360481981e-01 9.999804827081401060e-01 -6.247735813486363261e-03 0.000000000000000000e+00 6.247735813486363261e-03 9.999804827081401060e-01 -0.000000000000000000e+00 0.000000000000000000e+00 0.000000000000000000e+00 1.000000000000000000e+00
2.200326656360483413e-01 9.999788346461558897e-01 -6.506170895084220640e-03 0.000000000000000000e+00 6.506170895084220640e-03 9.999788346461558897e-01 -0.000000000000000000e+00 0.000000000000000000e+00 0.000000000000000000e+00 1.000000000000000000e+00
2.250326656360484845e-01 9.999771166433643055e-01 -6.765071294780703424e-03 0.000000000000000000e+00 6.765071294780703424e-03 9.999771166433643055e-01 -0.000000000000000000e+00 0.000000000000000000e+00 0.000000000000000000e+00 1.000000000000000000e+00
2.300326656360486277e-01 9.999752845306627558e-01 -7.030670509983044658e-03 0.000000000000000000e+00 7.030670509983044658e-03 9.999752845306627558e-01 -0.000000000000000000e+00 0.000000000000000000e+00 0.000000000000000000e+00 1.000000000000000000e+00
2.350326656360487709e-01 9.999734406976664713e-01 -7.288202746260574738e-03 0.000000000000000000e+00 7.288202746260574738e-03 9.999734406976664713e-01 -0.000000000000000000e+00 0.000000000000000000e+00 0.000000000000000000e+00 1.000000000000000000e+00
2.401446656360486653e-01 9.999714433838104988e-01 -7.557275759092894896e-03 0.000000000000000000e+00 7.557275759092894896e-03 9.999714433838104988e-01 -0.000000000000000000e+00 0.000000000000000000e+00 0.000000000000000000e+00 1.000000000000000000e+00
2.451446656360488086e-01 9.999693933367669318e-01 -7.823834718239240649e-03 0.000000000000000000e+00 7.823834718239240649e-03 9.999693933367669318e-01 -0.000000000000000000e+00 0.000000000000000000e+00 0.000000000000000000e+00 1.000000000000000000e+00
2.501446656360489240e-01 9.999672926343398105e-01 -8.087871261883337881e-03 0.000000000000000000e+00 8.087871261883337881e-03 9.999672926343398105e-01 -0.000000000000000000e+00 0.000000000000000000e+00 0.000000000000000000e+00 1.000000000000000000e+00
2.551446656360483733e-01 9.999650596121779644e-01 -8.359399189743118783e-03 0.000000000000000000e+00 8.359399189743118783e-03 9.999650596121779644e-01 -0.000000000000000000e+00 0.000000000000000000e+00 0.000000000000000000e+00 1.000000000000000000e+00
2.601446656360478227e-01 9.999625737761883570e-01 -8.651649952526008561e-03 0.000000000000000000e+00 8.651649952526008561e-03 9.999625737761883570e-01 -0.000000000000000000e+00 0.000000000000000000e+00 0.000000000000000000e+00 1.000000000000000000e+00
2.651446656360472720e-01 9.999597720716437710e-01 -8.969628667149743759e-03 0.000000000000000000e+00 8.969628667149743759e-03 9.999597720716437710e-01 -0.000000000000000000e+00 0.000000000000000000e+00 0.000000000000000000e+00 1.000000000000000000e+00
2.701446656360467213e-01 9.999574379650131295e-01 -9.226172470049288921e-03 0.000000000000000000e+00 9.226172470049288921e-03 9.999574379650131295e-01 -0.000000000000000000e+00 0.000000000000000000e+00 0.000000000000000000e+00 1.000000000000000000e+00
2.751446656360461707e-01 9.999547881711581265e-01 -9.509028003672615262e-03 0.000000000000000000e+00 9.509028003672615262e-03 9.999547881711581265e-01 -0.000000000000000000e+00 0.000000000000000000e+00 0.000000000000000000e+00 1.000000000000000000e+00
2.801446656360456200e-01 9.999518272624809967e-01 -9.815454876126927450e-03 0.000000000000000000e+00 9.815454876126927450e-03 9.999518272624809967e-01 -0.000000000000000000e+00 0.000000000000000000e+00 0.000000000000000000e+00 1.000000000000000000e+00
2.851446656360450693e-01 9.999490898338310174e-01 -1.009047771382155616e-02 0.000000000000000000e+00 1.009047771382155616e-02 9.999490898338310174e-01 -0.000000000000000000e+00 0.000000000000000000e+00 0.000000000000000000e+00 1.000000000000000000e+00
2.901446656360445187e-01 9.999464209098510858e-01 -1.035158488248023520e-02 0.000000000000000000e+00 1.035158488248023520e-02 9.999464209098510858e-01 -0.000000000000000000e+00 0.000000000000000000e+00 0.000000000000000000e+00 1.000000000000000000e+00
2.951446656360439680e-01 9.999436208116695424e-01 -1.061862505451579425e-02 0.000000000000000000e+00 1.061862505451579425e-02 9.999436208116695424e-01 -0.000000000000000000e+00 0.000000000000000000e+00 0.000000000000000000e+00 1.000000000000000000e+00
3.001046656360434883e-01 9.999408521679183925e-01 -1.087622019349147179e-02 0.000000000000000000e+00 1.087622019349147179e-02 9.999408521679183925e-01 -0.000000000000000000e+00 0.000000000000000000e+00 0.000000000000000000e+00 1.000000000000000000e+00
3.050441856360432413e-01 9.999380659554445439e-01 -1.112943184917091800e-02 0.000000000000000000e+00 1.112943184917091800e-02 9.999380659554445439e-01 -0.000000000000000000e+00 0.000000000000000000e+00 0.000000000000000000e+00 1.000000000000000000e+00
3.100134656360430396e-01 9.999352012759700203e-01 -1.138390307344385073e-02 0.000000000000000000e+00 1.138390307344385073e-02 9.999352012759700203e-01 -0.000000000000000000e+00 0.000000000000000000e+00 0.000000000000000000e+00 1.000000000000000000e+00
3.151174656360430371e-01 9.999320127242991019e-01 -1.166061444059182835e-02 0.000000000000000000e+00 1.166061444059182835e-02 9.999320127242991019e-01 -0.000000000000000000e+00 0.000000000000000000e+00 0.000000000000000000e+00 1.000000000000000000e+00
3.201174656360424864e-01 9.999288621588702242e-01 -1.192772491581515701e-02 0.000000000000000000e+00 1.192772491581515701e-02 9.999288621588702242e-01 -0.000000000000000000e+00 0.000000000000000000e+00 0.000000000000000000e+00 1.000000000000000000e+00
3.251174656360419357e-01 9.999257242449900440e-01 -1.218794458193646173e-02 0.000000000000000000e+00 1.218794458193646173e-02 9.999257242449900440e-01 -0.000000000000000000e+00 0.000000000000000000e+00 0.000000000000000000e+00 1.000000000000000000e+00
3.301174656360413850e-01 9.999224666038145637e-01 -1.245234038016830060e-02 0.000000000000000000e+00 1.245234038016830060e-02 9.999224666038145637e-01 -0.000000000000000000e+00 0.000000000000000000e+00 0.000000000000000000e+00 1.000000000000000000e+00
3.351174656360408344e-01 9.999191505773680211e-01 -1.271582905810774572e-02 0.000000000000000000e+00 1.271582905810774572e-02 9.999191505773680211e-01 -0.000000000000000000e+00 0.000000000000000000e+00 0.000000000000000000e+00 1.000000000000000000e+00
3.400134656360410124e-01 9.999158157394103519e-01 -1.297541653242836358e-02 0.000000000000000000e+00 1.297541653242836358e-02 9.999158157394103519e-01 -0.000000000000000000e+00 0.000000000000000000e+00 0.000000000000000000e+00 1.000000000000000000e+00
3.450054656360405092e-01 9.999123385695758426e-01 -1.324066374175582664e-02 0.000000000000000000e+00 1.324066374175582664e-02 9.999123385695758426e-01 -0.000000000000000000e+00 0.000000000000000000e+00 0.000000000000000000e+00 1.000000000000000000e+00
3.500054656360399585e-01 9.999087707224326715e-01 -1.350741397728345665e-02 0.000000000000000000e+00 1.350741397728345665e-02 9.999087707224326715e-01 -0.000000000000000000e+00 0.000000000000000000e+00 0.000000000000000000e+00 1.000000000000000000e+00
3.550998656360396799e-01 9.999050565431795157e-01 -1.377961898534160734e-02 0.000000000000000000e+00 1.377961898534160734e-02 9.999050565431795157e-01 -0.000000000000000000e+00 0.000000000000000000e+00 0.000000000000000000e+00 1.000000000000000000e+00
3.601718656360394233e-01 9.999013442767933357e-01 -1.404641283253376532e-02 0.000000000000000000e+00 1.404641283253376532e-02 9.999013442767933357e-01 -0.000000000000000000e+00 0.000000000000000000e+00 0.000000000000000000e+00 1.000000000000000000e+00
3.650758656360395538e-01 9.998977027924669247e-01 -1.430328459997413926e-02 0.000000000000000000e+00 1.430328459997413926e-02 9.998977027924669247e-01 -0.000000000000000000e+00 0.000000000000000000e+00 0.000000000000000000e+00 1.000000000000000000e+00
3.700438656360391931e-01 9.998939290803499080e-01 -1.456470350747534649e-02 0.000000000000000000e+00 1.456470350747534649e-02 9.998939290803499080e-01 -0.000000000000000000e+00 0.000000000000000000e+00 0.000000000000000000e+00 1.000000000000000000e+00
3.750438656360386425e-01 9.998900051959603852e-01 -1.483163879085491570e-02 0.000000000000000000e+00 1.483163879085491570e-02 9.998900051959603852e-01 -0.000000000000000000e+00 0.000000000000000000e+00 0.000000000000000000e+00 1.000000000000000000e+00
3.800438656360380918e-01 9.998850862714692145e-01 -1.515962571757356256e-02 0.000000000000000000e+00 1.515962571757356256e-02 9.998850862714692145e-01 -0.000000000000000000e+00 0.000000000000000000e+00 0.000000000000000000e+00 1.000000000000000000e+00
3.851078656360377162e-01 9.998803369498286964e-01 -1.546970526860469430e-02 0.000000000000000000e+00 1.546970526860469430e-02 9.998803369498286964e-01 -0.000000000000000000e+00 0.000000000000000000e+00 0.000000000000000000e+00 1.000000000000000000e+00
3.900906496360375675e-01 9.998754301064542993e-01 -1.578367097456686088e-02 0.000000000000000000e+00 1.578367097456686088e-02 9.998754301064542993e-01 -0.000000000000000000e+00 0.000000000000000000e+00 0.000000000000000000e+00 1.000000000000000000e+00
3.950187520360373128e-01 9.998713142391709718e-01 -1.604228667095772276e-02 0.000000000000000000e+00 1.604228667095772276e-02 9.998713142391709718e-01 -0.000000000000000000e+00 0.000000000000000000e+00 0.000000000000000000e+00 1.000000000000000000e+00
4.000827520360374367e-01 9.998672183310883810e-01 -1.629557322870603397e-02 0.000000000000000000e+00 1.629557322870603397e-02 9.998672183310883810e-01 -0.000000000000000000e+00 0.000000000000000000e+00 0.000000000000000000e+00 1.000000000000000000e+00
4.050267520360375517e-01 9.998631494623219096e-01 -1.654334752360812205e-02 0.000000000000000000e+00 1.654334752360812205e-02 9.998631494623219096e-01 -0.000000000000000000e+00 0.000000000000000000e+00 0.000000000000000000e+00 1.000000000000000000e+00
4.100267520360370010e-01 9.998589442000266336e-01 -1.679558582509849823e-02 0.000000000000000000e+00 1.679558582509849823e-02 9.998589442000266336e-01 -0.000000000000000000e+00 0.000000000000000000e+00 0.000000000000000000e+00 1.000000000000000000e+00
4.150267520360364504e-01 9.998546829686584259e-01 -1.704737357025548974e-02 0.000000000000000000e+00 1.704737357025548974e-02 9.998546829686584259e-01 -0.000000000000000000e+00 0.000000000000000000e+00 0.000000000000000000e+00 1.000000000000000000e+00
4.200267520360359552e-01 9.998497131500621027e-01 -1.733641005915199235e-02 0.000000000000000000e+00 1.733641005915199235e-02 9.998497131500621027e-01 -0.000000000000000000e+00 0.000000000000000000e+00 0.000000000000000000e+00 1.000000000000000000e+00
4.250587520360361027e-01 9.998451151307105045e-01 -1.759959514468019404e-02 0.000000000000000000e+00 1.759959514468019404e-02 9.998451151307105045e-01 -0.000000000000000000e+00 0.000000000000000000e+00 0.000000000000000000e+00 1.000000000000000000e+00
4.300587520360360516e-01 9.998403838587061054e-01 -1.786635959773623383e-02 0.000000000000000000e+00 1.786635959773623383e-02 9.998403838587061054e-01 -0.000000000000000000e+00 0.000000000000000000e+00 0.000000000000000000e+00 1.000000000000000000e+00
4.350987520360358740e-01 9.998353763989449305e-01 -1.814442341824465746e-02 0.000000000000000000e+00 1.814442341824465746e-02 9.998353763989449305e-01 -0.000000000000000000e+00 0.000000000000000000e+00 0.000000000000000000e+00 1.000000000000000000e+00
4.400587520360355609e-01 9.998305930657329643e-01 -1.840611772821921371e-02 0.000000000000000000e+00 1.840611772821921371e-02 9.998305930657329643e-01 -0.000000000000000000e+00 0.000000000000000000e+00 0.000000000000000000e+00 1.000000000000000000e+00
4.450587520360350102e-01 9.998257546145683516e-01 -1.866709429474973717e-02 0.000000000000000000e+00 1.866709429474973717e-02 9.998257546145683516e-01 -0.000000000000000000e+00 0.000000000000000000e+00 0.000000000000000000e+00 1.000000000000000000e+00
4.500587520360344596e-01 9.998208425486869722e-01 -1.892835981362162717e-02 0.000000000000000000e+00 1.892835981362162717e-02 9.998208425486869722e-01 -0.000000000000000000e+00 0.000000000000000000e+00 0.000000000000000000e+00 1.000000000000000000e+00
4.550587520360339089e-01 9.998158545578058609e-01 -1.919002279428095800e-02 0.000000000000000000e+00 1.919002279428095800e-02 9.998158545578058609e-01 -0.000000000000000000e+00 0.000000000000000000e+00 0.000000000000000000e+00 1.000000000000000000e+00
4.600587520360333582e-01 9.998107782834255719e-01 -1.945270233903410514e-02 0.000000000000000000e+00 1.945270233903410514e-02 9.998107782834255719e-01 -0.000000000000000000e+00 0.000000000000000000e+00 0.000000000000000000e+00 1.000000000000000000e+00
4.650587520360328075e-01 9.998056129880215082e-01 -1.971639514837675300e-02 0.000000000000000000e+00 1.971639514837675300e-02 9.998056129880215082e-01 -0.000000000000000000e+00 0.000000000000000000e+00 0.000000000000000000e+00 1.000000000000000000e+00
4.700587520360322569e-01 9.998003656242927528e-01 -1.998071313869250604e-02 0.000000000000000000e+00 1.998071313869250604e-02 9.998003656242927528e-01 -0.000000000000000000e+00 0.000000000000000000e+00 0.000000000000000000e+00 1.000000000000000000e+00
4.750587520360317062e-01 9.997950603753417154e-01 -2.024443748458566728e-02 0.000000000000000000e+00 2.024443748458566728e-02 9.997950603753417154e-01 -0.000000000000000000e+00 0.000000000000000000e+00 0.000000000000000000e+00 1.000000000000000000e+00
4.800587520360311555e-01 9.997896742916320134e-01 -2.050870985295340232e-02 0.000000000000000000e+00 2.050870985295340232e-02 9.997896742916320134e-01 -0.000000000000000000e+00 0.000000000000000000e+00 0.000000000000000000e+00 1.000000000000000000e+00
4.850587520360306049e-01 9.997842261385144758e-01 -2.077260611026065379e-02 0.000000000000000000e+00 2.077260611026065379e-02 9.997842261385144758e-01 -0.000000000000000000e+00 0.000000000000000000e+00 0.000000000000000000e+00 1.000000000000000000e+00
4.900587520360300542e-01 9.997780871187121887e-01 -2.106600382723549866e-02 0.000000000000000000e+00 2.106600382723549866e-02 9.997780871187121887e-01 -0.000000000000000000e+00 0.000000000000000000e+00 0.000000000000000000e+00 1.000000000000000000e+00
4.950187520360296300e-01 9.997717349893442407e-01 -2.136534381649270176e-02 0.000000000000000000e+00 2.136534381649270176e-02 9.997717349893442407e-01 -0.000000000000000000e+00 0.000000000000000000e+00 0.000000000000000000e+00 1.000000000000000000e+00
5.001227520360296275e-01 9.997659465107489041e-01 -2.163451403352412150e-02 0.000000000000000000e+00 2.163451403352412150e-02 9.997659465107489041e-01 -0.000000000000000000e+00 0.000000000000000000e+00 0.000000000000000000e+00 1.000000000000000000e+00
5.051227520360290768e-01 9.997603287021346041e-01 -2.189258215469608651e-02 0.000000000000000000e+00 2.189258215469608651e-02 9.997603287021346041e-01 -0.000000000000000000e+00 0.000000000000000000e+00 0.000000000000000000e+00 1.000000000000000000e+00
5.101291520360292653e-01 9.997537053044539546e-01 -2.219298830747098647e-02 0.000000000000000000e+00 2.219298830747098647e-02 9.997537053044539546e-01 -0.000000000000000000e+00 0.000000000000000000e+00 0.000000000000000000e+00 1.000000000000000000e+00
5.151057920360294640e-01 9.997467940067792380e-01 -2.250217485415043767e-02 0.000000000000000000e+00 2.250217485415043767e-02 9.997467940067792380e-01 -0.000000000000000000e+00 0.000000000000000000e+00 0.000000000000000000e+00 1.000000000000000000e+00
5.201537920360300715e-01 9.997406634417179694e-01 -2.277291946839083217e-02 0.000000000000000000e+00 2.277291946839083217e-02 9.997406634417179694e-01 -0.000000000000000000e+00 0.000000000000000000e+00 0.000000000000000000e+00 1.000000000000000000e+00
5.250577920360294248e-01 9.997349879956940466e-01 -2.302072495057233548e-02 0.000000000000000000e+00 2.302072495057233548e-02 9.997349879956940466e-01 -0.000000000000000000e+00 0.000000000000000000e+00 0.000000000000000000e+00 1.000000000000000000e+00
5.300577920360288742e-01 9.997291814445362634e-01 -2.327152268842683225e-02 0.000000000000000000e+00 2.327152268842683225e-02 9.997291814445362634e-01 -0.000000000000000000e+00 0.000000000000000000e+00 0.000000000000000000e+00 1.000000000000000000e+00
5.350577920360283235e-01 9.997232362431680563e-01 -2.352553751749918848e-02 0.000000000000000000e+00 2.352553751749918848e-02 9.997232362431680563e-01 -0.000000000000000000e+00 0.000000000000000000e+00 0.000000000000000000e+00 1.000000000000000000e+00
5.400577920360277728e-01 9.997172234091085130e-01 -2.377968080490052219e-02 0.000000000000000000e+00 2.377968080490052219e-02 9.997172234091085130e-01 -0.000000000000000000e+00 0.000000000000000000e+00 0.000000000000000000e+00 1.000000000000000000e+00
5.450577920360272222e-01 9.997107870529426954e-01 -2.404874736833875759e-02 0.000000000000000000e+00 2.404874736833875759e-02 9.997107870529426954e-01 -0.000000000000000000e+00 0.000000000000000000e+00 0.000000000000000000e+00 1.000000000000000000e+00
5.500577920360266715e-01 9.997045456580703204e-01 -2.430681778002631577e-02 0.000000000000000000e+00 2.430681778002631577e-02 9.997045456580703204e-01 -0.000000000000000000e+00 0.000000000000000000e+00 0.000000000000000000e+00 1.000000000000000000e+00
5.550577920360261208e-01 9.996980430643264137e-01 -2.457280393761644352e-02 0.000000000000000000e+00 2.457280393761644352e-02 9.996980430643264137e-01 -0.000000000000000000e+00 0.000000000000000000e+00 0.000000000000000000e+00 1.000000000000000000e+00
5.600577920360255701e-01 9.996915789135941699e-01 -2.483439246781759396e-02 0.000000000000000000e+00 2.483439246781759396e-02 9.996915789135941699e-01 -0.000000000000000000e+00 0.000000000000000000e+00 0.000000000000000000e+00 1.000000000000000000e+00
5.650577920360250195e-01 9.996850712334073297e-01 -2.509498661202060055e-02 0.000000000000000000e+00 2.509498661202060055e-02 9.996850712334073297e-01 -0.000000000000000000e+00 0.000000000000000000e+00 0.000000000000000000e+00 1.000000000000000000e+00
5.700577920360244688e-01 9.996784862318737197e-01 -2.535594930484319498e-02 0.000000000000000000e+00 2.535594930484319498e-02 9.996784862318737197e-01 -0.000000000000000000e+00 0.000000000000000000e+00 0.000000000000000000e+00 1.000000000000000000e+00
5.751857920360246013e-01 9.996715717551941660e-01 -2.562710722067549490e-02 0.000000000000000000e+00 2.562710722067549490e-02 9.996715717551941660e-01 -0.000000000000000000e+00 0.000000000000000000e+00 0.000000000000000000e+00 1.000000000000000000e+00
5.801297920360239946e-01 9.996648173016753347e-01 -2.588924582154730064e-02 0.000000000000000000e+00 2.588924582154730064e-02 9.996648173016753347e-01 -0.000000000000000000e+00 0.000000000000000000e+00 0.000000000000000000e+00 1.000000000000000000e+00
5.851297920360234439e-01 9.996578980289629879e-01 -2.615505511972474051e-02 0.000000000000000000e+00 2.615505511972474051e-02 9.996578980289629879e-01 -0.000000000000000000e+00 0.000000000000000000e+00 0.000000000000000000e+00 1.000000000000000000e+00
5.901297920360228932e-01 9.996509733054694813e-01 -2.641839452782540967e-02 0.000000000000000000e+00 2.641839452782540967e-02 9.996509733054694813e-01 -0.000000000000000000e+00 0.000000000000000000e+00 0.000000000000000000e+00 1.000000000000000000e+00
5.951297920360223426e-01 9.996440108466291274e-01 -2.668054681719840213e-02 0.000000000000000000e+00 2.668054681719840213e-02 9.996440108466291274e-01 -0.000000000000000000e+00 0.000000000000000000e+00 0.000000000000000000e+00 1.000000000000000000e+00
6.001297920360217919e-01 9.996369461647832688e-01 -2.694393925072240126e-02 0.000000000000000000e+00 2.694393925072240126e-02 9.996369461647832688e-01 -0.000000000000000000e+00 0.000000000000000000e+00 0.000000000000000000e+00 1.000000000000000000e+00
6.051297920360212412e-01 9.996298211397490752e-01 -2.720699704329249818e-02 0.000000000000000000e+00 2.720699704329249818e-02 9.996298211397490752e-01 -0.000000000000000000e+00 0.000000000000000000e+00 0.000000000000000000e+00 1.000000000000000000e+00
6.101297920360206906e-01 9.996219738032791069e-01 -2.749380820542727047e-02 0.000000000000000000e+00 2.749380820542727047e-02 9.996219738032791069e-01 -0.000000000000000000e+00 0.000000000000000000e+00 0.000000000000000000e+00 1.000000000000000000e+00
6.151777920360209650e-01 9.996138402383946131e-01 -2.778795429408142253e-02 0.000000000000000000e+00 2.778795429408142253e-02 9.996138402383946131e-01 -0.000000000000000000e+00 0.000000000000000000e+00 0.000000000000000000e+00 1.000000000000000000e+00
6.201057920360203424e-01 9.996038820020302085e-01 -2.814389963156505720e-02 0.000000000000000000e+00 2.814389963156505720e-02 9.996038820020302085e-01 -0.000000000000000000e+00 0.000000000000000000e+00 0.000000000000000000e+00 1.000000000000000000e+00
6.250337920360203858e-01 9.995968489227533560e-01 -2.839259804425860179e-02 0.000000000000000000e+00 2.839259804425860179e-02 9.995968489227533560e-01 -0.000000000000000000e+00 0.000000000000000000e+00 0.000000000000000000e+00 1.000000000000000000e+00
6.300257920360198272e-01 9.995897266379369928e-01 -2.864224851324785256e-02 0.000000000000000000e+00 2.864224851324785256e-02 9.995897266379369928e-01 -0.000000000000000000e+00 0.000000000000000000e+00 0.000000000000000000e+00 1.000000000000000000e+00
6.350257920360192765e-01 9.995825155251305549e-01 -2.889281323188330752e-02 0.000000000000000000e+00 2.889281323188330752e-02 9.995825155251305549e-01 -0.000000000000000000e+00 0.000000000000000000e+00 0.000000000000000000e+00 1.000000000000000000e+00
6.400328320360187950e-01 9.995751579199545489e-01 -2.914624622997575090e-02 0.000000000000000000e+00 2.914624622997575090e-02 9.995751579199545489e-01 -0.000000000000000000e+00 0.000000000000000000e+00 0.000000000000000000e+00 1.000000000000000000e+00
6.451763456360194438e-01 9.995672705182243600e-01 -2.941550116430612441e-02 0.000000000000000000e+00 2.941550116430612441e-02 9.995672705182243600e-01 -0.000000000000000000e+00 0.000000000000000000e+00 0.000000000000000000e+00 1.000000000000000000e+00
6.501763456360188931e-01 9.995592675389871617e-01 -2.968620347777670143e-02 0.000000000000000000e+00 2.968620347777670143e-02 9.995592675389871617e-01 -0.000000000000000000e+00 0.000000000000000000e+00 0.000000000000000000e+00 1.000000000000000000e+00
6.551763456360183424e-01 9.995513446651816958e-01 -2.995178422110155933e-02 0.000000000000000000e+00 2.995178422110155933e-02 9.995513446651816958e-01 -0.000000000000000000e+00 0.000000000000000000e+00 0.000000000000000000e+00 1.000000000000000000e+00
6.601763456360177917e-01 9.995435441092511697e-01 -3.021098193567411938e-02 0.000000000000000000e+00 3.021098193567411938e-02 9.995435441092511697e-01 -0.000000000000000000e+00 0.000000000000000000e+00 0.000000000000000000e+00 1.000000000000000000e+00
6.651763456360172411e-01 9.995350624712652232e-01 -3.049030814151282645e-02 0.000000000000000000e+00 3.049030814151282645e-02 9.995350624712652232e-01 -0.000000000000000000e+00 0.000000000000000000e+00 0.000000000000000000e+00 1.000000000000000000e+00
6.701187456360171435e-01 9.995270137698448742e-01 -3.075302821409328299e-02 0.000000000000000000e+00 3.075302821409328299e-02 9.995270137698448742e-01 -0.000000000000000000e+00 0.000000000000000000e+00 0.000000000000000000e+00 1.000000000000000000e+00
6.750548352360170590e-01 9.995190269292649754e-01 -3.101152699200275878e-02 0.000000000000000000e+00 3.101152699200275878e-02 9.995190269292649754e-01 -0.000000000000000000e+00 0.000000000000000000e+00 0.000000000000000000e+00 1.000000000000000000e+00
6.801058879037166216e-01 9.995108726341280780e-01 -3.127323913770906072e-02 0.000000000000000000e+00 3.127323913770906072e-02 9.995108726341280780e-01 -0.000000000000000000e+00 0.000000000000000000e+00 0.000000000000000000e+00 1.000000000000000000e+00
6.851378840479062093e-01 9.995026071878033713e-01 -3.153630011247098019e-02 0.000000000000000000e+00 3.153630011247098019e-02 9.995026071878033713e-01 -0.000000000000000000e+00 0.000000000000000000e+00 0.000000000000000000e+00 1.000000000000000000e+00
6.901378840479056587e-01 9.994942682493852537e-01 -3.179949271019898854e-02 0.000000000000000000e+00 3.179949271019898854e-02 9.994942682493852537e-01 -0.000000000000000000e+00 0.000000000000000000e+00 0.000000000000000000e+00 1.000000000000000000e+00
6.951378840479051080e-01 9.994859571910127416e-01 -3.205965342865755435e-02 0.000000000000000000e+00 3.205965342865755435e-02 9.994859571910127416e-01 -0.000000000000000000e+00 0.000000000000000000e+00 0.000000000000000000e+00 1.000000000000000000e+00
7.000578840479050324e-01 9.994777699562941153e-01 -3.231388808536749674e-02 0.000000000000000000e+00 3.231388808536749674e-02 9.994777699562941153e-01 -0.000000000000000000e+00 0.000000000000000000e+00 0.000000000000000000e+00 1.000000000000000000e+00
7.050018840479046478e-01 9.994693853545317808e-01 -3.257219272684808153e-02 0.000000000000000000e+00 3.257219272684808153e-02 9.994693853545317808e-01 -0.000000000000000000e+00 0.000000000000000000e+00 0.000000000000000000e+00 1.000000000000000000e+00
7.100658840479044942e-01 9.994607143286444728e-01 -3.283718187780452352e-02 0.000000000000000000e+00 3.283718187780452352e-02 9.994607143286444728e-01 -0.000000000000000000e+00 0.000000000000000000e+00 0.000000000000000000e+00 1.000000000000000000e+00
7.151730840479042506e-01 9.994518294798377944e-01 -3.310650312862394029e-02 0.000000000000000000e+00 3.310650312862394029e-02 9.994518294798377944e-01 -0.000000000000000000e+00 0.000000000000000000e+00 0.000000000000000000e+00 1.000000000000000000e+00
7.201730840479036999e-01 9.994430580511214357e-01 -3.337025192327892215e-02 0.000000000000000000e+00 3.337025192327892215e-02 9.994430580511214357e-01 -0.000000000000000000e+00 0.000000000000000000e+00 0.000000000000000000e+00 1.000000000000000000e+00
7.251730840479031492e-01 9.994333889842526020e-01 -3.365859449608504805e-02 0.000000000000000000e+00 3.365859449608504805e-02 9.994333889842526020e-01 -0.000000000000000000e+00 0.000000000000000000e+00 0.000000000000000000e+00 1.000000000000000000e+00
7.301730840479025986e-01 9.994230373040129400e-01 -3.396457722424739423e-02 0.000000000000000000e+00 3.396457722424739423e-02 9.994230373040129400e-01 -0.000000000000000000e+00 0.000000000000000000e+00 0.000000000000000000e+00 1.000000000000000000e+00
7.351730840479020479e-01 9.994142772099166017e-01 -3.422137503053325480e-02 0.000000000000000000e+00 3.422137503053325480e-02 9.994142772099166017e-01 -0.000000000000000000e+00 0.000000000000000000e+00 0.000000000000000000e+00 1.000000000000000000e+00
7.401730840479014972e-01 9.994055497215921235e-01 -3.447531269883732236e-02 0.000000000000000000e+00 3.447531269883732236e-02 9.994055497215921235e-01 -0.000000000000000000e+00 0.000000000000000000e+00 0.000000000000000000e+00 1.000000000000000000e+00
7.450850840479015247e-01 9.993942950587452190e-01 -3.480004316138339548e-02 0.000000000000000000e+00 3.480004316138339548e-02 9.993942950587452190e-01 -0.000000000000000000e+00 0.000000000000000000e+00 0.000000000000000000e+00 1.000000000000000000e+00
7.501282840479013281e-01 9.993849174455057272e-01 -3.506831593390149354e-02 0.000000000000000000e+00 3.506831593390149354e-02 9.993849174455057272e-01 -0.000000000000000000e+00 0.000000000000000000e+00 0.000000000000000000e+00 1.000000000000000000e+00
7.551282840479007774e-01 9.993753363332187334e-01 -3.534030459498419680e-02 0.000000000000000000e+00 3.534030459498419680e-02 9.993753363332187334e-01 -0.000000000000000000e+00 0.000000000000000000e+00 0.000000000000000000e+00 1.000000000000000000e+00
7.601282840479002267e-01 9.993664638257155897e-01 -3.559032144397007019e-02 0.000000000000000000e+00 3.559032144397007019e-02 9.993664638257155897e-01 -0.000000000000000000e+00 0.000000000000000000e+00 0.000000000000000000e+00 1.000000000000000000e+00
7.651282840478996761e-01 9.993573471767953631e-01 -3.584539919931804125e-02 0.000000000000000000e+00 3.584539919931804125e-02 9.993573471767953631e-01 -0.000000000000000000e+00 0.000000000000000000e+00 0.000000000000000000e+00 1.000000000000000000e+00
7.701282840478991254e-01 9.993481049262498139e-01 -3.610214924784353741e-02 0.000000000000000000e+00 3.610214924784353741e-02 9.993481049262498139e-01 -0.000000000000000000e+00 0.000000000000000000e+00 0.000000000000000000e+00 1.000000000000000000e+00
7.751282840478985747e-01 9.993386742411497492e-01 -3.636226293758047096e-02 0.000000000000000000e+00 3.636226293758047096e-02 9.993386742411497492e-01 -0.000000000000000000e+00 0.000000000000000000e+00 0.000000000000000000e+00 1.000000000000000000e+00
7.801282840478980241e-01 9.993287567104852664e-01 -3.663380967734635590e-02 0.000000000000000000e+00 3.663380967734635590e-02 9.993287567104852664e-01 -0.000000000000000000e+00 0.000000000000000000e+00 0.000000000000000000e+00 1.000000000000000000e+00
7.850722840478983056e-01 9.993190452163888127e-01 -3.689777591949578578e-02 0.000000000000000000e+00 3.689777591949578578e-02 9.993190452163888127e-01 -0.000000000000000000e+00 0.000000000000000000e+00 0.000000000000000000e+00 1.000000000000000000e+00
7.900042221163510181e-01 9.993096230080353859e-01 -3.715208424218733457e-02 0.000000000000000000e+00 3.715208424218733457e-02 9.993096230080353859e-01 -0.000000000000000000e+00 0.000000000000000000e+00 0.000000000000000000e+00 1.000000000000000000e+00
7.950784569767760379e-01 9.992998313009262557e-01 -3.741453142751705735e-02 0.000000000000000000e+00 3.741453142751705735e-02 9.992998313009262557e-01 -0.000000000000000000e+00 0.000000000000000000e+00 0.000000000000000000e+00 1.000000000000000000e+00
8.001566300511474550e-01 9.992900397624756570e-01 -3.767514341724834820e-02 0.000000000000000000e+00 3.767514341724834820e-02 9.992900397624756570e-01 -0.000000000000000000e+00 0.000000000000000000e+00 0.000000000000000000e+00 1.000000000000000000e+00
8.051566300511469043e-01 9.992802729363561287e-01 -3.793331148531604857e-02 0.000000000000000000e+00 3.793331148531604857e-02 9.992802729363561287e-01 -0.000000000000000000e+00 0.000000000000000000e+00 0.000000000000000000e+00 1.000000000000000000e+00
8.101566300511463536e-01 9.992703780475420405e-01 -3.819308257685869595e-02 0.000000000000000000e+00 3.819308257685869595e-02 9.992703780475420405e-01 -0.000000000000000000e+00 0.000000000000000000e+00 0.000000000000000000e+00 1.000000000000000000e+00
8.151566300511458030e-01 9.992603674045733575e-01 -3.845410426050066555e-02 0.000000000000000000e+00 3.845410426050066555e-02 9.992603674045733575e-01 -0.000000000000000000e+00 0.000000000000000000e+00 0.000000000000000000e+00 1.000000000000000000e+00
8.201566300511452523e-01 9.992506586988251227e-01 -3.870556923705412850e-02 0.000000000000000000e+00 3.870556923705412850e-02 9.992506586988251227e-01 -0.000000000000000000e+00 0.000000000000000000e+00 0.000000000000000000e+00 1.000000000000000000e+00
8.250059100511453192e-01 9.992416506825972933e-01 -3.893743110579393762e-02 0.000000000000000000e+00 3.893743110579393762e-02 9.992416506825972933e-01 -0.000000000000000000e+00 0.000000000000000000e+00 0.000000000000000000e+00 1.000000000000000000e+00
8.300758405471461154e-01 9.992319493306895950e-01 -3.918560241709472675e-02 0.000000000000000000e+00 3.918560241709472675e-02 9.992319493306895950e-01 -0.000000000000000000e+00 0.000000000000000000e+00 0.000000000000000000e+00 1.000000000000000000e+00
8.350468960935147900e-01 9.992220433420245795e-01 -3.943739468308504748e-02 0.000000000000000000e+00 3.943739468308504748e-02 9.992220433420245795e-01 -0.000000000000000000e+00 0.000000000000000000e+00 0.000000000000000000e+00 1.000000000000000000e+00
8.400037905677543160e-01 9.992115658300964043e-01 -3.970197364574221816e-02 0.000000000000000000e+00 3.970197364574221816e-02 9.992115658300964043e-01 -0.000000000000000000e+00 0.000000000000000000e+00 0.000000000000000000e+00 1.000000000000000000e+00
8.450037905677537653e-01 9.992008417766321537e-01 -3.997096187071530471e-02 0.000000000000000000e+00 3.997096187071530471e-02 9.992008417766321537e-01 -0.000000000000000000e+00 0.000000000000000000e+00 0.000000000000000000e+00 1.000000000000000000e+00
8.500037905677532146e-01 9.991894738849972368e-01 -4.025413366876669924e-02 0.000000000000000000e+00 4.025413366876669924e-02 9.991894738849972368e-01 -0.000000000000000000e+00 0.000000000000000000e+00 0.000000000000000000e+00 1.000000000000000000e+00
8.550364945677525474e-01 9.991720900993227295e-01 -4.068334261772227345e-02 0.000000000000000000e+00 4.068334261772227345e-02 9.991720900993227295e-01 -0.000000000000000000e+00 0.000000000000000000e+00 0.000000000000000000e+00 1.000000000000000000e+00
8.601398980877533740e-01 9.991616714906192964e-01 -4.093841990199351827e-02 0.000000000000000000e+00 4.093841990199351827e-02 9.991616714906192964e-01 -0.000000000000000000e+00 0.000000000000000000e+00 0.000000000000000000e+00 1.000000000000000000e+00
8.651398980877528233e-01 9.991513608995626905e-01 -4.118929487806349127e-02 0.000000000000000000e+00 4.118929487806349127e-02 9.991513608995626905e-01 -0.000000000000000000e+00 0.000000000000000000e+00 0.000000000000000000e+00 1.000000000000000000e+00
8.700358980877528348e-01 9.991415755432789814e-01 -4.142598243728684571e-02 0.000000000000000000e+00 4.142598243728684571e-02 9.991415755432789814e-01 -0.000000000000000000e+00 0.000000000000000000e+00 0.000000000000000000e+00 1.000000000000000000e+00
8.751158980877525861e-01 9.991313822886539464e-01 -4.167110420859844455e-02 0.000000000000000000e+00 4.167110420859844455e-02 9.991313822886539464e-01 -0.000000000000000000e+00 0.000000000000000000e+00 0.000000000000000000e+00 1.000000000000000000e+00
8.800950980877523255e-01 9.991201590214158212e-01 -4.193933520003822329e-02 0.000000000000000000e+00 4.193933520003822329e-02 9.991201590214158212e-01 -0.000000000000000000e+00 0.000000000000000000e+00 0.000000000000000000e+00 1.000000000000000000e+00
8.850950980877517749e-01 9.991107108640689960e-01 -4.216381667609241102e-02 0.000000000000000000e+00 4.216381667609241102e-02 9.991107108640689960e-01 -0.000000000000000000e+00 0.000000000000000000e+00 0.000000000000000000e+00 1.000000000000000000e+00
8.900950980877512242e-01 9.991005384590342375e-01 -4.240417492261803339e-02 0.000000000000000000e+00 4.240417492261803339e-02 9.991005384590342375e-01 -0.000000000000000000e+00 0.000000000000000000e+00 0.000000000000000000e+00 1.000000000000000000e+00
8.950950980877506735e-01 9.990893948889860710e-01 -4.266592340920128540e-02 0.000000000000000000e+00 4.266592340920128540e-02 9.990893948889860710e-01 -0.000000000000000000e+00 0.000000000000000000e+00 0.000000000000000000e+00 1.000000000000000000e+00
9.000950980877501229e-01 9.990780226274725839e-01 -4.293139530436381607e-02 0.000000000000000000e+00 4.293139530436381607e-02 9.990780226274725839e-01 -0.000000000000000000e+00 0.000000000000000000e+00 0.000000000000000000e+00 1.000000000000000000e+00
9.051350980877508334e-01 9.990684670574371262e-01 -4.315319375785729716e-02 0.000000000000000000e+00 4.315319375785729716e-02 9.990684670574371262e-01 -0.000000000000000000e+00 0.000000000000000000e+00 0.000000000000000000e+00 1.000000000000000000e+00
9.100662110477516498e-01 9.990587756774069739e-01 -4.337698401181277336e-02 0.000000000000000000e+00 4.337698401181277336e-02 9.990587756774069739e-01 -0.000000000000000000e+00 0.000000000000000000e+00 0.000000000000000000e+00 1.000000000000000000e+00
9.150229975719124109e-01 9.990471669699538815e-01 -4.364353525219234059e-02 0.000000000000000000e+00 4.364353525219234059e-02 9.990471669699538815e-01 -0.000000000000000000e+00 0.000000000000000000e+00 0.000000000000000000e+00 1.000000000000000000e+00
9.201583392832721753e-01 9.990350340919841310e-01 -4.392038998948516459e-02 0.000000000000000000e+00 4.392038998948516459e-02 9.990350340919841310e-01 -0.000000000000000000e+00 0.000000000000000000e+00 0.000000000000000000e+00 1.000000000000000000e+00
9.250383392832725038e-01 9.990234732089755543e-01 -4.418257549618043178e-02 0.000000000000000000e+00 4.418257549618043178e-02 9.990234732089755543e-01 -0.000000000000000000e+00 0.000000000000000000e+00 0.000000000000000000e+00 1.000000000000000000e+00
9.300380192832721216e-01 9.990112962332565738e-01 -4.445705791377606297e-02 0.000000000000000000e+00 4.445705791377606297e-02 9.990112962332565738e-01 -0.000000000000000000e+00 0.000000000000000000e+00 0.000000000000000000e+00 1.000000000000000000e+00
9.350204245533498826e-01 9.989990403240198713e-01 -4.473161557207241956e-02 0.000000000000000000e+00 4.473161557207241956e-02 9.989990403240198713e-01 -0.000000000000000000e+00 0.000000000000000000e+00 0.000000000000000000e+00 1.000000000000000000e+00
9.401040611727289331e-01 9.989864976111472172e-01 -4.501086080729493899e-02 0.000000000000000000e+00 4.501086080729493899e-02 9.989864976111472172e-01 -0.000000000000000000e+00 0.000000000000000000e+00 0.000000000000000000e+00 1.000000000000000000e+00
9.451040611727283824e-01 9.989740440480212591e-01 -4.528641428002645047e-02 0.000000000000000000e+00 4.528641428002645047e-02 9.989740440480212591e-01 -0.000000000000000000e+00 0.000000000000000000e+00 0.000000000000000000e+00 1.000000000000000000e+00
9.500560611727287830e-01 9.989615957024340354e-01 -4.556018340225297808e-02 0.000000000000000000e+00 4.556018340225297808e-02 9.989615957024340354e-01 -0.000000000000000000e+00 0.000000000000000000e+00 0.000000000000000000e+00 1.000000000000000000e+00
9.550023611196624129e-01 9.989490880438378628e-01 -4.583360662641257355e-02 0.000000000000000000e+00 4.583360662641257355e-02 9.989490880438378628e-01 -0.000000000000000000e+00 0.000000000000000000e+00 0.000000000000000000e+00 1.000000000000000000e+00
9.600009176050774418e-01 9.989362246993089833e-01 -4.611311075488261357e-02 0.000000000000000000e+00 4.611311075488261357e-02 9.989362246993089833e-01 -0.000000000000000000e+00 0.000000000000000000e+00 0.000000000000000000e+00 1.000000000000000000e+00
9.650984846043487719e-01 9.989235736558282897e-01 -4.638635569506766032e-02 0.000000000000000000e+00 4.638635569506766032e-02 9.989235736558282897e-01 -0.000000000000000000e+00 0.000000000000000000e+00 0.000000000000000000e+00 1.000000000000000000e+00
9.700040955406409315e-01 9.989112516101514849e-01 -4.665095290174502835e-02 0.000000000000000000e+00 4.665095290174502835e-02 9.989112516101514849e-01 -0.000000000000000000e+00 0.000000000000000000e+00 0.000000000000000000e+00 1.000000000000000000e+00
9.750440955406406429e-01 9.988985239516194881e-01 -4.692269011124788891e-02 0.000000000000000000e+00 4.692269011124788891e-02 9.988985239516194881e-01 -0.000000000000000000e+00 0.000000000000000000e+00 0.000000000000000000e+00 1.000000000000000000e+00
9.800962555406407262e-01 9.988862668429557834e-01 -4.718289851782802441e-02 0.000000000000000000e+00 4.718289851782802441e-02 9.988862668429557834e-01 -0.000000000000000000e+00 0.000000000000000000e+00 0.000000000000000000e+00 1.000000000000000000e+00
9.851215355406409691e-01 9.988734128560982084e-01 -4.745424205707246545e-02 0.000000000000000000e+00 4.745424205707246545e-02 9.988734128560982084e-01 -0.000000000000000000e+00 0.000000000000000000e+00 0.000000000000000000e+00 1.000000000000000000e+00
9.901455355406409975e-01 9.988604967100069842e-01 -4.772534035749067399e-02 0.000000000000000000e+00 4.772534035749067399e-02 9.988604967100069842e-01 -0.000000000000000000e+00 0.000000000000000000e+00 0.000000000000000000e+00 1.000000000000000000e+00
9.950053755406409461e-01 9.988478466595520633e-01 -4.798936573425431618e-02 0.000000000000000000e+00 4.798936573425431618e-02 9.988478466595520633e-01 -0.000000000000000000e+00 0.000000000000000000e+00 0.000000000000000000e+00 1.000000000000000000e+00
1.000000000000000000e+00 9.988348170871726994e-01 -4.825979874009279913e-02 0.000000000000000000e+00 4.825979874009279913e-02 9.988348170871726994e-01 -0.000000000000000000e+00 0.000000000000000000e+00 0.000000000000000000e+00 1.000000000000000000e+00
